763 6248 634
570 12 448
503 476 634
334 609 859
116 10 390
371 500 27
273 413 380
240 175 166
539 71 843
419 285 492
238 72 672
500 652 757
460 483 93
261 709 397
722 176 801
469 505 390
203 234 468
162 36 459
701 300 24
334 528 590
449 422 2
2 457 254
338 274 75
213 309 241
260 119 277
361 370 810
582 250 43
30 352 76
583 536 601
145 296 213
429 161 156
257 345 453
331 478 273
323 656 915
752 617 489
215 367 352
230 699 249
728 268 885
405 289 139
547 684 969
756 338 962
241 488 257
223 56 900
95 679 835
1 82 594
680 499 644
89 353 948
328 17 861
687 489 578
687 204 763
375 499 602
35 9 208
235 757 605
299 126 526
316 344 655
616 308 390
39 302 928
198 240 268
755 85 336
383 574 534
608 417 232
127 606 245
405 469 418
330 376 173
70 431 865
1 476 88
722 254 509
538 571 500
512 343 695
207 677 337
31 603 54
47 513 487
593 384 388
351 100 736
610 694 80
616 354 769
513 442 387
119 481 433
477 530 222
3 5 698
209 631 360
184 49 746
1 163 54
78 528 480
369 654 417
730 571 649
717 628 248
155 218 805
43 134 862
219 356 634
513 533 620
53 101 855
268 169 767
397 11 110
128 271 559
386 210 123
405 657 158
738 148 982
206 226 901
599 540 935
309 3 74
715 104 591
155 756 754
415 296 79
645 108 301
65 153 640
477 656 331
277 527 452
305 308 45
614 498 290
548 211 293
524 229 138
713 534 347
760 688 62
678 365 663
472 726 808
761 253 490
602 406 718
134 546 815
302 437 858
325 644 212
406 473 761
53 421 594
328 572 193
239 264 982
763 175 724
550 565 79
573 426 59
40 428 136
74 464 893
165 668 24
673 396 824
722 694 142
220 74 633
289 281 528
442 106 131
699 162 786
179 632 961
25 49 929
590 298 306
577 512 551
362 351 523
472 245 487
222 354 454
92 223 977
575 71 649
630 647 868
469 84 120
723 494 281
106 576 613
202 27 970
381 323 952
131 663 18
494 365 781
315 145 112
221 3 239
412 694 62
739 46 786
722 8 130
617 64 767
603 266 690
119 439 398
148 744 398
380 53 864
662 222 59
56 120 233
8 491 320
503 703 63
490 425 837
512 310 970
151 159 306
255 693 286
9 318 289
228 488 222
366 197 786
493 152 946
495 582 592
150 662 725
736 725 266
750 70 881
530 54 653
630 426 993
724 8 985
662 115 522
689 680 226
701 546 106
629 461 184
78 96 213
647 279 595
267 141 777
97 503 524
278 716 65
288 639 617
266 293 356
528 114 696
736 452 281
263 543 391
589 572 940
613 284 728
522 688 325
26 209 352
598 680 222
540 463 51
27 59 878
127 19 55
736 296 257
265 540 830
1 70 950
137 44 444
25 21 788
660 465 609
354 592 82
96 609 876
166 269 298
216 12 788
556 758 35
640 471 687
214 287 432
562 607 975
84 561 864
288 325 580
71 388 956
243 304 729
357 134 802
8 92 621
134 379 907
386 42 748
126 100 835
438 263 111
578 485 86
603 285 10
551 699 400
631 134 135
265 333 553
379 395 907
252 106 98
16 110 46
678 203 279
370 434 914
512 597 828
217 601 689
360 144 620
542 299 805
680 394 248
441 752 626
64 478 751
622 691 964
348 716 987
732 675 159
258 146 733
230 464 808
78 546 477
548 254 418
299 499 366
474 135 867
420 79 858
142 92 310
26 484 473
410 716 542
221 257 816
399 161 599
538 725 784
700 762 77
687 261 799
162 182 899
33 648 77
468 48 775
80 191 495
173 397 870
137 624 721
506 332 988
670 715 976
550 14 390
67 377 281
455 302 919
545 316 437
229 132 985
613 496 353
100 202 752
141 628 907
97 556 306
267 194 268
261 284 162
590 124 865
230 741 918
197 704 832
93 54 718
391 209 143
659 610 202
441 678 754
434 681 219
611 635 45
95 183 640
330 563 926
596 736 498
192 435 68
158 1 260
612 625 194
63 612 712
467 729 147
435 340 537
635 412 798
450 183 662
704 709 822
421 21 515
632 584 116
71 159 172
259 267 234
391 429 443
304 458 891
472 295 50
715 198 356
451 729 700
183 213 575
294 571 673
758 255 372
68 711 295
51 728 956
718 716 718
320 756 602
200 666 718
541 353 736
178 591 80
537 95 877
44 266 425
705 379 189
262 17 499
6 208 782
115 690 743
125 84 583
515 651 931
631 148 666
32 67 467
742 552 504
464 482 198
110 80 824
98 187 941
598 365 748
315 233 941
449 596 758
337 92 892
430 235 930
27 380 411
166 365 923
272 323 816
1 18 472
524 90 131
76 30 876
362 702 170
155 163 126
64 620 958
229 280 208
58 231 186
483 276 682
18 715 578
191 519 193
215 41 552
360 697 28
553 562 959
449 253 546
2 8 776
93 113 202
216 740 802
443 211 193
25 48 483
489 655 617
745 182 518
138 502 472
667 491 447
144 166 83
161 220 760
343 71 658
410 423 636
321 676 816
205 470 43
365 378 232
286 15 38
21 92 62
663 8 483
383 295 782
446 334 572
484 256 508
324 679 188
488 288 965
298 500 841
71 78 140
69 649 327
374 18 411
460 233 26
488 436 681
298 739 417
267 108 1000
471 611 697
218 267 295
624 641 850
134 706 402
302 646 816
504 50 694
83 461 197
436 442 285
511 337 724
11 255 308
740 145 318
291 584 116
746 219 380
572 291 678
754 409 813
422 703 936
165 55 656
489 627 725
92 332 835
183 225 31
44 158 934
498 638 52
214 165 811
193 377 910
690 699 824
471 574 936
21 71 93
114 323 475
705 665 257
498 511 166
105 687 66
133 707 813
586 87 748
73 371 383
634 750 757
676 22 496
26 250 104
174 325 74
71 162 467
749 515 817
635 365 363
183 291 890
183 741 461
163 428 845
41 90 239
225 43 425
624 655 241
217 615 719
493 344 864
106 194 126
307 547 445
609 56 92
675 309 96
722 95 487
244 449 889
229 445 111
89 701 182
671 502 180
492 486 801
36 703 865
343 729 61
695 446 285
162 613 756
250 276 684
550 18 77
156 120 270
693 220 361
309 308 211
117 509 389
373 631 878
704 358 219
369 685 650
721 267 865
137 755 580
210 190 192
524 668 86
439 589 732
452 234 748
715 689 506
523 414 299
100 675 765
672 511 209
736 407 729
81 597 966
473 483 304
114 506 323
302 758 138
145 745 667
449 516 868
52 380 260
107 547 531
428 50 589
301 605 662
110 101 618
339 456 993
29 303 346
439 471 739
527 219 42
289 263 657
1 153 815
626 707 121
165 663 7
697 57 997
526 583 399
193 309 638
237 609 406
197 673 668
352 421 615
476 70 786
1 378 119
258 433 443
295 660 421
3 659 367
344 269 200
16 519 261
203 343 186
623 437 211
4 88 853
638 219 932
485 539 708
323 699 743
612 688 848
622 556 520
429 589 187
589 260 688
675 2 527
75 164 939
373 467 561
39 12 696
271 571 66
618 744 795
85 96 105
739 680 156
281 707 145
697 224 2
248 99 710
120 314 993
55 76 682
156 583 205
52 390 738
293 627 731
48 304 791
748 645 541
721 12 865
545 575 583
217 132 605
343 226 769
498 52 816
345 325 876
744 733 151
111 497 301
220 589 395
754 189 571
462 704 898
180 607 161
397 706 732
563 267 176
204 573 157
639 478 413
227 721 124
589 713 815
215 64 988
362 372 82
361 116 410
382 406 755
365 586 754
402 714 92
29 442 259
561 2 150
295 635 1
503 477 273
86 216 292
21 396 308
464 658 798
655 464 948
210 751 441
384 412 236
12 596 214
577 204 139
171 314 450
456 40 764
537 11 71
337 148 929
688 541 921
33 112 25
122 498 641
112 333 1
470 512 825
641 303 566
176 377 433
379 495 890
514 306 860
512 569 870
392 707 738
25 56 981
121 709 592
516 78 587
227 4 81
267 55 782
582 39 755
227 414 234
657 746 235
681 637 500
512 497 645
534 659 661
511 148 956
356 227 466
540 56 989
532 249 50
214 456 95
459 406 411
384 526 214
312 552 746
209 587 250
181 463 160
674 13 510
138 267 684
110 197 593
245 477 748
315 501 601
205 204 706
706 488 60
288 134 501
554 305 626
89 168 540
621 687 526
547 622 112
19 66 41
277 398 726
576 665 153
146 57 240
305 537 937
274 340 277
328 23 542
263 155 670
300 680 697
572 141 341
156 195 862
356 418 554
724 204 383
462 279 660
607 234 600
118 289 782
457 655 767
687 643 100
340 158 104
262 603 991
437 310 416
579 537 32
256 185 551
149 442 262
721 316 724
131 605 852
687 377 527
420 507 34
15 631 310
115 387 412
303 62 844
65 583 251
108 251 682
652 237 653
155 49 777
412 449 295
519 331 577
714 586 215
97 589 358
91 426 721
433 592 879
346 613 304
626 546 894
498 624 329
152 255 524
288 155 604
582 567 361
114 539 607
140 219 297
49 62 510
318 440 832
43 372 77
155 138 927
667 64 460
718 136 591
285 537 562
177 617 393
398 708 662
281 736 101
337 446 931
234 757 831
143 122 978
519 338 463
150 309 328
270 113 968
224 367 255
688 525 541
135 253 427
349 164 476
482 415 894
64 460 400
199 388 749
400 284 154
211 127 916
98 610 211
570 277 561
414 590 349
353 590 329
70 136 291
639 308 396
88 159 523
743 290 65
15 261 413
382 248 728
216 489 360
198 679 264
413 567 73
275 305 820
152 478 334
65 182 204
607 126 835
444 636 293
491 655 139
274 156 637
218 753 439
535 268 433
129 425 885
490 500 826
593 561 818
694 204 777
513 325 467
349 230 63
473 496 668
77 589 8
66 154 13
407 503 944
528 246 755
41 501 679
120 74 824
665 516 186
702 577 584
633 451 815
431 751 698
529 722 262
707 692 610
377 134 913
143 384 63
557 558 649
78 717 636
254 8 369
763 687 806
315 160 951
439 41 557
589 1 876
511 130 216
302 30 694
443 511 106
428 241 809
38 578 950
458 476 63
416 171 757
351 484 140
78 453 415
343 188 379
378 410 443
185 683 905
499 666 483
540 666 567
515 228 247
312 146 767
129 182 945
644 471 433
726 218 717
440 650 687
269 277 603
518 505 5
308 455 963
496 433 253
730 111 417
716 497 724
507 568 201
173 190 693
726 722 599
748 491 782
590 151 882
521 687 92
328 760 75
411 378 359
89 761 81
526 184 857
757 53 212
2 3 75
754 163 293
659 749 966
752 50 216
1 172 404
438 505 287
618 260 6
536 107 119
201 540 365
761 642 191
397 165 566
425 393 741
664 700 234
500 87 446
343 579 989
135 361 553
330 15 600
24 133 797
694 141 30
747 205 834
640 157 505
690 261 971
755 395 437
80 104 37
176 47 982
369 568 203
185 284 10
685 301 761
632 520 752
498 306 262
265 306 135
265 413 248
117 7 371
228 652 139
122 63 364
190 172 796
516 743 609
670 400 42
582 196 30
2 6 8
262 720 327
80 26 870
567 729 472
233 204 272
310 70 661
4 389 810
736 117 858
738 556 391
253 217 765
553 344 216
66 738 177
181 106 755
315 459 914
296 614 429
534 679 399
635 1 970
744 15 243
761 648 694
501 325 354
165 34 348
58 346 894
344 632 827
646 693 355
725 722 171
78 354 871
119 35 790
680 724 97
94 521 114
457 671 367
247 183 832
260 629 856
576 639 768
199 705 848
61 18 351
234 177 538
628 253 629
99 450 689
482 86 129
381 539 584
588 397 495
105 156 619
442 510 106
535 255 288
263 650 655
89 556 779
669 31 341
531 658 534
307 208 783
176 471 662
423 294 313
739 36 506
535 304 944
48 95 716
668 584 237
249 743 387
89 143 621
244 13 899
303 88 523
42 430 585
733 701 160
315 88 960
762 333 63
216 249 516
645 285 550
717 12 729
672 76 479
106 80 473
243 244 935
145 379 202
134 120 2
653 50 616
277 534 772
82 430 691
162 309 135
336 491 611
120 651 39
715 738 835
437 95 751
6 176 955
302 106 391
358 584 745
87 125 797
122 526 504
683 587 685
400 204 55
743 610 232
458 54 256
62 432 772
575 51 186
753 525 397
706 368 906
19 494 954
723 690 577
118 623 423
256 512 201
385 529 34
533 36 178
225 91 885
591 535 643
603 451 343
53 155 989
100 385 313
11 91 556
97 761 661
548 443 914
330 156 750
36 379 50
267 14 443
240 64 723
505 585 989
682 674 928
59 338 241
398 432 400
76 695 664
569 605 40
499 526 743
505 710 652
310 283 837
368 182 145
525 368 328
269 350 868
240 54 249
736 60 791
296 268 548
392 674 310
596 76 878
235 565 256
701 437 432
461 599 808
381 79 976
37 514 70
121 455 37
203 574 746
48 305 225
2 10 164
692 650 131
641 544 629
137 220 182
655 127 167
414 55 435
699 341 990
676 648 662
708 618 878
544 208 311
78 472 946
5 459 214
633 356 464
302 588 316
287 500 156
740 596 354
594 92 391
506 120 525
521 442 489
79 317 701
596 326 630
69 20 25
70 384 161
726 487 679
607 544 184
498 499 488
225 645 638
45 154 944
374 368 432
325 544 234
591 245 74
406 334 182
688 217 358
104 290 685
704 696 581
541 16 442
464 574 177
22 535 614
659 27 90
71 217 661
303 268 386
584 516 109
733 727 105
509 29 530
508 556 784
382 227 637
573 408 123
631 468 370
505 486 488
575 487 130
251 272 999
194 380 154
673 435 468
354 549 501
608 745 36
676 739 355
69 106 643
120 95 477
127 183 94
641 372 761
360 612 62
316 356 182
33 200 482
218 7 910
223 241 210
336 533 353
738 69 924
173 25 321
38 62 955
369 310 610
243 110 381
606 183 155
3 415 187
209 166 677
449 601 5
462 351 473
452 3 660
435 632 968
217 70 13
723 456 750
70 581 88
131 436 441
583 196 752
467 325 791
3 182 6
675 342 120
491 373 748
141 217 719
639 652 447
408 672 203
55 67 10
374 586 179
684 196 951
50 421 158
713 546 384
501 371 416
86 574 947
406 273 701
308 701 216
702 306 394
651 519 30
706 250 84
220 421 130
254 55 599
691 219 175
266 708 585
214 652 183
754 267 688
242 552 412
268 318 604
4 317 194
555 94 642
407 355 997
390 686 286
258 675 512
111 118 576
155 474 601
118 326 59
424 470 15
167 477 864
466 713 568
381 735 6
484 534 623
624 169 733
449 207 747
448 230 473
49 428 100
247 225 989
376 30 956
149 110 822
636 36 422
535 746 15
576 761 587
413 185 729
498 572 509
761 360 725
187 609 398
29 140 936
603 258 580
337 734 599
249 522 15
700 288 870
599 49 940
242 246 475
211 286 178
509 511 28
339 432 445
582 188 254
727 49 269
206 498 528
193 732 462
586 429 163
205 194 133
361 549 752
29 470 579
699 592 740
102 274 752
587 288 467
676 239 858
292 498 197
544 715 778
295 726 344
79 502 915
453 485 320
100 373 469
704 467 268
540 98 596
481 312 549
346 229 63
554 140 364
367 529 544
712 552 412
470 166 99
394 656 124
601 653 430
72 420 959
526 300 752
108 77 557
488 575 128
239 645 352
666 631 678
752 718 765
701 512 623
332 601 272
731 736 425
307 137 841
662 564 927
659 370 295
509 519 925
417 633 514
578 438 790
37 677 893
98 504 109
138 483 423
655 16 470
737 668 226
420 753 175
681 358 458
65 556 376
228 189 366
551 281 530
366 129 35
100 586 829
496 129 116
351 617 952
31 268 751
399 245 751
220 681 86
38 595 992
691 580 296
331 491 539
633 188 179
278 153 156
734 330 41
388 645 933
393 430 129
71 441 884
531 660 205
210 722 127
16 709 276
309 269 881
613 127 15
256 514 935
486 699 207
501 378 804
106 729 749
673 365 272
445 274 432
686 488 858
233 463 84
10 442 740
422 639 754
743 189 317
253 474 645
693 674 596
457 330 478
558 176 517
80 531 173
626 179 895
628 758 129
615 113 332
484 337 201
702 25 67
218 590 822
315 154 684
635 103 658
253 134 737
402 5 951
482 760 106
128 424 306
1 343 40
99 351 345
89 351 893
26 47 408
274 629 240
716 478 554
485 745 874
91 546 542
715 329 912
689 167 418
656 338 329
670 161 963
25 75 484
674 708 572
700 242 100
152 112 422
359 234 411
101 188 50
184 89 395
205 462 840
512 361 760
680 442 641
282 286 360
537 678 756
563 101 505
477 584 153
435 608 903
389 197 950
243 371 286
271 103 237
463 674 843
572 625 136
141 500 937
459 302 940
454 191 889
11 122 156
520 535 555
362 477 628
232 757 483
750 36 551
681 96 385
273 152 444
276 56 56
17 64 946
113 593 313
202 183 959
218 596 706
107 626 125
126 227 247
722 631 161
407 645 842
310 687 232
607 179 153
759 44 458
267 228 819
242 743 979
506 409 52
302 329 822
166 152 106
274 364 280
44 442 735
265 519 768
193 742 4
686 632 222
710 756 494
506 467 284
124 425 452
218 274 758
441 43 640
33 225 404
220 380 955
736 355 61
238 708 94
153 263 553
210 174 162
93 301 911
271 685 836
243 748 336
209 531 125
162 653 44
182 329 483
558 486 926
281 16 769
62 200 864
22 610 783
696 715 695
141 300 611
75 679 417
47 123 313
344 559 263
547 225 247
750 666 46
76 147 148
250 332 605
162 219 653
461 156 617
437 720 793
344 300 380
354 601 823
535 355 743
307 672 157
166 248 140
541 321 768
400 218 885
544 50 848
478 659 568
351 40 426
245 38 771
354 113 569
264 556 407
31 204 497
602 566 1
554 218 905
539 53 238
738 554 746
43 99 278
731 242 269
524 319 752
346 297 792
25 446 150
472 39 301
92 414 691
393 731 931
227 133 673
219 703 493
718 149 92
297 569 12
240 55 911
201 141 323
279 25 13
463 511 899
106 652 669
306 704 679
409 246 374
59 150 558
77 518 368
65 62 862
109 158 94
265 463 284
243 40 467
478 508 934
458 249 154
417 144 123
22 204 348
235 578 704
754 680 771
655 461 997
303 701 52
234 655 133
30 120 306
562 255 575
341 31 789
75 291 434
672 666 99
339 104 423
4 127 620
152 763 647
92 688 853
60 551 456
615 584 221
673 713 978
284 42 748
330 190 233
622 351 129
324 274 682
367 736 926
468 648 115
130 528 385
105 633 758
571 355 517
570 1 828
205 365 974
474 130 258
117 381 843
540 493 458
707 522 970
696 608 478
643 225 982
43 474 404
291 748 791
649 216 807
71 743 318
557 734 331
547 522 474
186 446 536
636 540 266
632 607 644
425 384 376
294 18 389
1 111 794
233 333 521
609 681 196
601 270 60
558 468 932
504 722 34
271 750 744
701 654 548
69 739 897
122 611 387
512 104 345
352 581 562
408 549 4
675 458 806
323 212 298
259 552 778
613 190 20
71 218 112
345 745 282
197 179 231
266 447 108
312 385 503
516 728 133
54 119 625
415 617 30
535 762 583
583 571 881
227 248 839
621 228 748
345 8 169
149 109 463
329 617 409
97 524 101
114 576 895
182 224 18
15 40 275
221 628 694
462 498 168
695 647 168
89 298 567
308 195 668
739 644 478
733 369 186
369 15 709
269 69 503
178 342 624
736 532 473
144 438 633
179 484 511
14 87 855
57 436 230
55 4 374
190 440 169
635 364 489
599 729 748
219 414 832
746 22 964
762 553 16
575 400 212
14 32 978
709 73 885
227 440 231
130 451 432
372 598 299
200 694 242
695 168 425
585 684 399
755 580 738
168 760 942
136 681 155
424 349 86
741 59 935
587 106 903
546 666 649
148 672 378
55 710 39
540 393 746
43 515 341
751 60 568
82 466 872
470 5 427
546 128 610
642 37 292
288 526 724
71 323 965
201 265 211
486 358 335
17 405 574
99 611 924
568 1 465
227 677 203
647 701 998
320 742 798
335 371 720
21 641 866
1 509 561
664 680 966
364 456 112
97 165 583
464 52 967
414 530 367
319 19 176
75 229 214
96 337 753
142 690 546
455 304 314
686 68 923
488 757 799
707 186 241
15 220 675
485 536 683
676 455 446
556 730 155
589 535 457
650 186 478
748 30 503
390 618 76
719 446 175
397 32 628
37 97 908
655 610 995
219 265 927
444 152 122
221 21 348
745 184 387
328 308 180
31 735 380
613 278 601
347 585 305
516 696 116
273 325 343
147 535 890
144 305 442
627 152 62
139 415 299
57 365 30
74 178 824
626 541 47
615 370 353
736 652 640
149 270 282
164 73 999
407 587 946
348 458 216
219 637 369
386 449 633
196 554 327
14 605 340
560 269 865
577 478 544
419 763 387
6 324 794
108 481 544
3 210 551
118 434 766
670 180 882
88 533 336
321 453 813
647 669 620
437 174 731
605 509 569
141 246 750
610 252 986
376 231 838
141 376 419
611 410 306
495 253 119
416 456 679
363 381 243
664 82 577
386 32 731
425 219 621
491 532 943
386 703 343
715 520 519
197 173 948
641 760 20
562 64 531
622 549 910
507 549 271
285 493 477
208 62 136
159 591 409
533 162 99
507 670 218
281 403 645
744 543 464
644 726 865
723 277 109
129 190 477
657 49 262
456 280 170
604 155 352
555 580 486
194 464 349
99 332 550
170 118 334
658 630 53
332 112 486
490 25 522
352 252 592
68 259 788
160 430 652
648 193 209
554 728 77
540 538 392
362 724 595
78 113 314
55 271 341
45 180 700
55 65 832
614 538 738
93 99 835
632 202 427
183 21 518
146 213 599
291 747 946
48 543 671
185 635 78
538 546 963
364 33 951
74 98 684
526 302 16
42 250 44
15 436 529
543 345 951
252 642 800
44 281 171
173 22 1
92 134 107
326 267 239
611 388 285
418 712 940
561 440 721
646 512 244
652 337 273
171 455 321
210 513 489
628 66 398
675 204 892
354 569 849
169 189 845
631 574 226
449 595 588
354 511 647
757 64 546
71 559 571
700 538 971
121 473 940
259 484 249
579 4 999
555 763 251
569 473 888
473 107 607
111 167 620
288 46 385
108 99 253
463 176 929
565 253 240
475 129 251
515 32 17
713 350 926
209 557 251
482 722 602
557 691 639
5 223 575
630 531 162
550 734 92
5 308 92
607 751 631
81 271 183
179 94 167
714 420 338
379 43 827
488 281 756
93 574 75
49 179 400
475 218 282
389 60 455
193 489 803
520 255 689
344 68 155
204 351 150
420 215 209
93 495 730
84 273 70
477 452 845
94 172 129
130 142 963
170 292 359
473 660 98
12 13 748
386 496 761
435 189 628
296 421 425
261 113 10
395 70 320
37 240 703
125 581 597
69 379 350
154 198 588
49 701 474
128 352 237
543 515 530
645 594 886
397 648 666
259 247 621
482 382 860
473 54 363
302 29 79
481 379 91
254 107 588
209 466 967
626 22 320
477 285 985
392 24 726
8 137 64
204 481 557
289 297 493
446 524 122
456 712 377
715 666 337
294 576 338
47 422 26
247 150 392
388 563 982
712 468 697
59 391 957
95 130 896
353 752 615
22 284 267
267 231 136
445 541 790
121 5 327
39 19 876
474 247 277
406 279 852
306 298 534
205 218 546
639 651 10
513 263 585
288 566 35
686 577 428
148 191 722
82 510 828
266 744 832
723 78 491
103 160 93
52 172 261
242 180 207
703 59 398
729 179 112
383 72 493
663 82 115
197 362 452
344 486 854
559 565 851
7 632 417
568 753 32
659 2 794
88 200 562
199 722 977
635 626 425
731 583 947
667 35 458
46 151 159
361 408 450
378 750 613
193 337 876
131 356 761
266 46 792
537 258 998
150 217 899
536 117 908
31 94 448
511 442 513
124 612 606
67 479 937
1 9 184
756 738 11
57 126 473
476 87 814
507 715 424
624 84 758
628 745 592
445 61 102
653 247 465
527 194 408
505 215 860
604 417 18
22 169 428
596 546 778
131 417 795
661 716 612
41 510 852
153 27 686
305 606 135
612 750 592
609 687 339
8 22 646
5 11 878
342 214 836
4 12 149
487 247 702
682 98 916
221 328 109
638 250 164
479 1 170
46 565 919
44 315 34
66 320 111
23 148 585
308 79 633
661 674 830
281 603 466
266 701 620
51 258 237
468 556 862
457 533 933
442 388 271
607 430 922
472 287 524
247 505 913
353 627 75
628 172 350
310 22 498
391 110 863
164 524 661
22 74 144
601 675 906
49 533 954
406 720 393
39 42 62
57 115 400
197 395 938
78 261 408
86 619 31
146 302 708
469 565 621
174 286 812
320 287 664
32 598 681
259 594 853
90 515 327
424 456 454
457 539 364
29 200 452
325 50 170
25 499 269
664 136 117
498 36 944
16 569 431
460 646 321
512 298 333
213 215 547
652 394 755
375 660 267
94 207 771
227 652 301
624 647 587
486 701 589
313 520 37
495 600 738
159 78 776
53 88 911
515 617 252
24 741 12
624 311 808
117 705 418
67 480 428
64 455 893
498 249 461
433 569 20
410 750 590
35 492 521
24 393 156
344 645 433
344 618 178
109 246 341
23 244 781
724 273 813
94 514 743
703 604 115
588 723 282
147 219 123
239 267 498
679 739 422
547 479 794
267 591 865
561 65 722
12 329 545
354 297 586
559 91 357
750 640 577
88 70 165
683 43 623
1 551 190
397 100 348
174 323 756
575 427 999
563 305 34
564 462 651
351 652 88
187 660 48
200 39 448
39 45 632
408 502 754
36 682 395
206 225 845
518 679 693
447 8 120
567 638 735
710 379 275
463 760 774
546 734 597
165 203 627
211 291 174
205 692 727
304 675 659
139 587 76
610 343 745
496 287 798
712 328 500
582 208 186
571 724 115
34 29 774
76 520 740
502 463 668
521 715 945
160 736 800
509 203 83
257 689 486
46 128 616
270 358 415
468 553 343
250 474 410
79 148 688
719 736 831
204 208 728
117 11 776
474 587 749
666 163 985
303 493 812
57 143 220
589 213 342
344 588 400
309 262 70
133 451 671
337 717 104
317 472 386
223 367 412
4 291 390
489 624 788
113 63 603
463 90 606
646 672 319
292 20 312
542 310 532
704 703 999
711 621 554
747 632 503
687 325 874
592 167 442
286 360 179
63 11 683
241 603 413
88 705 827
331 204 287
617 551 763
658 110 370
304 126 147
450 736 435
607 649 983
750 456 787
71 83 468
54 391 330
316 328 981
563 659 967
618 633 746
519 263 30
214 325 322
11 1 497
630 546 865
271 295 431
1 246 159
345 547 897
215 368 833
381 722 327
759 190 177
54 618 413
43 2 511
607 526 826
49 56 473
498 355 996
604 43 809
152 45 395
49 12 536
64 422 995
238 524 742
235 428 330
381 535 978
590 142 586
762 507 245
546 631 916
658 687 168
578 732 488
370 437 172
697 1 65
358 315 442
14 23 976
225 17 369
472 307 722
702 63 17
555 169 738
334 358 236
337 582 802
286 175 301
215 1 596
100 247 682
305 588 956
262 575 721
291 99 633
540 365 873
696 729 938
449 192 744
463 735 745
577 438 694
433 511 857
340 511 255
545 234 166
459 405 318
347 202 93
335 441 917
16 522 974
674 155 790
442 237 168
420 762 706
275 711 133
316 134 37
82 375 331
344 73 255
232 320 87
478 9 213
328 281 173
160 215 163
742 365 444
569 434 771
101 22 10
20 358 942
666 609 774
35 727 185
725 610 358
538 543 736
519 505 66
572 80 715
637 757 250
575 358 489
79 114 859
484 62 137
337 67 693
582 315 703
555 638 590
562 751 819
470 310 37
265 528 447
316 309 185
726 106 79
132 470 546
81 758 780
684 697 424
183 626 210
465 639 943
563 83 232
540 370 114
158 246 85
94 494 216
241 196 512
313 255 604
407 371 749
602 673 469
620 612 86
70 184 658
581 662 906
707 248 91
596 534 796
197 148 241
362 534 701
15 159 28
458 578 160
123 582 229
641 743 709
370 106 440
199 146 524
113 279 585
339 325 539
29 37 530
196 522 716
755 13 26
66 84 943
188 254 814
565 460 353
71 644 717
29 757 868
526 729 617
603 138 466
746 107 28
208 177 321
355 435 89
729 387 599
715 138 865
75 136 479
758 318 501
106 643 24
445 5 633
749 430 940
267 147 122
225 589 256
169 134 344
447 71 521
536 557 443
349 735 489
293 197 906
219 455 514
174 34 38
394 486 143
670 392 126
219 450 802
141 211 846
38 157 153
6 181 459
424 691 742
593 176 139
733 18 171
750 477 28
693 232 219
172 302 980
275 496 332
63 575 956
50 105 791
130 501 437
344 159 739
626 426 530
53 418 303
501 1 332
30 379 325
673 633 241
498 305 913
172 179 822
55 193 251
257 444 217
652 68 900
264 161 574
219 158 492
740 237 94
112 463 185
344 369 837
620 409 766
560 112 844
507 181 967
1 288 163
631 232 467
232 43 604
565 685 367
418 607 95
316 169 761
261 155 26
742 757 503
610 407 564
547 213 485
615 463 182
112 321 892
131 206 312
325 724 29
394 470 560
170 243 593
187 255 96
298 594 839
565 155 180
446 372 984
177 140 967
723 461 700
747 485 359
554 307 593
390 545 406
375 86 466
168 369 154
145 217 888
349 670 589
365 456 381
762 71 26
262 456 421
400 351 569
78 233 651
206 292 737
398 44 242
651 169 663
279 403 430
284 705 38
563 290 989
78 314 805
655 749 861
41 371 144
91 504 558
129 253 169
751 183 348
250 320 568
8 628 753
376 132 830
44 690 698
472 459 303
297 100 839
69 334 743
760 111 299
720 529 924
43 582 386
508 183 830
53 593 987
730 148 606
716 541 319
301 547 455
350 580 756
264 200 615
246 322 583
474 711 56
459 426 977
539 13 290
144 299 321
386 638 230
213 552 267
717 693 46
2 374 981
269 674 48
584 260 679
491 132 441
574 538 249
317 529 874
62 534 355
172 425 827
362 761 217
655 180 482
447 531 316
472 355 620
80 308 701
38 212 738
403 406 530
562 131 722
1 51 98
375 310 643
17 80 914
546 509 122
626 365 706
723 140 3
750 285 442
456 628 213
339 162 903
199 273 523
29 535 999
520 379 850
412 687 89
525 19 590
215 173 144
273 400 689
638 289 811
558 477 543
465 492 437
171 694 822
638 251 959
50 369 695
250 348 490
167 661 264
632 328 451
441 680 902
652 576 388
609 731 298
19 144 318
92 630 950
3 393 653
148 355 221
596 478 576
492 642 547
117 520 387
37 550 534
304 442 808
414 638 204
280 524 770
380 57 74
493 188 863
605 381 774
64 598 552
175 239 163
694 144 565
745 402 942
645 362 711
534 603 262
249 279 845
636 754 447
86 557 918
246 627 198
3 442 212
648 305 309
519 662 976
273 303 465
596 621 953
398 385 849
464 288 889
138 638 658
624 480 975
481 521 780
306 35 710
503 657 545
483 22 701
202 583 153
457 327 827
65 534 827
297 601 915
540 729 439
763 437 852
678 196 112
1 141 977
113 190 521
3 241 753
237 448 128
148 693 294
47 185 891
237 507 402
237 706 718
351 420 477
586 225 822
700 444 181
57 429 632
248 183 66
430 267 798
708 603 815
232 365 669
129 183 252
265 479 987
687 125 77
488 238 180
271 537 485
190 560 38
560 142 525
346 62 471
447 725 384
147 467 977
574 42 937
101 313 145
652 120 849
113 290 492
571 533 582
245 420 894
639 480 788
11 564 381
409 280 999
276 251 803
48 382 358
498 607 450
238 13 429
726 162 662
334 722 135
445 49 638
596 421 571
213 197 345
1 169 106
441 578 650
250 622 793
482 215 773
441 601 907
277 591 887
610 422 489
209 379 499
82 505 193
761 148 939
663 563 702
634 28 438
659 321 568
700 252 441
416 746 700
322 699 786
22 345 962
423 186 555
343 362 636
685 234 646
633 358 871
564 156 877
575 227 969
232 220 401
168 464 366
61 232 36
539 60 790
423 323 361
724 390 277
383 577 769
92 749 711
455 513 716
596 763 451
189 92 761
2 301 474
81 747 331
477 716 508
492 46 26
361 401 945
189 362 405
186 171 975
313 369 105
498 456 628
306 15 535
570 630 228
561 233 872
382 418 381
138 194 206
297 615 140
385 607 226
743 325 469
282 744 249
685 328 834
372 199 441
684 234 624
153 68 291
176 510 461
691 225 475
345 552 261
165 461 732
675 546 392
144 155 997
71 367 507
70 198 276
652 95 752
349 447 431
194 366 206
617 585 550
360 414 680
64 190 786
585 458 546
170 670 848
507 705 238
669 191 562
610 160 470
180 351 513
633 197 367
651 260 506
240 383 526
155 515 17
517 70 796
34 675 509
89 126 319
679 435 240
46 61 315
568 733 407
607 3 205
386 666 999
36 47 315
761 586 996
458 384 398
169 36 354
364 526 1
302 731 10
425 267 146
113 80 716
650 736 188
357 542 367
130 185 117
330 392 298
754 676 74
256 190 457
37 80 675
92 31 929
533 82 921
600 523 744
118 586 175
157 238 774
525 256 22
274 730 484
742 546 963
330 447 986
296 437 877
617 280 814
168 306 206
697 302 812
385 553 982
282 334 19
122 676 234
331 732 206
290 473 133
704 380 237
214 706 542
355 655 458
311 405 657
318 444 402
339 115 95
55 459 883
238 135 472
404 702 684
388 463 116
676 17 95
576 282 376
742 211 234
274 495 994
665 526 909
171 450 495
572 332 493
582 413 475
432 210 381
300 108 262
215 540 853
284 374 800
209 458 37
574 112 862
642 294 959
477 278 928
659 241 816
761 484 536
413 42 425
246 743 517
426 444 752
294 214 650
343 528 242
339 582 813
491 756 934
586 756 943
28 34 672
54 7 105
659 634 777
607 709 847
14 116 900
438 414 894
624 442 120
735 56 302
711 55 220
272 546 448
40 53 205
599 626 960
361 477 53
428 395 880
353 462 50
743 8 184
18 380 565
428 330 428
244 745 251
52 107 759
317 447 166
662 596 68
572 650 758
603 116 708
453 576 680
475 158 137
716 378 629
386 604 134
20 50 459
401 358 112
701 683 327
41 139 472
3 90 229
173 583 205
409 312 558
537 15 88
346 355 942
549 225 923
12 707 207
57 117 600
110 330 422
183 551 263
346 302 390
151 644 849
492 197 78
350 565 682
375 415 154
592 485 919
421 616 481
388 428 517
299 384 865
534 505 108
219 211 64
569 470 987
65 295 799
701 299 263
417 3 745
656 10 461
236 540 989
617 70 382
68 123 744
72 101 123
755 612 837
584 33 891
592 51 384
599 63 708
432 533 539
265 171 501
625 157 143
515 763 456
249 325 846
323 471 47
621 495 754
456 548 946
397 487 190
273 665 226
620 168 627
388 228 955
370 613 723
495 7 629
100 270 367
568 527 19
342 43 270
352 99 982
280 25 689
726 364 830
151 366 759
213 193 993
512 559 487
251 605 137
114 470 139
267 659 723
592 22 359
441 126 309
1 161 324
102 80 877
425 691 356
663 13 206
180 239 193
446 682 923
440 610 240
654 50 528
74 547 183
183 428 454
523 654 38
100 177 285
577 311 493
719 680 685
715 310 163
358 641 553
1 15 443
13 22 506
736 166 894
188 383 169
475 162 17
328 326 982
371 42 482
383 680 521
44 486 113
259 10 724
725 52 681
592 148 94
347 751 542
97 516 19
506 308 973
181 736 915
595 606 300
478 437 138
6 38 270
303 86 574
367 743 147
647 264 723
74 204 378
157 108 954
673 6 23
568 315 662
429 237 999
545 614 350
370 563 338
149 1 353
616 134 560
5 275 112
630 656 656
271 626 773
523 425 641
353 300 481
377 270 810
64 505 243
547 703 291
228 22 768
134 250 991
708 186 314
701 278 6
98 461 543
561 362 817
50 229 661
453 556 660
463 106 969
754 395 936
393 299 413
476 198 159
418 589 966
11 39 183
66 268 800
272 525 109
317 207 331
40 555 824
512 123 542
29 419 272
260 224 492
557 403 925
565 70 888
344 453 95
283 635 50
581 608 359
410 350 687
7 65 93
193 435 751
700 385 511
499 442 431
684 431 371
482 612 57
706 37 182
738 680 649
675 285 48
664 274 974
490 221 740
583 671 573
239 517 900
172 223 279
137 294 59
474 169 474
299 46 959
281 604 821
497 678 241
497 215 584
197 329 390
98 248 37
154 588 702
91 168 999
316 634 395
408 452 343
330 635 605
733 654 477
128 514 450
763 247 565
558 193 209
307 258 532
631 161 641
17 198 57
480 618 139
2 366 741
624 319 381
210 638 657
623 364 127
158 327 649
8 470 301
635 438 160
328 302 243
1 552 208
296 201 581
152 274 432
44 582 150
500 662 122
602 614 516
526 757 856
649 105 418
734 394 39
61 390 584
369 114 231
568 249 428
245 657 968
225 372 813
556 297 816
711 538 890
649 170 841
376 642 717
582 341 638
49 598 514
411 463 628
648 727 581
337 549 758
220 49 866
624 553 901
322 286 389
243 659 619
757 746 928
178 369 265
129 463 161
738 420 155
473 259 414
256 700 552
118 583 996
707 349 801
379 621 349
24 142 190
515 676 578
6 26 70
372 326 966
686 253 658
250 681 461
137 651 856
295 192 431
141 273 414
286 349 880
399 303 105
347 419 445
163 571 232
633 380 392
27 280 27
183 46 243
164 267 323
612 462 117
103 434 492
309 91 23
40 338 172
677 276 867
417 244 774
763 344 341
448 547 478
337 27 936
226 20 295
677 281 497
43 80 122
652 161 844
761 375 535
743 668 451
155 346 544
303 386 803
743 596 743
435 624 292
79 269 464
503 216 197
526 605 631
433 456 794
60 330 335
387 114 852
515 406 687
275 433 93
154 211 431
178 741 377
484 31 277
624 408 19
659 318 997
666 491 359
587 327 183
510 108 98
120 541 341
629 60 694
197 609 733
15 414 777
333 50 302
236 563 834
212 440 196
236 673 893
167 269 966
552 477 230
320 763 569
698 688 908
165 603 78
194 639 753
715 588 438
427 71 962
360 314 15
185 249 374
142 4 61
105 380 258
18 67 759
225 568 894
38 194 319
13 126 814
596 459 753
615 237 981
435 601 711
94 151 121
694 483 61
13 491 322
363 475 31
563 127 732
212 120 733
743 408 156
347 45 892
51 57 306
575 309 779
36 279 975
290 589 756
645 71 159
237 487 664
589 12 668
655 642 616
663 210 827
718 67 720
490 41 897
211 140 998
180 350 697
677 253 398
727 275 982
393 736 429
203 524 220
602 312 747
742 355 77
372 712 39
386 115 741
706 238 42
291 669 919
61 592 433
95 548 485
541 612 958
1 712 928
695 247 520
21 175 724
141 557 198
185 181 945
636 148 425
265 17 652
626 692 987
597 328 382
36 674 153
188 50 7
192 176 326
749 467 75
456 529 172
154 703 972
314 521 428
323 80 611
721 118 546
363 739 374
74 729 230
103 228 414
369 680 803
33 29 733
257 111 388
383 462 377
720 178 166
407 437 166
591 442 674
349 246 313
105 305 329
462 185 703
603 573 162
279 272 7
116 295 416
546 239 31
374 329 122
8 659 158
69 147 288
623 22 196
754 521 30
355 319 984
216 189 848
93 630 308
518 641 593
299 65 775
742 575 513
582 525 763
530 398 192
224 663 175
719 476 489
106 368 26
21 31 661
113 382 472
631 130 27
756 674 506
363 194 806
657 79 678
201 656 301
318 346 536
154 722 558
572 267 690
576 521 67
11 128 24
403 243 178
463 161 292
174 297 765
23 384 764
460 551 418
737 362 300
487 470 219
526 468 977
7 393 49
639 425 618
309 211 582
732 319 87
300 422 640
690 621 500
761 75 697
32 667 276
55 554 31
50 714 779
403 547 512
19 399 844
728 476 373
416 736 362
12 288 732
638 323 904
282 400 155
385 470 769
2 568 327
435 5 457
743 706 131
192 563 985
561 276 94
83 261 351
328 669 542
162 138 425
461 183 893
188 218 190
142 201 535
580 330 280
574 101 736
78 627 686
50 363 211
546 390 26
301 369 378
417 419 526
590 746 170
12 17 386
711 727 563
536 484 245
337 489 999
428 22 515
164 495 585
187 145 172
394 424 577
708 453 699
15 225 325
141 309 950
146 1 618
209 521 344
409 465 407
691 191 686
505 222 365
466 120 536
234 541 642
488 135 246
21 751 822
8 24 952
51 153 410
596 71 733
141 351 450
759 286 416
750 281 141
699 84 675
551 712 717
456 432 858
393 463 540
353 687 963
464 483 419
428 615 977
194 123 732
427 110 59
615 500 179
610 624 384
231 668 956
117 103 513
463 220 17
688 515 503
581 649 998
46 507 321
505 48 412
324 110 7
655 29 985
515 323 141
148 358 759
279 629 90
403 309 720
78 183 926
580 344 617
187 700 328
468 60 205
758 225 974
512 487 671
599 576 431
32 627 513
288 50 949
552 631 798
264 445 667
89 624 654
105 175 892
664 372 154
253 728 221
153 116 605
333 176 761
330 693 685
689 194 293
85 231 156
743 337 526
495 609 967
533 343 198
43 736 723
597 366 351
152 422 784
97 419 266
379 29 787
740 148 894
519 731 346
70 533 801
80 387 121
311 651 264
655 199 557
618 449 910
525 115 450
419 700 650
347 743 240
555 450 453
139 128 716
607 589 171
526 197 719
588 719 915
312 65 584
267 582 964
168 225 673
347 462 475
500 424 365
362 306 54
171 570 662
140 230 54
249 252 997
423 694 26
571 603 234
706 661 619
400 508 253
284 157 31
601 603 14
87 362 533
213 34 821
561 302 175
154 469 691
547 519 227
613 208 419
183 522 790
245 442 304
118 459 967
441 568 597
68 12 653
526 285 727
351 559 19
40 1 394
523 557 659
263 601 772
286 248 970
379 487 480
93 311 986
471 9 805
202 344 501
377 681 976
238 574 296
235 460 289
745 194 386
239 715 571
737 91 982
442 615 154
235 671 2
713 669 122
254 272 8
4 384 410
500 241 131
134 737 374
437 203 367
328 564 888
655 94 332
25 235 967
1 202 689
379 629 549
102 456 668
523 1 380
412 181 33
175 316 235
715 275 69
9 651 971
62 337 388
592 470 283
222 560 105
566 666 771
613 312 921
372 569 910
70 502 466
647 537 184
301 560 500
564 611 772
616 358 914
477 731 253
492 7 523
10 44 597
243 239 993
167 746 646
83 106 585
264 417 313
203 92 286
396 64 17
130 304 12
123 281 563
342 582 489
525 275 903
454 491 803
610 643 18
286 127 94
421 627 813
547 495 994
476 92 399
69 72 951
58 443 653
148 548 989
413 130 610
115 366 500
28 55 165
85 362 888
154 402 882
246 46 946
18 428 515
166 608 337
428 732 352
495 10 171
425 225 699
304 352 932
396 643 961
123 11 643
386 195 922
736 156 720
219 315 97
455 607 130
427 213 599
725 651 808
218 421 874
89 502 474
337 185 144
337 42 631
203 643 464
486 106 228
274 465 193
251 139 898
467 167 384
32 383 421
573 74 429
304 260 750
33 567 139
732 643 241
479 575 656
257 433 164
361 721 142
451 638 921
26 351 277
554 624 133
611 741 299
564 72 593
424 243 845
356 56 649
640 311 178
660 540 409
687 721 828
641 49 30
708 133 164
167 52 704
53 635 253
498 82 609
148 350 510
394 330 473
6 584 387
527 410 328
560 500 675
346 500 962
57 497 97
24 155 264
437 154 886
524 559 637
306 666 67
191 373 614
200 334 291
540 187 321
13 120 515
742 407 179
533 1 646
556 435 778
675 43 559
33 62 870
720 377 915
337 445 525
687 5 908
355 173 269
443 336 709
280 637 155
554 557 23
140 75 786
701 688 950
372 359 952
422 277 393
550 145 423
451 559 690
20 360 74
379 181 113
630 309 703
108 539 468
417 461 92
540 231 383
29 98 764
360 131 132
56 740 167
89 544 117
218 578 181
708 226 515
13 729 639
321 410 297
529 554 523
196 610 878
281 625 310
754 706 231
518 210 188
1 400 534
327 633 217
311 660 390
569 272 545
204 463 549
437 91 151
99 120 948
489 680 915
246 278 920
1 622 727
110 239 713
602 99 419
265 283 166
672 258 274
621 459 582
278 611 224
688 365 692
560 619 322
92 533 192
750 713 230
147 618 883
263 15 984
19 72 911
57 292 707
490 20 293
264 662 998
46 431 836
221 693 939
110 306 855
350 720 717
331 334 946
22 225 381
40 525 520
167 116 825
349 503 69
430 704 385
689 746 221
169 260 72
3 410 826
609 64 4
431 448 573
498 330 787
374 322 189
436 681 918
729 461 220
364 182 476
253 617 838
369 450 15
231 40 227
147 2 261
268 299 945
267 528 648
23 36 429
617 614 467
323 437 561
434 407 105
114 12 139
644 694 112
749 110 250
620 646 328
200 320 127
749 431 603
505 61 135
128 727 402
407 167 269
458 245 412
190 664 9
238 131 854
393 492 782
370 742 1000
143 96 658
416 202 291
279 580 435
326 37 796
261 343 77
2 4 399
56 582 665
691 154 488
376 539 702
31 724 855
60 212 984
484 77 426
67 709 344
38 453 161
200 116 590
330 148 401
171 606 960
523 618 943
324 123 596
104 700 596
522 76 935
271 146 747
550 671 771
320 670 983
619 294 14
589 524 857
211 647 208
79 110 948
580 372 551
105 719 173
204 226 819
634 275 425
456 431 231
554 252 673
1 424 68
235 122 324
658 139 917
69 86 497
226 181 848
90 193 527
662 112 781
706 337 179
731 761 906
295 567 239
582 100 372
701 109 68
380 443 719
205 375 978
274 226 784
1 491 445
734 465 239
235 252 975
606 125 572
1 199 409
583 295 399
268 386 273
366 626 577
334 524 11
533 598 795
245 671 307
389 691 320
733 274 719
591 93 450
190 483 241
106 232 108
67 516 704
44 133 62
267 16 849
145 284 528
9 428 3
36 147 644
384 8 212
643 493 460
704 376 81
22 580 967
655 260 27
311 757 296
467 519 824
22 497 702
538 192 796
357 77 490
216 666 494
732 684 676
533 600 678
369 623 119
196 602 683
221 498 152
755 362 297
1 258 601
16 600 784
357 743 519
710 586 270
636 674 221
634 522 25
385 404 325
506 414 749
290 547 638
289 95 592
156 42 39
717 416 753
151 327 10
250 515 865
525 555 461
74 639 571
484 194 906
45 100 307
216 571 172
474 494 26
288 114 660
697 567 40
485 689 952
127 619 858
122 316 314
345 632 626
101 423 545
688 725 42
585 274 819
497 524 96
358 229 704
697 442 288
613 498 644
197 641 752
603 574 902
639 443 527
306 281 442
93 226 782
415 274 625
274 546 657
650 690 949
698 257 204
152 354 654
341 560 325
722 151 746
269 433 186
402 195 237
343 551 40
739 636 68
143 71 263
168 509 558
754 135 376
424 552 292
285 169 486
711 143 417
231 239 576
385 393 275
495 288 36
707 357 514
9 157 310
409 332 195
723 522 328
137 661 259
339 360 881
102 308 45
48 728 148
666 743 494
372 751 670
134 608 451
361 308 835
211 225 61
71 497 77
755 328 949
636 19 61
591 579 590
141 76 762
430 32 399
280 537 227
401 631 442
545 546 456
295 626 676
78 505 9
356 222 191
605 190 125
571 575 301
35 525 84
609 512 574
617 547 767
556 455 174
590 330 572
169 30 285
105 345 629
608 493 49
503 111 219
203 228 552
218 588 120
583 718 924
116 151 861
286 432 881
631 716 200
647 351 996
729 280 186
174 704 878
742 329 530
78 205 330
574 677 340
225 435 565
515 659 165
585 2 914
477 220 404
36 344 77
183 306 68
274 505 240
119 724 262
43 237 172
232 600 225
431 736 77
373 206 915
306 696 432
319 587 651
568 392 592
26 92 741
134 390 588
755 133 55
707 247 468
662 558 763
22 534 851
708 633 455
583 398 183
283 138 436
319 489 675
18 171 523
587 723 108
144 498 994
29 666 851
145 152 941
668 606 563
448 155 877
611 321 325
379 303 542
102 729 516
221 159 289
188 609 676
404 456 526
309 72 53
46 364 397
248 673 629
79 32 537
140 138 291
180 42 216
414 536 532
546 341 860
417 723 891
659 281 705
687 673 187
631 111 549
517 428 818
210 402 109
566 437 953
554 235 740
146 643 506
151 181 75
106 290 524
164 196 953
189 328 99
407 673 573
582 457 284
349 340 644
97 716 902
596 30 161
564 409 649
520 145 807
722 70 713
5 558 611
49 58 301
177 613 892
349 93 188
141 178 441
336 575 725
299 422 826
758 266 895
214 561 379
328 79 945
617 264 429
708 723 216
439 497 283
580 442 875
92 554 978
145 232 746
314 348 566
88 109 187
273 429 239
330 506 355
50 180 634
507 362 103
120 609 707
486 393 562
505 737 395
485 222 15
294 546 376
24 627 381
307 70 339
65 622 346
637 639 782
511 674 292
423 676 255
736 699 548
21 376 628
235 716 499
57 71 82
610 286 652
336 652 765
17 77 123
391 240 954
378 525 274
69 201 798
540 649 491
653 178 950
535 483 479
165 759 117
92 400 182
84 560 595
13 20 416
46 414 618
363 403 976
195 277 629
524 182 121
585 262 912
558 200 371
344 314 86
161 737 413
57 85 283
535 738 815
453 680 215
431 552 258
631 648 192
104 213 324
53 521 262
22 274 543
490 483 607
6 157 624
588 573 660
136 86 634
280 393 932
617 473 490
159 479 645
85 533 653
122 392 817
137 746 422
206 340 837
159 197 856
84 168 644
225 584 335
650 745 817
446 257 29
322 326 954
382 379 396
557 603 228
440 295 318
586 648 599
169 362 682
578 752 430
708 104 377
141 137 914
231 179 802
319 48 247
670 286 258
388 561 671
630 193 159
141 531 831
624 326 943
233 393 107
113 543 980
537 19 175
51 442 926
262 20 811
463 190 791
587 689 315
211 223 748
186 363 738
601 724 497
665 8 731
547 141 892
50 517 147
388 311 698
734 226 8
516 666 951
546 736 726
513 557 423
11 725 260
43 463 464
30 722 706
84 4 931
78 320 368
148 20 338
498 748 228
29 107 720
414 500 552
663 596 248
307 644 758
477 333 430
111 280 314
533 582 937
441 504 810
689 43 763
57 551 281
87 68 815
505 328 793
227 399 105
522 464 981
79 85 754
403 304 224
637 594 985
197 101 76
756 49 507
590 720 117
352 333 42
137 107 98
469 345 635
511 488 821
45 22 646
679 607 205
33 176 362
534 663 76
760 444 837
272 280 994
92 327 258
754 265 589
435 436 729
499 461 900
672 99 163
622 368 898
551 743 50
3 253 221
499 201 246
221 433 808
93 398 956
174 235 289
23 408 617
755 526 176
239 534 790
339 750 817
531 79 399
683 39 339
755 361 936
559 402 972
538 532 652
729 709 954
212 582 423
678 561 177
625 732 67
510 694 533
476 653 436
288 317 204
446 634 844
1 35 459
723 307 398
8 62 560
421 272 631
372 484 765
158 370 768
508 277 719
532 660 970
376 120 445
73 589 212
437 428 220
232 46 119
370 223 596
525 421 317
680 333 165
358 706 682
333 349 162
121 295 486
458 56 154
219 108 943
207 641 558
541 428 182
236 603 174
376 647 308
227 291 962
422 160 174
682 575 488
175 326 765
552 50 561
586 610 943
336 206 51
253 160 775
43 659 514
189 467 896
536 755 477
647 275 482
449 613 933
281 87 560
409 254 95
435 200 666
570 246 654
507 76 394
58 302 132
438 475 340
424 110 78
300 123 391
517 668 534
139 378 391
284 691 862
519 606 114
458 543 478
419 647 176
400 582 758
18 295 334
402 547 95
169 564 488
353 313 352
730 1 913
350 537 433
673 177 776
748 228 10
379 652 101
611 743 198
752 631 51
179 733 801
225 532 892
514 533 307
59 402 365
96 436 675
40 281 608
265 336 767
13 416 279
398 692 692
18 546 352
476 473 936
698 385 223
273 577 561
661 78 499
391 98 674
211 376 154
142 722 291
31 41 876
309 726 432
72 268 420
603 264 227
246 432 786
553 514 805
428 59 237
112 188 242
1 113 537
119 359 568
79 753 679
300 309 394
297 286 623
410 566 753
166 221 599
211 407 790
35 28 229
495 545 772
309 220 369
267 570 980
3 7 197
652 484 132
18 30 870
721 324 628
322 196 124
563 693 767
139 715 612
274 746 761
293 111 747
755 15 521
685 347 413
144 170 372
215 465 256
1 25 816
418 639 526
295 57 654
266 225 715
118 236 27
160 202 629
729 735 656
710 607 225
191 441 606
396 754 586
673 355 629
391 57 6
420 465 478
109 162 377
61 587 857
337 39 31
690 729 750
475 725 112
15 66 243
596 318 391
356 701 243
314 156 529
583 316 439
536 564 31
447 180 916
361 88 884
604 611 800
714 731 21
394 558 668
596 711 644
724 757 932
393 429 19
45 50 583
680 413 880
677 9 139
117 614 75
280 584 142
605 313 772
274 588 523
414 745 438
642 361 416
500 573 137
437 256 41
309 432 526
517 553 796
123 129 374
310 742 282
438 309 704
255 293 273
281 575 743
1 734 264
160 101 39
492 620 810
552 743 378
556 718 9
190 633 672
274 484 832
530 383 946
676 136 205
162 203 989
106 197 362
209 761 351
77 747 707
454 15 212
119 365 847
93 107 396
137 495 185
451 480 605
292 666 189
549 133 804
512 365 680
596 708 916
316 475 25
467 667 507
398 326 360
20 673 240
221 407 781
624 178 612
125 761 254
512 535 935
301 636 531
640 554 943
708 164 250
612 401 768
106 556 198
154 136 571
47 133 126
292 582 931
138 197 117
469 151 237
582 382 909
229 429 97
634 503 509
417 399 71
293 695 337
488 650 161
405 517 874
105 227 521
232 349 703
747 134 822
211 546 860
19 155 893
554 448 869
631 670 683
104 254 614
208 623 399
690 689 722
309 310 988
365 131 167
158 404 142
142 683 866
450 728 692
4 454 871
450 14 925
639 723 816
406 376 987
582 749 428
303 653 294
36 246 487
201 297 970
81 221 532
70 626 726
348 471 254
707 755 577
691 160 668
132 262 370
187 220 370
372 412 474
589 754 89
710 536 233
390 687 10
157 232 29
533 508 506
319 659 240
296 119 739
450 148 42
240 327 521
317 725 49
666 214 673
295 682 391
547 465 342
487 8 48
428 45 120
154 212 223
473 176 794
594 674 432
665 1 981
299 618 888
527 81 178
621 313 761
554 701 692
650 498 233
52 473 993
422 163 916
135 719 985
222 464 440
335 198 58
415 235 848
87 746 258
551 238 43
13 389 73
8 169 41
42 221 827
111 197 305
429 621 132
604 704 77
747 6 844
638 729 580
162 6 241
29 701 224
194 253 159
655 682 849
730 108 352
661 192 444
6 146 920
465 267 60
515 314 959
533 439 739
25 95 171
182 88 442
702 321 784
549 256 221
277 481 250
215 251 448
383 5 572
239 50 838
616 32 254
316 645 477
234 468 551
573 673 136
211 428 362
667 165 38
240 547 561
314 92 985
351 344 286
562 573 513
277 559 402
397 544 667
492 94 646
105 473 161
561 95 424
447 150 221
37 199 539
241 330 545
177 357 898
127 68 476
24 554 81
474 400 14
371 692 181
351 708 651
379 49 219
554 715 402
253 615 234
119 517 952
50 380 576
337 498 620
701 751 498
450 483 56
573 498 621
383 406 262
5 344 677
706 336 893
162 557 946
464 13 912
146 257 447
114 312 637
106 427 920
567 506 296
613 135 633
610 652 304
750 408 513
568 699 934
627 631 878
120 447 871
43 308 573
82 281 445
675 364 338
160 498 320
272 390 321
522 222 178
470 264 431
204 505 505
168 249 362
339 308 304
601 369 177
528 316 264
99 377 989
257 352 39
91 145 157
191 232 666
478 700 51
176 37 149
645 224 622
68 83 814
173 308 185
703 731 398
113 141 779
88 484 99
693 460 671
595 390 81
599 694 800
213 553 313
100 548 717
95 365 328
7 27 565
348 449 534
223 577 429
621 586 292
300 211 685
127 730 186
586 226 264
382 330 926
58 419 835
270 602 171
401 268 246
638 521 461
161 673 914
275 738 497
708 505 717
13 331 273
322 172 89
271 587 293
301 654 916
684 526 276
495 613 227
416 37 622
623 53 155
269 351 510
393 293 763
176 1 6
603 565 888
537 219 74
653 376 535
15 43 51
561 694 440
228 145 52
272 268 604
705 651 102
470 743 683
105 276 614
143 149 611
665 691 312
100 34 444
233 193 915
590 401 677
657 295 47
69 642 922
144 759 973
57 289 406
591 674 24
183 99 893
328 219 174
37 595 993
262 632 95
464 631 991
207 579 558
288 344 991
540 418 72
388 97 841
229 38 547
255 575 761
312 562 522
401 158 324
614 456 261
568 264 125
55 36 906
132 322 766
106 293 100
374 141 272
639 307 998
667 61 314
559 470 719
467 703 440
619 478 970
442 353 297
70 183 80
395 523 397
96 309 65
464 534 847
558 298 715
56 200 267
682 613 250
1 177 556
719 461 873
630 385 721
145 642 760
134 70 463
328 125 695
748 341 69
171 27 951
21 57 134
48 541 83
110 240 290
634 576 345
351 627 141
229 140 412
162 442 513
512 719 298
731 737 690
432 660 742
681 709 1000
692 558 175
135 441 710
512 99 696
259 218 157
520 200 461
66 371 168
321 741 640
155 105 592
660 663 687
188 336 884
552 359 349
432 568 770
106 695 607
713 686 652
515 382 784
275 444 283
421 568 509
523 168 919
296 39 166
287 445 272
72 411 75
647 746 832
190 205 979
242 574 25
309 382 702
258 521 904
759 761 76
246 6 300
93 280 676
427 226 108
171 714 534
532 380 377
652 519 121
550 302 664
1 538 414
754 303 399
645 178 119
756 29 306
306 387 94
147 512 12
228 390 906
52 234 303
92 449 315
281 400 842
659 152 563
621 117 31
112 256 602
97 327 847
172 706 93
108 473 358
381 360 232
348 150 65
31 336 294
365 546 638
383 432 374
549 550 796
140 569 351
204 729 586
226 128 586
423 632 741
525 734 522
660 430 826
715 616 309
166 441 146
13 21 851
156 300 376
299 167 526
529 17 463
682 370 307
448 628 869
226 522 223
669 474 567
666 322 247
722 501 781
21 177 834
450 750 68
417 680 616
67 169 454
55 266 303
337 715 734
534 518 794
713 525 182
612 185 936
72 107 574
58 106 489
449 600 161
177 291 689
212 275 588
631 680 585
230 82 568
261 209 53
561 250 748
16 327 349
127 674 556
652 537 186
148 542 209
221 491 914
311 710 451
357 680 465
734 659 298
531 722 423
144 351 918
499 93 88
643 715 321
673 479 765
587 281 400
582 491 910
306 747 687
139 229 292
173 368 583
469 534 143
746 78 424
427 467 426
678 183 198
747 712 101
126 740 576
303 554 570
33 503 917
127 120 628
157 20 546
5 494 223
230 409 633
87 209 371
238 266 892
408 438 702
260 599 915
604 418 561
17 469 622
36 543 389
473 571 901
375 536 444
50 558 514
63 93 892
162 57 424
494 158 33
11 143 495
521 462 49
137 143 647
437 418 327
610 394 598
217 74 153
695 645 989
584 697 660
454 133 551
470 634 334
100 757 623
362 354 331
233 369 509
63 721 480
355 126 328
481 129 172
740 123 968
391 564 619
484 313 974
386 355 216
553 251 395
645 162 156
495 653 426
47 262 114
683 644 598
208 510 886
292 226 144
53 253 459
200 437 374
315 390 174
88 156 261
512 128 681
86 689 466
612 87 216
568 96 418
486 491 651
346 506 352
532 186 789
383 311 150
475 707 675
132 92 907
521 149 394
604 36 78
352 758 13
420 365 464
144 209 193
636 234 723
180 338 587
60 248 310
145 528 656
603 428 188
13 155 43
117 475 140
347 477 317
14 392 519
699 211 804
271 156 507
235 363 549
370 217 5
617 178 287
708 535 798
599 654 757
743 716 210
18 195 938
337 441 769
379 512 915
434 364 15
319 308 229
494 497 159
17 759 823
221 332 448
174 575 288
225 57 438
714 630 14
5 429 591
363 376 314
228 700 189
144 281 714
335 558 336
442 34 420
736 432 183
176 651 751
380 715 280
256 480 91
549 463 664
607 115 824
177 550 531
17 33 873
583 362 874
33 379 48
367 225 715
10 50 485
463 412 363
162 713 163
347 472 960
753 359 991
631 135 92
452 407 329
212 15 143
691 739 189
321 22 885
118 250 907
240 400 172
400 731 882
708 189 250
295 442 132
618 134 594
675 281 182
29 320 89
314 287 80
298 85 309
763 283 498
113 89 355
617 439 849
681 663 661
16 597 378
184 265 160
666 578 346
128 183 704
512 117 844
64 303 382
155 576 590
272 176 910
357 750 393
241 373 301
81 133 943
158 664 104
246 99 308
296 680 281
169 753 169
43 169 917
230 243 440
695 449 51
609 358 728
381 406 518
400 751 119
167 184 601
366 540 218
757 259 929
115 351 347
380 175 224
163 207 357
570 720 688
156 722 929
391 409 750
752 162 429
555 366 146
194 368 704
222 442 478
575 50 583
600 512 187
142 192 521
512 752 869
616 443 909
295 327 634
274 238 131
121 419 501
543 646 680
743 491 144
64 36 638
263 456 339
659 196 678
338 167 857
392 746 673
227 717 835
1 165 1
431 323 588
617 596 944
624 682 908
119 596 274
46 500 842
83 704 320
470 531 313
695 447 646
316 156 426
736 257 104
201 293 448
243 325 499
419 472 959
490 176 650
40 219 124
85 58 266
326 569 34
645 749 989
334 330 328
688 81 273
298 328 335
665 718 600
211 728 508
483 468 990
587 441 484
9 242 12
44 423 424
476 177 631
390 569 888
281 442 361
158 123 72
283 604 474
10 22 390
152 93 584
366 599 744
193 287 833
525 361 984
45 334 394
268 314 727
478 110 76
225 539 384
45 494 692
666 736 686
191 278 599
23 401 729
53 573 579
481 701 261
696 631 160
628 142 207
1 445 614
348 338 910
598 327 479
381 188 871
624 1 484
7 329 525
389 284 518
14 171 438
372 246 741
1 214 851
538 679 334
253 323 343
411 549 755
212 223 251
119 446 924
492 638 839
315 547 544
676 30 838
78 54 956
497 582 416
363 622 641
342 589 497
228 277 808
210 473 327
75 691 648
83 177 857
168 67 802
322 708 491
519 570 635
5 19 707
25 487 57
60 446 573
460 748 44
724 113 923
482 763 857
124 4 503
386 31 246
733 363 407
484 700 940
426 749 225
169 299 419
287 346 90
429 78 625
438 662 960
245 199 891
512 627 521
189 150 162
315 611 754
340 470 614
314 564 74
135 625 241
445 505 602
460 585 917
704 762 308
162 471 35
666 61 927
519 708 204
468 513 509
711 564 710
394 160 687
622 574 743
138 309 937
600 382 784
168 317 906
180 591 208
561 400 830
197 414 267
21 360 899
344 83 132
404 514 670
662 114 966
322 505 970
508 235 920
733 166 770
414 266 871
363 649 884
295 761 585
687 585 682
691 127 29
558 653 863
47 43 863
223 208 493
387 1 813
25 429 414
441 65 857
420 611 503
200 138 982
424 756 763
291 647 876
645 267 349
63 743 456
270 350 165
656 657 609
119 247 83
305 150 196
170 714 886
437 559 317
10 180 249
632 465 102
208 345 133
76 68 169
27 592 484
744 477 334
603 711 705
110 318 399
99 662 672
16 63 972
604 596 667
221 24 432
283 473 196
237 316 397
185 684 798
452 284 641
309 106 294
385 380 329
620 523 128
393 213 880
23 60 79
257 357 902
489 487 319
591 405 459
666 463 237
134 317 707
750 639 179
309 350 720
240 722 931
303 301 183
439 431 99
12 6 861
356 652 957
78 151 284
181 639 686
646 4 164
173 126 674
383 60 816
108 652 368
60 281 292
78 666 738
265 169 359
353 328 264
259 123 812
692 431 177
273 476 170
648 495 99
460 603 582
483 239 829
49 600 978
155 323 430
736 364 182
1 81 692
553 475 83
658 86 986
515 743 30
394 590 192
290 335 659
493 98 389
8 318 346
425 63 925
558 21 663
233 24 38
653 324 614
529 663 885
15 285 267
339 323 446
67 657 706
357 624 724
34 176 213
80 439 802
288 408 319
455 131 63
582 15 995
279 631 41
347 29 884
428 575 397
300 503 282
742 63 212
456 50 598
666 398 610
533 617 480
61 722 408
627 336 744
427 104 652
702 155 842
542 232 61
273 393 950
492 156 388
165 746 40
458 2 862
155 291 537
657 665 165
423 205 587
385 213 100
726 594 629
181 38 122
402 106 38
522 393 705
619 713 166
502 120 772
473 637 359
110 207 757
556 42 479
42 88 899
562 91 373
188 384 766
575 732 588
161 300 283
555 4 700
449 576 488
484 685 884
176 46 301
555 162 86
336 687 560
288 92 328
182 630 925
563 179 528
512 230 748
169 212 857
225 478 154
209 387 108
185 668 71
659 37 123
376 148 407
701 722 936
77 722 592
462 164 242
542 596 911
308 246 113
421 155 163
123 565 696
510 64 614
396 742 118
109 173 890
653 519 51
229 352 655
448 122 516
454 136 616
729 146 647
484 687 922
109 663 421
154 29 185
749 33 915
761 114 727
316 682 580
760 699 788
190 139 474
65 443 136
37 187 521
627 688 157
261 381 672
295 612 978
238 718 654
171 181 895
280 759 717
188 403 64
383 133 723
395 199 724
183 148 69
594 719 655
715 581 541
117 138 925
512 673 228
186 222 702
174 191 385
147 259 765
576 49 598
757 23 896
1 719 983
114 645 173
10 53 563
731 733 51
220 715 473
106 651 468
310 110 449
706 267 864
291 562 273
328 694 401
94 148 508
261 179 564
576 697 233
241 436 302
655 532 598
358 33 502
544 203 999
449 105 619
509 343 714
631 582 204
260 421 993
416 703 613
489 267 8
194 699 908
147 509 900
383 494 504
59 138 476
366 464 142
5 29 89
559 142 849
347 547 962
470 140 341
634 305 858
99 106 426
344 687 622
631 448 70
305 627 917
233 190 408
203 388 525
445 276 850
674 7 13
132 534 113
379 102 532
641 47 144
664 255 106
460 84 107
401 549 119
27 710 526
431 636 997
237 392 936
685 374 288
132 301 551
220 564 820
8 95 284
27 146 237
565 261 386
647 138 301
729 368 818
437 238 936
702 13 698
393 545 187
176 283 519
235 741 268
58 495 869
143 135 761
214 572 769
72 556 888
474 646 30
213 211 843
98 266 980
393 608 461
316 452 974
519 236 174
726 48 47
161 387 434
548 317 470
534 708 613
111 134 399
145 428 1000
352 564 4
127 447 31
173 288 943
42 57 395
298 299 488
655 229 313
106 386 666
527 89 217
57 155 956
582 351 386
16 356 191
138 22 885
569 227 792
652 75 668
114 158 55
603 385 922
160 612 513
430 232 842
475 755 3
15 265 208
629 700 640
382 549 373
656 684 68
19 46 858
470 143 684
353 454 664
64 357 729
487 747 881
261 668 788
499 245 261
135 89 913
188 298 286
32 357 49
470 352 16
472 113 144
21 480 774
461 310 51
529 483 607
116 239 596
54 106 690
240 679 644
170 233 329
376 379 354
559 243 379
184 391 498
19 351 554
445 486 645
502 211 610
672 564 463
704 330 782
66 130 335
212 252 212
457 429 267
85 517 662
605 623 462
491 279 599
533 604 584
748 223 922
448 134 94
349 409 321
719 344 4
413 428 586
148 247 291
273 595 305
71 752 928
575 117 400
620 289 449
217 183 942
750 628 934
329 101 874
441 740 815
255 644 677
340 439 634
737 468 832
105 428 443
398 379 259
384 731 551
15 709 896
53 89 384
23 8 300
436 643 64
108 470 791
330 433 380
487 1 307
303 477 931
204 445 894
725 156 857
762 652 847
734 54 434
476 619 918
584 702 482
399 155 984
304 8 678
737 655 154
490 71 78
134 248 666
383 134 65
290 21 159
289 742 176
521 120 200
94 354 487
493 748 313
62 631 973
617 629 484
321 302 261
59 108 133
139 249 3
422 347 145
499 80 338
319 689 778
535 468 271
9 657 241
375 139 819
309 365 615
486 177 157
737 358 686
519 337 311
365 225 285
155 403 855
498 471 46
593 187 151
382 489 153
551 666 639
484 638 881
147 272 27
212 218 566
385 709 730
75 490 258
172 344 40
536 352 804
477 48 46
505 29 629
464 160 716
328 238 155
64 487 625
71 342 695
568 19 22
671 327 998
112 720 983
281 522 438
152 501 906
753 750 314
103 201 214
263 60 965
301 361 387
330 390 528
295 407 91
693 208 319
165 176 742
330 230 82
73 744 963
582 248 923
309 222 806
359 41 660
474 156 717
427 144 803
191 250 925
161 618 450
499 567 604
143 169 253
1 220 590
505 330 373
243 102 190
562 295 92
124 482 283
110 47 664
390 179 231
731 621 177
316 106 567
454 742 725
230 226 737
148 479 322
470 260 955
235 316 650
374 336 24
206 481 282
189 693 581
557 746 335
702 600 16
169 378 960
577 714 213
13 231 564
339 678 597
753 733 484
259 600 629
694 335 2
568 190 276
72 153 326
122 510 902
134 761 469
371 554 967
244 393 103
36 484 609
292 541 440
412 357 143
178 332 232
309 755 507
586 213 135
414 267 159
558 697 77
592 476 702
129 656 143
151 442 29
243 585 759
19 713 842
275 385 963
84 457 421
319 104 286
722 477 373
200 654 374
755 714 170
260 505 143
7 606 371
509 431 42
747 515 76
4 322 18
282 626 4
62 694 274
323 207 281
601 596 802
105 168 142
530 388 316
248 322 992
150 734 542
519 555 144
633 756 106
161 358 846
590 328 475
54 86 362
28 281 891
529 19 684
330 285 824
654 540 390
199 529 613
137 396 27
123 296 496
102 574 583
759 235 461
312 604 30
316 537 351
226 626 890
148 478 513
318 202 197
595 734 185
146 186 519
329 289 855
464 219 627
504 150 94
492 612 473
554 368 102
528 351 102
189 401 369
208 106 489
155 30 713
113 480 756
277 640 585
740 222 402
435 737 5
29 52 647
411 609 27
635 162 481
483 492 291
193 457 984
400 304 129
439 705 752
58 515 27
434 328 304
129 254 60
439 328 847
233 36 384
626 313 383
316 269 133
256 258 416
112 324 151
553 288 148
94 488 182
192 624 617
145 384 376
519 246 385
98 215 563
290 270 734
237 696 645
56 159 518
29 203 944
136 524 439
592 546 416
743 238 245
729 663 527
571 551 743
216 43 303
5 274 301
427 716 876
408 444 150
115 335 722
162 86 145
561 209 983
173 659 62
475 758 808
610 169 842
264 2 757
25 132 961
259 176 2
355 241 917
673 225 568
148 758 390
476 628 221
551 336 481
347 111 11
271 458 280
125 589 9
222 101 387
90 25 557
305 322 639
230 181 590
324 135 712
374 205 224
94 739 149
61 576 212
96 321 348
404 656 947
466 463 686
641 89 697
181 47 967
384 138 789
567 121 312
80 48 603
250 759 162
666 616 659
365 482 753
154 134 910
443 16 27
232 391 678
221 678 907
760 627 618
452 17 977
367 380 874
316 254 408
204 391 183
89 595 60
447 622 334
561 637 780
442 477 188
330 210 579
171 740 490
12 311 200
153 485 158
539 510 275
36 424 690
45 138 428
532 371 918
424 220 863
425 289 702
752 164 905
720 329 413
185 286 213
136 236 318
748 504 568
204 755 385
388 637 931
306 56 710
326 147 412
299 519 819
743 617 654
721 552 693
397 465 324
12 572 564
612 134 812
523 129 551
336 337 223
573 37 31
637 728 153
556 630 589
470 123 44
760 206 380
608 351 814
190 752 56
174 703 582
34 634 100
50 673 202
398 134 603
730 219 744
22 361 383
112 569 494
557 201 933
700 303 230
681 282 212
554 212 11
1 396 793
410 710 174
255 219 549
142 188 258
383 389 972
74 493 785
139 46 552
568 144 920
555 1 452
407 442 507
61 132 206
205 333 579
3 10 379
276 668 742
402 22 290
110 592 438
676 692 1000
106 490 657
648 515 82
106 273 849
720 595 231
256 310 108
711 722 698
117 344 897
399 586 5
132 136 220
233 494 488
202 618 851
22 655 61
603 416 648
236 449 383
32 288 740
290 485 328
738 380 42
573 7 609
162 680 854
523 731 562
645 68 771
583 348 656
100 654 433
193 260 390
540 708 408
323 106 938
351 576 341
333 545 420
379 107 31
61 616 17
200 616 996
165 232 569
540 330 859
126 110 823
90 42 348
659 114 272
201 359 256
493 86 766
381 617 168
406 363 720
316 705 636
454 503 142
629 631 448
686 358 788
715 114 301
566 531 749
38 754 187
745 197 815
190 246 741
559 579 108
218 687 337
480 694 876
157 337 428
525 689 212
685 144 204
358 444 720
666 183 635
666 379 188
432 26 66
276 344 17
743 467 311
477 267 797
16 464 316
19 598 81
393 415 548
2 373 162
272 294 883
24 512 718
590 759 662
152 614 649
259 186 230
326 744 351
496 393 427
305 178 290
299 123 708
251 20 98
416 726 488
253 439 661
112 591 542
463 218 931
729 390 495
15 710 622
554 656 230
538 51 595
449 701 969
161 158 829
97 19 650
478 450 437
451 122 450
314 431 415
418 358 631
245 625 794
224 738 958
595 727 749
760 662 293
658 255 102
602 127 276
234 204 690
456 726 930
211 364 387
72 419 117
297 477 224
393 510 705
366 624 286
76 595 685
147 377 905
709 697 960
655 759 256
234 72 666
603 4 4
250 484 403
505 411 130
476 64 186
322 533 757
120 700 964
536 137 678
233 260 762
99 638 650
681 575 598
13 28 319
47 73 776
527 63 107
194 81 816
636 664 656
528 229 506
337 735 524
108 195 228
379 685 977
17 41 252
511 694 30
290 241 871
44 614 381
37 284 568
187 734 897
231 731 620
17 87 692
356 40 159
351 416 992
297 705 438
224 290 808
516 456 445
169 510 192
419 297 775
111 344 652
92 195 351
13 303 153
186 370 873
242 645 366
545 478 335
100 653 348
330 477 276
231 694 922
261 356 187
198 753 786
295 446 309
418 646 792
94 383 645
638 192 301
251 341 827
61 124 837
432 490 342
435 248 835
630 618 997
52 398 82
573 131 120
354 234 607
506 147 409
411 636 516
720 551 253
92 351 588
530 683 283
124 302 581
460 510 593
242 42 174
104 35 68
145 65 514
277 425 184
539 690 476
531 716 202
476 651 183
595 647 368
491 29 126
91 719 323
134 124 587
309 405 917
169 85 3
743 582 705
568 335 667
366 18 221
552 309 794
18 710 205
671 726 589
62 341 67
10 14 790
395 511 503
319 729 153
96 194 32
182 687 825
575 377 912
280 392 489
22 325 28
61 15 760
174 714 542
698 601 684
202 346 34
350 688 426
40 386 98
674 330 517
200 203 534
482 232 430
579 370 98
721 148 932
156 123 700
601 652 721
442 50 782
183 392 433
13 281 854
64 733 341
600 726 503
57 288 33
617 734 236
684 101 245
67 85 881
144 510 925
275 547 606
503 29 612
634 717 491
414 7 539
55 703 720
352 444 552
576 296 376
687 242 121
351 740 201
255 708 607
7 112 168
108 418 507
224 449 850
18 192 957
71 697 89
246 376 241
347 25 908
70 346 744
547 493 616
43 196 699
61 166 325
310 265 400
505 760 101
613 31 363
655 627 544
105 211 416
303 372 110
68 232 918
36 500 848
94 29 429
194 643 782
154 195 316
510 444 793
54 233 46
712 677 968
659 709 466
56 334 757
1 575 319
300 753 452
697 395 706
320 217 146
744 197 259
27 126 22
199 723 721
180 183 275
472 255 308
115 152 670
179 191 50
596 233 467
559 75 181
390 616 718
277 8 849
727 517 393
241 696 960
78 761 137
51 282 58
225 565 188
454 109 873
688 420 839
149 369 636
85 59 372
759 368 652
5 662 239
148 719 17
8 558 117
104 176 873
161 659 849
134 279 440
313 256 871
259 336 192
22 323 201
568 402 315
152 595 891
647 519 877
595 563 868
754 283 278
192 236 703
109 452 551
151 466 875
612 542 88
555 737 32
151 183 537
418 632 271
67 121 32
174 328 213
742 404 731
666 271 152
700 254 983
486 668 643
214 53 389
418 526 909
119 440 779
339 519 280
377 290 752
183 415 991
29 85 60
316 133 727
22 79 902
64 694 955
103 377 250
496 232 949
588 261 764
35 152 86
627 495 805
341 397 123
299 13 655
728 536 380
268 275 412
19 747 684
131 328 287
82 323 148
107 11 279
78 105 75
121 463 636
738 501 49
294 652 175
497 631 246
204 314 574
589 690 813
374 13 384
117 710 425
154 679 672
108 196 445
536 27 221
425 295 197
428 113 96
394 37 183
34 672 262
427 708 425
1 2 974
214 386 12
228 681 966
580 316 30
160 337 162
486 79 980
642 638 811
50 86 184
391 97 816
34 140 135
432 694 638
230 472 922
564 130 652
492 505 335
259 525 329
596 110 729
705 354 336
184 281 732
41 642 488
644 57 112
363 700 879
91 440 196
724 179 287
362 295 702
209 185 462
419 746 478
397 168 118
683 659 908
482 559 585
642 701 366
758 738 221
24 69 670
107 178 960
613 172 654
265 393 938
121 408 313
64 451 44
610 300 160
358 512 750
215 582 71
705 97 614
248 724 618
332 301 753
399 520 279
484 205 309
735 356 691
427 272 727
157 281 781
415 645 523
55 344 905
536 437 464
253 130 588
156 532 572
477 187 781
573 715 500
191 591 301
514 414 529
35 103 946
395 696 906
637 525 353
515 193 648
389 686 498
22 717 313
112 176 577
239 347 766
251 334 419
238 741 799
685 9 151
302 511 598
254 726 309
601 3 821
682 248 441
39 654 338
92 3 220
23 720 832
477 227 773
148 123 457
704 744 876
636 339 741
620 435 675
102 166 118
679 255 61
202 337 876
437 713 603
680 183 105
19 697 455
469 166 612
302 555 705
563 556 676
631 121 693
510 637 304
558 669 627
646 350 250
472 2 941
160 679 698
258 302 919
638 141 325
579 497 754
312 1 461
703 447 54
545 566 544
757 362 519
695 147 4
414 539 602
104 162 304
137 24 238
82 237 236
484 683 577
624 318 823
571 563 957
261 331 420
280 496 509
631 259 71
322 394 600
241 505 776
650 715 248
379 478 464
307 411 512
581 155 993
95 414 53
449 543 735
750 635 471
603 353 311
450 52 983
30 68 881
65 102 465
92 555 317
729 407 123
492 590 604
135 667 10
386 29 120
684 693 689
168 307 134
225 207 284
57 618 59
425 325 523
386 524 860
416 653 876
342 26 604
513 702 23
675 113 665
182 253 406
208 455 597
388 638 41
187 339 363
717 568 825
421 167 500
449 652 766
45 245 167
525 387 649
293 365 795
281 365 140
630 209 572
365 542 933
213 160 208
477 492 828
266 351 569
657 641 247
357 748 893
149 570 274
95 77 600
9 131 445
8 360 251
386 245 878
407 681 149
652 173 508
239 413 529
722 697 826
1 412 388
576 518 242
29 254 857
11 428 597
157 135 774
146 365 104
92 141 884
646 517 683
627 83 7
574 58 948
650 134 665
499 176 558
219 610 261
67 723 975
624 313 951
753 55 418
1 620 81
1 454 645
423 354 555
710 183 728
47 368 867
554 643 869
734 750 927
171 678 111
596 722 341
401 686 223
666 255 611
326 483 600
576 371 904
322 555 500
220 525 737
281 461 792
722 564 298
586 33 354
246 265 198
362 215 942
136 235 471
352 739 334
539 668 675
701 703 503
134 214 48
711 689 87
29 478 168
110 190 181
265 301 325
569 421 999
146 329 175
246 232 993
261 754 191
308 149 74
44 280 197
40 341 404
170 138 865
316 58 319
413 30 705
313 561 33
252 432 888
490 562 416
212 573 239
203 358 989
194 741 243
440 129 975
336 193 788
568 593 356
448 528 34
594 478 132
163 307 109
477 312 856
64 690 610
483 271 790
685 744 144
494 121 227
424 69 560
687 717 265
750 506 188
456 363 347
547 418 471
7 16 641
244 752 962
630 528 631
386 505 858
46 252 597
603 422 257
421 98 733
104 760 179
518 163 992
276 246 293
155 37 91
452 561 331
250 207 999
240 540 455
248 525 337
606 538 544
713 155 53
470 659 568
209 237 110
11 532 69
273 83 406
79 84 357
505 68 295
22 153 574
449 331 569
138 591 249
374 31 235
374 470 652
575 54 412
506 701 186
498 92 927
261 526 340
450 394 226
594 687 589
67 661 750
500 493 74
488 546 493
404 625 141
198 203 748
432 705 959
449 273 689
458 604 536
149 381 995
280 424 792
604 8 856
456 313 858
605 519 92
409 746 712
435 15 263
63 106 745
117 59 302
257 447 908
405 561 910
643 110 987
274 592 370
78 564 279
675 607 174
754 653 726
56 598 564
673 758 460
426 743 365
658 674 903
386 640 946
31 244 105
1 156 482
554 617 114
711 71 429
711 247 857
98 322 952
358 236 536
13 7 639
4 54 887
239 149 618
723 544 64
597 163 111
35 515 426
1 399 777
434 561 331
76 19 858
680 361 187
718 316 539
28 148 766
662 16 837
11 246 87
522 493 285
354 150 326
351 466 351
151 511 171
212 125 517
243 338 94
130 587 909
222 437 154
335 712 865
638 50 361
658 116 585
290 702 471
3 130 549
48 152 376
443 386 398
226 378 262
229 347 67
252 295 410
534 538 751
72 505 175
680 287 392
383 453 285
216 614 460
423 58 418
532 523 456
631 320 38
448 284 393
448 398 940
570 59 220
128 430 861
95 142 275
714 301 175
687 442 78
640 702 984
290 439 659
169 295 228
110 689 914
541 393 654
10 456 619
758 413 934
159 508 561
756 344 865
561 641 183
112 664 673
681 22 969
271 415 996
497 656 48
46 736 370
99 603 839
575 745 12
173 174 588
164 1 566
632 153 30
351 705 391
763 711 720
623 465 982
56 726 496
618 231 423
162 120 615
761 511 470
272 605 53
200 43 42
53 223 835
624 528 769
372 428 742
430 513 850
102 559 877
617 134 959
137 300 87
391 315 487
32 183 700
350 737 32
27 24 9
44 144 1000
45 509 235
331 482 478
70 288 691
385 757 374
449 381 422
587 715 296
635 449 173
443 302 872
219 330 808
65 747 335
42 169 959
500 164 354
433 634 225
461 528 367
329 707 405
687 280 212
295 69 597
571 17 812
260 638 190
566 163 100
731 730 388
120 298 501
646 124 637
133 37 95
679 718 739
537 489 404
288 159 167
23 135 455
366 494 815
141 192 711
491 124 669
68 512 632
284 661 390
163 206 184
643 730 71
272 365 693
306 568 224
756 639 186
685 237 883
14 409 803
609 225 225
206 118 287
306 743 11
246 31 926
435 162 966
254 654 851
726 117 596
247 196 412
109 205 566
755 359 527
33 102 191
505 428 610
199 302 465
561 500 32
631 679 29
498 761 172
141 195 140
399 32 135
662 648 689
534 597 202
125 559 281
387 88 264
348 173 909
33 92 909
274 519 457
372 605 620
655 26 871
272 480 919
676 228 810
433 87 218
190 192 688
568 233 897
682 64 810
153 349 760
295 282 424
327 99 641
505 478 590
229 165 743
164 640 391
750 141 311
546 3 908
102 647 712
242 476 20
122 319 926
372 16 251
250 684 53
236 721 90
617 432 814
657 269 129
358 10 254
568 439 593
120 155 153
323 295 75
298 316 19
632 481 3
47 295 260
315 157 397
79 175 147
207 55 259
359 257 796
470 641 194
24 45 598
724 564 213
571 698 528
596 27 690
218 661 622
239 22 844
252 229 817
209 214 399
576 758 386
381 298 16
199 111 479
206 239 164
238 475 992
50 564 48
591 608 183
719 527 588
358 204 290
469 408 899
227 1 36
219 134 909
1 629 397
405 81 228
374 88 514
363 152 828
378 337 330
599 43 131
