804 8031 137
305 527 895
589 109 291
409 789 268
713 793 410
175 793 548
189 523 589
417 17 163
569 678 665
526 657 46
567 409 70
799 341 519
745 61 37
307 327 92
179 537 985
454 301 990
598 292 842
682 353 417
113 711 607
608 433 864
439 365 401
130 415 997
493 556 701
589 238 269
745 503 556
481 567 122
53 356 439
769 199 57
345 667 146
459 225 603
217 595 913
34 48 898
772 353 841
237 25 889
178 703 888
357 645 621
25 66 242
12 424 393
469 713 983
333 283 335
156 34 661
67 598 781
690 285 895
209 265 347
625 748 474
463 271 533
637 621 857
353 23 425
208 604 463
697 66 542
635 328 974
636 655 427
588 364 54
469 793 31
401 55 580
209 322 832
623 82 847
113 160 576
15 169 299
685 588 204
15 541 360
208 292 520
13 472 942
49 527 111
346 287 373
398 105 538
723 91 908
37 118 553
213 517 801
679 609 669
496 551 248
695 124 398
727 340 482
688 585 559
571 411 35
391 481 887
217 581 803
495 589 223
194 705 213
633 151 724
510 76 551
606 652 96
148 454 567
565 688 781
607 138 921
501 313 655
75 294 980
367 457 960
299 436 63
229 157 399
511 413 626
697 793 230
665 64 83
163 709 456
363 141 265
12 750 383
406 197 914
19 355 615
307 709 279
605 61 527
784 666 947
73 505 46
43 766 629
85 727 864
1 469 836
377 166 507
801 721 365
529 1 764
339 16 391
551 208 306
505 373 868
460 685 688
337 3 947
98 196 803
43 101 456
37 781 967
478 730 131
80 260 740
726 469 536
90 540 994
457 154 427
96 229 168
187 64 936
579 609 842
706 415 450
419 548 261
629 81 589
209 781 842
412 559 321
797 103 799
20 704 212
515 733 162
325 151 72
77 525 597
208 686 152
427 109 904
657 535 463
25 98 656
661 429 41
389 55 764
199 552 140
777 428 333
251 112 419
724 408 778
245 55 524
373 481 299
114 761 992
1 411 182
256 465 339
669 383 565
98 61 666
538 403 934
236 583 196
465 483 368
253 264 25
527 439 902
733 169 126
214 151 187
285 370 400
220 689 278
151 77 482
799 274 678
589 270 197
406 232 234
562 726 99
615 774 803
352 457 627
298 205 344
741 157 132
757 537 943
526 584 499
505 559 825
448 465 480
64 154 261
133 27 245
8 790 108
255 553 186
557 379 121
314 565 808
579 693 781
206 43 736
601 240 812
109 145 569
419 19 433
133 517 654
645 410 390
34 705 969
460 170 426
61 218 308
204 157 895
145 153 968
492 97 134
699 281 316
61 403 743
121 593 8
641 397 675
553 474 482
393 461 552
346 145 640
559 414 667
145 668 646
42 731 212
147 286 457
460 490 43
257 393 373
361 13 454
583 304 505
550 796 451
571 313 867
215 757 715
196 65 815
160 698 274
25 688 40
289 25 572
369 730 224
215 583 803
349 403 120
549 283 531
80 139 129
425 631 589
553 761 723
137 574 453
581 331 343
175 16 509
288 535 773
192 309 392
793 370 699
532 571 573
536 537 207
385 103 135
85 115 564
170 523 12
743 43 839
637 651 213
67 91 915
209 580 671
777 273 312
14 253 682
457 293 140
361 86 234
415 663 533
600 425 434
526 615 210
777 385 326
361 685 503
739 545 341
625 143 392
157 415 10
33 597 943
3 97 995
405 7 143
341 45 722
753 212 630
502 172 332
581 53 355
605 649 159
97 235 835
607 715 932
553 364 604
304 780 172
373 688 791
23 84 254
113 577 549
360 333 175
521 481 575
361 117 604
36 568 153
131 793 118
637 429 322
45 541 120
693 637 871
670 529 542
51 41 182
115 385 535
634 443 468
601 661 760
30 189 907
687 613 23
349 284 615
169 493 678
21 760 503
234 384 891
601 706 932
560 6 310
220 371 819
331 345 413
757 669 618
501 136 497
712 659 515
577 540 573
601 33 341
453 721 873
130 677 282
98 787 13
215 768 529
187 439 606
313 436 749
48 71 947
185 189 733
671 427 947
83 430 959
208 553 352
125 157 202
451 180 115
397 451 842
325 373 183
673 609 345
387 97 555
580 7 567
297 238 925
400 237 218
181 5 86
73 108 211
542 109 235
275 401 700
115 429 997
361 269 613
31 598 979
320 546 526
770 259 592
251 692 857
75 463 433
430 399 807
751 793 233
185 543 260
277 208 924
377 659 218
774 283 413
185 652 289
631 223 710
385 589 497
145 167 879
499 712 311
735 435 364
742 101 417
29 493 350
113 19 572
223 285 448
353 478 881
499 568 845
489 515 327
274 538 763
97 509 303
679 641 170
191 592 510
494 13 949
55 221 930
726 381 583
259 680 864
268 225 724
309 505 253
272 14 168
235 196 937
601 725 535
409 227 180
391 449 965
251 496 834
291 777 906
165 85 110
45 313 360
61 385 152
493 767 270
418 501 571
79 725 793
134 307 995
497 535 553
479 445 582
397 555 300
349 87 465
95 277 307
231 61 395
3 645 923
39 55 564
643 436 658
658 115 759
757 124 523
629 218 873
147 225 862
220 179 386
440 733 21
363 559 956
789 343 745
681 598 755
129 385 607
196 752 861
489 649 809
39 349 922
21 631 938
297 89 647
421 69 283
701 361 483
545 19 867
260 205 329
709 282 907
793 625 359
769 92 721
192 350 161
653 125 719
773 325 544
736 441 674
601 737 642
83 593 643
649 361 487
445 595 236
484 38 184
735 373 137
225 1 251
462 538 392
537 700 806
492 361 708
739 139 115
66 269 424
345 169 804
151 66 546
615 346 771
223 449 945
249 363 767
7 425 92
313 773 773
343 377 179
209 437 872
166 218 787
775 739 394
241 229 11
85 5 840
207 496 809
414 795 548
37 721 854
497 53 490
637 352 70
83 785 931
122 591 838
229 266 258
493 262 245
213 453 41
312 717 387
321 600 627
534 631 136
470 25 229
85 550 682
436 585 846
127 49 127
455 581 445
346 636 59
271 772 855
685 15 37
718 492 819
516 706 877
765 757 825
679 22 125
355 421 757
547 1 868
169 393 212
769 631 553
177 549 683
273 471 525
61 85 737
491 213 71
733 702 107
415 213 536
159 601 194
795 622 219
232 388 152
347 691 813
589 147 496
631 19 809
145 43 218
499 469 137
595 247 862
449 235 993
571 377 922
793 534 954
597 602 559
157 97 668
313 253 983
485 514 351
3 40 86
739 211 536
718 793 199
704 17 752
241 579 235
264 339 558
559 89 176
118 202 344
425 397 905
367 682 125
181 755 970
77 721 797
276 17 104
409 701 692
460 687 285
533 43 270
248 409 17
677 277 185
748 781 399
91 549 277
762 691 572
349 289 937
166 763 464
529 530 401
299 691 391
565 325 455
472 477 341
465 433 424
474 264 545
157 439 784
657 484 620
601 505 880
103 115 7
553 781 764
149 499 992
58 207 576
353 26 228
181 173 945
411 111 617
124 292 102
553 309 716
610 250 452
788 463 656
397 25 872
265 589 54
257 191 579
318 767 612
643 741 716
301 127 234
718 417 396
329 617 642
217 109 565
201 304 735
352 221 137
759 280 504
1 214 253
57 421 247
221 489 674
486 518 278
118 609 967
265 277 433
548 244 834
337 614 527
580 540 383
789 683 658
393 490 852
25 143 61
602 499 12
367 705 67
506 463 748
58 587 946
609 181 792
283 228 945
424 793 891
109 747 925
227 61 452
777 296 734
598 703 545
441 519 899
777 34 686
167 437 649
45 153 682
1 295 635
772 259 667
98 282 262
61 547 823
268 239 346
217 307 920
789 323 992
481 244 210
97 426 306
11 541 111
193 565 886
307 632 83
664 208 156
556 797 752
238 247 610
280 317 335
742 691 50
781 599 379
129 83 48
375 83 334
637 609 311
180 632 221
1 542 419
97 467 203
313 742 740
204 708 894
505 317 321
581 786 309
645 45 241
21 773 153
218 559 601
169 656 283
641 245 913
47 147 229
321 277 464
597 705 315
379 469 278
78 451 789
213 553 723
308 402 27
526 502 782
294 394 43
264 761 596
397 719 705
516 691 241
352 401 36
492 601 967
385 621 153
187 427 383
341 584 650
677 505 494
500 422 977
226 23 140
265 617 352
123 13 499
770 495 556
222 799 847
96 794 213
553 799 22
349 175 496
117 435 11
415 601 244
202 49 958
211 472 844
73 107 791
123 304 555
679 631 682
242 289 841
234 244 869
705 784 399
95 230 64
215 163 498
604 238 840
451 219 604
733 212 286
415 699 777
75 451 797
687 366 441
297 169 361
10 769 656
733 197 268
448 427 458
757 509 763
700 181 857
153 169 144
253 664 304
280 481 78
73 552 525
741 682 773
4 563 79
771 140 78
37 568 637
709 406 864
171 590 241
639 350 119
304 489 415
541 349 367
429 493 604
33 302 287
30 138 533
71 541 971
144 601 450
41 111 174
512 37 398
621 663 397
625 185 293
155 778 713
501 100 284
187 535 120
325 697 328
676 175 959
748 109 597
256 163 691
343 747 90
305 349 243
637 86 59
41 683 314
53 642 354
153 698 579
448 676 91
645 553 825
356 583 817
351 68 759
487 778 171
301 81 738
474 721 585
213 667 16
33 295 454
23 281 518
151 75 992
338 197 684
637 669 431
210 23 715
175 99 794
443 337 742
367 635 913
120 493 153
241 463 264
17 57 661
227 453 118
67 147 787
629 457 216
31 41 458
696 796 137
446 458 422
525 681 489
361 613 353
570 484 577
779 721 923
553 196 932
13 139 956
605 137 640
134 195 92
238 568 412
333 715 367
41 625 441
601 453 851
24 760 872
619 23 110
15 405 824
375 553 903
397 104 989
209 193 307
67 289 480
409 43 515
123 751 441
237 153 987
77 757 633
604 736 587
541 535 329
259 249 949
657 369 74
100 81 657
685 13 777
417 743 84
91 431 842
733 625 10
49 150 254
146 222 543
741 495 308
781 706 525
555 541 628
89 331 694
258 749 966
658 745 445
598 430 500
583 553 235
606 721 697
13 661 701
637 725 853
761 532 395
361 61 795
265 778 964
584 253 525
61 691 622
425 395 533
539 49 65
421 301 558
211 715 660
615 25 553
263 745 959
133 301 953
392 345 426
301 645 857
691 331 871
625 535 843
101 78 596
163 235 685
788 693 787
121 351 644
441 174 295
523 601 59
604 464 955
413 531 185
309 145 811
592 113 268
226 653 535
793 317 379
485 391 728
493 299 96
253 306 70
657 5 438
481 691 396
196 145 43
465 733 922
367 460 183
747 493 127
32 317 346
19 493 342
730 97 468
748 273 44
82 445 76
205 661 313
237 313 261
706 109 972
517 373 76
325 57 848
751 349 401
423 729 286
169 255 46
679 482 865
449 215 568
507 700 123
749 361 539
44 52 329
721 694 504
35 630 854
301 229 152
656 635 796
799 334 999
310 26 242
582 158 701
241 305 19
657 381 691
456 358 168
357 742 650
360 35 781
221 151 204
721 285 350
613 273 586
112 385 601
4 174 649
562 104 954
193 61 11
487 536 472
33 678 32
82 238 498
555 281 247
333 52 291
601 365 592
157 421 975
120 448 710
591 221 138
789 646 597
321 139 569
641 41 367
793 31 46
405 769 642
37 504 903
424 653 630
226 139 441
169 718 967
185 637 204
254 550 481
657 330 891
478 354 833
403 111 299
515 114 105
506 479 325
229 589 484
240 22 852
457 319 821
243 244 382
377 476 735
385 169 732
741 562 574
491 721 40
771 508 702
4 58 947
529 790 792
385 217 185
403 655 716
549 602 15
181 704 868
267 101 281
217 153 955
295 32 210
427 376 66
409 133 784
773 452 813
144 565 568
529 155 120
85 769 466
270 148 549
694 604 71
13 723 311
721 570 310
91 747 240
376 472 907
495 283 303
57 92 120
4 9 577
41 255 222
505 769 529
421 194 504
567 198 519
338 669 257
177 409 385
485 497 403
627 737 362
409 617 293
319 609 39
109 226 794
307 653 228
729 577 291
644 273 118
217 91 751
52 544 523
481 217 653
174 545 67
804 211 503
241 701 385
637 491 992
37 385 447
509 730 647
234 705 663
43 346 334
686 732 972
13 261 182
253 745 448
340 4 642
237 248 545
697 189 512
757 641 692
117 172 83
549 413 93
642 706 68
597 59 948
337 177 935
577 758 473
278 745 729
185 197 762
737 33 540
767 88 223
214 601 664
305 665 740
93 187 217
478 698 465
470 751 785
89 728 838
469 31 534
517 51 704
770 361 445
56 719 884
22 28 847
717 706 841
241 801 542
129 166 887
130 325 512
175 502 152
50 169 694
625 217 144
559 59 684
437 343 537
463 794 629
655 554 694
615 634 90
72 494 803
506 175 456
112 347 125
205 269 706
146 128 270
415 481 966
589 509 305
646 37 726
88 148 486
339 221 622
337 381 20
564 589 741
307 208 319
241 61 402
148 123 94
616 663 524
247 453 222
106 775 132
424 97 992
781 55 337
271 298 939
532 781 491
291 466 452
46 239 159
713 525 446
178 231 314
88 9 176
207 181 746
700 97 394
243 189 382
473 619 104
389 289 926
797 622 853
313 653 332
557 721 311
397 482 38
89 158 617
213 449 844
389 427 53
348 553 917
259 181 873
180 271 777
54 68 992
118 352 340
627 677 496
213 132 401
601 315 142
178 412 323
590 21 768
715 49 369
94 750 547
62 132 199
428 456 785
797 723 613
507 525 249
209 738 858
115 685 353
33 45 790
503 193 545
569 638 71
715 93 635
521 261 461
323 7 102
85 771 308
77 117 346
529 185 639
513 652 922
157 525 934
241 697 761
505 631 873
233 210 722
661 225 214
45 110 339
88 729 520
667 476 736
588 25 23
117 553 220
541 445 365
297 75 486
169 679 663
16 13 397
373 391 241
11 376 544
259 669 699
754 543 827
409 512 810
304 211 821
682 425 222
247 745 280
205 693 154
277 16 410
722 461 435
277 709 187
412 607 338
595 477 521
433 368 983
539 679 289
61 767 605
232 688 531
517 797 925
468 403 354
627 583 347
2 693 686
727 307 745
607 239 743
331 601 521
707 7 488
1 208 330
628 421 120
486 173 655
1 793 290
676 151 306
649 248 71
401 791 114
202 697 133
733 365 636
133 380 922
153 223 766
785 373 371
766 739 898
230 537 539
541 447 717
9 457 86
610 91 141
400 469 380
400 100 265
89 115 852
155 448 730
697 5 597
59 97 735
180 765 865
678 511 76
92 17 454
767 293 338
628 597 974
335 574 672
192 420 850
729 789 732
649 720 642
52 679 333
65 247 230
280 309 416
388 784 371
471 430 47
265 16 656
709 470 636
37 40 622
10 733 337
409 559 332
147 271 944
205 675 757
540 89 562
57 457 351
182 204 72
499 82 43
401 300 29
67 292 955
343 679 278
201 193 241
565 751 359
205 256 91
713 29 818
550 193 810
97 667 981
345 352 528
601 205 702
799 249 273
415 667 188
33 256 334
151 343 387
124 733 747
676 649 635
475 243 993
795 451 572
775 614 206
545 535 711
320 152 928
525 597 736
637 368 472
392 393 665
681 343 725
697 373 590
494 351 491
233 636 923
483 116 839
3 586 94
404 213 909
121 737 466
58 533 56
109 442 192
93 573 491
151 58 710
669 644 498
248 89 924
769 71 408
523 175 768
767 40 445
13 689 74
157 753 923
158 165 517
457 140 772
678 325 2
669 117 507
285 44 370
235 706 257
470 103 830
176 13 924
641 763 154
173 650 565
320 316 623
43 489 304
41 760 12
376 769 174
232 381 730
87 169 745
566 583 721
585 598 35
109 138 938
310 174 467
49 183 353
295 577 234
1 22 604
655 745 62
715 121 656
279 151 449
718 305 404
469 505 856
767 258 92
547 62 485
504 802 871
109 717 924
538 205 914
126 542 649
269 649 372
626 331 785
676 367 203
103 642 275
9 21 678
685 573 314
38 589 266
73 133 153
173 300 791
625 417 894
283 151 299
184 109 162
156 172 172
301 87 344
311 22 726
415 109 878
789 58 41
424 663 656
317 21 119
741 390 446
261 671 892
377 357 69
437 368 100
667 711 486
313 429 889
277 589 508
757 589 143
187 377 330
347 431 292
189 489 930
436 775 665
523 757 356
315 743 574
364 67 598
71 123 330
301 297 709
283 429 384
160 301 819
631 451 964
17 481 186
437 749 10
535 352 172
73 336 981
15 371 575
394 691 505
356 287 772
141 221 740
661 580 211
541 397 120
509 701 574
355 762 727
603 1 55
153 750 215
332 441 284
667 753 978
321 145 52
790 361 293
289 119 873
585 177 641
84 589 71
73 61 317
141 421 251
58 238 88
693 545 190
386 526 968
416 405 120
661 505 480
256 413 624
97 241 998
389 409 538
347 475 200
629 250 62
663 65 335
129 364 228
343 469 45
517 195 706
265 185 99
7 11 167
790 391 596
496 501 784
256 373 175
232 787 471
733 587 670
77 793 832
547 205 515
285 509 134
433 194 255
8 44 501
406 285 811
87 235 618
556 96 837
293 277 204
265 373 707
511 635 856
21 102 531
460 628 354
154 643 193
364 733 683
265 69 911
312 552 494
145 159 351
208 516 228
661 555 955
70 541 86
607 770 102
789 457 306
583 101 7
721 114 254
169 383 107
614 793 324
262 152 160
9 61 255
61 705 488
757 529 757
336 22 974
232 538 952
421 503 513
595 58 705
741 409 929
631 229 90
659 744 919
787 449 565
619 721 514
451 717 632
41 747 4
449 364 366
553 520 376
541 271 959
271 151 170
167 234 771
705 130 414
457 37 198
177 661 57
160 494 302
631 489 242
392 145 468
649 788 927
21 547 806
476 331 914
190 390 326
581 661 461
365 652 695
40 205 326
93 100 185
403 493 618
333 109 996
46 62 194
61 576 998
438 715 712
61 517 736
468 128 28
336 575 983
259 325 373
76 351 694
637 24 985
125 669 663
595 673 531
111 493 62
53 304 32
728 637 19
241 262 102
569 135 28
265 355 310
459 622 21
374 638 508
471 52 827
19 53 106
738 153 327
385 27 707
574 325 285
295 655 347
281 453 433
248 595 875
355 167 388
678 670 21
653 478 43
657 10 410
67 445 909
41 519 417
583 587 958
400 397 397
315 261 624
16 137 612
99 296 251
241 691 211
496 616 139
599 400 95
3 293 13
484 338 393
778 664 880
451 280 944
337 435 457
515 757 472
361 45 254
259 489 452
29 64 654
148 341 881
751 269 529
377 395 620
454 436 686
587 613 622
613 464 456
217 745 416
785 25 493
629 57 845
761 772 166
92 526 205
706 131 205
165 229 987
224 419 374
525 461 261
559 489 228
494 409 634
521 329 422
579 385 772
792 403 871
301 769 754
355 269 192
173 484 221
717 405 803
331 147 477
577 595 411
281 766 584
451 744 102
709 533 46
112 13 403
472 166 224
515 241 197
451 571 130
1 765 789
421 415 894
296 46 475
5 365 131
685 193 189
493 581 763
148 440 832
675 169 647
31 419 449
523 759 866
142 343 953
353 70 756
313 393 423
401 332 877
766 657 607
433 722 269
645 661 840
787 89 630
73 465 726
648 451 603
730 408 299
640 503 269
312 603 560
200 678 449
95 748 904
381 64 458
200 781 687
200 543 869
123 271 587
405 418 541
478 265 153
441 286 995
349 145 643
172 212 63
375 570 531
454 732 976
361 181 509
565 85 561
10 82 179
457 25 338
434 683 315
389 197 25
441 751 474
601 13 403
457 673 246
259 683 945
77 736 304
303 658 930
633 489 243
520 421 340
295 221 605
712 795 638
748 633 65
388 406 679
26 625 219
26 91 758
778 361 263
680 134 103
739 285 854
103 289 269
690 766 74
719 481 851
76 581 431
787 484 993
730 116 787
433 353 298
517 589 595
601 638 181
628 529 599
269 277 513
673 103 672
45 328 759
585 241 495
801 520 734
793 256 862
365 142 895
179 496 190
1 75 677
433 354 931
682 517 27
413 667 652
196 702 88
67 481 203
165 490 25
145 428 250
405 46 421
193 52 119
445 277 633
67 676 49
552 274 85
221 469 150
397 109 854
615 587 288
323 559 129
666 306 350
327 89 424
754 310 569
365 61 799
332 299 316
94 260 48
59 574 796
687 94 857
300 582 854
285 451 529
367 644 379
81 177 76
61 500 117
447 79 483
484 257 756
439 243 817
445 22 509
37 67 751
33 51 746
362 365 88
331 521 124
153 319 206
457 651 770
89 653 996
768 595 7
73 331 86
169 437 479
613 19 4
589 276 29
337 189 514
487 789 809
255 470 887
617 40 632
659 81 371
300 519 996
790 43 798
105 225 249
658 5 163
415 609 594
259 414 358
307 325 674
354 715 51
1 536 11
535 763 167
659 70 146
535 757 697
73 201 604
269 793 640
799 541 464
592 353 73
158 707 859
458 616 588
445 229 873
354 748 909
235 169 698
757 292 436
196 620 36
9 628 909
238 184 427
737 493 490
38 54 849
485 773 421
25 277 374
181 334 163
665 501 405
601 724 695
21 6 730
317 736 557
537 425 856
633 3 392
410 586 645
67 179 315
134 239 488
193 136 506
247 285 94
683 691 151
718 403 762
89 15 348
172 613 547
799 777 951
282 421 628
200 409 747
51 255 981
481 451 867
733 403 867
143 113 140
410 345 261
757 287 305
328 211 763
29 78 675
719 391 422
690 629 204
194 711 878
705 793 27
63 789 875
631 61 530
357 186 206
277 438 40
321 697 89
502 64 371
507 487 504
97 89 884
96 681 756
715 775 558
526 452 58
60 178 859
21 265 985
655 277 206
789 88 683
165 13 529
514 455 557
454 595 87
181 699 239
201 589 308
139 361 759
123 653 234
741 69 425
709 730 187
474 748 846
609 397 698
414 649 155
25 430 739
45 727 649
197 581 839
781 595 286
1 409 65
41 61 362
82 497 90
537 576 976
493 388 832
686 34 49
397 607 565
436 161 467
68 145 66
535 123 888
554 174 445
572 271 552
6 403 856
746 234 697
429 521 540
203 49 536
317 127 615
189 580 760
619 313 917
451 467 943
37 487 70
1 128 496
200 213 32
62 557 774
601 403 620
457 117 994
758 156 241
180 178 583
273 547 238
181 301 951
637 49 119
360 469 152
361 206 551
525 587 40
295 217 477
604 637 63
97 741 276
683 249 240
616 647 495
489 659 924
504 581 650
8 262 163
205 758 871
563 658 545
177 397 23
625 17 901
701 739 392
457 191 850
483 789 262
7 424 441
304 17 840
485 656 789
605 754 131
415 721 151
613 643 631
217 359 48
535 673 290
532 291 402
525 797 92
405 285 824
145 750 87
289 607 827
23 185 799
386 629 462
387 340 780
736 289 271
745 255 857
765 72 222
286 349 361
553 625 951
460 101 551
279 25 961
517 679 627
544 453 854
30 109 257
508 382 17
443 393 667
425 474 924
406 25 33
661 799 64
295 491 406
71 634 39
542 136 788
25 358 237
433 565 368
199 761 340
754 547 435
468 391 285
204 370 329
367 313 923
205 457 939
135 217 61
592 612 987
70 363 430
4 684 665
265 717 105
637 481 330
152 419 573
25 221 926
377 683 611
301 571 854
93 421 124
303 13 151
373 313 572
523 746 269
73 394 396
508 745 558
25 739 356
97 626 879
194 395 747
623 634 766
281 97 523
361 277 264
621 501 150
162 565 223
136 757 148
205 141 442
488 18 335
385 609 880
286 307 431
537 417 150
653 275 569
269 109 3
77 122 887
255 332 416
580 154 571
578 683 535
443 669 879
429 147 60
312 733 618
731 480 912
685 166 799
42 181 306
9 278 359
205 731 745
726 165 654
701 25 131
478 158 374
397 253 260
731 355 354
65 571 528
217 289 11
43 193 923
480 556 476
257 577 338
143 372 525
111 507 137
757 310 793
118 227 793
421 749 63
153 334 431
484 140 339
347 541 449
337 485 504
223 313 34
361 313 295
10 304 635
697 769 718
481 769 258
796 666 487
124 26 109
683 223 239
799 289 574
451 169 758
349 177 49
461 677 913
378 63 815
144 533 14
305 607 47
583 144 535
769 718 379
61 751 211
265 285 266
769 13 9
289 460 869
315 478 80
537 79 406
555 157 75
641 583 57
399 517 848
787 697 643
331 61 108
131 246 586
723 346 765
560 747 200
767 412 52
129 409 316
411 303 690
489 163 687
229 49 993
46 609 713
775 174 539
734 802 899
593 616 421
200 793 202
427 737 867
745 175 195
645 557 698
773 577 874
308 289 361
37 125 135
575 560 778
753 618 464
261 165 533
642 800 526
100 34 694
759 795 999
567 548 397
753 125 530
61 671 863
537 149 37
473 62 395
6 243 995
385 705 712
584 507 873
325 85 375
129 13 660
493 513 692
149 157 661
405 67 879
328 385 395
523 106 177
785 145 813
117 681 551
789 253 132
739 745 307
658 127 618
649 669 912
736 309 637
1 492 282
613 332 467
685 667 313
629 769 791
592 637 160
418 80 593
427 313 332
543 565 521
583 705 674
644 254 742
463 441 397
645 487 55
300 556 110
493 235 664
475 433 923
523 222 634
463 685 770
316 267 853
2 715 738
118 369 369
747 577 57
41 373 415
375 468 79
801 429 365
483 261 705
427 655 500
331 404 945
794 729 791
230 25 197
270 34 174
307 460 84
505 492 51
761 505 891
586 602 168
751 341 394
73 121 695
475 500 894
489 419 378
325 421 25
729 181 248
389 769 211
583 733 554
219 397 954
649 54 603
547 221 193
559 640 58
719 388 326
175 241 125
43 75 837
652 208 115
175 55 332
247 705 146
33 247 941
501 481 454
244 95 910
349 233 981
78 470 669
553 184 747
329 249 49
273 745 142
14 150 545
209 593 755
740 705 981
96 430 893
160 223 405
345 91 585
81 433 35
233 97 806
739 109 351
307 465 960
561 205 438
479 231 483
423 703 226
409 66 925
295 733 851
267 379 80
583 487 646
595 241 867
715 736 906
320 262 815
289 153 120
29 601 283
262 390 540
85 442 91
349 226 289
360 145 185
525 423 400
7 685 411
389 621 818
83 445 561
146 262 98
494 631 731
384 437 963
634 541 776
149 173 608
119 337 400
585 721 361
785 111 355
305 581 570
201 781 368
155 195 55
385 490 13
421 409 801
479 683 784
677 237 296
361 577 377
360 781 775
77 1 674
469 649 159
491 501 273
151 457 370
319 372 832
385 130 486
83 145 10
607 29 651
550 749 586
438 112 207
691 289 548
748 490 983
569 405 605
583 730 555
617 247 976
604 769 233
653 685 385
107 373 220
742 429 183
240 317 374
106 373 592
149 505 955
139 281 147
1 589 243
495 717 901
733 774 688
241 776 741
457 537 751
125 648 489
117 68 654
193 450 461
553 61 320
745 625 852
388 800 577
292 16 988
88 261 830
34 184 86
382 67 456
505 172 980
621 769 861
53 175 296
376 79 953
384 432 12
277 73 498
190 655 290
27 99 942
652 621 62
252 733 501
72 773 212
44 76 238
573 19 454
167 579 97
261 245 269
99 194 34
572 85 662
537 645 202
466 209 210
604 17 89
13 95 879
724 549 331
529 423 720
17 10 187
477 1 761
161 785 986
267 646 364
531 781 903
673 613 256
337 717 808
305 5 268
497 262 209
697 85 911
22 775 271
566 785 164
629 220 945
741 397 578
297 753 193
423 494 979
763 401 696
715 787 916
29 500 854
133 223 603
430 367 99
254 95 599
656 87 999
223 676 11
46 447 106
733 229 632
307 592 503
563 751 381
52 301 252
78 293 694
100 628 991
109 199 378
629 661 442
532 189 890
556 183 180
353 449 240
16 449 296
644 785 850
705 72 229
689 433 848
452 661 578
693 129 548
487 475 890
317 565 416
537 502 754
703 73 779
715 100 720
523 709 963
517 309 190
220 13 670
463 535 154
373 193 229
248 368 38
282 139 157
435 289 709
265 511 181
781 749 332
800 691 820
85 787 106
647 367 780
493 739 327
225 533 984
214 424 587
663 164 145
517 478 620
787 233 495
344 367 214
489 661 791
190 333 69
435 579 77
119 233 425
775 785 82
786 777 54
81 616 672
337 437 631
267 391 560
781 369 110
260 7 679
119 400 137
29 751 317
147 454 454
675 505 483
124 683 165
337 33 41
748 692 450
129 613 200
599 757 263
501 247 923
443 19 532
313 569 19
225 265 878
547 575 53
545 629 622
225 48 79
712 233 379
719 226 486
126 1 579
365 731 253
111 284 308
253 319 611
156 448 694
303 9 774
691 353 135
766 9 2
787 793 783
583 761 91
747 145 316
325 241 384
274 49 897
673 7 872
453 369 910
9 357 895
721 136 173
337 561 550
681 95 560
701 394 275
709 430 882
783 27 330
712 565 103
804 779 163
782 577 180
49 385 56
540 758 594
7 505 132
313 265 599
767 36 839
56 763 38
753 236 646
346 664 831
661 305 872
673 297 586
445 556 575
352 538 797
165 637 309
795 661 504
522 187 424
16 670 570
210 311 647
796 669 671
169 247 957
721 625 157
4 17 485
205 296 910
421 591 332
77 451 689
166 785 93
54 265 918
671 555 444
152 689 41
77 625 683
97 751 76
649 355 605
553 357 407
277 595 786
347 282 934
19 56 224
233 184 879
251 709 657
729 755 636
338 679 653
661 147 549
445 30 91
769 306 81
727 70 837
265 316 164
1 205 582
433 69 82
127 536 947
653 721 872
87 374 211
413 801 329
793 314 630
88 420 87
757 583 175
328 409 415
369 436 46
153 556 2
442 666 368
655 193 722
276 290 346
393 571 788
742 505 922
696 676 436
677 745 739
721 145 1000
209 175 98
136 389 482
356 361 823
379 109 236
31 639 454
425 763 656
136 581 312
143 1 557
641 385 681
776 87 730
471 97 834
436 616 732
689 561 25
49 220 827
333 317 947
81 667 805
100 673 688
332 37 829
220 481 35
307 732 41
685 595 131
373 709 108
489 685 236
485 427 764
477 545 662
337 583 364
376 753 56
30 39 139
369 573 246
720 609 845
117 461 833
583 367 404
411 532 912
540 1 733
523 733 701
208 274 602
549 286 686
9 127 983
647 290 215
124 508 339
722 645 445
649 329 377
224 603 284
539 238 599
564 211 598
800 233 103
151 649 584
163 783 142
699 145 13
207 737 618
409 140 86
341 715 529
777 325 73
769 310 80
375 202 881
303 87 288
553 325 291
793 73 140
421 106 934
203 193 271
266 554 380
118 499 368
169 461 936
215 205 718
197 541 177
529 493 85
717 537 911
418 337 66
404 519 338
391 242 911
119 297 731
293 205 33
801 519 215
253 199 771
355 1 188
189 335 15
151 265 796
717 603 679
705 774 799
135 445 310
353 141 151
313 524 46
769 172 977
1 267 217
623 42 252
5 211 826
516 189 743
45 735 540
495 547 605
253 205 255
337 307 620
568 633 513
127 506 585
437 288 478
163 33 880
172 115 698
517 79 874
459 595 842
112 316 790
205 206 871
79 397 927
385 601 139
58 266 11
133 501 436
401 301 856
325 589 571
658 234 824
412 5 391
487 285 644
427 751 731
449 245 313
712 41 393
649 745 100
197 685 372
692 757 184
219 109 928
189 325 450
145 277 250
133 560 363
411 500 143
592 514 985
164 547 818
33 535 35
7 316 351
673 473 651
637 424 55
439 317 278
1 20 757
146 739 18
565 204 216
13 295 952
374 584 420
381 313 502
203 601 774
181 756 989
461 574 997
23 637 263
391 493 338
267 489 755
129 395 290
692 148 696
166 701 842
441 89 631
526 595 132
433 796 888
709 147 761
469 502 464
537 259 641
473 786 982
569 133 661
271 458 65
390 704 377
609 145 840
521 786 844
661 117 381
106 274 428
541 521 899
43 116 384
147 68 524
508 609 963
496 697 653
199 373 325
93 712 297
49 69 268
277 137 640
1 90 326
252 685 379
192 320 825
749 1 365
289 489 542
525 575 825
349 336 433
249 793 41
145 340 1000
729 368 35
308 376 923
789 577 575
85 424 282
169 757 856
421 13 490
615 85 693
714 702 773
487 337 954
709 773 177
679 250 615
101 569 256
351 201 142
169 739 544
675 490 183
241 421 157
158 109 792
709 391 40
205 238 853
413 405 191
477 693 2
527 140 128
20 365 454
28 35 715
259 493 676
604 773 684
682 725 118
794 644 557
169 455 156
13 34 698
5 23 296
193 349 599
322 593 593
446 601 820
529 397 252
423 698 913
208 382 678
43 13 766
361 3 958
5 314 708
269 201 915
733 69 137
640 345 782
581 469 882
205 413 83
706 229 654
259 743 885
370 301 471
713 49 39
425 701 371
35 348 725
487 353 745
639 469 529
516 594 871
629 367 584
81 139 265
373 643 156
199 338 994
497 357 513
265 793 665
145 146 155
317 718 118
337 769 611
546 754 442
335 469 151
629 33 531
141 277 41
445 297 537
725 241 532
288 773 919
633 127 684
217 134 993
736 543 617
90 187 504
718 143 847
289 37 457
583 376 250
598 603 869
741 760 921
581 450 831
341 391 2
205 609 992
401 157 408
269 669 823
157 321 619
541 597 521
765 105 205
505 577 706
607 710 878
775 293 831
205 153 570
449 517 55
253 31 509
677 495 883
465 205 668
276 755 735
558 501 337
706 646 423
567 524 97
441 657 943
700 41 301
236 710 550
799 386 312
55 399 562
682 333 507
297 633 182
433 82 346
528 416 622
535 583 970
662 271 458
29 281 739
568 520 148
143 799 200
293 283 597
373 745 70
637 433 168
197 408 294
729 297 261
625 529 19
380 571 176
766 32 681
325 601 928
697 671 341
463 607 819
766 475 185
207 578 338
421 65 678
164 796 91
547 181 560
653 217 517
109 172 604
219 176 826
389 433 146
379 351 420
717 345 810
633 409 755
90 271 815
135 667 733
129 125 848
150 314 923
565 337 852
287 511 843
256 701 315
311 549 737
578 553 933
112 128 537
424 719 913
58 253 427
193 37 858
247 193 428
198 746 264
37 421 218
347 294 185
391 761 674
349 160 910
22 773 958
245 567 433
190 461 987
320 378 385
789 341 531
89 41 11
225 109 490
413 527 777
671 775 788
729 337 513
766 481 446
432 670 680
763 658 319
660 154 552
697 493 373
515 115 950
725 464 815
406 178 786
529 109 606
679 145 159
227 508 321
385 637 283
601 681 816
389 557 167
529 212 157
339 679 897
772 456 518
49 745 705
642 678 780
559 535 791
357 267 114
613 237 391
104 211 379
53 233 783
221 583 486
145 181 64
91 505 480
603 9 663
429 717 678
523 22 865
509 67 338
705 229 128
646 625 699
177 709 955
171 252 407
58 219 511
560 157 975
727 337 283
621 541 656
217 215 943
121 166 483
349 197 311
479 700 31
293 413 112
373 139 97
129 703 95
517 94 818
237 113 277
793 211 180
574 355 641
291 478 219
405 237 683
202 151 950
138 221 929
727 301 895
421 549 48
649 404 652
215 407 520
97 109 771
289 285 268
165 445 70
229 201 145
203 144 890
635 779 997
667 197 409
41 108 197
37 710 576
371 422 264
365 34 71
67 71 509
520 326 713
771 527 775
433 736 367
336 622 342
313 457 400
489 665 64
203 309 700
527 82 993
229 308 778
238 515 146
403 671 222
25 419 902
674 789 297
537 685 824
85 620 538
424 181 703
646 769 224
775 373 319
778 400 454
586 565 90
315 130 642
605 321 360
473 56 314
65 155 928
325 55 764
501 676 410
560 517 961
649 673 503
556 349 792
133 745 167
541 253 844
804 565 319
221 441 158
721 526 17
709 207 308
288 125 356
50 85 372
157 235 564
607 211 598
649 238 184
745 327 310
491 133 932
693 361 606
176 522 847
265 625 183
249 67 961
27 725 894
148 214 919
492 357 991
23 105 972
136 343 21
324 493 643
209 145 739
627 104 256
101 617 712
1 325 555
79 655 186
186 239 935
733 751 896
193 329 498
602 207 427
387 765 356
604 365 137
220 127 438
10 114 68
203 513 682
466 497 509
173 358 986
404 720 293
545 777 818
725 60 423
653 222 27
517 637 594
463 79 346
563 202 453
131 399 368
1 305 449
645 781 619
445 497 687
777 103 817
577 58 729
260 657 662
608 73 635
568 716 579
759 712 111
67 114 52
319 502 224
665 712 398
337 361 291
231 359 423
761 256 911
669 1 340
405 366 258
777 219 748
793 235 449
307 363 622
199 130 430
174 627 68
619 169 333
25 211 398
401 525 919
7 73 813
295 412 462
438 25 908
339 625 717
339 81 380
107 369 37
797 177 890
649 777 78
451 791 106
685 55 243
445 745 669
449 42 874
175 67 325
679 457 737
754 349 828
645 463 217
691 697 627
673 757 464
658 217 860
535 476 118
679 277 7
383 277 860
233 716 717
70 459 469
15 673 41
118 148 933
165 316 655
429 451 133
796 154 751
236 380 299
664 307 288
121 327 408
25 355 320
367 672 659
79 85 247
674 5 671
49 473 305
431 717 791
628 119 365
509 541 456
10 28 512
289 464 546
254 671 776
345 353 771
205 513 180
613 777 921
724 535 853
701 193 920
206 596 640
793 409 706
745 420 377
303 750 611
275 241 100
202 571 753
253 544 850
295 428 650
760 745 715
165 631 402
26 737 357
137 713 975
720 364 590
209 782 79
397 21 884
217 265 329
661 1 886
32 110 614
576 557 495
42 492 354
493 483 677
537 133 302
613 465 280
685 1 376
472 46 707
673 411 234
90 338 472
667 154 671
67 721 726
461 229 942
625 799 647
135 90 489
397 339 531
197 459 876
663 476 414
280 453 623
1 10 397
467 334 756
256 156 489
800 277 797
407 601 31
87 329 321
557 341 575
274 721 658
709 261 725
799 579 504
781 585 945
401 593 653
547 70 845
237 295 583
11 717 134
172 250 572
329 61 329
196 49 316
173 493 652
69 175 39
461 700 342
133 7 603
590 31 121
445 17 729
299 72 743
493 201 706
776 603 735
508 424 601
552 609 523
600 721 559
580 505 469
165 757 912
601 86 872
61 206 193
148 542 917
425 625 313
377 97 32
680 801 814
459 493 190
279 734 794
497 385 577
417 298 561
537 759 761
43 85 761
103 279 308
223 617 478
573 25 675
638 675 36
517 569 379
337 721 733
13 77 28
325 759 48
53 153 851
421 769 603
408 684 118
697 401 8
73 139 293
91 637 278
441 569 172
34 751 338
459 88 618
131 576 995
791 241 70
181 1 142
625 402 784
518 705 541
19 11 949
567 168 7
675 793 540
241 611 660
75 158 114
306 389 897
217 293 849
487 235 392
540 95 154
587 225 437
80 436 169
757 1 868
307 436 663
456 733 362
633 725 225
565 450 609
219 211 488
171 150 418
589 184 448
581 697 843
1 113 891
418 37 478
331 467 720
739 62 881
315 481 547
649 717 188
73 268 601
46 181 82
210 691 777
298 300 884
297 541 671
45 433 436
355 168 928
312 277 94
43 655 161
755 241 297
337 699 288
223 592 390
56 125 524
97 373 297
173 447 476
661 712 873
29 433 104
275 643 977
202 585 675
477 199 76
336 376 545
437 750 158
355 297 643
349 550 564
379 565 127
339 553 586
151 571 898
414 71 14
705 33 647
709 547 890
148 196 976
485 205 47
71 205 39
81 670 372
83 505 182
343 565 614
269 650 352
76 435 669
553 352 731
301 469 195
69 58 280
154 793 814
326 792 688
191 585 601
256 269 868
609 327 731
789 533 612
553 191 667
161 667 568
487 539 687
765 177 316
749 416 606
575 345 300
351 687 749
265 720 634
736 526 314
259 723 665
696 663 752
649 692 629
300 302 396
289 705 981
208 265 839
227 241 110
520 605 215
188 621 276
385 629 74
235 571 906
593 513 716
71 211 928
577 511 187
695 265 766
615 697 337
778 436 65
688 649 961
295 548 317
285 705 764
611 688 425
791 609 305
625 565 977
671 706 823
673 187 799
222 557 535
391 289 224
213 358 289
157 297 730
478 658 908
499 433 135
625 197 896
787 182 621
308 421 919
387 72 603
339 57 313
605 355 907
537 697 418
723 86 130
233 651 399
769 727 443
525 271 54
457 55 603
542 364 479
505 619 781
688 274 95
385 697 971
497 221 956
301 496 464
597 85 143
175 711 213
572 711 21
169 301 24
124 370 788
198 451 518
15 365 752
323 549 816
425 508 715
225 231 68
73 493 368
385 406 359
799 391 316
125 277 349
29 373 948
713 733 334
371 424 318
215 709 374
30 215 360
13 313 893
34 145 473
571 181 748
71 403 714
103 185 448
102 57 834
366 736 958
766 37 98
349 393 574
337 355 651
349 45 816
125 313 889
62 120 207
325 429 420
33 347 443
145 243 419
724 119 773
458 269 103
457 573 711
156 203 269
73 113 419
781 559 77
645 261 550
259 703 991
717 667 991
731 769 813
387 250 13
39 751 512
520 787 923
387 182 839
490 781 525
298 481 35
511 745 690
345 477 6
601 133 207
298 540 678
349 601 982
214 37 591
757 793 687
485 255 675
717 349 253
70 226 274
113 697 303
183 583 385
201 23 805
658 245 508
763 82 105
315 165 911
624 521 63
667 101 331
157 471 567
321 637 599
685 19 190
328 457 126
517 789 401
469 40 212
739 31 711
319 700 391
225 346 393
728 618 40
645 269 291
516 457 26
748 461 670
529 283 745
634 265 328
205 109 175
321 309 282
793 766 218
1 59 517
493 165 160
607 19 537
21 91 219
1 89 43
499 190 534
461 528 963
245 332 96
213 603 551
115 795 783
277 255 331
55 421 356
59 435 564
193 637 708
124 598 626
676 456 370
409 301 490
527 671 25
296 310 383
253 451 994
443 293 884
463 149 203
266 95 287
195 176 386
100 105 119
485 744 82
112 339 454
409 446 805
750 537 117
613 96 296
193 295 279
299 674 667
613 269 306
73 733 31
405 203 287
256 528 643
1 609 450
205 326 161
25 43 861
318 613 80
505 685 517
209 253 272
43 513 281
617 720 521
365 373 228
389 178 627
752 37 958
139 670 618
133 649 464
352 430 592
6 246 291
644 373 203
193 211 160
145 581 554
61 100 26
85 681 812
269 743 874
669 29 863
398 514 555
493 439 431
229 637 653
190 277 838
727 209 36
19 184 762
441 507 384
555 586 351
637 253 747
401 481 769
376 517 264
533 357 40
703 697 592
695 739 802
563 217 558
280 754 661
583 5 148
492 233 78
549 579 290
129 179 637
371 603 168
721 622 784
93 261 36
665 297 304
306 611 950
725 686 614
547 397 467
10 72 908
384 534 468
551 61 986
439 451 799
73 234 885
77 563 681
621 705 750
279 443 807
237 340 430
517 787 919
745 19 648
501 526 565
675 49 924
133 339 757
493 287 322
84 801 554
265 301 211
261 329 282
661 361 135
269 369 311
800 157 294
115 289 155
748 415 604
419 552 264
661 493 444
313 145 388
226 373 717
293 581 913
571 297 289
796 1 217
289 688 906
621 793 15
529 644 885
517 568 7
610 581 983
37 799 921
40 791 316
52 657 572
561 252 793
9 524 737
397 436 855
476 349 830
229 297 877
10 369 448
177 625 207
88 129 191
487 149 936
41 49 670
291 650 874
304 136 587
193 453 355
237 635 192
729 79 167
121 517 559
403 793 586
145 170 946
383 739 909
705 528 284
799 343 669
768 165 583
321 469 337
305 88 980
785 621 665
349 322 296
208 496 259
613 513 564
81 721 284
135 152 49
425 373 983
685 35 998
208 699 497
629 301 879
792 73 52
37 789 199
109 604 406
717 498 410
313 529 317
656 551 951
35 136 151
121 229 246
134 64 380
379 641 698
534 626 146
373 203 401
730 645 937
455 537 645
467 655 412
701 585 415
293 618 50
359 28 53
224 28 302
715 108 315
451 391 890
715 557 158
234 217 384
65 22 81
283 685 963
775 363 596
589 604 776
289 269 771
230 748 369
161 721 761
503 311 708
406 377 951
231 95 118
619 568 988
667 247 598
365 37 610
799 202 26
285 709 972
782 29 412
17 353 193
1 769 241
758 113 334
693 609 598
662 745 916
451 565 912
76 6 731
217 318 382
449 733 27
160 703 41
265 509 423
169 535 683
493 502 157
75 238 48
647 650 702
549 385 462
551 389 427
475 415 85
619 301 86
553 637 751
327 247 457
374 93 613
673 745 695
403 460 174
189 616 952
610 637 304
68 649 690
171 529 223
340 241 990
325 477 761
430 109 221
565 595 70
633 613 707
751 340 123
349 622 746
133 61 208
203 472 500
313 269 61
535 804 166
590 163 697
656 730 424
292 295 212
300 625 652
253 533 284
35 1 943
493 557 568
392 577 592
31 503 203
225 245 666
349 127 869
561 299 553
26 82 909
7 803 260
773 157 510
5 529 663
681 633 554
22 251 162
655 171 19
233 619 331
413 633 457
469 58 272
118 211 606
273 232 694
114 277 384
373 593 264
777 651 847
713 1 717
6 18 879
262 79 693
622 757 7
709 463 330
545 309 468
36 728 527
361 401 50
426 610 531
766 757 985
37 773 283
571 804 862
353 295 843
633 9 818
325 505 417
425 793 716
421 209 44
70 517 357
160 313 112
729 146 512
537 765 563
205 501 408
717 670 145
273 511 828
517 331 466
5 31 883
709 205 957
22 37 303
677 706 421
748 669 518
661 745 620
377 229 393
767 406 560
19 33 919
190 129 820
145 271 29
49 595 634
577 127 710
151 796 537
558 457 198
498 253 381
202 313 70
593 469 573
795 289 998
763 697 499
120 515 426
548 501 576
301 279 183
715 745 138
33 184 605
61 105 728
217 637 726
772 597 320
481 508 206
609 577 741
343 514 452
769 17 182
179 213 488
774 249 332
424 193 247
577 601 461
691 517 542
55 89 815
337 631 897
656 571 121
223 589 43
161 49 985
691 95 63
141 20 522
565 537 346
229 799 938
741 266 454
573 679 56
465 293 232
356 151 986
537 520 702
199 210 634
705 691 49
225 16 323
265 637 983
545 253 946
595 457 572
20 611 602
333 465 916
37 161 893
445 6 324
597 451 77
777 213 767
367 28 98
337 519 668
469 271 461
100 781 493
412 292 906
749 473 434
365 287 166
254 521 648
27 17 775
257 37 372
265 298 75
349 413 701
168 580 466
163 277 204
536 593 497
557 664 775
371 728 938
197 677 568
799 217 480
287 245 354
44 442 356
409 311 618
568 351 117
645 265 985
381 121 110
727 447 583
115 203 11
545 573 502
737 107 272
190 369 43
693 223 556
175 265 808
106 427 363
89 321 224
272 157 192
623 789 748
625 547 877
711 309 77
217 439 277
797 289 95
475 265 430
142 772 435
358 89 756
245 297 191
135 775 972
157 637 19
403 541 257
393 256 271
694 763 944
193 355 582
566 205 792
75 323 991
726 195 802
117 1 969
201 641 701
526 505 215
747 763 804
28 417 369
617 232 13
145 425 560
1 268 477
92 613 551
447 238 867
240 13 764
421 49 659
793 725 363
211 635 152
321 448 379
490 131 528
355 285 259
644 677 27
323 504 841
712 601 525
367 289 164
629 473 477
714 135 439
511 346 576
163 532 431
515 425 548
460 55 210
473 131 520
682 14 186
15 259 440
496 279 308
361 682 141
337 523 844
15 157 97
448 541 855
679 10 730
621 648 65
325 647 448
445 395 824
313 401 560
317 436 942
668 742 977
97 550 981
486 233 197
251 687 698
749 48 751
741 423 407
181 678 43
256 481 677
267 265 582
291 568 647
373 645 29
658 305 901
96 139 467
313 271 4
645 753 847
239 157 987
312 181 977
56 149 18
100 767 643
789 139 695
518 15 726
565 217 655
14 46 575
709 656 892
517 163 608
233 685 243
63 580 126
100 340 216
157 650 935
451 441 682
229 420 605
445 167 215
511 407 135
388 785 961
461 532 721
691 298 249
173 222 180
295 589 510
537 509 640
793 133 932
139 773 384
131 568 428
714 85 445
117 413 391
201 496 739
287 351 104
346 73 382
781 221 142
301 557 434
551 661 273
797 276 824
169 187 833
707 545 729
493 193 36
408 167 334
61 187 668
744 148 821
98 362 873
529 340 757
505 262 771
278 313 877
316 641 180
639 413 726
581 579 278
661 277 872
383 109 362
493 135 505
473 555 443
325 357 411
127 242 23
353 541 565
1 200 532
223 635 161
489 378 258
298 445 804
1 165 788
270 151 83
502 761 612
317 215 813
592 605 254
129 637 91
497 169 712
639 77 101
739 37 728
741 782 313
514 253 115
595 130 682
413 273 633
257 561 602
762 307 396
532 211 922
433 277 86
455 97 455
199 382 18
134 722 69
757 349 943
775 7 1000
221 61 1
81 93 356
520 503 112
91 139 196
409 5 936
65 553 97
537 474 891
49 258 919
749 783 364
1 2 670
737 10 649
322 797 74
481 652 57
68 617 799
377 16 589
757 505 400
481 589 229
59 151 47
403 196 917
301 624 121
589 377 211
28 175 913
489 177 155
1 3 97
414 476 620
1 322 451
505 52 922
19 553 635
289 400 554
85 289 810
661 695 930
89 217 611
154 185 846
241 154 611
101 534 493
545 229 71
609 439 895
793 289 546
773 597 331
572 509 947
389 526 132
795 235 138
467 697 940
183 673 66
169 614 626
465 397 35
135 111 321
605 679 95
263 463 872
163 73 765
336 373 340
248 229 579
567 600 297
313 727 352
777 685 507
270 623 737
107 325 506
627 142 703
521 670 448
705 469 161
219 317 804
451 95 159
251 541 863
442 69 81
532 636 26
265 775 137
97 297 232
691 229 351
556 70 204
240 316 253
41 289 77
192 636 814
379 292 104
129 307 835
213 545 32
181 754 196
520 733 160
410 512 244
85 430 525
460 28 190
649 783 847
345 661 888
68 466 345
3 139 893
293 781 6
342 410 357
306 502 868
47 162 231
109 9 174
9 485 571
35 166 238
267 747 560
265 655 435
322 666 354
667 189 273
82 277 63
637 717 823
697 547 335
591 569 380
235 292 133
697 55 822
229 529 589
49 541 263
241 464 371
95 328 976
259 544 918
462 241 703
745 109 379
18 123 158
61 295 181
664 533 189
169 53 982
181 431 515
646 518 581
793 127 688
336 319 49
97 689 624
313 538 314
205 4 326
373 229 571
66 147 901
161 593 478
108 65 274
109 353 140
103 651 776
718 443 666
9 281 600
106 272 496
751 739 678
597 557 136
190 402 394
748 421 294
405 625 364
325 391 959
679 391 929
365 9 750
566 349 602
258 634 75
85 589 137
249 779 316
175 177 774
760 497 632
74 686 202
535 745 48
693 254 394
697 470 542
607 261 527
751 782 818
181 355 96
799 537 643
457 697 873
187 89 30
73 539 118
509 217 378
265 295 941
459 655 991
649 370 808
121 399 398
245 464 186
572 615 597
490 459 187
277 301 1
473 51 138
178 25 495
78 680 102
565 447 798
67 331 19
445 742 365
277 721 994
271 289 526
645 201 924
794 598 485
32 435 820
511 266 415
325 443 361
513 121 246
7 303 158
151 345 998
177 469 431
26 129 749
313 407 20
237 663 795
135 248 408
315 133 162
87 409 412
473 151 756
472 688 34
394 769 982
159 479 171
577 187 882
37 121 282
269 367 866
37 49 102
505 298 925
664 121 882
509 769 177
637 683 964
613 559 571
149 337 386
755 95 909
535 181 315
788 689 24
261 188 59
707 797 148
319 685 761
57 347 379
156 768 371
512 511 718
225 148 638
235 381 708
586 358 371
592 461 174
71 43 654
506 201 251
369 715 734
76 176 801
487 454 529
549 437 630
535 609 751
271 581 765
481 607 159
223 369 484
349 525 44
382 335 82
787 369 331
372 309 431
673 365 301
694 214 560
204 53 535
169 392 776
501 703 788
27 475 359
727 802 890
514 25 849
123 592 947
415 602 347
361 217 722
373 9 404
304 605 840
490 211 883
265 214 819
259 637 962
333 219 726
667 505 204
577 285 909
245 165 524
201 389 564
437 772 64
253 136 369
321 565 548
565 452 698
113 466 773
7 30 724
203 608 598
709 294 536
649 603 309
61 319 938
297 4 576
82 379 477
99 229 649
65 253 54
385 457 941
364 193 888
637 367 973
173 725 197
76 638 816
19 1 395
127 343 905
1 291 482
665 341 401
215 511 284
637 292 444
409 93 846
119 555 582
673 403 284
4 121 734
175 688 354
240 172 159
550 630 515
65 561 349
235 333 990
727 217 589
27 289 888
409 213 219
120 25 475
11 79 652
137 337 726
238 691 888
760 511 146
709 450 947
580 416 900
130 317 227
593 229 419
782 202 626
421 259 258
1 746 287
730 446 871
202 705 271
311 661 619
627 643 427
52 145 476
277 432 314
295 382 125
402 612 384
621 112 16
730 253 921
781 606 234
705 19 440
326 109 214
601 473 730
533 121 111
798 401 335
680 729 603
598 215 363
640 121 739
424 365 101
100 394 674
299 429 104
277 506 489
89 164 444
203 129 331
249 369 662
779 9 464
253 799 860
608 589 182
727 655 423
661 260 374
717 715 122
553 158 704
346 713 88
76 634 239
333 361 299
190 345 797
604 49 115
75 634 693
739 81 970
411 67 786
685 337 862
149 624 174
119 187 776
241 55 370
301 129 845
755 73 781
3 697 982
429 305 579
115 365 13
337 412 74
787 514 193
502 481 241
199 307 443
133 731 607
619 280 883
252 577 26
39 335 371
516 477 470
655 424 896
66 750 553
601 604 953
269 703 620
169 412 579
177 385 642
793 209 676
269 358 284
529 356 689
23 24 193
251 734 810
259 545 221
117 144 746
6 578 766
241 318 821
257 1 110
245 631 981
77 289 360
154 730 142
697 653 862
328 733 532
595 172 442
352 95 211
34 259 125
113 691 55
709 269 755
113 75 191
692 127 768
651 789 391
643 200 921
347 352 255
69 739 626
673 800 462
214 757 397
256 619 870
13 180 285
169 775 40
325 641 789
733 1 973
351 426 188
221 761 544
109 187 69
469 441 436
562 704 851
73 39 540
440 474 725
371 187 745
549 61 451
177 261 73
162 5 376
589 508 289
21 685 596
257 466 507
446 391 876
139 602 163
591 377 529
435 91 24
289 213 446
241 307 899
637 29 565
433 653 436
635 587 862
244 319 25
623 149 44
529 325 468
9 745 236
652 463 860
256 57 563
724 475 167
265 489 406
649 135 450
148 114 790
439 697 595
145 1 485
217 437 60
25 775 629
493 738 462
275 449 587
234 190 111
766 361 14
763 142 853
352 715 270
400 727 987
189 49 132
802 767 711
673 277 718
42 133 602
53 437 328
241 731 222
375 68 203
53 355 151
293 13 500
499 337 768
499 593 852
19 154 926
715 731 245
298 202 605
439 662 248
337 754 637
549 737 558
553 557 907
531 85 909
436 790 107
35 146 337
711 91 353
745 543 158
551 49 781
155 43 508
409 588 900
773 13 432
31 788 929
9 497 22
660 673 902
289 469 546
673 743 968
625 679 525
199 367 229
644 121 963
5 65 797
373 795 973
219 37 549
224 654 573
265 145 561
769 433 977
125 433 417
133 657 49
283 49 733
127 418 155
669 705 344
205 135 267
79 736 950
157 593 277
293 397 483
201 215 870
298 475 477
534 309 482
501 528 109
763 277 463
429 49 728
469 319 349
391 403 526
500 707 496
141 187 737
21 15 104
49 297 582
103 613 368
58 571 994
793 601 736
520 671 429
556 85 760
721 457 546
361 709 320
349 63 690
463 61 757
492 43 774
239 727 311
38 422 696
547 321 767
689 485 750
258 14 106
44 744 939
150 729 784
172 592 576
717 652 634
741 403 405
605 265 19
36 474 624
129 435 282
299 103 937
95 119 427
598 403 65
489 638 918
769 163 292
361 567 173
73 29 610
17 6 296
377 644 37
757 171 554
421 385 861
653 706 632
256 678 957
217 621 418
381 709 177
104 504 629
45 205 107
79 285 611
697 145 469
442 397 720
73 8 196
375 431 477
545 202 815
115 286 836
289 447 424
606 448 945
712 737 326
335 451 450
593 454 459
244 727 239
543 1 142
62 245 204
213 617 692
421 545 738
285 756 982
53 170 886
73 745 432
250 397 11
357 601 148
201 189 38
487 685 193
1 637 578
474 556 392
381 431 987
375 505 742
145 493 399
2 793 552
471 369 569
707 97 47
124 597 651
109 299 352
669 529 329
453 779 792
13 743 807
487 31 297
725 215 490
533 613 614
549 218 553
62 434 41
388 647 452
221 491 716
467 277 573
274 745 159
748 673 119
278 212 11
301 626 736
376 175 704
279 771 832
625 107 461
718 38 717
109 425 486
225 706 180
73 634 755
445 501 572
238 249 446
661 34 482
238 711 995
450 779 322
705 625 62
521 1 215
439 479 535
541 151 45
49 649 164
97 313 170
109 53 640
61 226 540
697 182 95
538 67 620
671 237 107
271 685 68
505 493 594
663 10 273
769 341 525
796 629 217
592 1 330
676 555 304
793 589 309
113 220 421
381 613 486
409 614 240
433 665 174
55 109 150
345 553 289
583 97 974
149 440 211
47 443 324
679 692 910
481 757 701
623 754 207
427 423 964
732 660 630
10 26 47
431 498 381
267 177 622
114 509 676
529 298 181
298 649 176
311 365 616
271 353 640
416 499 182
792 603 281
163 174 604
201 721 886
387 505 451
279 52 521
167 289 526
31 601 846
607 633 443
521 162 786
260 325 447
420 658 615
341 656 502
436 385 650
775 202 330
5 415 754
195 383 83
731 409 830
701 105 276
777 448 703
233 202 138
229 463 151
117 631 255
631 310 711
233 649 953
205 79 172
675 703 862
34 77 688
449 503 205
799 559 119
175 43 131
636 761 894
550 479 541
577 445 295
775 142 935
245 465 855
757 541 434
9 394 615
193 237 10
507 37 426
3 342 626
637 653 422
21 77 124
268 745 407
9 19 914
138 334 247
718 565 430
469 692 608
529 227 571
318 419 662
160 619 529
764 538 775
659 165 192
271 487 881
118 559 285
1 43 290
381 404 225
180 625 280
475 745 906
272 409 36
283 9 994
109 705 468
196 671 336
682 550 351
333 695 465
301 637 90
397 469 487
497 577 464
196 625 572
157 789 2
200 349 335
589 405 321
93 255 350
77 547 977
745 601 421
682 481 213
304 730 680
496 463 605
391 537 780
289 265 111
345 397 913
34 313 538
491 570 839
191 523 109
547 307 166
625 373 732
81 437 298
321 610 884
433 429 564
241 792 855
785 463 548
701 705 582
380 529 202
191 595 503
1 125 641
631 279 35
757 781 131
772 781 388
19 103 345
513 777 713
157 585 124
509 398 158
381 697 323
511 409 314
325 748 517
599 799 994
558 265 959
781 392 412
337 803 909
343 265 645
645 597 868
27 261 53
336 265 986
28 280 71
571 538 618
669 613 717
400 2 274
475 123 321
541 133 693
243 36 541
601 487 74
91 703 832
685 724 240
649 643 223
708 713 393
745 784 786
98 209 610
285 214 503
56 60 121
267 535 692
694 758 249
37 557 629
685 600 253
395 164 841
590 470 953
437 553 718
401 540 436
475 116 795
31 1 19
477 585 415
109 664 617
347 786 570
217 330 336
431 328 756
460 381 78
25 29 655
178 487 935
475 109 644
673 407 631
345 549 545
737 79 29
166 759 841
598 301 268
637 202 923
41 629 89
366 445 886
56 406 37
121 305 160
321 58 964
238 617 841
613 456 424
281 5 286
213 237 597
719 673 272
683 286 31
5 13 88
102 429 360
753 598 378
735 501 822
73 585 487
795 314 536
194 511 665
742 169 727
463 138 862
378 721 983
520 509 71
784 655 879
505 717 464
33 278 514
625 592 964
685 49 261
298 141 582
369 540 18
427 260 894
193 224 64
566 9 624
717 612 860
91 109 529
37 113 508
475 505 749
517 573 580
425 577 667
645 489 435
721 401 237
169 439 441
209 632 734
369 390 434
769 497 219
155 364 836
103 441 672
165 601 796
391 115 954
289 328 103
516 470 636
687 271 67
265 425 287
69 672 764
757 319 384
43 572 487
606 109 455
39 591 737
524 432 785
769 139 95
280 401 895
757 709 530
632 49 342
353 438 786
697 427 212
765 615 972
532 233 142
688 527 88
424 721 959
665 802 492
643 548 133
727 527 954
172 61 390
797 250 490
673 699 136
109 193 345
631 73 835
163 545 828
25 109 505
51 769 887
595 353 865
333 475 967
146 527 833
215 253 371
181 472 892
425 455 791
601 589 609
184 600 406
159 600 365
601 296 641
355 120 244
265 269 969
295 459 223
18 705 590
273 5 358
211 225 165
193 739 745
594 197 502
202 553 745
536 505 964
115 352 477
49 328 889
299 373 917
788 184 188
415 227 375
160 689 110
622 733 632
322 29 554
178 665 818
469 64 939
27 134 317
161 22 27
170 613 667
151 169 33
453 772 793
162 209 281
611 275 3
146 199 332
525 371 193
631 139 547
791 253 714
592 588 920
85 439 511
148 43 624
625 541 589
8 169 380
320 709 646
45 304 339
255 473 61
169 25 183
397 169 391
81 621 231
57 559 271
673 761 117
269 86 233
367 445 752
346 192 600
382 197 322
145 603 407
36 133 756
541 481 332
27 118 930
730 681 78
481 1 557
158 100 591
349 480 863
97 532 82
373 451 342
364 655 229
743 757 811
563 604 114
765 43 226
58 131 801
367 759 923
121 277 786
264 792 711
426 633 298
589 585 239
708 81 443
107 604 849
633 1 782
454 315 403
671 437 162
131 291 888
357 109 589
457 685 679
485 252 824
10 135 665
717 35 257
248 625 805
605 283 677
305 697 554
579 397 820
373 493 717
553 582 290
659 9 223
53 458 646
5 413 673
511 20 301
576 145 10
449 693 460
367 609 808
53 803 881
201 31 167
439 141 708
2 523 657
237 413 301
526 205 783
403 706 935
532 547 660
664 139 514
145 23 647
412 525 308
92 31 208
108 367 173
421 493 843
397 337 963
211 797 233
406 157 964
29 101 354
534 217 317
255 136 893
596 45 690
761 439 454
380 603 9
691 769 372
269 61 983
406 372 178
337 410 627
209 279 336
31 205 78
310 307 643
529 473 867
773 235 60
445 689 534
565 601 498
545 785 297
211 526 783
473 689 318
295 394 302
373 274 366
730 577 294
643 211 158
184 649 87
463 697 823
45 405 299
122 800 570
445 617 908
229 155 204
142 770 594
537 751 460
147 403 649
749 800 533
620 261 576
100 597 723
51 733 871
715 97 906
49 585 125
721 703 723
321 337 981
718 94 105
97 604 382
85 107 76
464 501 507
46 537 902
134 415 460
541 36 645
573 429 755
685 657 211
593 400 622
112 331 133
112 205 635
547 439 738
340 706 949
773 248 205
53 634 931
769 601 291
430 33 34
97 147 530
115 330 802
283 413 405
298 157 732
547 707 649
289 10 791
420 677 440
1 114 501
385 586 88
269 394 126
697 199 799
115 493 360
97 106 604
778 253 597
365 519 436
34 42 996
253 109 988
471 721 774
366 461 300
751 109 56
750 433 316
743 481 880
64 101 877
622 1 147
625 132 70
514 65 57
103 775 482
81 541 587
553 623 14
301 689 348
741 388 457
247 571 426
781 381 261
700 361 150
787 260 941
189 537 774
324 328 399
234 31 423
625 445 354
637 391 971
332 520 124
670 625 446
25 177 258
604 241 618
454 753 252
302 223 396
433 541 756
304 121 21
140 679 536
353 523 524
10 142 75
21 331 54
784 183 182
415 57 220
579 455 500
165 196 989
641 154 486
635 553 746
459 746 306
788 133 328
369 785 479
490 178 912
60 510 847
435 615 146
269 745 2
516 7 484
335 733 467
22 740 6
629 779 109
771 561 597
485 643 371
170 609 945
419 159 204
601 381 964
372 279 133
216 583 598
340 319 826
561 548 157
691 37 982
362 433 956
233 691 476
151 617 739
331 639 523
539 262 815
745 721 407
113 33 529
519 319 68
231 306 436
351 135 768
329 544 789
398 772 203
553 382 447
583 358 21
646 278 604
127 161 770
232 764 521
747 207 25
584 583 241
237 657 919
388 129 865
115 713 711
316 85 769
793 178 370
73 551 39
723 265 732
43 369 719
130 731 557
409 430 152
449 751 12
345 420 64
75 178 812
313 385 954
373 32 594
484 558 312
187 766 222
289 45 858
33 136 689
795 244 969
97 609 350
68 133 432
751 489 337
577 739 179
239 583 445
463 757 376
789 355 595
556 626 811
535 519 315
471 544 532
598 577 631
605 429 766
108 241 517
297 414 947
482 33 667
302 376 805
773 108 9
249 170 524
142 179 142
626 400 656
73 106 943
93 320 291
790 13 33
322 57 707
728 751 726
369 468 826
43 451 709
568 385 39
105 79 30
229 1 856
267 413 254
745 52 105
256 109 895
373 439 576
565 29 643
535 364 814
10 696 586
421 1 704
601 193 687
751 693 326
388 153 352
289 325 820
257 516 154
23 474 309
793 145 758
437 73 6
193 742 970
230 474 972
717 460 731
600 629 328
563 757 901
539 287 628
453 21 986
537 329 181
625 673 638
785 190 81
567 723 986
205 249 40
271 77 669
157 163 624
637 580 87
484 256 641
475 514 863
117 250 910
159 299 36
580 205 124
109 341 167
497 137 500
745 142 461
273 562 174
295 19 314
668 59 348
441 115 532
237 497 678
123 141 958
133 545 26
37 115 424
188 73 950
96 386 144
3 730 948
481 123 756
376 396 36
574 147 506
418 775 392
79 493 661
646 481 144
685 367 111
108 180 590
781 101 633
253 213 718
693 773 354
367 94 676
424 115 815
89 729 197
101 125 805
623 399 764
685 605 884
169 637 990
28 38 422
541 357 946
11 697 188
675 385 688
114 168 23
640 425 483
641 739 289
69 80 59
651 707 439
791 688 980
553 301 576
459 429 842
550 598 247
646 213 814
478 453 87
441 766 889
232 277 485
577 265 613
690 689 225
388 690 660
292 610 264
226 790 42
184 613 491
36 296 641
767 592 675
109 378 711
763 118 915
469 337 669
651 481 903
78 491 453
469 749 333
781 617 740
490 189 953
293 136 772
351 401 162
319 604 302
617 67 894
418 145 744
307 715 837
632 370 570
214 622 24
433 345 140
209 729 557
553 575 905
109 160 864
481 667 60
209 83 510
204 775 781
579 57 399
47 301 861
798 122 218
593 751 363
187 211 444
709 501 653
641 21 164
202 229 243
172 553 575
595 783 152
18 79 371
322 412 354
133 147 507
264 588 167
663 791 59
725 462 601
769 457 335
137 367 499
388 743 65
154 173 229
213 730 538
322 478 548
717 157 171
103 313 474
424 441 171
513 529 381
689 469 993
126 276 515
361 319 115
82 100 579
223 374 590
712 515 268
81 241 838
793 349 613
63 211 457
415 534 45
166 426 525
682 718 43
631 400 40
685 423 618
529 337 28
433 172 326
11 581 449
523 182 710
277 565 504
368 317 504
763 241 517
213 589 454
605 53 174
215 537 560
529 508 854
673 109 840
216 787 97
514 4 719
681 317 67
715 233 693
262 685 369
155 452 484
780 113 787
759 340 206
335 637 649
24 529 674
181 235 674
482 567 558
360 103 424
37 43 253
509 379 45
709 713 653
271 759 917
333 79 241
325 15 284
562 268 513
189 287 40
616 635 469
289 175 694
37 403 346
577 453 308
77 797 470
13 185 946
632 407 835
484 609 108
641 445 288
506 791 773
605 472 658
538 769 243
1 132 489
463 37 83
131 603 803
410 164 140
394 34 139
493 223 127
367 19 668
217 53 647
15 253 50
121 141 890
669 675 516
445 771 812
473 437 69
445 600 363
701 541 290
423 579 556
360 753 680
627 193 845
13 225 333
609 790 646
363 380 721
311 749 934
138 156 32
385 646 865
493 570 473
9 520 363
274 547 938
43 229 808
697 737 928
729 617 344
749 15 367
283 733 181
715 381 495
127 767 560
280 565 36
269 135 35
421 643 937
233 664 481
589 512 746
116 434 820
539 145 822
689 281 147
368 423 664
97 154 685
91 80 257
417 274 75
106 190 218
385 245 914
760 230 201
365 615 454
305 407 138
13 135 913
781 142 129
209 553 277
525 457 690
363 83 653
637 777 331
361 760 570
183 613 613
679 241 972
193 55 628
373 184 370
19 799 805
625 509 647
237 694 779
73 367 616
355 513 281
442 421 638
640 405 381
130 61 598
691 43 442
697 96 413
343 277 510
106 228 136
121 763 181
559 475 761
610 403 919
297 420 125
457 418 851
794 543 992
385 339 49
552 798 620
239 711 646
578 655 942
693 529 647
504 277 114
470 238 402
592 700 682
575 253 267
295 389 147
785 685 367
109 329 334
216 268 442
463 589 938
670 554 965
561 319 907
655 287 792
767 565 153
75 273 83
449 324 563
283 433 875
235 391 509
19 37 916
455 267 201
345 409 39
601 134 329
519 369 900
253 475 786
501 753 63
631 648 739
221 139 764
583 212 321
337 733 877
189 305 637
13 265 231
48 465 862
751 736 134
361 81 114
189 77 404
709 66 492
337 315 910
24 306 457
572 780 362
311 693 655
625 285 331
693 77 412
6 725 999
537 691 760
492 133 388
463 313 856
155 721 644
591 83 456
3 796 734
361 83 526
468 401 482
267 437 488
661 700 742
19 673 980
169 545 312
29 87 539
434 532 603
573 607 424
625 617 683
629 373 967
713 592 745
191 709 578
677 92 921
190 373 835
83 211 356
652 77 232
5 445 88
209 631 154
512 635 295
622 193 644
359 446 415
335 779 730
93 593 164
677 131 442
577 166 213
202 450 534
105 677 830
9 265 186
409 349 822
465 43 993
607 786 175
199 527 241
569 225 610
64 169 112
379 580 357
163 25 122
706 205 564
37 259 830
412 469 360
781 726 968
739 474 495
599 478 523
28 271 116
39 183 297
376 262 402
99 241 52
19 209 985
1 15 700
256 273 5
118 249 270
428 409 864
223 75 633
329 777 3
10 21 384
785 703 714
301 684 956
221 661 71
684 355 91
598 364 786
653 59 391
327 637 130
57 429 884
27 388 325
61 493 528
545 218 928
635 742 442
403 33 29
736 21 571
371 109 458
91 18 500
229 393 60
87 443 442
619 100 241
707 201 116
681 541 863
234 240 431
433 591 16
647 289 739
718 616 601
439 749 34
100 733 858
45 531 976
685 697 465
131 495 129
310 559 256
769 761 474
233 197 661
100 478 164
407 471 191
321 575 822
265 766 331
73 225 495
133 439 738
189 262 868
721 661 214
391 607 544
595 275 220
537 595 377
193 523 310
685 205 925
636 331 454
385 469 420
269 583 337
253 9 195
189 631 118
14 685 403
485 7 263
742 461 397
526 730 763
1 471 150
374 409 686
469 252 29
139 433 510
28 613 936
452 273 352
379 177 622
533 470 961
546 81 889
634 659 591
781 74 558
715 664 350
729 415 650
439 711 945
418 19 309
217 103 473
593 441 715
513 346 781
764 540 725
271 556 424
388 395 349
85 397 156
485 548 560
190 232 667
181 201 496
321 475 730
628 441 860
275 783 479
775 643 574
625 16 1000
449 505 392
77 281 295
589 79 571
634 627 632
661 691 763
553 243 979
243 108 347
71 261 185
48 796 379
605 7 563
581 49 547
241 357 996
424 619 911
572 261 480
589 552 31
739 543 515
295 124 420
179 393 818
349 343 227
461 799 869
706 600 789
307 649 638
232 496 319
431 197 930
797 151 638
399 415 869
475 349 661
448 279 685
450 572 351
445 283 836
485 209 348
325 780 164
4 12 398
61 804 925
25 58 320
145 517 737
325 458 594
637 671 438
353 474 936
690 598 31
683 427 450
164 726 160
211 600 398
569 337 275
1 499 276
259 745 668
793 710 948
553 517 335
515 163 198
706 265 912
727 601 238
787 215 229
5 493 736
403 685 113
131 593 780
441 259 404
573 631 98
321 37 489
592 493 882
641 664 553
482 122 861
553 580 854
790 799 976
802 190 252
655 541 175
234 699 618
529 57 746
505 388 203
625 191 163
757 401 218
445 21 963
225 249 363
330 18 667
427 348 510
697 240 425
382 421 734
385 241 988
413 675 158
303 539 920
252 517 103
561 605 796
668 651 549
649 481 612
279 755 516
271 41 845
617 424 257
223 151 758
367 713 752
604 649 663
17 735 609
793 413 155
263 502 592
229 227 867
256 391 355
502 633 240
606 751 165
325 629 265
97 679 999
481 331 230
669 625 141
65 525 391
473 94 806
357 23 218
517 481 61
679 577 642
607 416 24
253 512 640
355 718 582
73 355 664
245 289 353
573 355 994
621 301 926
657 668 146
185 253 181
265 801 245
537 280 295
640 487 679
65 229 636
360 571 808
745 793 557
48 397 835
383 763 971
91 135 510
93 279 967
27 140 126
595 391 319
800 513 456
205 61 213
296 706 992
321 604 347
54 487 181
70 415 566
209 329 479
219 312 844
777 157 23
197 345 408
661 97 770
301 407 771
544 589 87
773 9 939
559 277 203
339 525 808
28 153 749
575 589 316
421 551 963
463 12 916
735 166 64
214 22 34
4 202 80
144 669 970
540 589 17
61 388 807
321 6 899
535 25 972
141 325 6
457 307 748
523 640 676
109 530 881
435 31 466
7 507 111
124 23 460
397 407 597
661 172 44
253 145 400
643 4 912
709 109 131
759 751 229
228 341 98
577 103 224
665 664 476
181 367 843
165 391 826
553 87 782
43 581 236
664 313 297
545 593 190
457 334 741
420 27 517
671 373 27
6 255 107
475 145 174
574 329 137
582 213 5
377 325 898
274 105 921
316 457 664
419 531 735
661 334 912
536 385 836
354 632 331
473 379 649
777 745 980
19 29 555
536 543 342
130 485 292
491 151 471
1 358 455
691 380 623
618 81 222
169 427 228
651 133 963
325 169 520
46 426 13
237 22 175
61 125 861
172 439 507
709 226 278
96 187 874
305 463 758
55 133 405
283 136 124
561 433 798
480 585 365
125 193 170
517 473 920
790 672 630
23 617 747
565 707 757
493 129 818
469 702 342
379 1 208
337 403 117
671 751 911
5 14 348
21 601 945
543 201 830
551 624 431
241 733 515
479 591 153
106 273 431
421 109 917
9 126 301
745 223 722
110 130 941
463 787 735
560 389 822
649 120 184
61 327 647
635 521 867
493 159 97
506 347 71
11 98 657
37 797 375
50 358 293
125 217 339
787 489 258
571 580 443
293 263 211
118 190 7
397 389 616
399 799 410
51 83 828
598 193 674
538 537 844
233 201 690
260 28 149
762 724 78
727 429 966
453 400 995
610 439 171
5 322 334
515 729 824
246 787 759
622 133 230
514 297 21
429 753 431
149 370 179
781 741 508
35 375 771
577 209 838
255 345 768
217 781 997
706 389 520
300 29 5
337 697 832
352 521 686
577 686 67
682 635 748
439 422 787
402 644 254
180 571 108
263 187 263
25 218 695
251 618 65
589 331 396
68 463 270
723 369 958
493 479 722
417 34 185
279 480 310
207 491 554
223 289 988
18 50 607
52 95 224
421 713 728
631 488 330
430 101 160
676 721 342
66 733 546
693 94 883
113 173 927
304 565 416
505 550 215
42 799 118
217 25 724
673 166 837
447 476 579
269 151 977
455 94 795
623 660 142
25 79 695
139 744 779
397 786 242
15 88 376
127 351 888
649 659 654
79 283 820
211 437 313
26 111 214
410 493 815
493 109 275
115 145 80
58 114 706
205 757 419
761 454 862
201 443 213
141 673 331
363 354 323
513 505 220
87 144 678
311 473 66
761 619 501
652 14 238
40 269 878
361 353 976
401 217 408
329 397 85
613 421 199
790 334 731
29 741 74
217 533 56
651 169 98
489 537 441
529 32 211
630 1 381
700 518 289
564 779 238
565 505 104
683 804 672
766 777 44
67 74 492
576 101 579
217 175 141
135 119 148
169 1 80
402 49 823
515 673 269
688 528 527
13 86 610
7 83 340
413 577 64
373 244 102
697 178 3
801 409 824
622 319 569
295 230 874
269 557 350
261 360 223
707 268 787
81 604 793
367 745 432
517 377 789
324 587 660
61 667 431
457 481 832
525 669 384
166 424 278
132 196 992
421 314 23
201 224 829
58 485 957
249 723 693
129 679 356
218 217 573
606 85 356
187 712 44
470 745 340
538 373 465
118 772 281
31 223 59
505 338 135
340 577 916
755 81 335
182 268 934
144 213 651
713 565 219
13 583 69
221 690 210
1 91 164
246 577 325
21 193 793
761 3 976
13 624 860
584 34 840
301 285 701
701 348 112
736 757 205
373 15 536
5 325 468
203 787 132
179 335 553
449 709 150
349 634 966
222 601 645
193 413 899
337 495 763
103 515 276
185 261 954
215 721 176
97 11 519
694 326 632
486 581 858
451 223 10
741 355 992
409 720 459
613 427 147
313 21 336
487 71 960
491 441 166
313 784 850
575 478 781
429 333 883
605 385 848
205 105 762
580 309 223
277 237 854
98 670 554
85 685 268
565 205 428
643 793 311
190 583 265
577 85 13
201 385 169
673 556 294
319 60 266
733 574 440
565 109 750
112 557 520
799 586 37
318 747 721
161 681 314
297 171 63
154 209 337
709 243 130
242 738 868
451 541 916
245 175 642
316 648 373
604 571 413
577 202 227
409 449 570
717 786 913
397 309 91
457 247 471
472 303 480
411 463 821
703 319 761
643 586 361
552 329 872
13 181 182
317 701 900
712 777 760
121 653 768
781 524 594
484 68 243
285 142 393
349 775 710
214 168 777
601 17 64
803 265 622
84 45 554
777 496 841
385 441 507
681 754 80
433 615 692
493 230 235
621 669 875
343 351 443
275 658 871
492 328 899
217 46 272
206 405 106
280 466 274
604 246 674
353 121 519
559 149 70
519 796 996
194 535 479
694 133 745
685 742 799
563 273 594
433 481 295
47 643 554
733 436 341
397 537 853
661 127 489
481 316 179
463 733 487
413 445 429
623 766 508
373 416 530
7 390 251
601 445 528
638 643 471
777 425 544
502 523 463
32 771 273
717 19 692
627 435 728
497 205 732
27 49 915
69 476 669
213 465 331
370 237 589
781 574 549
25 84 566
440 57 17
721 59 66
725 193 485
151 465 720
465 741 476
157 120 513
145 741 938
171 341 202
155 617 850
564 698 918
533 85 181
132 444 971
455 727 411
29 344 521
161 188 837
598 789 645
133 327 370
555 601 1000
49 163 438
679 5 420
169 487 240
733 677 8
553 715 941
748 762 174
409 547 654
581 765 351
179 201 325
623 109 282
227 479 40
65 19 575
722 653 950
128 331 177
661 717 73
409 698 253
800 35 818
553 641 182
661 237 287
588 701 752
115 249 402
229 609 655
173 205 782
5 8 760
25 579 193
578 781 968
583 295 406
623 157 348
223 442 627
285 499 353
65 169 333
733 671 862
577 261 544
531 521 156
73 145 445
627 172 418
385 715 834
46 55 513
700 265 411
73 31 272
340 262 431
625 229 996
127 171 882
673 653 869
21 198 312
228 669 251
730 563 702
5 7 830
641 139 646
23 91 160
745 279 544
379 388 673
685 415 767
337 625 563
726 361 875
665 687 542
577 145 110
69 599 63
125 347 660
654 73 724
644 449 777
697 790 955
391 207 702
438 280 243
208 401 890
767 5 802
145 275 40
587 125 304
150 565 374
109 236 694
625 652 292
160 81 875
133 309 347
161 239 721
103 169 369
589 631 182
159 77 751
468 662 688
184 67 453
180 541 403
436 475 402
227 691 606
217 149 641
649 641 339
765 303 95
281 433 991
538 121 186
379 314 349
724 659 935
651 96 498
106 11 704
21 489 316
739 253 543
341 325 930
493 357 292
181 787 949
629 61 297
138 172 137
496 445 935
133 682 180
67 536 263
201 789 861
781 73 116
13 118 944
301 657 965
313 715 27
498 475 46
749 741 132
269 399 665
243 680 546
240 35 405
77 274 984
570 315 300
713 277 127
510 329 7
445 481 719
730 412 729
679 173 159
37 107 300
669 403 667
489 321 452
661 466 169
169 537 95
409 763 692
767 720 463
3 431 912
325 569 447
483 499 197
217 1 372
775 727 598
19 622 73
769 117 470
117 106 485
56 705 312
385 357 237
525 589 672
667 795 961
69 218 139
625 205 488
421 19 241
81 89 733
784 485 38
321 429 169
250 211 991
621 37 336
553 541 988
300 617 99
1 133 688
565 605 293
543 321 445
757 511 336
193 532 391
623 442 229
173 361 629
694 731 426
403 509 331
633 715 357
92 327 693
387 488 43
589 321 607
229 745 501
73 265 276
1 556 428
357 34 501
36 265 305
724 150 503
517 439 539
471 190 656
421 733 791
105 277 937
202 529 301
461 114 942
67 181 916
321 245 533
501 465 886
801 760 249
4 25 286
40 363 108
749 266 406
217 777 28
791 792 693
323 525 381
149 663 945
580 405 824
56 1 610
89 385 88
23 419 319
649 515 614
274 342 325
305 193 221
112 731 487
265 477 208
203 305 849
250 697 920
235 387 5
109 21 508
404 581 269
49 725 46
276 645 437
241 538 901
385 228 694
85 151 960
301 63 124
357 247 568
349 633 454
521 467 556
571 187 230
461 505 988
317 277 708
130 621 64
398 475 450
1 597 425
121 555 115
73 33 659
104 216 306
405 523 671
436 393 725
549 469 410
121 553 427
389 402 832
529 793 751
523 247 598
90 181 719
497 45 433
40 199 367
611 40 934
431 453 841
462 544 632
403 286 204
501 201 708
589 454 877
541 73 817
180 321 687
556 262 400
83 533 626
534 237 363
565 377 870
424 418 790
798 376 405
373 739 846
604 681 941
293 681 89
679 716 782
133 709 475
145 289 28
139 317 124
36 634 133
653 781 47
513 131 484
189 328 118
179 465 435
793 327 179
721 637 297
669 326 86
657 357 209
581 61 121
316 711 783
545 333 379
63 457 3
141 13 921
44 193 219
359 95 413
537 238 338
505 707 221
295 631 570
783 277 107
720 346 507
156 675 476
61 433 969
97 161 73
61 777 147
779 517 865
773 385 106
148 502 71
729 37 986
649 470 678
261 477 180
555 729 777
253 135 668
49 321 472
559 464 575
657 218 389
608 377 59
382 743 759
729 145 907
119 629 100
499 803 957
357 131 520
142 238 609
481 153 972
53 409 590
211 233 326
463 217 704
471 725 242
169 457 829
792 378 335
681 223 926
113 349 588
273 399 498
577 533 962
431 595 835
321 669 400
57 234 722
274 625 495
735 275 103
738 523 556
461 776 676
639 73 439
457 269 603
371 29 778
290 601 686
157 575 870
565 797 473
493 4 58
320 520 46
659 215 577
601 175 808
502 417 214
93 553 496
211 598 283
749 4 137
217 497 87
108 555 733
61 59 709
577 71 330
7 385 431
250 257 889
102 106 789
691 325 116
289 211 6
530 631 364
775 657 780
772 376 835
616 253 920
208 347 928
689 231 591
43 649 617
193 573 745
153 101 499
39 560 73
596 263 608
326 587 441
148 409 493
213 616 575
259 365 429
311 305 616
679 181 176
463 714 551
385 91 507
58 124 154
120 308 890
501 663 467
117 277 440
487 739 752
772 766 591
647 239 835
664 19 50
685 91 373
5 178 590
205 85 617
637 226 284
679 541 177
157 49 897
451 685 800
608 473 617
261 421 940
569 733 96
766 376 417
433 255 111
273 569 495
557 135 130
249 499 796
47 73 788
535 413 237
505 445 927
129 658 326
622 233 478
655 770 208
627 36 257
15 194 498
153 157 792
337 243 808
790 279 733
237 535 538
93 214 373
331 167 654
54 320 359
185 43 376
37 205 96
265 149 617
565 760 535
141 250 263
383 661 356
25 780 578
313 787 924
373 700 795
761 746 110
433 271 924
1 676 85
685 469 639
776 319 830
101 439 322
775 66 278
404 676 736
388 660 17
253 634 793
697 485 355
555 329 266
229 324 436
793 157 638
598 529 132
213 248 147
150 417 732
181 272 216
223 465 153
585 716 367
299 289 572
451 692 134
167 508 260
81 397 910
271 743 984
321 349 869
501 13 859
777 46 573
733 690 37
565 580 340
689 745 302
25 267 444
643 342 523
219 549 492
31 169 287
460 712 332
781 793 801
645 490 394
382 142 683
355 205 924
86 457 451
797 369 893
479 361 678
439 380 947
789 469 900
181 379 365
565 86 671
206 454 131
481 789 679
492 683 575
661 553 806
205 338 232
73 657 455
566 27 192
499 91 549
589 105 923
117 79 511
157 712 989
625 176 226
537 269 802
87 57 816
223 785 249
190 697 917
109 448 334
419 637 349
585 160 418
670 592 626
175 616 978
382 164 832
394 797 538
667 1 115
130 453 296
571 475 526
753 802 476
475 7 325
148 421 326
370 631 248
190 637 505
743 661 779
77 66 988
73 213 264
326 400 239
136 426 882
231 261 817
457 163 219
789 686 481
163 65 513
469 589 804
279 609 753
181 532 997
116 392 832
693 691 610
415 581 960
619 662 750
649 540 689
611 765 957
625 25 360
712 525 636
772 619 555
753 685 462
421 580 512
37 29 237
694 210 377
389 280 698
376 725 962
661 556 639
523 712 260
422 427 767
25 61 639
327 73 829
358 133 391
217 334 164
661 169 401
664 1 718
23 291 99
709 607 212
273 124 845
763 190 313
523 377 469
460 31 851
305 353 69
57 613 65
565 697 407
403 89 64
768 443 521
327 471 942
222 366 570
509 639 712
236 336 609
460 517 231
193 551 61
671 253 79
712 709 212
82 108 630
589 546 302
625 193 880
570 364 756
211 672 633
445 637 976
755 333 40
229 209 15
177 10 766
472 794 473
575 37 12
181 633 285
789 601 679
319 436 710
61 561 913
250 757 94
629 760 653
304 535 766
187 205 268
709 511 98
279 365 525
87 787 208
331 329 636
219 745 329
475 604 581
435 313 539
139 239 905
431 683 433
469 619 451
509 27 661
149 679 527
9 121 83
13 61 512
47 373 754
220 229 497
721 671 189
519 706 868
143 685 498
368 700 320
544 1 96
631 763 399
505 626 21
77 36 789
567 125 390
31 517 944
709 637 497
473 541 823
97 625 507
544 225 127
167 363 784
274 616 164
671 598 764
721 553 862
85 631 26
610 468 207
355 349 997
218 781 81
106 139 611
287 199 745
721 421 447
85 425 694
676 640 401
757 71 913
520 201 57
595 517 334
716 456 628
156 521 113
548 49 824
479 268 906
586 720 380
427 620 190
803 567 386
703 661 469
353 521 65
121 135 659
241 489 475
58 625 492
369 25 774
133 493 250
373 405 408
141 190 12
4 583 935
1 679 555
229 741 266
133 505 720
15 47 182
376 489 61
481 277 918
270 733 508
43 504 830
344 730 350
442 277 550
225 97 517
673 804 862
621 425 748
103 112 849
373 269 205
161 345 853
103 187 196
437 25 503
565 121 471
173 103 711
103 149 638
157 505 170
101 249 373
229 550 665
62 1 693
475 408 578
65 719 458
604 226 385
111 565 910
760 537 903
56 93 246
629 475 660
533 289 363
26 71 90
565 181 898
154 493 530
694 283 889
135 312 268
339 517 589
525 292 270
1 13 745
273 114 920
429 198 635
43 573 154
460 449 951
155 223 955
269 481 887
233 289 386
324 748 123
703 685 350
113 289 438
121 525 109
19 627 59
388 517 513
154 165 163
43 667 911
473 552 869
27 307 18
485 593 132
688 22 706
449 474 924
665 421 876
403 354 420
45 54 435
439 409 416
749 445 1000
416 769 351
565 793 453
661 158 791
43 701 4
25 446 704
181 89 39
427 742 859
523 181 18
753 449 916
418 793 920
377 295 846
313 181 650
117 499 802
777 733 217
10 195 174
569 508 772
404 211 842
626 91 724
43 360 254
286 646 263
138 398 550
18 63 925
561 55 68
793 636 396
478 583 963
307 136 646
355 451 820
197 301 996
629 163 782
293 466 764
477 697 449
613 801 42
247 213 190
225 692 867
297 730 269
717 145 862
755 307 891
444 391 275
494 49 528
152 516 584
336 287 386
387 449 332
800 427 163
256 711 994
43 313 25
685 269 366
165 457 537
793 577 454
433 201 871
289 493 236
337 611 431
253 705 46
12 27 898
705 241 862
593 657 80
425 529 594
798 425 555
89 135 643
103 209 531
277 196 710
315 470 237
1 737 184
445 34 103
285 321 543
511 341 684
69 496 218
523 771 235
301 15 361
496 397 843
89 25 147
716 11 495
508 241 642
84 511 226
766 595 94
229 153 40
416 697 824
757 293 289
19 283 885
340 375 307
205 377 364
637 494 873
93 94 858
376 598 203
87 613 274
311 72 229
310 793 906
213 739 601
531 397 775
589 670 666
274 449 667
37 581 398
784 562 249
685 435 345
578 673 262
541 135 925
621 220 113
281 333 256
65 577 484
292 714 5
99 762 802
309 581 911
133 91 855
457 683 408
627 481 496
715 257 776
259 706 442
43 588 21
100 602 762
386 70 984
322 175 859
497 547 482
733 616 753
272 691 348
531 187 333
387 133 589
539 625 136
475 151 222
463 632 273
276 691 233
145 91 385
537 545 215
631 241 219
219 479 166
99 77 623
77 175 324
93 589 597
298 677 369
25 37 641
22 301 487
725 497 174
469 763 302
442 513 265
701 697 99
381 361 630
540 733 823
733 681 730
211 711 529
601 97 143
2 4 53
129 349 208
789 141 153
701 337 400
145 322 971
313 220 151
749 145 957
467 349 935
791 131 16
76 677 604
601 685 209
246 318 210
358 652 483
148 447 148
667 799 272
484 471 332
636 379 989
449 469 625
543 253 48
49 233 819
296 379 793
409 631 298
727 425 114
162 400 328
312 505 255
48 640 614
225 119 71
310 742 737
301 703 200
406 797 212
163 313 135
601 757 496
566 133 494
610 163 346
427 227 500
82 701 655
385 721 585
80 153 368
449 562 512
217 79 471
457 228 316
251 641 431
705 490 183
511 47 997
115 307 766
592 255 73
690 269 68
454 697 569
18 678 425
99 393 828
73 391 44
365 49 589
160 397 465
229 413 537
97 397 28
189 217 518
255 683 399
505 700 492
481 333 146
203 312 468
160 699 907
555 70 89
425 781 403
119 762 329
757 221 104
151 256 140
69 740 381
491 97 802
429 681 44
731 587 499
526 229 986
202 549 278
57 408 728
199 145 153
217 445 789
476 445 942
298 313 403
87 683 446
661 142 986
369 603 25
64 307 440
111 105 587
213 433 500
269 625 601
421 284 555
500 308 92
292 385 280
573 181 846
97 713 677
583 165 324
472 355 297
695 169 150
427 763 218
365 81 789
297 313 294
137 457 3
323 572 53
37 735 336
115 190 810
85 484 48
373 285 973
354 32 918
156 345 505
325 367 224
355 416 896
46 445 84
286 381 331
793 581 388
295 349 620
622 727 839
369 73 568
265 319 327
625 533 404
390 37 38
94 558 258
365 187 578
19 564 143
573 251 976
105 76 75
211 370 947
715 773 435
451 249 316
208 473 157
80 273 140
561 695 312
691 441 24
760 90 929
61 409 409
633 124 915
145 487 459
340 313 458
68 445 632
208 453 903
645 493 280
487 277 353
424 145 709
471 671 871
268 349 322
145 341 768
313 405 705
282 559 550
313 780 101
553 369 512
41 193 632
401 566 96
530 85 98
16 116 815
287 103 275
517 625 213
25 462 487
513 51 773
636 133 986
208 580 429
434 567 456
160 757 12
628 127 824
135 311 276
7 271 784
35 554 583
390 93 972
477 617 670
249 374 818
181 121 650
385 388 826
195 187 273
739 403 521
523 527 969
63 436 664
92 326 111
769 345 745
108 482 715
321 196 299
231 277 233
542 445 365
25 599 671
259 569 628
430 373 698
682 533 465
83 397 326
681 688 479
166 19 655
232 731 201
417 589 894
409 229 660
97 169 818
197 621 514
463 181 806
547 194 623
187 421 102
139 436 343
540 238 688
96 315 645
793 763 705
167 49 501
67 601 370
584 113 931
713 617 425
700 92 861
209 285 950
765 365 550
786 745 479
540 553 12
382 544 444
601 177 603
18 411 615
481 23 44
532 253 56
241 323 537
347 430 802
617 383 620
553 305 602
440 551 7
115 347 268
1 32 978
584 99 111
85 163 195
97 181 170
369 763 38
276 489 139
420 604 986
553 327 689
97 203 253
241 169 832
357 757 914
429 397 814
739 469 380
221 385 257
793 769 282
151 373 611
205 343 798
379 778 48
521 548 362
637 417 244
357 403 563
52 511 882
773 62 84
325 43 546
246 560 833
571 321 832
68 403 108
367 673 404
609 80 823
447 429 110
69 132 708
337 103 754
121 427 957
154 614 254
527 664 352
233 287 456
325 91 360
430 489 267
521 583 396
229 93 841
763 601 352
157 601 759
47 370 795
188 445 196
371 433 105
519 537 605
604 175 241
345 280 987
622 25 112
298 337 170
660 179 624
493 521 84
494 615 622
565 305 615
699 567 238
569 721 785
445 112 707
373 465 322
112 373 624
785 745 905
493 705 117
20 562 974
346 706 462
801 288 722
423 343 560
313 415 310
376 151 420
97 487 57
353 430 592
429 382 103
497 703 365
244 787 271
6 154 754
343 765 370
124 784 838
127 219 457
73 673 111
286 31 366
133 565 205
236 275 615
529 241 866
169 542 383
421 169 392
269 337 80
222 9 190
213 298 883
679 316 596
768 82 997
409 131 924
630 323 6
654 555 900
664 197 116
1 356 325
493 537 972
583 673 181
505 53 690
102 271 488
90 697 422
631 433 222
557 247 758
111 489 630
201 58 214
641 130 438
704 328 595
1 489 857
19 349 722
138 608 121
55 59 609
600 295 609
11 99 148
3 700 602
379 621 465
549 595 402
217 662 906
292 279 253
61 693 721
499 169 52
663 55 583
193 661 715
182 484 752
61 69 22
753 464 517
649 331 280
685 199 251
201 759 51
263 92 541
692 203 807
357 433 78
699 153 726
33 784 889
400 365 109
297 382 750
40 381 147
573 265 827
630 213 190
537 34 337
385 625 342
733 479 28
193 294 254
673 1 70
157 77 597
787 439 215
409 241 888
256 397 412
217 169 345
505 595 118
711 333 325
703 13 901
697 613 775
27 85 266
489 85 188
517 245 526
184 371 820
319 404 648
293 613 640
73 611 931
580 249 682
217 154 773
429 193 314
601 82 216
643 513 538
349 745 166
233 505 966
96 324 631
15 79 599
541 304 821
627 15 227
311 61 927
298 473 167
562 707 657
529 685 380
7 439 664
105 198 851
259 739 486
387 601 555
387 679 237
557 225 601
569 157 551
361 697 258
141 315 922
45 28 704
399 604 143
320 445 637
96 188 704
577 721 420
3 646 345
601 289 388
625 369 184
481 466 386
135 488 415
151 790 707
5 461 338
280 733 471
525 85 864
753 629 208
247 51 405
177 733 225
1 81 735
455 679 189
295 405 701
34 96 574
690 13 136
758 574 172
563 733 622
301 316 928
612 85 539
1 197 122
321 458 628
76 140 355
121 453 895
289 563 233
640 665 490
773 193 969
33 193 80
589 634 716
25 401 573
576 335 203
403 137 713
283 295 462
85 766 444
621 152 109
648 7 874
28 192 23
321 175 585
118 96 352
788 237 752
554 275 782
695 271 484
205 799 43
358 749 762
205 751 742
33 611 902
85 701 86
712 433 145
139 424 834
573 669 581
449 300 168
765 8 605
245 109 141
48 254 179
89 621 77
301 233 996
661 433 963
771 217 720
804 709 478
331 784 597
564 73 108
525 731 330
449 658 833
37 202 11
673 691 333
673 721 551
309 13 583
550 328 208
553 566 329
457 35 3
371 601 289
661 335 754
727 36 166
769 8 682
542 111 854
421 538 752
593 177 590
529 673 679
289 78 507
683 635 524
253 702 101
437 489 585
717 171 691
497 147 574
719 313 196
9 288 391
151 445 514
696 675 856
30 613 690
490 556 131
247 620 923
622 97 873
151 421 530
50 668 77
292 642 254
517 651 656
520 73 1
137 216 752
331 24 318
680 665 136
585 706 725
271 91 547
118 373 672
139 133 950
200 357 367
82 686 225
633 553 238
723 368 210
19 210 462
493 660 85
527 284 922
708 393 266
772 109 241
118 657 83
285 347 399
178 410 992
235 613 901
115 29 669
103 483 699
124 671 634
801 669 189
757 477 649
1 6 774
169 573 742
97 537 730
737 417 821
612 127 692
129 595 220
33 487 1000
553 397 698
595 211 607
721 535 30
461 139 339
721 289 76
688 601 173
767 459 576
433 500 928
799 633 739
1 105 558
505 574 300
721 349 122
86 451 83
729 262 698
750 295 522
142 503 52
163 747 929
379 669 974
773 89 58
497 627 903
625 771 327
769 265 942
684 77 644
407 464 766
47 523 606
247 533 286
553 719 694
266 629 487
537 423 477
562 289 655
263 631 432
294 669 393
797 404 448
172 677 522
306 571 921
289 364 334
181 718 355
658 97 744
704 1 26
737 429 919
753 145 262
349 713 957
89 29 839
259 168 364
286 132 540
408 469 482
110 325 599
491 351 863
10 280 388
250 255 881
781 1 632
366 247 877
481 408 584
106 214 837
639 177 358
527 235 259
422 547 742
1 121 493
651 724 877
225 619 609
511 463 865
781 487 930
22 11 177
345 753 774
317 535 469
361 65 919
19 368 494
643 496 902
124 631 57
777 379 619
129 202 848
82 759 943
1 376 234
546 167 362
101 135 304
116 447 14
114 516 229
201 271 203
195 710 960
303 697 534
526 458 126
421 793 365
393 307 226
733 619 533
529 505 564
94 785 257
103 11 402
177 637 36
217 325 200
13 66 210
186 493 93
365 43 937
721 205 713
717 756 587
294 514 497
567 43 271
688 97 631
556 336 434
639 422 90
496 763 268
400 481 761
529 232 312
149 413 748
729 247 134
93 666 503
586 737 478
193 307 824
527 617 928
589 553 830
293 505 72
727 679 224
691 401 458
229 573 218
769 145 453
537 739 12
341 319 609
442 151 300
525 6 359
485 158 561
681 342 995
435 369 532
804 496 34
525 628 802
133 169 346
799 658 652
229 277 977
323 13 588
733 310 540
175 419 211
397 617 484
788 104 709
254 485 685
165 533 950
463 307 619
658 161 587
792 205 158
741 801 324
285 85 793
69 261 187
715 240 994
101 704 931
625 325 579
697 444 168
582 10 557
423 509 145
611 773 952
517 193 815
52 7 877
745 592 728
552 37 580
789 485 773
689 518 569
729 437 694
726 433 344
190 479 118
1 705 737
376 673 224
597 802 732
773 511 805
13 517 770
587 742 894
705 745 267
628 763 5
293 478 442
736 379 17
743 487 619
1 70 384
310 694 210
665 225 357
247 781 575
609 730 837
415 735 131
802 520 22
397 415 498
475 166 723
727 391 286
349 196 794
343 507 451
779 675 119
513 389 139
445 721 694
616 595 636
319 788 135
575 639 720
91 82 52
760 486 299
709 28 814
524 145 46
217 273 872
463 383 766
660 717 657
205 567 681
561 4 770
201 174 763
529 730 288
203 181 854
785 635 257
341 402 670
389 514 311
361 85 20
378 673 669
675 141 875
524 181 874
341 9 290
93 394 503
85 241 882
700 283 977
19 565 630
85 553 458
778 21 322
329 802 61
96 699 227
559 459 947
151 625 528
203 733 898
240 307 940
33 673 373
309 7 839
769 613 318
49 727 238
127 493 950
577 748 273
517 659 811
112 274 525
429 679 334
665 194 733
277 522 527
767 121 272
305 523 874
213 514 410
607 700 701
383 237 845
613 547 732
116 709 524
145 745 53
35 103 453
449 94 679
268 677 68
1 339 175
574 41 107
21 697 836
22 206 715
310 547 438
556 787 6
645 286 143
37 320 536
475 645 472
258 376 255
751 25 835
659 622 687
149 762 714
484 537 311
73 138 714
103 321 728
1 689 90
471 55 84
569 69 490
280 19 720
28 146 343
169 604 75
471 661 978
165 281 763
385 25 38
369 115 476
117 249 426
289 553 134
425 359 788
93 282 632
499 573 761
22 36 670
115 737 716
319 413 764
723 84 35
710 386 563
661 417 701
347 700 373
245 227 847
484 679 221
100 246 421
106 761 220
787 145 20
187 538 346
176 272 742
397 459 294
60 354 330
777 141 889
85 323 471
376 575 672
601 35 547
38 127 46
463 16 16
525 675 674
687 741 585
373 529 930
58 186 966
470 196 234
365 1 35
316 757 100
51 793 146
243 355 871
64 253 865
34 169 587
285 25 159
497 727 180
373 16 566
408 721 581
225 637 957
691 604 253
437 365 525
387 647 427
150 13 466
61 615 923
196 376 915
293 567 99
229 511 799
478 112 247
549 481 867
739 189 795
329 530 91
421 589 133
97 145 219
773 151 817
397 613 483
1 377 513
623 597 617
532 431 394
378 119 284
22 202 974
211 268 253
495 1 596
209 45 852
505 71 247
604 725 17
145 550 998
49 377 216
685 501 467
609 733 347
76 790 264
17 653 970
617 52 606
352 39 555
276 421 279
513 745 484
785 277 982
73 553 917
4 1 14
292 312 938
73 765 260
281 649 304
485 157 764
303 523 240
565 758 844
589 388 628
284 367 918
315 308 335
625 220 64
651 701 902
749 37 921
571 598 948
18 765 77
271 709 176
183 547 578
349 697 289
766 41 865
433 645 146
721 341 363
775 658 756
371 138 267
525 35 703
273 761 888
401 273 161
511 606 421
293 269 216
451 67 180
344 500 508
247 43 546
797 589 826
310 510 936
641 525 868
607 493 456
67 711 522
566 771 398
733 661 366
189 114 712
541 619 301
619 379 18
53 301 821
397 757 835
283 743 175
205 403 557
353 273 68
358 642 460
115 392 310
227 164 785
379 249 492
409 145 864
761 739 88
79 243 424
695 16 806
719 411 751
147 43 364
23 183 512
679 467 606
219 669 718
377 297 698
101 63 820
319 479 729
277 294 297
19 327 848
571 760 494
562 361 955
19 182 988
293 221 311
565 577 578
301 513 73
27 477 176
376 629 173
241 643 563
149 397 845
459 247 359
748 13 76
800 181 629
768 738 913
237 799 569
791 413 563
43 61 734
767 236 156
678 545 413
134 624 586
31 615 203
481 546 547
179 297 625
35 43 468
281 777 974
1 76 37
748 8 549
297 303 94
156 221 164
425 469 492
31 357 447
457 510 599
336 733 98
787 629 221
93 55 41
775 201 366
112 692 469
619 487 120
157 493 206
192 33 583
639 470 785
303 39 968
795 225 206
136 181 154
121 390 746
677 313 907
743 133 383
443 539 253
166 323 727
329 632 630
281 413 712
405 59 287
421 257 4
595 440 317
571 213 124
421 25 558
34 346 895
693 209 843
349 628 999
459 761 403
166 135 463
585 487 299
61 103 739
691 515 97
247 308 937
209 621 343
524 573 831
193 743 290
205 193 514
635 525 424
173 571 304
572 457 277
34 484 693
281 709 407
469 15 974
233 733 860
137 633 797
521 87 630
323 40 409
257 217 103
736 149 843
301 328 921
271 728 993
229 109 748
27 274 412
448 317 610
384 484 16
415 433 583
550 31 677
719 163 70
67 169 181
697 561 534
317 34 247
266 655 810
661 475 447
487 13 768
518 535 984
170 510 656
464 204 606
357 513 591
1 226 440
469 601 57
426 89 501
391 259 409
73 49 81
385 73 35
792 757 294
93 533 555
167 231 955
664 25 819
148 258 689
608 412 241
214 784 947
790 81 691
171 616 519
715 298 429
602 435 294
97 401 78
346 781 597
254 43 899
511 5 501
687 715 420
761 97 240
421 265 298
93 10 328
714 636 838
749 635 378
763 643 446
436 51 993
526 291 150
790 293 644
673 780 682
754 509 253
84 693 249
149 139 362
679 289 537
727 165 521
513 647 382
235 131 825
754 427 505
769 515 670
63 191 366
703 551 793
666 669 205
673 53 681
681 645 258
109 221 584
345 328 698
561 211 798
205 664 527
181 777 698
62 709 268
385 664 334
253 407 249
513 778 355
223 499 415
604 67 799
718 469 354
611 329 869
397 637 367
83 340 497
721 765 472
228 389 256
661 220 884
792 333 242
501 141 383
465 717 981
591 15 626
428 445 369
301 13 634
643 415 263
165 707 882
161 226 678
61 577 321
713 180 825
146 270 933
579 77 472
763 785 598
273 493 514
167 333 828
455 121 352
398 505 921
787 574 679
799 715 858
595 282 919
761 191 571
703 747 733
314 371 509
763 229 34
331 17 486
729 463 789
553 570 178
301 345 812
671 506 924
353 61 781
233 565 425
527 90 976
543 61 3
13 575 984
447 604 47
741 558 760
33 117 633
664 117 329
355 730 764
725 472 992
341 157 889
202 598 419
685 723 776
279 205 524
6 133 341
1 448 665
202 415 1000
94 429 667
37 725 378
625 61 432
8 16 243
31 59 783
649 169 57
571 161 614
86 548 112
490 548 689
286 289 517
637 628 536
571 445 929
393 361 35
541 130 467
677 4 592
93 775 436
417 487 307
461 673 804
111 389 530
448 453 579
281 490 612
686 427 876
235 747 780
580 169 136
312 517 909
561 441 431
2 5 740
115 174 487
207 263 825
489 9 775
317 89 425
700 312 299
511 541 734
73 165 174
24 108 380
573 693 405
429 489 235
133 65 34
379 448 269
281 502 663
697 357 701
187 667 888
109 564 42
618 792 77
745 637 45
393 5 716
502 512 93
760 661 959
268 454 366
133 467 641
269 585 306
477 132 405
603 658 623
349 361 519
84 319 401
694 469 888
77 308 6
736 667 466
707 145 484
389 445 226
61 557 145
733 49 843
496 741 214
281 591 718
741 799 826
412 581 741
711 49 477
205 261 729
43 575 363
740 553 483
33 53 999
270 1 504
145 784 286
193 169 193
646 169 769
738 13 486
97 711 500
553 795 941
532 483 719
540 461 937
127 537 566
246 283 523
767 649 533
229 465 115
295 328 273
317 485 372
423 337 10
139 574 818
591 745 143
397 353 667
135 476 880
395 197 561
31 787 33
511 779 146
773 467 481
625 730 156
793 198 496
469 164 668
500 257 210
85 104 11
667 357 37
735 529 45
525 87 137
1 575 886
671 159 946
577 547 185
497 592 710
420 643 426
146 1 842
525 393 73
313 466 936
619 513 223
161 427 603
403 24 618
329 267 963
569 744 705
25 269 823
733 103 902
97 349 457
386 446 630
773 776 458
528 126 864
568 498 685
749 801 463
241 411 821
547 390 939
533 349 709
577 784 417
152 205 581
653 421 698
749 100 594
380 139 448
671 244 910
6 465 13
85 164 49
801 579 966
149 804 459
59 437 772
669 546 390
488 189 573
801 229 292
661 328 693
727 537 240
1 317 575
115 486 452
181 445 247
361 43 876
165 169 578
208 340 315
511 37 233
127 527 621
349 649 932
665 645 373
557 665 45
184 422 192
1 561 312
574 416 622
367 363 135
91 757 410
667 89 214
601 742 196
109 127 733
409 265 178
640 797 646
169 82 415
25 650 339
646 85 131
217 741 807
500 777 889
265 739 20
475 388 866
233 579 9
721 253 853
139 345 44
169 359 162
553 424 657
205 785 370
457 179 889
803 240 88
183 729 543
801 381 573
636 205 145
159 161 414
161 633 241
637 660 590
331 547 352
403 199 220
37 28 894
503 403 328
430 89 302
340 537 129
181 469 162
108 37 739
777 200 829
450 493 41
85 299 619
765 749 764
166 145 632
669 561 808
657 241 377
253 289 578
166 528 148
151 238 723
381 535 222
475 287 311
229 720 21
176 65 259
354 193 40
685 755 896
797 647 179
554 122 943
163 193 815
454 574 200
7 763 72
561 583 777
207 353 978
29 174 94
377 302 84
619 286 124
433 265 400
280 25 615
237 759 665
