813 6375 339
574 604 628
7 562 907
84 587 716
709 571 943
488 443 37
331 243 717
434 460 426
610 41 628
544 223 799
201 609 174
485 296 235
470 113 441
436 526 316
530 250 735
7 737 285
204 323 899
58 94 698
16 309 578
666 488 6
86 264 323
313 693 653
571 298 72
126 553 327
662 200 322
388 574 659
568 431 370
42 106 514
445 547 416
195 340 714
690 616 296
311 253 147
23 51 213
432 37 439
644 399 161
292 226 290
589 430 39
721 767 808
165 641 677
677 278 368
196 418 425
43 500 311
204 708 629
801 244 786
459 256 370
598 492 795
754 607 448
487 694 833
442 148 771
604 734 795
226 190 352
353 523 881
3 336 935
474 559 622
630 526 208
456 267 427
115 10 577
64 310 995
691 172 766
252 236 9
451 28 214
224 648 486
4 364 436
799 632 511
798 467 354
219 260 580
201 711 243
569 571 913
712 363 390
525 211 614
616 511 138
523 600 991
124 58 606
304 757 379
489 595 303
648 470 24
586 383 202
17 176 678
679 385 618
496 597 13
252 335 746
373 464 602
89 263 942
597 618 466
670 697 942
430 68 827
510 358 367
676 233 272
103 163 155
790 16 690
370 537 92
172 466 684
550 633 561
590 183 350
551 79 88
508 235 962
438 688 355
147 251 788
739 401 200
45 673 695
2 24 911
505 560 957
385 717 840
207 332 335
757 803 307
672 1 838
589 220 938
205 387 974
115 675 110
301 51 694
702 550 303
559 274 899
259 226 843
582 751 307
459 769 35
640 588 951
634 405 27
112 105 474
181 211 177
505 95 226
811 52 210
523 767 535
427 781 230
454 718 142
70 622 894
333 182 240
565 637 703
48 293 404
240 305 750
1 56 702
257 753 358
274 456 906
712 24 50
217 313 748
215 459 300
721 726 93
465 808 700
65 486 430
14 113 558
307 769 819
279 766 799
93 803 980
308 571 342
343 260 224
199 487 116
269 27 5
517 475 599
76 187 681
598 382 400
516 754 176
283 580 49
202 303 313
235 139 927
130 729 225
703 10 344
485 162 145
202 60 183
753 615 496
685 586 509
212 482 398
111 676 108
534 430 870
199 544 327
166 435 968
43 522 782
317 433 305
101 699 818
412 97 615
502 216 983
629 170 804
22 740 465
538 631 895
740 287 503
625 658 81
317 598 355
106 63 379
802 445 647
592 781 695
737 360 883
626 229 158
661 346 807
373 26 955
658 503 172
164 698 208
769 334 522
446 698 361
494 690 878
337 208 607
553 724 931
409 389 866
501 517 517
137 412 161
318 673 28
166 755 746
717 129 997
448 553 463
97 810 619
767 484 349
496 328 477
475 549 906
625 742 388
262 256 516
225 207 245
124 745 699
670 547 989
291 697 945
564 121 745
109 255 407
575 142 551
553 469 284
322 806 418
624 142 42
192 776 521
184 439 235
385 569 519
757 23 248
163 191 242
624 170 451
70 712 558
658 649 602
220 650 169
269 802 501
388 565 521
16 70 567
76 91 140
607 124 688
303 397 537
136 790 127
108 398 599
179 393 10
667 219 138
84 318 629
489 806 180
763 709 27
805 145 764
142 280 880
124 112 557
730 577 928
272 580 693
113 328 10
745 34 974
498 811 584
382 642 15
211 626 146
664 507 348
75 198 849
406 420 843
477 694 421
590 181 365
437 63 911
653 592 391
97 238 358
634 795 461
94 408 960
395 201 93
219 784 145
508 808 105
742 150 964
721 119 402
755 723 852
720 716 295
433 649 824
232 247 445
781 33 102
754 560 651
123 632 703
751 14 171
175 322 245
616 613 34
760 1 792
228 264 164
409 88 546
49 781 92
478 253 315
425 727 768
376 349 442
150 230 626
682 802 35
580 634 677
161 505 376
805 580 203
784 31 60
101 418 666
718 732 260
409 238 901
664 24 208
586 715 588
148 700 80
727 160 616
57 682 744
100 26 324
11 367 688
369 271 810
797 428 732
229 298 823
2 442 302
80 28 127
148 82 819
463 88 894
557 793 758
259 635 782
252 597 705
259 199 904
613 748 29
176 673 114
199 686 101
163 616 50
389 47 57
193 448 223
472 471 439
811 460 339
700 64 415
798 49 94
583 340 125
626 811 952
211 421 850
610 808 118
3 10 617
57 287 142
274 263 216
791 216 397
671 144 107
141 69 319
293 805 839
611 467 776
340 760 82
32 633 479
807 778 857
511 53 965
366 23 554
85 660 643
798 736 537
484 98 693
790 589 242
429 583 439
166 55 129
679 322 280
703 647 475
303 714 518
372 302 274
157 43 538
46 159 111
169 421 924
193 316 497
104 378 413
697 484 239
760 199 99
586 663 825
795 239 266
1 211 965
586 220 672
95 281 49
405 724 203
126 688 39
199 288 682
438 183 669
508 580 360
391 574 628
73 88 401
128 310 57
521 228 553
769 775 995
192 745 409
633 82 859
148 262 190
808 270 383
786 367 77
592 506 172
135 721 860
790 351 875
194 363 108
402 744 532
244 157 503
60 526 508
462 781 311
787 13 238
33 724 563
157 282 442
591 452 241
510 664 39
555 475 37
655 739 434
257 279 877
619 778 735
336 10 820
481 412 429
194 106 991
109 445 694
570 346 258
13 698 530
272 667 356
359 733 844
769 399 310
769 589 134
574 331 467
778 432 155
415 475 226
569 754 516
803 256 907
160 590 141
399 739 156
554 753 643
709 799 38
525 783 429
274 341 579
634 349 495
655 409 160
10 431 909
295 196 977
67 654 679
181 33 790
100 394 502
790 336 648
92 764 615
181 757 237
643 244 84
442 565 66
694 640 75
671 394 104
586 157 588
277 310 698
76 196 356
422 50 895
526 554 819
107 576 686
475 245 869
85 640 368
252 142 13
61 626 288
118 743 433
160 702 799
199 643 675
265 496 501
327 286 30
74 187 808
606 58 716
709 23 760
576 644 340
32 112 910
38 109 439
571 286 123
243 372 802
808 344 441
144 181 380
274 594 852
28 211 506
433 748 12
466 787 564
475 804 789
651 172 681
12 166 162
159 666 182
772 323 439
703 688 77
152 415 350
681 587 237
283 317 164
714 631 7
65 788 950
540 592 179
374 328 393
787 117 334
624 64 405
682 545 69
251 290 261
166 514 193
592 597 197
237 402 302
64 286 571
43 197 720
211 418 785
799 721 411
744 808 498
397 333 569
307 421 169
803 425 995
810 391 932
4 678 507
31 398 245
86 351 298
628 491 871
220 388 855
396 379 586
535 375 463
646 766 771
189 594 74
579 599 833
189 158 11
433 609 255
473 778 257
11 66 327
17 500 551
601 786 88
243 46 825
661 614 158
652 571 274
359 609 830
687 664 195
526 762 268
1 727 251
316 220 67
114 238 718
47 264 786
377 604 66
735 317 630
794 546 645
75 22 232
350 656 827
465 144 700
7 671 428
634 748 759
563 221 64
577 769 222
373 655 114
383 811 77
234 358 573
373 737 516
349 192 131
487 439 237
186 34 710
123 51 505
328 493 238
607 661 898
550 732 188
565 160 452
107 493 917
501 637 272
646 790 899
151 367 635
126 767 5
742 432 364
206 421 784
34 670 836
494 581 821
88 343 699
182 805 302
298 355 79
325 739 599
67 763 169
464 268 510
718 538 502
257 324 484
429 692 159
550 163 300
389 721 784
369 643 880
54 665 620
574 64 811
34 254 27
763 790 441
645 31 238
388 442 557
529 454 488
97 375 473
445 527 342
658 668 303
325 613 98
244 562 30
265 86 742
710 286 207
96 232 136
520 289 497
781 307 108
41 502 279
643 391 996
358 477 924
234 544 89
491 684 670
154 51 436
427 809 909
1 531 798
113 661 836
337 648 213
302 423 296
756 517 830
108 291 97
770 251 533
1 3 481
27 248 480
344 492 633
13 493 187
304 36 601
672 382 291
655 538 436
10 176 812
1 731 391
795 196 619
211 348 264
176 566 166
764 482 987
520 259 345
489 539 118
5 26 821
196 312 453
637 415 407
657 644 268
14 423 197
419 326 329
133 106 304
544 97 380
732 52 323
223 164 958
361 129 220
364 366 752
199 344 243
778 756 893
2 18 942
397 360 204
326 607 472
2 29 152
536 71 202
493 495 650
617 341 412
780 599 615
578 700 636
385 278 882
174 505 114
94 726 330
49 486 970
609 656 598
29 428 329
622 140 19
494 570 639
294 95 208
304 148 211
259 809 561
329 47 447
697 177 442
190 91 620
463 606 743
257 812 471
558 472 298
399 356 395
129 768 35
701 108 819
809 684 362
615 163 528
481 435 707
795 460 440
679 185 24
483 771 639
421 119 34
435 493 615
797 116 630
469 482 648
599 294 894
408 387 290
283 512 89
134 807 64
36 327 532
20 82 919
13 572 987
67 658 791
118 736 763
277 382 962
148 451 711
76 358 859
294 28 416
112 268 697
28 13 646
520 12 977
517 458 279
796 538 499
66 473 945
539 602 335
74 740 335
187 1 256
433 121 926
521 389 540
225 340 579
221 812 56
332 730 620
140 236 101
613 681 173
343 375 826
65 169 497
698 161 373
691 769 255
471 527 53
658 9 908
439 459 361
584 733 144
40 242 268
312 247 267
112 122 290
430 214 262
183 528 436
199 390 515
532 281 347
527 808 516
772 211 905
655 151 883
517 542 511
111 29 457
245 257 80
92 742 499
550 571 860
52 124 961
217 731 476
394 783 860
369 651 279
386 37 755
437 613 301
321 293 706
577 373 956
478 595 524
382 347 226
439 599 331
457 611 597
432 338 919
213 283 507
803 471 844
574 670 739
734 487 223
445 244 104
168 354 435
427 388 90
296 259 966
279 100 962
655 37 166
85 454 290
1 697 270
352 25 102
565 775 312
643 399 996
532 327 203
358 357 685
216 73 795
469 490 718
632 634 921
292 25 706
350 440 736
321 514 278
250 180 888
587 485 466
613 192 658
517 735 335
163 443 946
121 570 485
631 94 370
198 245 859
634 25 517
493 408 14
196 721 59
181 223 958
721 763 729
283 357 793
715 596 640
265 130 991
243 300 730
640 764 222
698 619 864
35 406 333
421 394 989
22 62 599
25 801 246
214 427 740
314 322 849
337 467 568
217 150 322
540 226 686
272 181 128
430 283 453
599 139 284
52 736 600
550 133 37
49 789 626
624 118 505
772 55 400
635 487 204
307 658 557
57 100 5
622 791 231
641 310 84
31 317 718
217 236 373
588 192 815
632 469 530
502 466 981
178 164 190
611 479 321
292 657 817
400 406 682
703 478 468
645 186 154
509 708 892
706 502 991
593 496 157
112 556 579
13 219 134
348 646 762
756 727 229
203 646 575
346 198 403
762 523 504
744 271 389
127 190 841
650 80 666
16 544 634
437 67 932
172 180 342
563 691 972
316 427 675
789 454 786
70 318 315
226 809 61
328 388 544
612 675 260
752 411 134
551 717 399
668 688 600
182 404 547
683 620 942
574 558 894
579 770 585
749 586 491
527 138 462
235 262 105
555 461 150
214 347 672
617 787 881
184 366 203
471 101 84
316 55 317
790 673 225
28 316 474
364 197 929
513 766 91
584 66 127
579 519 648
327 172 127
10 124 282
727 29 387
360 527 826
543 667 353
373 38 418
465 504 247
64 445 297
277 348 199
5 706 852
409 301 771
167 548 17
213 800 858
184 341 331
119 252 244
157 213 37
365 657 960
306 178 104
379 406 994
322 339 660
625 291 234
1 7 574
212 640 546
313 119 606
721 661 131
86 290 46
202 302 510
442 605 973
620 323 80
227 115 588
616 562 115
313 382 259
91 169 522
418 526 552
214 385 788
753 168 252
85 145 388
73 671 763
10 738 691
271 703 45
199 184 170
108 61 935
627 175 616
73 492 969
544 745 246
436 529 318
302 420 152
70 748 725
682 640 612
228 438 133
163 291 523
384 577 493
474 170 677
789 494 804
37 23 5
697 337 302
283 508 280
82 240 531
211 510 331
756 220 439
276 625 588
603 605 235
235 469 993
162 408 183
756 511 17
67 127 397
334 730 832
253 530 641
295 525 857
388 73 839
79 264 843
535 7 966
664 712 725
794 467 953
776 442 586
705 328 748
334 377 539
65 386 439
205 710 120
664 342 846
792 514 133
241 628 61
243 485 850
45 199 449
406 762 199
748 509 457
694 25 220
1 2 653
306 249 692
187 511 545
100 52 626
274 166 319
383 502 366
256 58 540
504 394 483
173 248 512
686 85 593
332 750 129
522 162 838
218 592 290
560 746 119
137 291 819
783 58 432
403 751 127
27 693 916
349 134 6
55 484 633
392 644 753
336 257 789
634 217 783
779 260 132
280 681 693
630 421 892
79 473 26
601 720 809
414 214 279
739 608 798
286 121 785
117 756 684
620 748 429
604 722 306
61 46 514
179 495 358
625 532 963
302 677 610
718 424 171
641 770 835
325 214 740
32 669 10
482 745 714
434 58 153
618 592 402
124 643 813
40 175 34
414 779 716
800 379 1000
307 626 572
196 516 850
385 790 739
154 739 289
87 325 333
706 805 593
214 286 707
589 700 965
133 466 41
686 387 823
703 723 263
262 685 638
562 673 756
130 187 196
407 519 423
175 273 806
433 431 845
657 526 524
616 433 527
25 83 630
9 588 794
471 696 949
94 664 832
327 536 770
276 349 811
437 7 775
211 526 158
163 304 86
399 463 862
562 71 971
83 395 486
26 1 465
142 481 307
811 292 898
537 734 915
778 552 566
397 580 785
787 488 272
388 496 891
421 583 769
695 683 512
667 67 905
73 642 109
1 120 90
88 160 634
70 82 256
417 506 992
778 580 367
669 118 812
175 661 314
306 173 159
319 512 484
595 454 677
367 628 854
470 634 787
722 211 912
227 249 319
711 203 592
635 218 265
175 624 360
34 358 467
73 90 272
658 130 63
658 584 807
178 575 514
312 63 218
175 518 206
339 513 703
79 455 45
523 792 375
234 499 265
298 745 615
168 580 20
208 748 379
248 433 274
78 92 103
339 31 274
409 481 686
580 262 478
139 7 100
65 664 491
106 800 283
2 199 316
4 607 597
805 604 296
457 694 21
133 676 545
289 250 881
12 376 638
533 124 101
499 176 915
548 478 144
12 273 112
418 217 737
77 493 300
469 136 717
530 429 369
538 334 535
67 613 689
639 779 722
455 73 291
621 454 615
465 568 939
456 130 423
368 721 60
31 118 8
213 622 716
676 354 53
117 724 802
676 631 362
201 277 500
124 557 400
536 513 948
43 609 481
202 61 88
679 712 944
616 451 971
112 22 740
85 49 482
575 488 797
193 751 655
773 805 893
378 22 583
757 30 267
754 133 561
716 507 320
604 695 582
117 760 294
16 52 828
321 517 230
725 289 468
242 680 555
223 224 983
708 218 862
85 329 555
656 794 517
167 458 908
145 4 214
591 793 424
553 625 220
502 594 623
753 600 318
124 385 207
331 385 68
475 439 30
483 522 619
735 4 597
341 805 408
276 526 303
192 492 459
496 412 507
760 811 188
466 160 38
716 529 218
1 405 774
392 353 464
696 190 862
436 232 134
520 167 823
8 38 42
104 751 628
238 286 341
131 790 683
784 648 36
3 401 862
110 123 143
1 15 286
300 598 627
269 439 624
212 677 71
237 204 420
777 44 794
136 62 423
482 352 744
166 400 281
122 566 311
118 388 366
135 739 63
727 358 998
71 500 779
283 192 173
456 520 783
334 259 58
260 318 989
804 720 233
313 275 979
336 812 25
70 394 376
71 757 341
679 158 446
224 797 469
425 372 871
346 683 288
715 166 560
764 691 503
285 645 909
9 149 952
649 807 637
637 79 836
106 319 891
253 348 44
73 480 314
462 613 755
319 439 868
652 15 170
484 603 985
683 565 933
553 95 743
62 319 363
775 506 833
508 82 474
638 219 753
784 372 746
345 739 471
443 321 104
492 742 539
436 488 472
159 332 738
505 443 902
5 52 549
473 757 607
794 119 680
709 64 499
469 556 97
200 568 108
190 298 238
353 461 127
573 437 822
486 679 557
799 472 685
736 484 441
49 63 851
790 362 791
67 122 330
226 113 512
322 187 442
239 86 114
182 220 545
552 507 906
287 593 383
226 253 214
604 813 609
198 483 242
487 139 932
607 25 466
367 55 439
270 362 147
480 515 584
709 135 765
694 481 711
322 20 5
590 111 438
40 171 549
103 220 417
1 496 422
282 607 445
576 13 170
336 151 382
143 580 789
495 467 330
100 585 261
673 472 779
633 552 867
211 796 458
259 693 266
490 177 166
11 505 806
628 492 423
199 178 786
490 352 80
200 690 476
283 770 657
40 422 890
288 34 723
101 141 550
296 374 822
705 27 58
2 607 760
665 202 219
799 627 278
2 8 904
271 366 772
161 454 965
287 208 401
502 537 340
43 295 392
441 1 278
319 390 42
145 462 336
786 244 653
355 86 749
177 452 895
697 185 931
394 331 571
335 5 414
141 682 66
257 113 651
684 352 522
601 241 783
1 352 623
502 107 996
319 689 407
549 60 449
101 598 398
731 78 144
76 126 167
197 630 675
266 148 840
264 196 530
387 160 662
142 634 884
226 309 179
715 754 463
577 436 450
703 276 441
251 136 705
570 8 431
477 627 500
231 582 639
439 808 424
706 346 250
775 275 369
160 456 304
189 31 883
733 667 714
166 625 868
222 662 909
400 588 438
93 462 910
565 698 756
484 322 620
244 135 761
87 243 839
634 223 496
153 525 161
146 531 845
673 568 511
95 1 588
736 16 928
560 297 304
591 331 170
123 57 531
363 163 238
775 217 252
141 646 797
424 453 931
337 514 127
766 55 522
14 652 557
716 203 789
247 209 607
530 448 534
643 172 336
692 749 507
660 148 778
352 528 568
677 76 41
727 166 632
622 431 715
566 473 742
675 341 790
776 3 882
400 556 524
763 406 463
31 37 688
554 366 473
583 349 480
276 761 641
97 644 307
431 208 288
559 460 649
740 454 443
7 766 548
689 40 908
103 276 906
675 416 868
112 40 42
481 213 57
21 608 748
483 67 930
277 339 731
457 705 464
460 427 816
82 274 718
16 98 802
595 79 696
739 643 528
247 425 131
649 195 620
595 119 983
481 379 722
543 284 553
262 632 816
338 75 571
660 424 736
75 119 260
714 760 199
775 520 624
230 536 808
507 433 839
493 178 627
381 391 226
601 532 212
88 18 389
507 68 514
385 7 490
281 467 45
613 551 806
322 232 114
163 507 327
118 757 57
406 176 913
52 380 250
695 220 887
673 351 432
10 1 731
465 580 635
27 117 225
339 547 941
493 76 657
551 374 443
543 535 197
641 295 354
22 45 850
223 373 297
545 119 148
553 271 527
319 766 590
14 399 309
80 784 387
291 636 74
118 451 895
646 512 351
190 637 18
76 35 19
53 156 181
498 502 201
7 330 132
360 541 345
355 15 248
319 20 713
497 341 895
47 615 841
8 134 363
793 485 692
557 39 576
538 576 151
556 677 733
553 730 603
188 465 36
406 655 438
714 568 139
167 556 784
514 173 706
145 254 565
439 88 22
22 615 321
756 543 596
241 148 197
562 345 797
84 469 235
386 606 357
282 785 740
540 316 673
399 4 138
777 594 936
84 766 505
802 403 765
378 329 21
754 211 842
706 56 26
493 73 785
379 252 317
563 556 571
398 115 919
316 121 77
6 228 915
712 411 205
424 481 201
555 365 291
585 694 256
87 691 730
85 307 468
313 38 476
655 73 195
522 293 98
325 340 840
730 736 862
162 12 759
355 544 554
29 286 81
321 252 131
322 14 477
250 420 289
265 10 801
237 525 442
34 613 429
28 571 908
371 232 137
31 496 993
802 127 670
231 274 788
764 237 838
793 208 414
117 259 189
418 455 823
277 610 138
169 599 758
137 567 59
616 88 603
181 23 341
238 67 379
379 686 927
320 345 563
356 520 513
515 409 472
175 19 513
36 727 116
466 511 197
284 706 568
679 703 263
295 602 318
427 514 544
337 86 749
270 787 816
561 19 89
601 671 780
400 254 879
439 625 445
121 217 518
391 92 412
25 205 623
661 225 123
290 159 292
364 418 64
236 596 536
272 243 370
478 748 774
11 411 379
118 324 16
153 209 545
165 418 759
568 279 861
308 149 374
389 758 727
121 766 448
530 589 87
423 467 839
279 342 853
1 676 663
433 569 184
773 201 746
76 603 265
301 418 839
190 223 979
151 567 713
724 449 312
758 222 823
518 466 734
497 430 66
346 808 190
377 574 6
284 190 858
456 761 319
656 810 637
342 661 833
569 655 519
180 656 962
425 492 684
522 666 204
390 645 554
7 160 366
103 201 76
10 261 814
679 434 583
446 762 62
193 90 550
568 780 952
349 403 733
186 58 194
49 454 614
707 208 794
586 547 879
697 601 410
19 505 979
31 490 724
619 773 816
210 410 992
282 244 310
453 286 711
778 616 250
589 787 492
463 220 448
604 371 270
549 382 35
808 333 651
568 667 752
199 805 45
22 96 546
103 372 905
509 337 736
90 252 548
45 104 605
133 426 231
1 105 635
804 647 67
751 763 860
21 393 636
415 539 71
275 21 300
796 75 26
154 241 61
512 568 474
22 20 723
3 30 894
360 52 976
566 731 401
424 488 238
810 637 511
771 802 462
313 282 434
388 512 131
706 262 446
121 204 51
813 442 784
773 573 861
98 548 534
409 284 97
616 658 285
84 804 720
616 454 22
389 712 987
628 85 911
54 248 899
62 580 505
781 691 939
284 517 487
153 532 975
129 609 575
402 661 693
199 49 748
461 586 375
531 226 574
459 10 869
598 658 394
156 521 819
649 478 371
712 30 269
574 374 308
715 240 300
281 585 555
250 610 904
287 40 588
472 614 617
212 734 972
535 719 44
520 20 547
807 527 990
114 652 978
750 518 40
519 390 339
344 523 806
490 475 354
756 18 236
535 538 376
757 117 4
212 305 260
619 517 724
164 124 178
538 565 148
284 270 144
430 370 237
425 399 816
145 129 712
33 267 15
99 743 956
397 529 614
47 494 607
231 317 981
1 4 520
424 347 257
469 109 487
646 371 469
710 586 6
535 782 961
592 661 857
693 219 8
610 634 179
149 540 863
336 323 522
724 540 20
521 283 769
619 25 294
169 787 406
12 271 482
808 724 86
694 679 81
570 245 269
10 481 907
483 586 728
76 352 536
234 595 354
175 220 514
679 773 678
598 296 295
223 335 506
667 794 17
111 166 563
349 67 658
22 127 771
450 241 931
231 520 365
97 199 588
43 490 32
509 210 803
1 40 362
157 178 19
699 262 698
703 26 268
340 571 568
157 629 642
320 787 978
364 670 344
579 775 478
109 404 815
521 681 780
4 586 875
515 178 376
772 115 755
462 523 753
171 621 513
524 325 998
103 718 669
477 277 518
704 316 161
396 235 833
304 191 985
466 107 607
241 129 280
371 283 839
481 652 330
457 220 147
736 167 955
458 645 849
92 481 420
582 23 823
272 112 142
772 638 472
536 671 512
779 429 142
235 682 994
267 762 733
128 342 576
109 265 537
520 95 668
151 622 272
367 178 847
101 805 345
435 763 535
89 23 354
21 537 909
695 805 175
540 187 176
545 736 487
637 304 967
718 470 719
685 216 96
186 88 926
175 182 467
695 762 520
543 285 538
337 423 838
28 162 715
137 679 731
808 396 321
220 292 421
493 226 656
493 31 406
164 349 100
47 93 742
318 591 471
287 44 347
478 545 960
332 589 598
124 187 135
223 565 33
133 403 738
97 352 156
460 12 614
49 330 672
281 223 993
813 508 670
649 409 835
168 763 907
273 152 28
425 244 54
432 575 102
617 772 195
482 529 859
624 228 585
219 806 104
24 168 408
211 13 552
142 550 524
376 798 179
278 195 672
4 595 826
247 124 935
505 223 978
619 374 982
171 789 323
652 160 486
523 60 207
315 667 629
368 421 474
586 556 497
466 652 573
551 776 956
782 284 332
25 132 46
272 199 624
82 139 492
439 424 314
675 811 386
50 7 606
594 640 979
742 249 229
806 644 466
391 83 25
105 804 338
466 472 521
466 277 845
595 697 40
644 505 90
79 783 118
807 589 761
378 427 369
391 628 278
202 532 799
770 404 655
374 633 851
551 449 409
298 709 488
330 270 922
784 397 313
490 391 458
213 397 372
418 409 167
102 543 925
794 438 453
426 704 262
463 667 762
607 707 665
331 404 688
748 757 93
541 263 965
275 406 78
71 652 77
377 616 972
229 457 395
190 574 971
259 383 697
420 244 684
357 394 149
5 88 199
492 463 41
437 77 59
798 797 325
716 640 216
573 703 12
522 402 102
577 544 249
530 742 519
97 133 201
379 43 302
405 684 175
171 554 664
605 319 461
717 454 22
517 748 754
67 203 6
681 513 327
608 257 367
382 388 32
68 573 808
151 670 302
175 337 455
213 607 279
356 763 887
266 178 542
112 103 480
771 575 419
416 199 453
376 1 978
156 754 483
367 474 344
505 448 289
113 121 391
157 72 233
456 746 895
119 138 929
596 354 493
781 328 126
301 347 790
11 247 9
267 109 527
265 321 507
358 265 278
460 710 415
43 505 422
163 648 324
720 451 808
73 406 413
197 365 37
463 540 520
285 776 487
431 214 402
109 510 532
807 646 59
353 575 605
170 64 449
100 649 374
130 547 10
339 157 22
720 528 270
719 794 41
535 14 584
215 562 684
639 448 795
361 364 927
576 301 529
287 567 58
204 283 1000
750 43 497
368 577 794
317 633 760
100 670 130
505 16 215
44 47 871
688 378 167
421 320 3
424 375 280
202 223 710
767 92 287
586 258 525
124 738 699
292 73 625
149 51 667
578 54 79
34 181 731
169 64 92
323 58 627
777 247 963
103 151 226
811 358 847
460 601 596
305 724 497
486 443 906
452 669 182
165 732 830
218 438 989
529 536 95
277 28 864
375 204 305
79 797 201
457 127 956
276 720 561
607 376 45
343 150 470
508 621 747
231 271 197
391 495 687
651 205 147
731 316 132
274 610 140
379 111 554
412 178 500
532 488 84
685 784 616
113 166 19
256 490 754
142 805 409
22 59 276
758 786 436
169 406 409
624 703 410
430 609 309
70 155 437
90 681 493
225 293 745
452 259 6
646 82 849
538 491 918
799 323 992
271 559 190
112 447 36
247 553 586
667 40 958
337 763 412
536 680 939
437 583 400
223 265 262
400 634 320
10 150 588
356 536 844
530 568 229
164 619 109
376 268 380
574 265 279
177 299 621
673 340 459
454 769 893
58 718 621
4 12 233
127 760 861
472 236 528
25 137 548
210 736 892
405 732 745
16 202 750
655 793 899
41 215 890
229 488 314
26 36 213
173 668 415
376 35 377
483 742 488
283 380 555
425 148 491
37 325 747
440 761 864
338 358 141
384 752 71
125 701 554
600 393 102
52 466 527
323 253 376
760 244 980
202 351 642
757 538 939
635 278 585
49 67 393
559 596 153
33 641 548
3 711 155
628 632 25
445 500 630
382 448 805
804 562 922
298 457 295
228 756 535
97 328 643
286 191 635
620 787 826
775 622 897
607 721 801
490 628 93
340 88 660
634 189 771
68 114 74
163 295 531
88 747 724
696 524 965
416 157 758
811 65 416
57 71 76
682 643 440
475 66 66
559 733 304
58 374 951
589 594 293
352 205 815
73 221 920
480 494 142
728 319 724
776 689 147
627 684 114
717 196 763
64 85 896
69 388 576
276 490 855
401 702 900
328 548 90
180 386 132
511 517 904
271 425 198
350 4 76
62 48 899
286 669 344
71 610 910
461 436 84
665 402 710
77 285 605
610 226 446
232 163 294
284 181 300
400 523 150
778 760 936
253 337 260
241 785 674
65 385 472
571 116 860
430 780 151
203 274 995
49 390 569
709 377 263
5 23 234
466 257 763
602 784 536
467 572 584
694 738 504
121 157 557
202 512 451
401 205 642
607 733 853
599 351 140
501 379 189
203 103 803
653 425 705
54 352 198
628 813 345
218 790 853
314 450 501
37 379 487
40 494 892
727 639 625
165 79 963
294 331 686
44 227 767
596 37 896
298 250 522
469 24 726
766 475 4
4 650 587
567 726 834
304 688 876
361 454 597
70 497 810
109 637 773
685 697 371
326 352 740
382 121 778
314 616 831
320 726 868
527 293 596
514 698 113
504 292 298
706 643 495
481 280 256
554 352 597
545 633 166
504 707 797
274 418 50
200 194 869
248 225 130
298 604 334
91 480 852
10 97 133
201 398 612
293 633 241
535 631 545
380 471 377
494 784 214
59 519 505
285 506 305
643 256 164
579 269 490
121 475 257
527 430 852
609 49 492
631 787 464
622 536 854
223 346 328
550 121 792
601 594 784
587 812 37
163 294 958
640 364 562
124 715 930
103 337 932
31 78 151
732 803 692
26 528 376
794 735 199
736 658 199
440 193 996
724 415 108
145 196 88
262 371 226
552 427 993
454 43 416
322 517 696
295 184 540
323 428 457
635 656 358
3 240 197
541 433 62
22 140 781
196 291 803
277 304 345
294 308 962
504 693 675
776 15 460
400 421 2
36 50 181
109 616 231
565 454 802
397 766 998
435 310 984
762 88 892
20 91 286
271 618 91
229 595 200
35 555 355
533 727 781
43 800 316
169 562 310
420 670 927
217 718 605
508 331 492
700 160 36
5 795 387
773 460 78
82 712 186
56 106 593
718 651 866
106 356 5
239 394 897
95 193 243
647 123 784
115 280 982
722 508 756
97 686 336
99 265 380
418 295 945
13 710 511
532 472 463
381 493 854
594 55 854
421 408 91
458 218 906
382 349 665
362 290 932
537 330 520
517 580 13
287 97 11
340 387 359
113 120 462
437 772 682
159 206 13
27 695 821
528 578 193
586 9 588
7 43 655
777 106 834
132 526 256
325 464 323
6 796 995
529 542 238
368 733 605
777 13 98
776 465 675
453 442 773
260 792 507
211 340 164
298 368 285
43 805 137
361 447 981
127 798 618
16 205 577
801 380 442
568 502 63
536 337 733
160 562 98
541 208 469
448 521 671
40 358 479
661 377 240
161 595 619
281 290 363
494 630 397
489 607 258
590 632 987
82 105 748
556 683 466
122 793 290
73 175 451
675 10 855
82 554 133
725 42 888
223 689 173
10 466 228
639 381 156
715 148 113
514 322 449
76 301 26
40 22 419
566 337 724
109 263 282
715 72 922
259 696 373
801 400 474
567 666 599
406 584 65
688 165 258
630 444 64
50 6 525
376 475 905
63 583 770
178 169 778
450 139 600
685 409 146
470 805 318
125 301 327
209 741 368
670 73 616
400 712 536
761 491 944
46 529 226
700 402 339
579 763 204
355 342 246
641 696 954
157 118 578
370 645 230
19 516 912
163 678 816
147 739 145
407 430 854
43 178 689
79 302 658
146 160 747
72 150 734
406 265 773
733 400 888
187 206 658
590 691 55
613 304 93
431 370 763
88 461 488
420 262 338
590 448 518
628 754 875
373 690 347
325 631 88
252 685 536
91 92 256
342 430 166
427 124 947
576 280 422
596 592 990
725 141 469
71 413 502
574 561 428
460 584 759
93 619 374
10 88 413
460 562 44
5 400 213
213 331 101
589 637 3
11 31 825
121 176 577
587 379 778
385 268 989
489 439 859
257 784 405
322 340 805
629 631 477
667 498 370
180 484 875
35 182 591
769 770 916
496 130 510
434 397 547
30 361 908
223 379 133
641 607 862
120 118 977
592 25 671
106 463 127
628 592 688
343 173 102
694 126 414
669 619 772
552 638 448
224 490 796
95 728 241
106 703 78
181 373 635
301 94 506
7 150 541
82 807 183
268 595 435
169 446 378
706 761 240
357 482 708
420 287 272
755 144 774
300 404 879
170 19 662
96 202 737
675 682 584
661 567 293
1 101 520
685 107 958
688 362 249
722 43 176
595 655 658
304 805 935
35 301 889
47 787 311
683 487 786
655 604 861
385 372 456
34 623 748
221 286 539
241 766 975
12 213 304
731 583 711
245 650 882
213 222 968
337 596 95
745 718 514
292 421 489
107 2 480
91 806 434
284 157 267
54 29 743
352 712 712
313 544 154
438 495 657
373 487 527
511 13 693
195 43 647
425 690 579
787 202 446
789 281 225
8 739 146
25 691 906
498 342 652
766 409 43
235 746 378
795 502 172
463 466 916
112 205 218
609 669 473
448 469 452
736 279 112
65 101 336
354 448 555
130 148 222
54 757 761
100 291 485
163 265 912
605 22 479
76 279 800
806 334 574
268 754 149
496 52 898
514 8 225
705 672 31
468 406 234
708 610 322
681 752 769
798 727 392
57 260 849
475 350 339
619 337 271
516 16 827
529 396 936
422 67 258
280 457 883
709 593 128
113 375 865
758 51 248
388 373 790
48 346 189
13 657 108
756 145 914
79 106 581
383 115 514
592 190 850
415 706 118
50 613 934
775 131 780
704 217 419
263 171 298
576 111 775
628 57 989
754 203 957
696 809 79
625 243 567
439 497 239
449 75 234
73 358 465
331 85 869
298 740 645
220 761 8
4 308 370
313 77 853
592 309 440
645 245 846
493 808 799
269 670 901
208 253 792
41 790 799
178 190 435
2 186 962
252 777 364
773 330 847
272 126 925
218 559 815
370 349 147
142 194 523
339 382 649
476 729 898
742 51 605
218 609 610
321 154 241
315 362 856
692 196 653
49 53 325
214 780 662
19 109 464
28 130 504
758 664 904
344 91 82
192 334 87
809 808 920
512 147 973
391 173 377
31 133 333
399 809 894
601 96 635
143 97 502
653 294 37
664 162 290
739 496 662
271 370 540
721 730 266
536 686 486
160 187 706
358 169 686
195 272 466
381 177 531
355 480 938
97 705 971
349 796 436
177 66 870
33 142 7
334 356 985
22 47 264
682 451 150
50 197 750
427 343 405
382 502 891
571 339 146
446 782 527
517 439 576
40 180 467
699 589 339
1 44 624
79 733 967
372 607 132
295 580 174
50 385 593
6 81 746
87 116 404
776 803 534
611 301 967
698 496 273
655 124 819
383 741 456
565 799 235
43 807 803
578 731 967
751 778 617
338 274 490
534 550 147
164 770 609
202 406 639
692 670 669
134 270 612
178 236 2
266 443 721
14 22 760
511 662 971
666 652 107
563 565 645
86 697 918
46 672 756
504 552 831
340 229 681
577 382 873
217 331 659
657 226 951
75 562 424
307 414 543
747 596 315
409 383 897
706 259 94
432 481 259
748 106 253
22 787 19
108 450 331
493 631 511
607 694 287
361 741 532
523 188 13
282 413 608
45 672 146
279 274 759
703 754 133
651 701 181
97 774 610
488 692 854
733 728 263
137 360 915
552 233 932
418 177 649
436 40 637
199 124 420
211 810 836
640 197 783
41 117 384
48 397 661
337 301 873
77 163 776
415 264 943
139 284 835
296 613 403
506 170 189
58 272 193
265 668 113
766 569 2
643 427 545
341 300 324
511 79 145
364 306 556
193 114 157
419 550 982
117 319 748
394 192 844
732 421 512
444 377 729
528 68 663
646 797 875
714 661 387
611 608 328
498 649 806
151 473 764
175 592 337
257 286 911
809 372 910
37 350 438
271 130 711
481 310 538
589 223 963
540 697 937
592 211 870
269 179 186
729 161 356
559 771 607
49 282 737
736 669 714
472 9 135
244 667 950
445 700 357
604 304 804
70 280 281
113 303 435
232 619 617
722 107 445
73 749 401
166 154 22
94 549 772
198 78 960
424 692 764
121 265 706
486 505 948
289 315 126
502 783 56
364 10 850
762 221 271
169 23 417
121 212 796
361 195 590
527 277 782
259 667 892
595 361 785
799 91 87
530 641 780
127 488 765
231 676 519
509 129 930
630 562 779
351 472 193
19 357 964
356 80 435
187 504 697
73 745 298
41 76 589
616 615 155
81 95 472
414 116 979
129 474 88
436 608 367
88 583 726
102 542 516
61 96 664
235 190 812
17 153 663
481 682 522
700 532 318
52 508 481
606 100 834
493 112 257
140 437 16
218 262 725
376 570 943
707 589 851
575 594 161
537 589 464
610 655 333
335 345 448
719 603 272
58 36 784
606 632 333
743 148 823
465 587 268
397 470 697
769 694 87
310 468 487
643 154 276
631 654 353
462 113 59
766 534 816
415 652 359
52 236 474
75 461 843
13 723 244
195 453 76
142 200 305
130 15 444
1 601 37
800 340 277
151 264 850
549 91 690
559 529 691
751 220 40
602 306 683
208 304 924
660 207 475
326 770 161
523 85 114
277 112 638
324 94 158
526 784 92
672 269 985
225 481 200
114 519 456
380 439 748
793 254 886
625 72 331
744 394 209
65 140 76
665 634 72
595 570 500
250 369 844
64 65 799
637 636 843
438 302 871
636 571 145
556 622 244
21 623 706
679 671 980
676 99 851
73 81 649
661 660 60
475 299 781
480 558 137
631 621 870
560 802 712
744 588 237
76 750 481
475 105 883
608 388 991
208 274 85
601 616 977
640 444 989
346 672 755
760 713 960
341 471 597
510 307 136
178 513 58
202 478 515
810 788 458
545 348 257
742 295 760
142 600 696
31 74 609
628 249 23
809 805 880
403 70 842
433 652 377
87 449 942
49 25 941
476 215 743
123 503 797
478 71 182
316 455 120
783 318 336
381 19 165
439 663 38
244 500 463
94 804 174
409 346 243
91 148 457
359 265 954
206 457 345
394 484 140
410 289 502
89 340 725
324 68 978
415 256 408
121 337 195
457 681 172
669 678 4
134 667 385
670 103 615
262 610 275
196 631 330
736 440 313
669 748 675
793 593 899
553 156 66
739 543 256
16 25 476
549 106 342
662 43 987
446 346 365
1 645 653
723 623 943
683 57 860
637 293 506
589 424 608
412 411 995
469 562 808
482 715 791
481 670 44
783 799 770
31 337 370
473 793 40
645 652 703
89 195 929
118 763 395
313 353 708
251 335 719
581 151 96
264 244 447
181 673 298
152 262 482
411 415 878
103 663 865
96 396 813
160 693 433
733 789 117
217 223 137
349 775 253
619 310 683
255 533 647
328 106 746
661 748 703
22 691 873
160 476 350
721 307 141
492 10 44
323 212 174
141 220 773
70 551 994
110 776 809
89 504 837
277 15 110
133 790 394
478 80 227
418 709 195
115 508 809
305 466 137
775 604 971
550 337 533
32 175 605
692 19 772
254 410 659
375 135 717
171 18 238
512 79 548
748 394 623
766 6 5
314 518 661
455 127 930
521 113 994
157 401 931
176 378 2
307 562 836
624 739 613
507 63 683
576 184 68
716 9 250
259 812 820
811 100 863
745 61 669
361 805 368
377 457 641
308 257 60
576 82 553
640 389 931
553 325 406
766 277 112
706 412 214
682 405 911
471 481 330
490 17 494
352 661 377
136 611 191
310 250 87
514 622 712
160 118 428
667 533 405
761 205 913
363 209 130
646 407 562
112 761 599
513 701 263
80 508 121
331 151 957
428 172 854
718 48 554
561 789 954
77 208 729
235 238 538
309 718 32
127 272 333
686 636 961
414 603 347
556 175 284
527 253 968
187 412 583
142 760 779
505 370 438
123 31 120
531 242 396
37 6 204
613 722 571
110 613 490
317 812 1000
616 488 193
667 634 359
169 742 391
215 628 929
6 48 244
781 532 510
591 223 580
196 512 757
574 730 582
257 100 1000
412 1 682
586 768 469
337 147 177
49 532 643
591 546 592
598 115 874
548 346 636
104 725 33
679 113 771
594 234 331
547 583 130
746 581 393
5 415 848
79 193 592
635 279 14
43 727 342
620 73 414
367 657 17
712 454 285
79 186 137
313 86 440
648 49 966
58 609 552
306 736 405
247 444 207
436 459 629
158 84 653
452 206 896
795 769 156
739 222 91
721 430 596
157 520 301
535 811 578
35 664 903
527 530 966
397 808 650
230 354 530
286 239 947
220 715 457
70 631 334
163 511 899
308 778 871
493 503 696
240 28 278
23 27 16
361 418 876
725 630 994
510 717 290
145 628 722
764 559 143
265 552 204
602 796 129
553 124 295
490 453 672
646 44 322
5 405 315
195 790 146
87 89 820
287 256 4
636 436 211
624 184 692
235 274 313
738 577 641
6 655 418
263 687 302
778 650 27
110 479 160
7 58 4
328 685 734
760 793 301
740 55 197
536 344 601
592 807 967
651 73 76
359 805 807
78 247 907
472 670 823
549 499 639
69 530 361
514 680 614
449 62 305
222 175 247
301 247 792
124 223 304
9 83 36
732 532 425
568 511 838
544 345 332
103 535 726
449 201 202
115 720 447
781 727 248
30 431 52
688 533 81
53 537 997
322 255 759
802 809 878
79 652 19
7 542 482
62 387 789
194 579 202
475 495 194
223 653 331
602 290 657
489 541 757
86 773 850
733 589 4
309 317 904
100 397 648
253 541 990
611 640 35
85 524 801
438 445 951
258 810 209
399 323 662
433 613 72
685 691 676
46 762 436
743 347 717
373 457 858
443 374 993
583 619 881
514 727 917
277 229 461
100 546 132
133 232 957
766 152 227
429 536 889
117 587 862
256 769 459
157 100 436
127 643 745
664 311 963
705 679 789
538 33 616
571 299 479
679 647 585
609 115 500
695 388 612
157 107 547
517 802 902
673 109 946
309 167 218
5 780 492
34 244 982
643 189 313
167 557 207
655 48 503
141 345 260
699 745 821
193 313 855
652 331 449
178 310 528
280 59 369
145 541 126
368 218 955
402 302 858
780 797 411
279 316 172
383 492 529
404 177 341
80 310 337
309 615 305
385 396 269
70 661 76
376 414 158
376 210 91
303 644 204
640 419 293
811 307 742
129 344 734
628 168 772
208 454 28
578 247 428
532 372 394
109 234 488
378 706 252
620 532 251
730 238 603
144 558 321
438 35 862
797 727 605
655 712 433
34 39 818
584 688 442
107 348 584
572 476 570
197 720 497
117 370 190
297 477 816
240 136 958
331 547 556
643 322 934
28 55 48
763 199 154
100 374 415
521 356 632
235 166 277
131 544 74
621 172 122
718 346 259
327 772 698
280 188 257
718 4 171
766 667 500
157 779 264
288 558 328
383 384 743
110 164 143
257 473 122
653 715 806
137 51 908
334 277 590
544 593 717
429 405 910
529 472 834
588 187 375
631 163 850
592 620 527
418 256 504
318 98 116
34 169 455
139 676 989
445 346 4
263 180 791
245 95 392
90 571 832
732 751 890
75 52 754
85 309 29
438 511 168
136 466 681
467 158 390
535 226 895
477 689 848
306 57 994
286 553 823
86 757 191
314 522 66
479 701 369
135 115 573
356 617 429
85 516 554
114 674 302
14 760 582
59 544 994
528 763 28
177 484 524
141 573 502
316 726 899
241 646 53
226 151 55
782 235 657
648 601 516
670 775 953
42 549 62
118 151 592
178 376 577
209 121 966
352 288 62
537 624 595
661 356 204
773 623 254
259 1 485
159 84 126
5 144 266
316 111 956
680 799 143
542 223 533
772 802 847
7 11 936
454 64 633
435 492 986
793 110 83
791 635 365
632 313 195
107 533 6
662 723 178
95 375 810
472 394 69
525 603 525
298 596 866
565 665 987
687 430 881
190 130 866
252 389 93
469 706 818
274 807 77
688 293 550
361 226 216
543 408 966
481 537 951
3 727 340
808 163 496
4 365 495
117 457 293
415 36 434
181 763 153
319 739 810
56 206 181
146 346 199
196 769 781
696 706 546
566 128 961
592 594 361
266 607 400
193 262 539
464 19 937
571 722 63
61 152 918
368 606 559
757 276 807
271 702 682
589 613 296
381 277 951
742 316 372
442 720 826
700 501 185
491 813 833
684 325 550
658 217 407
624 286 330
115 216 22
660 598 236
433 602 205
238 128 509
229 757 335
204 702 23
396 730 818
341 749 301
353 401 422
35 808 324
661 585 419
647 661 445
100 701 786
118 235 931
150 423 207
717 238 103
370 613 157
79 253 535
19 375 985
72 125 769
33 75 861
433 54 234
16 34 739
154 158 137
360 489 346
127 55 572
432 1 650
90 607 699
806 577 528
783 337 140
38 415 439
378 528 343
88 168 107
563 295 251
301 161 437
613 356 750
703 667 502
205 453 745
177 430 310
519 700 862
250 190 583
571 479 445
709 583 822
144 568 200
703 233 827
20 264 282
457 363 564
604 757 322
475 130 83
264 540 651
663 688 35
641 212 191
198 205 582
472 789 998
409 166 993
19 100 746
784 1 354
457 712 184
673 781 486
648 523 449
600 651 715
669 510 662
743 214 452
496 799 89
628 82 972
91 462 985
286 631 316
187 359 633
136 394 2
499 713 690
321 561 472
522 302 396
463 626 867
600 334 73
134 239 71
370 422 312
495 638 121
163 709 905
282 119 4
493 691 592
170 557 960
32 35 604
725 265 507
347 466 553
446 219 869
685 10 907
17 616 275
36 794 884
503 196 940
253 480 564
252 316 509
228 370 152
10 740 488
636 148 86
244 472 782
684 805 805
655 408 154
520 43 87
242 286 150
569 526 480
193 584 122
359 373 243
112 418 401
664 491 868
781 610 628
495 612 396
396 782 858
673 343 951
233 638 403
220 657 850
589 664 629
562 657 854
109 304 212
645 496 368
82 115 726
233 390 127
214 28 153
682 550 925
337 319 945
7 673 720
271 129 849
369 521 727
138 269 929
2 427 435
231 191 220
113 617 540
751 352 298
167 389 138
716 800 967
206 464 859
622 25 280
82 770 515
594 233 434
422 294 943
424 96 723
252 646 649
617 358 4
316 449 254
600 153 907
343 579 197
284 100 686
207 619 321
656 655 74
245 359 457
438 172 47
31 393 575
217 3 49
361 55 95
263 25 142
385 426 171
679 775 895
313 178 828
206 582 607
604 330 343
649 277 984
319 329 828
76 172 567
22 268 307
76 371 400
436 647 137
102 748 508
689 351 260
561 169 80
187 10 874
498 714 786
13 781 490
182 589 594
765 142 517
118 421 910
706 6 147
283 676 974
643 715 35
53 478 268
430 129 681
634 571 504
85 744 154
593 292 452
433 700 511
7 602 864
707 354 542
180 274 829
141 607 920
381 400 547
231 382 189
63 250 524
85 589 738
478 161 945
370 194 770
342 502 466
791 697 827
86 706 19
184 380 260
634 182 656
679 386 905
407 471 953
328 562 594
114 353 313
367 255 737
236 20 703
231 777 655
757 567 46
404 252 228
65 172 843
22 205 355
236 1 726
162 242 448
754 725 614
388 613 106
242 229 196
514 280 121
43 429 590
513 298 460
792 361 486
422 730 604
790 666 857
719 386 190
193 45 687
325 789 895
346 160 115
428 515 605
122 169 134
412 31 696
595 639 616
130 749 370
123 466 70
489 388 67
520 309 333
739 367 622
276 778 427
332 682 693
409 570 272
130 596 654
362 596 891
185 439 308
59 16 334
724 713 954
47 714 918
412 498 295
717 4 634
772 408 880
69 586 828
418 541 4
577 796 678
25 52 748
472 64 667
501 513 811
136 623 309
673 709 624
676 241 967
628 412 452
526 615 826
290 604 582
712 245 72
206 589 666
172 729 186
714 143 738
734 52 191
76 437 673
49 805 687
517 715 810
158 205 822
343 175 525
248 496 50
19 721 510
85 212 706
695 52 855
217 538 294
428 409 536
158 782 984
81 439 53
522 632 322
568 390 448
69 186 680
139 345 417
535 437 609
631 330 212
154 399 208
167 43 287
57 289 921
397 487 690
118 391 15
151 514 706
43 346 444
406 541 858
739 124 59
384 700 646
236 476 252
718 639 39
317 335 241
83 84 308
436 507 511
408 537 915
697 763 474
248 476 556
533 361 320
31 571 625
567 396 534
556 535 991
371 523 605
362 714 710
20 224 345
129 792 708
696 244 968
233 617 190
1 21 865
136 811 272
424 478 897
128 526 562
774 62 224
57 68 930
509 669 241
447 433 994
212 592 265
386 174 607
431 569 363
121 385 497
634 585 157
812 363 699
769 38 871
759 808 356
248 656 222
649 69 212
368 205 335
106 370 602
630 321 641
472 124 265
414 156 897
413 223 809
174 673 198
108 688 496
379 265 177
129 179 993
441 618 704
601 390 403
448 511 395
112 310 891
572 268 276
69 64 137
352 328 85
805 178 415
93 316 114
250 154 799
438 389 348
763 102 548
270 289 931
608 639 764
768 531 11
471 701 466
227 120 710
125 67 48
251 255 630
718 37 176
472 37 919
316 85 282
745 46 719
367 384 441
206 3 861
618 604 285
287 658 124
46 216 276
233 730 302
630 271 807
768 213 954
469 1 805
464 556 44
136 13 438
752 771 954
799 643 743
393 52 589
181 802 237
10 701 749
119 239 297
98 731 556
808 349 107
433 643 852
125 583 771
433 343 8
527 619 439
655 187 846
532 656 642
508 346 342
101 467 70
18 207 648
641 550 396
83 673 899
140 324 70
400 668 252
31 544 909
586 190 953
567 586 409
597 671 878
70 327 648
325 500 233
11 308 15
142 605 908
384 292 477
624 262 631
379 781 267
713 773 529
412 320 343
663 229 259
85 625 453
344 721 495
34 191 635
677 327 511
203 160 222
124 703 896
784 270 487
145 250 272
792 437 554
419 4 358
565 65 805
784 347 957
95 102 297
61 448 573
34 793 315
274 330 507
712 419 787
554 442 558
97 177 389
26 154 18
475 162 584
184 592 568
298 586 953
736 421 158
478 162 868
639 108 45
565 95 242
499 132 10
691 637 502
737 403 537
440 607 696
80 808 525
446 800 324
286 433 962
496 725 767
124 250 220
512 243 670
444 401 152
731 637 926
457 649 282
130 214 684
503 239 68
576 505 644
151 274 744
100 566 420
40 655 587
298 555 642
13 148 872
646 631 297
739 219 291
317 201 171
689 790 439
495 307 914
385 298 130
358 787 623
463 784 25
641 151 771
244 43 402
508 365 240
26 180 8
342 526 911
552 91 923
618 265 212
643 670 404
72 107 41
10 325 818
291 494 935
418 208 205
562 670 134
167 581 826
96 210 725
375 124 376
136 699 62
634 370 526
498 808 752
621 170 169
412 491 284
712 772 403
218 591 489
793 658 903
181 64 122
158 637 134
353 616 450
376 412 878
82 568 659
118 457 36
180 235 500
188 477 564
440 472 784
275 618 46
253 634 521
425 173 735
205 413 418
79 190 166
549 739 708
10 718 698
235 115 456
543 560 765
747 745 288
689 184 272
126 258 452
367 733 652
334 557 929
587 182 676
221 342 578
245 88 318
130 210 630
690 547 983
358 163 891
576 364 262
394 175 377
393 162 292
196 796 440
31 108 804
111 685 328
496 705 281
307 24 235
469 220 286
175 697 830
211 344 286
486 142 625
248 327 76
685 340 35
76 409 580
431 557 103
316 576 274
650 751 407
188 259 987
463 149 74
153 6 534
729 258 880
163 757 504
451 733 617
187 644 897
603 655 985
706 625 82
285 606 776
49 227 56
65 517 684
565 392 215
159 270 401
207 795 941
298 524 232
1 771 510
120 531 86
454 363 49
207 356 813
511 70 872
781 519 215
760 589 414
204 812 264
319 307 484
538 361 668
223 769 622
284 707 645
236 63 215
385 381 204
169 247 787
521 581 937
467 468 634
289 667 58
341 728 887
19 46 673
562 304 269
325 619 781
180 626 360
387 75 750
163 69 277
568 607 857
124 564 388
43 77 227
699 25 178
433 804 128
582 487 745
167 234 385
363 326 809
463 127 549
460 469 647
487 649 818
137 318 160
85 349 327
618 666 482
241 683 863
134 459 230
249 343 941
59 73 845
118 185 114
609 463 592
584 79 112
69 609 778
717 448 335
343 555 783
301 512 225
322 286 619
386 678 535
82 94 214
562 125 250
343 314 370
331 551 486
19 2 726
457 488 680
523 151 989
194 314 478
733 358 464
313 457 542
10 70 511
88 16 575
466 20 226
586 763 978
61 69 408
213 123 166
36 600 932
552 697 456
186 281 86
69 639 91
90 381 380
145 807 130
515 638 939
660 258 115
43 64 944
1 28 377
365 256 849
93 800 42
469 18 358
706 370 52
341 264 556
626 807 238
302 326 268
642 91 487
685 91 787
560 244 862
153 165 673
643 49 759
603 614 568
418 438 563
190 769 948
607 522 271
415 624 607
113 197 948
709 478 575
94 61 174
811 397 172
736 175 582
805 144 258
325 422 644
20 347 352
376 775 820
736 100 570
589 218 577
427 160 126
444 451 228
381 29 786
661 613 704
598 70 134
310 672 905
469 802 67
762 346 670
538 580 554
356 89 463
425 9 641
790 297 112
319 190 4
254 669 950
243 511 146
324 398 262
186 730 865
516 256 511
690 106 785
174 755 99
812 595 934
283 200 53
635 760 452
470 10 596
259 619 812
173 774 700
97 167 489
59 694 88
620 246 937
154 226 326
139 715 216
458 204 282
91 385 663
7 34 935
797 655 915
470 349 954
564 109 298
790 244 180
52 502 396
580 481 864
676 259 500
298 208 796
696 416 825
778 505 901
338 689 942
502 798 233
21 89 953
457 199 18
103 787 650
754 127 263
478 238 412
513 731 965
230 106 922
412 352 849
443 410 238
406 306 361
145 639 233
520 1 59
437 416 256
22 743 142
146 264 30
505 265 295
499 372 517
463 318 897
659 662 835
1 796 629
682 272 408
618 395 147
65 81 538
792 137 526
430 593 615
684 391 80
64 632 315
130 498 730
538 159 593
480 604 786
351 153 58
573 18 597
352 727 682
664 802 509
759 122 726
244 240 660
47 182 548
345 94 964
783 550 534
611 197 699
426 656 90
381 131 241
137 58 367
505 183 105
451 292 474
126 64 316
92 367 352
582 737 815
689 505 454
244 578 735
325 571 960
781 242 605
13 19 623
84 563 455
694 805 581
90 705 10
391 169 773
121 88 417
364 586 949
127 18 662
72 145 997
462 420 853
732 243 336
451 724 336
304 108 703
341 414 872
67 217 926
364 454 455
592 674 190
710 724 351
165 278 262
295 5 373
280 593 949
473 340 662
615 742 183
325 547 188
256 181 337
314 278 276
307 54 153
375 391 384
362 247 786
757 31 761
196 472 388
813 79 69
410 310 201
561 612 208
298 638 688
289 90 104
78 306 702
38 145 631
374 388 383
482 748 899
106 7 375
544 658 349
476 149 293
771 109 148
262 739 169
603 489 905
565 607 113
760 382 302
286 104 621
274 421 531
227 751 131
49 667 46
121 3 538
772 387 709
94 271 676
271 679 568
567 235 321
359 531 845
181 402 215
577 500 904
539 28 57
475 591 600
429 462 497
436 50 128
667 373 62
293 792 895
773 344 647
369 594 689
415 595 14
82 352 134
427 518 630
91 754 651
698 286 341
464 234 673
805 303 977
171 511 140
230 25 13
199 718 58
71 230 185
179 534 765
144 448 401
760 252 71
333 695 698
266 475 301
679 800 360
61 164 123
142 72 876
192 333 409
424 781 182
337 142 2
238 152 854
208 781 683
611 22 589
361 478 531
382 328 700
405 460 800
577 136 409
169 232 156
226 58 780
662 405 49
787 139 104
646 787 996
579 286 735
610 453 36
108 642 795
448 289 383
22 469 968
166 376 823
58 277 948
86 292 438
295 484 67
124 200 314
93 233 374
699 568 692
805 634 49
377 624 127
632 216 699
501 644 301
595 196 842
55 697 781
166 93 960
663 194 880
552 313 912
78 106 438
247 417 488
672 796 489
412 569 439
385 234 6
301 530 726
305 640 792
748 738 941
97 688 877
795 424 145
171 592 940
60 106 772
232 200 77
511 33 914
151 572 191
259 718 376
674 215 117
261 412 469
97 403 810
91 587 719
798 285 322
427 796 663
145 262 269
364 464 803
227 514 918
387 276 620
293 616 294
68 562 665
784 5 661
155 368 973
335 538 773
128 46 768
41 661 288
178 564 639
13 129 67
316 79 188
355 196 575
74 378 777
583 558 758
84 181 513
264 542 269
112 499 96
37 496 348
748 540 849
691 198 704
784 601 158
735 261 968
786 388 843
346 379 344
79 204 854
15 706 594
530 592 129
81 51 72
163 203 676
317 417 838
154 121 109
111 117 475
585 729 971
1 515 814
518 143 468
275 294 932
461 28 822
811 72 127
533 40 327
129 661 763
507 510 710
186 779 513
133 118 452
70 160 240
70 397 609
240 499 165
496 145 412
646 331 731
532 613 692
295 506 258
303 159 104
145 449 753
698 84 271
497 580 737
535 406 542
56 751 236
523 801 161
5 445 866
798 391 318
453 92 751
780 598 97
498 580 588
154 174 649
112 748 6
717 553 379
65 595 225
708 523 404
107 774 383
67 539 390
355 245 546
36 367 30
697 6 795
388 428 149
199 475 732
284 801 767
755 632 644
593 511 549
388 771 281
643 754 83
519 436 172
133 121 453
180 156 363
578 187 706
273 480 968
18 487 273
357 786 683
363 375 178
365 240 931
502 40 227
805 520 359
709 744 339
412 643 454
41 369 895
100 316 864
160 510 635
543 744 124
581 436 255
755 499 548
626 664 659
793 73 711
479 628 840
84 697 789
417 442 845
134 85 725
386 500 185
207 106 284
491 24 702
393 390 333
474 391 206
379 239 530
709 7 506
649 752 909
635 328 678
298 246 12
308 124 854
419 502 996
382 452 469
615 314 141
760 549 985
369 523 970
406 154 674
368 562 462
484 145 275
85 346 180
127 748 320
268 812 169
390 546 809
169 423 849
346 218 789
50 554 463
348 634 447
796 36 516
758 391 617
385 163 774
154 403 274
667 190 298
634 517 831
278 180 387
664 754 855
68 618 761
806 319 469
487 307 493
809 732 189
556 537 666
47 158 450
97 198 213
676 590 782
727 787 393
103 406 445
343 354 608
682 595 732
289 220 304
373 401 904
378 295 220
239 509 240
559 400 836
229 248 902
123 719 161
27 105 447
208 1 607
607 735 952
250 208 302
432 607 17
532 763 307
112 178 446
475 217 573
745 84 350
48 781 669
167 146 878
482 662 913
208 773 855
94 500 287
594 96 510
748 439 905
46 508 171
216 535 570
163 502 631
274 556 626
145 799 751
316 529 619
241 303 66
222 716 734
564 103 716
354 768 288
133 685 99
226 97 334
46 361 379
158 501 235
220 28 453
634 325 655
230 126 355
144 420 230
270 433 499
308 697 57
165 313 647
379 547 498
266 74 334
460 478 415
244 807 637
482 342 395
430 334 899
521 579 392
636 661 366
712 634 176
736 758 781
529 713 661
1 220 26
510 288 159
56 296 864
37 487 572
11 543 56
653 82 43
595 811 481
540 624 325
39 173 766
730 634 685
181 427 223
4 591 162
71 442 871
471 24 96
796 208 65
502 202 622
122 443 869
683 172 957
503 808 962
634 646 375
625 734 646
709 705 410
349 25 570
732 144 683
556 253 228
315 282 441
474 808 250
583 661 10
292 737 78
790 205 602
455 266 16
331 410 809
227 261 854
52 418 373
742 397 575
265 220 24
543 425 23
231 367 937
271 352 118
123 316 344
311 320 243
748 266 662
792 53 22
376 94 719
106 791 923
662 784 45
244 256 114
517 554 189
492 265 859
371 178 432
68 646 659
126 463 557
192 24 357
676 405 269
31 70 723
94 464 921
268 73 751
201 325 180
5 811 66
281 274 610
442 208 717
109 281 643
40 244 230
231 421 554
630 667 292
322 199 559
523 535 970
264 303 615
742 370 8
18 742 482
638 458 688
281 247 912
631 214 39
293 124 793
178 68 21
3 65 673
653 229 774
655 381 611
274 813 254
278 28 640
747 139 723
741 479 706
23 536 686
307 217 565
158 757 150
739 456 209
697 183 644
508 296 825
742 714 363
88 427 388
572 126 264
285 813 688
244 787 36
181 538 283
543 201 718
340 707 257
662 340 503
402 96 474
788 322 36
310 15 630
637 634 399
640 587 764
293 253 181
82 406 303
766 142 576
4 571 61
481 436 531
717 246 352
217 428 696
667 421 234
384 670 422
64 676 413
764 176 393
125 175 238
167 589 921
561 469 12
471 691 431
33 59 269
382 237 466
778 441 249
126 135 753
323 568 249
205 656 544
329 9 401
308 335 824
281 713 412
337 373 58
347 184 438
599 620 185
120 548 276
511 55 542
7 448 14
643 631 615
215 704 775
469 274 872
108 292 950
549 640 810
151 573 851
532 427 638
261 498 738
345 382 990
394 265 257
6 33 837
46 541 107
599 201 331
376 138 890
314 556 24
778 517 170
326 287 633
557 556 394
454 730 601
486 345 203
748 232 140
119 122 353
91 284 384
552 724 558
739 346 896
401 429 829
343 695 110
373 241 769
313 187 565
359 53 532
809 628 39
480 242 367
768 567 107
7 254 415
94 522 313
260 403 441
466 684 226
1 41 957
714 781 214
199 254 471
271 756 990
97 364 931
171 521 997
158 475 471
183 430 530
546 705 932
513 768 435
280 606 969
36 604 222
183 56 436
596 488 744
565 129 854
563 439 276
127 154 698
592 256 46
634 550 627
253 249 102
162 259 237
179 558 12
579 562 81
169 616 401
67 225 216
570 301 857
561 679 945
790 213 356
709 195 487
430 250 339
370 529 519
643 730 841
193 280 578
184 358 910
736 44 844
181 634 61
476 43 412
99 702 683
571 292 415
1 190 514
1 451 40
301 220 376
25 1 991
214 640 697
115 332 154
205 376 871
1 162 523
549 755 443
1 192 685
621 474 572
385 776 731
224 501 323
810 432 244
550 256 185
237 227 361
607 705 986
1 6 706
649 802 109
264 10 659
579 730 875
767 756 704
292 768 69
316 337 87
378 719 202
140 82 320
104 4 159
619 415 811
588 618 597
5 435 763
178 691 958
506 677 4
28 780 341
201 402 296
96 168 850
70 112 478
706 589 585
182 720 211
503 349 240
523 694 690
525 183 456
51 475 123
724 445 786
734 160 650
73 307 469
187 62 368
583 493 333
316 784 751
247 295 139
16 531 788
808 688 689
647 443 80
187 428 209
748 219 682
784 77 898
530 747 200
466 72 389
292 89 195
639 641 176
465 118 978
449 524 26
521 175 952
326 442 163
387 217 458
73 280 597
768 22 189
233 679 642
157 403 326
769 520 446
66 386 178
236 659 387
55 165 990
574 106 658
545 760 227
670 157 291
85 778 818
33 562 483
90 517 29
82 10 439
115 474 551
63 491 214
260 597 654
46 226 273
25 690 431
775 289 933
268 568 945
496 695 506
580 223 71
19 324 13
792 442 621
568 60 955
186 140 609
192 778 806
760 754 856
89 646 923
165 574 155
27 419 400
96 487 614
45 61 318
629 358 88
589 7 872
279 301 532
477 332 134
319 100 213
401 391 927
204 619 618
405 160 475
356 358 329
607 655 339
1 278 558
505 190 768
715 154 216
674 768 95
21 736 901
52 757 315
676 701 593
808 355 654
21 443 923
250 4 854
427 526 71
451 453 216
776 793 423
199 710 273
187 409 625
694 371 427
595 704 255
779 700 144
523 635 628
253 167 400
278 435 872
124 434 224
650 143 973
760 118 484
318 21 657
70 460 580
225 602 308
776 439 669
84 459 325
556 781 504
511 634 931
627 457 42
167 514 187
406 649 866
36 361 357
664 417 197
259 146 534
37 426 54
625 141 105
262 55 9
769 152 953
272 770 182
439 360 724
164 688 670
22 807 831
723 469 688
190 272 601
567 557 409
2 176 837
784 406 13
247 695 567
577 634 778
178 276 670
615 286 489
508 403 847
517 57 937
101 325 840
35 210 108
659 265 378
642 733 824
248 46 782
9 14 328
317 806 28
716 11 629
149 157 58
225 333 560
304 661 743
150 392 467
193 153 962
726 381 509
34 44 159
387 803 668
721 502 277
236 369 13
391 400 714
571 244 581
546 764 482
295 454 539
172 355 772
28 541 305
673 430 197
332 268 997
311 624 818
43 472 246
1 296 121
361 244 21
169 451 231
571 219 915
732 419 279
118 354 381
635 738 684
249 310 861
13 200 827
630 499 675
536 241 681
283 491 167
11 303 218
447 266 959
42 795 297
451 190 382
620 404 4
483 733 480
430 453 606
778 556 331
515 50 43
744 145 152
365 20 877
22 15 683
538 158 420
100 703 947
18 211 24
724 19 697
788 190 834
619 634 846
596 703 382
318 466 48
555 149 745
26 336 512
526 33 305
546 712 133
322 112 74
137 351 344
63 460 640
388 664 782
481 181 707
121 722 56
254 205 607
98 67 755
395 432 621
334 75 452
358 553 99
544 726 951
388 272 880
478 82 547
796 646 951
63 82 730
251 203 306
705 120 683
412 392 208
91 172 243
178 385 94
532 166 813
391 397 904
95 404 201
614 281 155
1 553 590
148 150 419
121 172 958
87 589 469
298 593 434
211 395 900
255 801 341
91 717 234
765 174 223
416 90 821
643 259 119
547 62 76
291 691 764
223 677 180
754 640 523
552 733 126
247 67 712
93 59 387
697 769 716
355 351 222
241 624 74
757 429 358
137 565 627
514 271 29
223 422 973
166 772 857
538 583 60
165 658 360
791 100 820
705 742 614
67 130 462
251 273 472
21 31 541
457 141 243
484 646 282
353 709 624
729 766 40
37 227 509
454 41 315
339 44 672
201 143 524
414 306 954
112 211 936
577 60 991
776 256 873
10 515 428
213 193 633
368 635 499
712 175 690
237 514 552
724 460 746
760 437 63
102 73 204
688 736 644
67 340 818
48 418 77
599 572 670
40 24 133
181 511 463
28 751 479
151 339 431
39 686 10
520 563 156
552 6 6
562 811 292
283 404 325
70 544 857
54 806 950
151 391 363
784 579 278
566 753 866
202 434 211
131 444 37
357 523 925
654 320 828
331 415 919
208 507 237
138 757 38
56 658 277
466 430 412
344 55 620
217 370 145
160 448 645
37 410 846
517 766 863
29 125 284
551 213 127
440 466 225
85 151 703
599 220 497
123 625 312
28 335 120
141 749 894
201 241 607
31 155 993
448 259 880
777 191 718
789 565 293
577 727 52
61 336 590
716 439 221
328 494 10
24 157 835
231 376 576
107 255 829
553 637 775
136 604 920
445 43 730
506 196 492
435 113 352
318 390 679
754 343 443
180 718 18
739 74 871
810 184 548
145 126 419
435 439 756
385 481 410
508 358 412
678 274 152
440 728 281
235 193 570
418 283 1000
504 487 358
324 618 233
431 354 574
690 490 711
526 703 127
783 678 973
784 422 929
322 430 766
764 733 97
551 316 209
217 586 164
578 586 94
638 536 400
330 8 254
373 808 701
665 661 871
320 802 701
162 424 55
33 111 367
517 181 94
288 508 78
608 482 678
620 198 590
495 178 119
85 490 36
808 13 371
619 307 808
108 382 559
803 193 446
22 315 897
374 641 126
343 506 449
592 565 672
77 10 257
192 106 739
483 364 82
364 259 685
661 384 495
805 36 173
307 574 430
688 435 426
598 231 707
347 640 856
685 151 547
722 295 223
408 190 942
129 616 58
398 792 870
709 397 518
521 7 125
436 713 739
187 291 809
401 257 706
664 616 678
298 733 321
173 383 555
235 646 357
77 372 978
65 147 923
614 358 489
592 9 597
375 146 323
532 556 98
286 198 114
172 417 951
783 804 556
380 687 584
557 697 908
662 699 396
781 215 1
216 196 122
156 275 7
637 598 942
590 539 872
805 532 857
607 349 129
577 13 490
173 145 806
44 588 355
730 307 635
321 247 269
395 797 682
204 436 779
393 745 140
64 18 626
9 80 378
175 294 238
19 131 583
148 246 448
65 187 625
57 81 855
323 636 152
197 695 6
499 343 612
598 466 574
571 472 980
609 553 486
754 37 498
325 379 247
790 379 21
490 648 12
765 198 492
421 158 27
610 727 989
598 373 415
484 160 647
286 295 595
658 413 805
775 111 554
182 445 42
47 278 258
286 538 419
632 153 452
402 652 486
505 729 453
211 811 438
99 590 40
446 436 417
49 57 671
765 214 463
9 154 784
102 640 145
323 628 358
584 557 528
81 41 976
108 777 101
184 217 798
503 295 565
588 721 979
687 799 237
381 272 525
271 758 286
57 103 189
457 493 246
517 516 298
622 413 402
780 310 20
403 316 753
58 562 155
65 726 574
165 682 671
466 592 125
520 228 591
101 315 4
199 316 968
644 110 80
49 766 384
366 706 82
364 66 58
21 115 716
334 459 107
211 218 985
127 361 242
244 229 150
394 301 847
187 664 633
590 550 720
373 466 406
169 778 171
250 102 916
225 734 533
133 364 705
727 691 868
417 174 599
463 409 489
195 499 827
113 128 498
504 647 801
205 675 340
169 273 692
174 41 277
616 154 462
12 802 7
307 340 813
794 285 331
152 237 703
706 394 127
148 566 787
337 291 853
262 611 484
7 272 696
759 381 477
812 252 189
149 633 471
532 673 108
760 771 33
459 477 389
635 45 508
475 464 353
77 294 423
670 143 249
199 625 612
400 88 662
247 45 615
41 685 383
76 265 887
634 741 383
528 438 78
357 235 348
247 249 274
168 558 364
508 379 751
483 82 357
216 118 531
58 171 633
756 755 143
138 1 614
83 196 362
766 740 643
618 786 712
114 670 794
322 166 86
76 486 875
562 796 185
181 549 715
7 175 773
376 431 75
95 424 971
235 409 709
27 359 231
505 388 902
486 205 333
21 341 747
660 593 765
711 454 284
27 362 464
95 192 836
69 391 109
660 770 244
141 536 121
262 172 727
52 296 439
535 287 485
689 705 993
774 629 450
466 204 872
600 234 524
360 674 436
568 133 731
23 238 356
721 311 639
77 104 741
29 129 801
322 760 362
617 109 426
204 126 603
19 769 642
212 371 275
147 637 239
148 171 918
528 259 188
589 574 908
670 649 294
39 662 596
177 419 532
516 20 16
90 17 723
69 143 528
232 676 646
334 12 253
746 462 354
367 341 364
346 655 667
414 348 445
26 151 505
713 193 267
671 490 263
572 472 606
439 330 564
12 86 291
640 604 129
406 457 594
589 237 641
148 745 542
42 741 121
428 550 817
805 88 81
745 127 779
17 29 80
266 601 893
365 414 105
279 320 613
11 216 865
607 416 675
256 543 366
543 236 952
480 492 632
391 388 538
74 283 709
277 812 864
304 781 890
349 293 340
85 348 902
268 559 492
673 363 357
591 588 974
685 615 632
445 545 200
322 761 163
757 526 888
292 709 542
310 145 592
352 305 413
659 616 514
388 696 583
193 548 562
148 217 659
781 611 987
742 473 482
265 705 39
715 144 297
631 86 73
36 283 583
751 154 574
62 224 431
380 393 704
587 646 861
701 714 425
145 232 228
301 408 35
546 157 380
535 773 313
283 388 300
154 184 423
113 237 981
455 414 474
731 223 145
796 755 237
147 126 479
289 604 202
636 614 171
152 13 901
25 613 154
673 230 501
491 799 342
608 351 86
511 622 806
474 310 31
44 745 975
223 488 441
654 512 176
63 533 993
300 392 718
145 508 793
79 809 991
340 794 101
370 28 238
1 5 194
355 265 428
5 760 319
154 273 657
142 45 744
203 260 279
25 154 493
41 233 265
733 341 585
652 98 591
41 567 559
481 349 532
622 503 979
4 469 66
760 391 463
174 85 965
648 361 863
220 574 1
211 205 463
100 709 833
22 42 810
61 184 56
745 172 961
172 160 288
65 161 777
511 656 617
527 10 530
364 559 923
643 721 562
771 292 51
526 331 277
646 298 290
369 607 377
361 181 621
294 514 219
353 305 415
787 665 431
652 198 356
574 209 808
559 687 830
562 792 940
749 478 640
67 285 278
739 337 176
575 442 473
179 673 818
769 415 956
16 799 880
249 240 20
800 481 592
108 793 204
421 3 958
520 470 721
141 376 485
415 560 144
149 170 469
283 311 625
752 394 164
334 805 821
246 705 648
555 517 421
26 110 891
799 250 963
462 374 252
697 734 516
434 65 901
244 378 990
376 709 151
205 338 393
657 182 965
195 586 439
190 669 697
167 58 634
720 139 938
150 153 442
297 730 893
375 382 525
1 152 568
709 61 433
760 603 905
682 226 652
509 561 341
301 574 731
65 440 945
710 651 381
106 321 653
37 587 152
598 292 49
11 266 647
509 277 82
571 192 319
79 281 786
530 167 940
121 582 48
724 351 802
377 766 440
313 322 905
4 310 637
151 191 782
239 470 674
103 199 462
694 587 870
512 337 352
95 103 223
709 721 844
394 806 207
442 70 144
577 379 652
139 531 474
538 337 555
73 700 429
420 583 688
300 423 67
372 465 569
334 130 332
472 503 181
644 788 885
97 461 524
70 706 342
315 502 213
484 594 535
226 271 545
682 625 757
399 591 387
552 635 222
16 781 463
451 649 221
1 16 831
142 277 869
485 90 101
305 439 23
581 138 945
213 151 996
686 282 237
526 523 290
107 714 423
498 86 778
259 394 70
708 750 759
556 475 582
774 293 187
205 791 423
405 78 260
690 281 532
697 43 607
172 137 502
379 779 577
570 512 205
376 145 860
685 417 470
499 808 848
286 658 803
421 174 12
674 8 629
795 535 150
280 213 655
283 483 902
800 556 485
189 54 425
81 505 55
751 459 766
135 229 473
228 241 422
351 232 85
719 91 888
451 526 643
375 241 781
697 28 966
4 168 676
738 400 60
497 453 942
167 662 967
340 811 63
94 170 224
115 424 22
404 336 395
11 471 644
106 770 273
640 774 317
707 316 717
140 152 462
35 79 268
562 288 589
706 579 318
282 614 836
145 94 321
207 284 794
367 761 952
435 579 145
154 785 866
70 136 403
190 241 399
487 763 982
697 716 840
366 317 973
52 372 369
64 179 561
613 455 67
205 224 133
394 294 179
307 446 809
37 658 614
454 412 630
97 336 244
682 316 34
239 19 414
520 120 594
411 513 894
175 205 583
462 586 922
530 310 683
604 6 568
784 246 382
250 313 102
525 83 262
492 11 912
120 670 790
197 406 511
106 381 268
402 421 797
260 499 648
453 700 768
97 553 922
255 514 808
649 531 938
582 505 195
460 709 946
188 274 228
40 154 969
328 112 896
22 595 435
514 25 45
704 585 478
107 159 76
640 1 41
20 397 11
139 508 562
94 128 857
158 555 635
211 254 299
265 436 856
634 97 394
310 37 90
547 265 770
272 441 838
758 588 562
186 111 348
279 415 396
400 287 694
809 532 995
511 287 428
700 592 862
541 565 638
429 629 757
711 13 533
781 706 880
439 166 84
321 557 435
525 10 897
631 58 252
472 308 598
49 705 924
412 226 557
535 379 202
136 499 16
495 305 697
190 469 674
70 628 20
811 699 641
644 619 823
99 512 586
4 389 540
373 352 932
225 730 541
352 802 231
736 390 489
169 259 582
499 133 645
303 319 106
113 173 238
461 211 396
375 481 478
336 604 416
742 607 979
102 649 873
413 577 806
330 407 567
239 580 872
13 122 901
772 100 366
230 8 660
587 94 184
273 441 465
120 215 351
403 250 151
172 737 946
466 423 789
142 340 632
366 297 310
368 286 179
331 214 794
166 535 988
12 11 669
382 476 200
394 460 306
383 211 121
766 799 83
701 249 47
464 358 896
479 586 753
596 55 581
686 59 559
223 311 776
362 437 569
266 534 653
3 32 133
565 478 646
316 781 295
805 649 137
28 699 697
502 526 902
373 5 699
341 277 353
232 577 925
655 274 118
521 647 780
4 574 649
268 597 227
33 54 192
28 343 945
637 558 10
728 543 553
130 366 79
781 487 434
69 73 887
303 671 519
324 453 508
299 573 799
355 516 903
237 235 923
728 7 595
88 475 696
672 480 594
205 256 141
664 77 746
391 277 784
694 10 840
286 254 469
681 737 776
211 72 8
713 138 136
21 757 923
386 491 632
553 373 51
286 789 371
110 302 532
576 456 636
568 52 226
116 321 266
468 122 655
784 780 652
561 137 604
790 88 118
691 467 362
77 237 81
478 409 650
563 320 24
22 103 395
619 386 98
771 244 144
678 425 228
302 623 751
24 60 23
532 62 687
366 183 751
610 740 418
672 248 248
3 416 544
283 330 961
89 40 284
715 670 618
652 627 138
706 444 239
556 9 775
148 682 666
363 642 947
536 566 396
64 537 217
677 164 630
130 603 106
62 432 997
259 400 492
460 160 627
250 732 486
206 116 257
19 700 985
664 6 920
553 257 530
529 609 646
281 781 381
563 58 665
199 782 635
37 759 879
267 147 324
116 218 55
469 640 348
608 68 438
328 712 482
214 361 256
319 308 179
787 211 282
364 289 35
434 233 54
729 277 282
53 159 904
226 556 134
255 297 611
380 625 815
597 288 386
450 329 352
37 424 241
618 619 244
333 276 619
268 615 659
658 550 607
474 647 370
9 399 334
459 687 954
607 205 245
401 649 376
568 7 100
637 50 685
323 659 834
421 90 653
517 1 956
1 526 589
184 754 101
307 568 708
779 41 822
70 584 83
332 549 775
405 618 923
93 169 349
594 379 332
802 712 500
116 406 444
199 624 367
166 94 537
319 376 104
779 212 993
469 122 583
635 768 460
277 255 144
204 333 871
364 578 690
448 189 732
418 436 112
551 241 946
124 220 534
780 700 959
313 281 236
811 4 894
446 802 514
658 670 173
67 228 257
582 799 488
24 556 841
213 207 649
449 624 98
148 712 200
278 599 851
554 718 624
727 456 842
485 224 917
165 448 988
772 104 944
682 427 903
31 231 35
45 239 647
391 442 178
568 237 816
235 8 722
409 223 510
625 680 224
397 230 541
384 156 624
727 446 548
577 516 944
683 340 695
268 154 807
176 681 327
357 295 846
334 719 607
721 447 200
270 81 797
676 373 367
260 671 619
166 242 336
170 449 199
172 126 765
223 471 517
420 265 663
120 673 256
532 122 167
73 574 524
235 206 207
13 731 309
783 521 794
642 618 741
244 436 872
544 85 544
373 583 907
376 175 445
572 34 151
599 670 971
614 14 483
520 247 169
633 671 547
447 758 314
315 628 184
1 9 938
434 362 453
187 214 461
581 382 617
253 409 601
232 685 811
306 543 641
684 712 444
406 642 636
679 54 298
108 708 972
114 517 352
350 648 358
661 553 345
303 216 547
55 87 427
280 415 921
790 793 748
660 675 701
391 205 964
190 763 21
38 435 176
640 808 640
535 108 229
594 747 724
586 1 336
86 256 52
670 683 230
200 477 294
681 391 88
112 637 890
435 468 996
441 468 457
219 272 291
658 61 967
457 675 431
44 72 992
227 612 654
489 639 517
158 571 240
674 810 56
510 529 383
709 151 388
748 391 984
7 410 155
251 566 897
622 337 16
122 538 780
157 780 161
784 362 399
367 142 836
661 251 689
235 779 286
208 757 579
157 532 297
314 726 308
348 568 417
760 140 237
368 171 117
463 31 616
799 440 715
706 142 104
44 23 958
430 751 583
542 718 897
94 99 633
433 23 156
252 434 603
305 388 86
637 88 61
40 513 678
1 613 244
216 748 657
117 52 505
495 45 953
717 764 388
328 796 970
107 628 379
541 550 737
758 231 254
490 268 407
166 350 925
283 546 666
438 114 362
322 740 606
101 567 114
535 675 659
125 201 962
403 592 316
238 488 722
742 110 816
253 94 948
96 525 761
706 235 857
652 692 983
35 41 803
554 340 935
141 334 699
490 324 622
358 610 603
289 73 720
698 536 772
504 360 159
538 694 604
250 676 249
358 175 484
561 487 456
472 98 451
184 64 400
46 580 257
179 596 565
258 793 534
791 28 851
550 343 1000
777 677 424
13 97 533
382 763 584
165 475 223
419 259 650
253 29 666
579 82 248
164 802 565
378 223 77
33 347 689
83 119 293
148 648 14
88 556 210
436 283 168
82 283 279
730 647 614
677 614 239
296 214 58
600 97 263
807 570 930
279 290 776
711 631 122
729 438 672
400 53 47
328 791 966
155 171 213
450 382 569
295 205 400
718 175 135
649 67 964
292 415 718
123 383 200
394 761 626
614 95 907
235 509 355
298 563 756
429 30 978
62 751 550
394 146 69
4 76 445
22 358 111
363 311 458
264 154 702
649 60 650
464 655 666
190 163 849
136 551 669
763 19 409
748 622 162
596 396 753
571 304 615
355 748 87
15 735 124
112 662 257
505 559 800
138 327 828
457 700 833
80 316 871
393 625 136
794 202 87
624 656 865
199 361 541
5 12 261
478 3 12
572 439 68
658 376 344
313 93 582
134 163 964
342 593 130
158 229 403
224 5 667
44 552 948
739 138 408
504 773 32
460 607 911
92 13 246
481 88 158
271 677 673
693 105 875
42 271 23
86 727 829
54 638 626
205 193 205
213 493 200
17 223 584
286 505 125
716 655 536
554 11 365
694 475 691
411 532 780
796 58 289
53 346 1
339 676 954
507 96 920
372 112 769
257 431 825
81 377 826
682 169 864
209 446 464
142 283 510
270 58 374
452 97 667
16 223 962
472 192 568
344 445 742
207 755 342
236 560 375
680 706 689
131 609 276
364 224 122
418 727 700
165 568 298
56 786 957
225 643 774
604 632 997
412 332 633
388 219 313
148 297 498
250 343 814
47 444 104
115 362 452
737 709 450
573 314 748
650 67 233
736 211 381
299 632 411
604 278 557
113 365 937
732 83 260
459 229 641
538 211 727
337 552 459
36 91 761
739 65 443
52 414 903
75 69 703
60 187 167
394 560 475
706 340 80
292 359 271
19 605 389
551 581 335
496 688 977
152 694 985
700 354 545
460 630 448
244 495 484
373 48 155
487 615 253
165 260 804
352 118 602
682 183 398
20 652 311
682 152 547
1 567 765
112 137 279
736 521 907
408 478 982
416 213 976
441 94 552
89 440 10
484 801 3
256 57 632
225 553 285
520 772 122
674 774 486
529 160 473
287 692 657
13 274 17
566 382 678
97 531 542
550 559 694
440 251 651
565 229 107
144 355 570
761 420 741
1 17 874
287 60 58
509 151 691
184 169 942
667 247 125
77 301 126
658 157 895
540 808 503
310 661 744
69 445 892
29 189 122
354 334 42
133 361 74
388 106 256
298 74 404
513 672 778
64 88 996
668 667 439
514 529 967
224 121 867
457 734 69
445 427 210
19 49 684
775 588 642
193 67 909
653 361 349
539 805 809
530 325 61
649 392 992
771 13 890
389 270 375
85 199 129
790 559 506
575 616 168
421 300 173
127 489 577
78 328 433
91 188 206
520 584 723
277 281 585
308 460 508
321 375 466
733 214 132
248 63 830
266 613 206
191 601 513
4 765 255
151 260 632
202 308 422
283 747 591
742 425 55
193 16 489
460 130 996
190 337 683
786 769 581
565 746 775
421 196 742
729 387 47
572 210 462
417 616 886
376 136 128
570 37 792
592 164 319
738 322 618
31 158 283
160 44 499
83 794 17
727 604 47
643 497 461
518 705 439
124 295 145
808 496 713
772 558 641
116 558 403
340 643 641
229 329 358
491 652 408
220 658 688
718 503 969
778 298 36
540 514 770
634 226 258
517 649 748
154 496 845
260 746 79
131 555 628
63 148 239
250 770 80
813 480 693
7 329 484
439 268 609
798 177 86
304 684 554
51 151 576
553 664 360
724 763 581
492 292 331
100 180 928
519 470 842
625 375 749
138 786 275
628 170 880
169 30 252
337 698 865
18 20 463
490 661 995
288 307 25
247 436 748
782 550 565
170 38 373
639 283 22
318 604 818
231 449 806
749 437 395
635 772 430
431 498 31
283 746 273
760 289 429
394 605 764
797 444 487
106 570 223
402 121 529
708 301 894
144 211 986
20 643 547
496 368 662
560 433 488
352 217 303
600 760 54
547 115 489
678 610 798
519 672 483
13 183 722
397 553 237
254 65 168
209 702 924
538 168 574
536 175 688
439 199 191
660 706 528
26 256 345
265 67 817
209 478 918
634 85 713
264 451 576
598 762 114
661 535 17
381 765 551
406 342 317
655 622 122
640 303 296
340 551 833
318 792 74
712 102 209
232 366 488
595 574 316
130 505 164
699 334 127
487 495 724
120 433 969
526 752 139
463 624 371
278 597 566
780 297 456
706 407 429
577 572 876
577 355 45
505 181 679
418 810 857
787 344 87
12 620 578
442 49 631
45 436 196
613 415 924
670 52 194
754 307 361
154 349 406
114 53 683
66 686 956
144 220 317
751 784 728
800 352 400
658 559 2
182 529 858
760 64 267
217 241 704
88 195 98
68 346 214
1 562 244
655 745 704
103 727 119
619 301 674
653 543 555
8 13 920
415 723 357
460 703 282
82 710 807
764 243 819
625 27 68
517 173 825
152 509 475
274 639 951
67 92 156
230 124 397
639 298 348
713 759 255
604 214 417
721 349 311
153 298 907
282 124 525
75 664 223
709 343 645
484 325 808
571 745 613
316 685 83
754 11 213
561 277 108
514 682 354
595 208 957
250 161 223
568 547 408
306 801 781
54 216 757
590 165 419
472 706 551
393 667 639
391 627 916
351 536 980
27 5 46
733 220 743
518 500 453
88 613 965
412 469 873
562 310 198
733 639 427
511 222 573
396 162 812
758 149 27
607 703 186
811 531 14
386 175 967
682 81 222
456 582 329
285 691 258
202 80 637
617 773 769
58 468 771
370 263 452
352 59 182
475 331 653
443 202 834
15 199 292
745 797 58
335 266 403
407 675 752
544 669 109
682 676 656
391 181 185
666 222 516
130 730 976
380 70 118
160 676 982
97 118 448
459 429 606
564 535 776
29 179 899
88 146 422
733 445 312
102 30 380
124 269 113
689 538 131
521 754 832
531 707 758
172 673 510
406 54 313
180 604 284
367 787 77
712 289 528
