430 7984 188
150 52 41
419 33 705
41 341 564
69 396 602
161 71 643
61 346 548
259 37 784
81 44 632
131 388 693
243 83 364
9 139 280
94 97 764
85 137 41
9 163 250
285 47 336
130 87 959
302 330 892
28 27 837
65 301 808
331 193 861
200 15 154
327 45 377
371 411 529
179 96 733
40 159 266
135 424 374
115 256 10
353 240 464
373 421 788
123 50 950
243 409 981
297 351 74
291 285 529
336 421 581
135 66 805
375 211 602
119 211 499
9 177 370
132 260 287
319 326 794
369 341 461
357 139 504
241 1 920
338 195 502
253 226 375
251 242 64
301 395 89
359 429 189
373 263 499
267 11 832
11 286 272
412 309 453
405 397 445
358 79 257
321 289 765
249 317 973
157 244 962
51 264 236
179 223 968
415 393 791
61 21 720
89 177 864
243 51 748
414 61 323
381 63 901
401 421 817
181 357 936
128 16 16
285 373 846
85 17 510
127 326 463
263 98 56
1 388 569
41 421 697
259 75 181
191 247 27
310 367 394
91 213 673
97 35 898
125 142 933
1 193 520
237 66 718
111 3 659
117 326 487
20 131 769
239 273 957
30 308 794
226 265 79
31 132 329
53 407 280
169 371 786
191 368 313
249 46 743
171 373 485
7 119 460
383 199 541
151 317 945
276 216 296
362 41 562
79 140 284
51 358 618
425 91 416
177 255 216
84 351 956
336 291 657
299 136 272
259 161 330
13 112 786
189 161 11
235 425 595
179 113 457
61 211 359
21 271 698
147 418 517
315 34 151
417 201 669
11 199 262
35 83 315
111 223 349
91 385 103
224 61 462
80 381 475
57 381 810
83 161 241
95 337 470
151 331 221
393 181 141
358 1 913
39 38 357
323 417 179
221 105 443
1 180 376
156 415 155
71 413 319
238 249 107
310 221 61
419 297 273
65 297 836
256 11 792
111 39 757
365 259 541
145 309 130
237 261 116
357 1 668
391 379 682
179 66 534
311 375 87
221 145 234
381 21 467
147 231 953
408 41 818
21 191 127
314 225 361
138 389 70
390 27 543
360 323 319
261 221 921
159 400 263
231 371 466
333 89 655
308 421 739
79 430 913
383 374 494
97 338 794
117 415 203
271 345 229
193 25 353
119 55 970
131 207 869
300 410 281
417 149 148
34 345 449
181 376 707
302 256 360
400 335 880
23 58 92
5 231 26
319 91 353
219 21 960
249 36 949
311 170 334
99 101 272
414 235 247
6 129 266
286 188 932
301 407 595
379 203 642
211 27 822
178 377 522
411 1 584
281 335 772
12 241 14
45 406 599
277 51 222
209 217 789
396 301 568
301 99 915
123 157 939
329 179 828
341 121 313
51 183 805
423 263 777
411 221 133
296 152 901
59 193 639
80 386 147
366 351 412
281 159 894
406 103 193
155 306 841
21 26 422
1 81 112
319 92 218
375 162 454
91 95 337
159 301 665
222 41 988
364 326 862
326 142 924
179 313 555
313 269 106
386 91 936
176 115 48
156 121 269
357 347 351
160 136 114
182 355 557
144 15 264
427 157 850
415 78 22
408 19 60
367 189 752
77 208 348
275 163 777
387 31 641
343 353 687
56 387 872
275 404 135
13 133 31
1 115 367
19 411 549
94 55 147
19 28 279
397 279 552
191 233 882
102 343 463
169 182 446
369 259 503
343 359 248
382 112 965
269 287 358
359 192 856
391 51 911
125 251 854
311 354 941
316 331 730
86 337 316
257 274 877
205 374 181
148 326 976
175 77 972
147 327 833
410 97 236
7 415 978
420 142 669
276 63 14
91 321 720
26 201 908
241 376 347
301 93 749
37 305 711
125 393 838
400 271 367
311 21 698
221 153 494
401 306 630
17 352 493
111 131 46
17 351 588
13 276 987
302 85 338
151 272 277
111 236 72
101 52 593
70 390 581
54 75 653
352 373 753
21 116 738
430 121 721
226 233 81
406 287 204
403 343 331
243 43 654
233 311 507
378 265 198
126 15 717
15 366 847
185 242 502
229 251 577
6 294 198
247 331 412
99 359 196
179 71 83
237 85 663
97 203 829
172 281 205
167 256 187
143 125 238
11 289 626
355 356 729
91 113 432
220 103 357
305 55 788
217 385 454
327 228 349
288 26 166
1 6 168
313 5 431
389 26 445
270 36 665
237 309 699
61 161 576
75 401 323
425 222 485
206 263 672
181 28 962
147 371 444
165 61 722
315 219 867
185 216 539
323 303 572
294 237 723
94 399 823
47 29 462
260 392 436
273 19 231
111 75 20
225 403 659
197 305 633
251 386 799
123 83 263
106 51 819
91 39 305
125 69 882
77 35 36
51 283 433
69 359 628
211 241 505
331 363 129
207 241 65
301 429 632
271 155 914
312 177 289
113 245 496
286 30 392
420 261 128
217 199 210
176 216 897
190 91 128
235 173 781
317 179 618
301 197 702
6 21 223
231 145 180
411 351 738
49 301 317
91 177 712
281 195 959
53 105 932
366 71 334
231 410 264
321 221 266
99 417 789
185 306 406
265 23 191
26 310 867
367 385 428
427 43 431
343 56 507
153 272 73
219 261 327
233 171 216
415 274 584
371 1 921
113 55 436
11 60 252
25 259 421
35 93 479
101 111 860
51 187 791
391 221 62
211 170 712
210 255 899
82 51 849
127 137 205
155 340 795
277 25 724
345 329 310
259 163 511
275 85 299
197 94 465
151 203 783
28 209 669
208 241 127
34 130 998
185 43 359
216 189 727
390 198 642
386 173 211
381 168 949
170 6 737
100 417 864
311 110 33
261 26 323
19 235 232
203 401 152
56 318 993
157 340 539
255 412 575
130 171 291
207 111 616
88 44 905
427 360 712
243 133 362
185 155 413
23 150 120
210 334 347
203 258 329
97 384 755
91 198 774
18 413 90
285 376 732
31 206 423
221 259 841
63 30 592
199 291 397
209 341 89
297 210 332
421 227 210
167 381 574
197 282 545
87 99 766
67 329 226
21 291 401
107 27 921
195 67 609
381 408 158
247 333 103
349 101 717
279 1 334
59 377 179
273 219 844
211 143 882
348 245 281
212 346 202
149 379 612
137 259 768
416 41 936
357 286 637
261 133 71
275 121 210
274 407 820
92 131 360
85 320 771
190 81 517
6 265 624
159 314 933
161 175 625
380 202 669
87 423 756
245 16 589
85 3 58
141 91 490
288 411 945
289 99 40
4 34 740
168 77 76
200 219 76
62 29 602
53 408 304
121 381 273
271 115 894
87 297 709
11 191 954
205 391 466
136 71 744
197 183 311
386 412 374
381 365 482
157 409 1000
375 225 217
361 296 843
351 337 874
211 87 343
349 108 891
334 311 961
401 151 365
345 28 532
409 106 749
279 89 890
231 111 749
111 303 845
223 206 474
377 271 521
172 43 16
363 169 828
409 371 399
349 30 470
377 301 985
86 231 510
201 277 463
105 253 315
41 71 231
368 190 756
92 180 802
430 179 964
388 42 583
199 227 897
141 253 475
75 150 589
312 345 977
345 201 296
351 224 386
61 126 998
43 84 939
253 377 16
87 177 908
381 299 877
226 408 490
331 240 241
346 130 253
96 79 803
87 14 747
39 47 596
122 136 128
19 172 421
319 293 998
189 224 39
351 245 680
47 51 708
33 249 542
204 36 475
381 283 293
63 315 725
193 143 68
411 416 741
251 285 248
18 185 752
128 375 856
50 301 127
151 406 787
18 111 233
319 292 580
279 208 87
291 295 600
259 411 419
85 201 2
213 357 298
79 181 290
313 345 125
169 117 323
137 396 714
75 376 816
275 46 505
337 400 488
158 346 784
413 41 471
89 105 247
7 367 218
398 156 485
156 371 417
215 151 104
91 311 49
27 238 320
391 414 300
93 333 158
376 252 168
426 351 949
253 206 996
279 17 724
171 285 310
34 38 600
43 199 993
386 225 310
139 181 526
19 20 921
266 31 470
385 401 522
19 371 68
281 221 425
11 255 576
223 241 344
199 231 199
233 107 190
171 320 962
3 416 670
119 411 202
361 57 968
285 116 80
359 47 521
351 401 363
137 281 351
163 296 299
383 391 839
70 112 214
331 87 171
245 21 351
91 373 267
243 261 819
15 187 762
341 299 148
280 124 820
365 349 381
41 188 266
163 421 499
243 167 856
263 411 957
306 120 625
359 100 764
266 233 254
407 263 547
49 1 416
35 395 960
403 392 203
241 342 361
15 221 194
226 269 373
321 67 501
261 339 527
197 23 486
363 62 187
71 241 794
273 351 28
237 325 107
195 203 173
167 4 625
401 286 149
417 222 939
419 47 967
125 221 738
253 79 217
155 187 844
399 155 965
97 255 509
403 281 909
320 292 854
361 365 366
115 166 939
163 116 919
161 200 307
211 181 406
1 311 93
236 292 256
170 81 71
1 9 291
291 381 401
45 291 958
331 357 528
238 321 887
231 300 735
215 228 506
325 217 459
385 236 681
415 361 650
216 1 713
220 192 501
405 153 40
216 237 706
41 293 375
101 408 314
26 205 327
326 42 285
297 163 464
33 215 139
306 317 863
391 374 793
17 84 138
71 381 875
92 391 311
99 297 659
291 327 365
305 75 357
411 279 476
299 401 46
20 177 417
331 113 971
97 257 75
7 1 672
87 255 44
336 189 278
267 287 500
427 311 639
153 26 588
383 321 789
80 405 107
99 117 702
35 166 824
243 375 563
425 307 60
28 9 855
148 204 817
41 31 768
327 93 263
76 150 657
399 171 567
251 158 873
173 290 415
394 311 203
317 77 724
179 98 622
246 331 707
261 29 144
37 241 156
417 347 447
31 125 211
340 113 656
248 133 661
391 21 480
72 358 474
211 191 777
230 352 582
407 58 810
99 419 361
281 17 10
31 136 628
343 189 158
91 159 667
263 119 598
68 113 673
325 396 606
255 231 546
343 333 380
299 390 808
306 191 554
171 141 268
158 403 632
223 187 442
227 398 553
241 135 349
79 367 805
293 151 723
211 335 167
231 291 583
97 107 557
386 394 57
41 94 529
201 206 4
53 328 992
17 412 21
85 111 740
79 388 308
71 173 511
9 151 437
308 297 772
71 321 777
210 345 178
377 135 890
286 203 30
53 144 219
183 31 14
115 117 481
407 101 222
276 303 970
345 170 116
182 59 87
209 11 707
81 312 487
359 335 19
21 259 909
403 353 968
385 391 551
323 430 192
111 49 601
93 223 366
201 429 626
169 176 90
183 61 740
106 180 836
41 239 404
95 369 659
107 291 941
319 359 676
70 87 51
417 375 700
219 147 385
171 143 94
296 86 212
315 221 4
194 269 41
191 386 652
288 251 276
121 193 658
119 80 372
197 179 286
297 387 959
126 49 434
315 93 797
205 215 42
161 314 724
310 414 661
231 181 695
346 153 186
186 101 61
346 305 491
419 236 230
138 201 854
176 407 177
419 375 967
284 67 784
71 177 883
406 369 115
344 181 789
165 20 267
121 274 996
262 108 834
6 141 199
207 126 104
9 59 985
127 145 284
82 416 878
81 385 155
402 405 49
132 147 8
77 245 269
244 61 377
77 322 953
135 127 297
271 41 231
267 297 490
305 185 156
17 24 438
6 377 428
81 388 432
194 356 560
247 122 78
50 161 360
24 135 887
331 85 49
211 294 235
186 175 443
116 253 673
107 416 467
65 110 1
321 33 49
216 349 255
113 191 187
241 192 445
137 19 898
321 55 181
291 351 937
116 165 771
381 193 725
381 247 713
71 108 29
266 212 242
85 37 619
331 301 435
141 309 661
183 171 922
221 427 940
311 61 124
149 77 428
299 121 744
23 127 225
361 207 660
96 237 720
159 147 954
181 140 986
275 44 256
125 401 149
327 223 454
108 240 805
409 199 798
211 425 665
161 101 78
49 168 635
224 100 563
68 98 517
130 139 327
339 207 715
15 127 109
1 349 722
375 235 602
299 89 999
389 91 602
381 324 182
61 359 461
196 209 509
201 177 389
329 369 126
363 429 932
156 421 522
328 113 62
137 285 16
68 144 414
423 321 987
366 42 824
74 358 581
245 355 200
406 32 91
53 311 427
201 387 135
263 3 145
254 231 369
225 27 456
152 97 835
327 425 521
167 234 274
313 7 260
37 153 37
95 187 580
26 231 601
109 21 285
377 114 394
394 341 867
402 303 685
41 233 116
27 286 877
47 14 804
317 130 773
175 202 990
326 369 349
207 409 578
385 45 471
225 119 74
332 333 862
275 311 876
83 196 679
398 397 277
102 244 336
391 78 483
13 25 925
206 291 896
426 419 766
341 61 275
3 421 486
241 383 851
377 281 618
21 179 659
289 119 226
417 121 818
31 151 577
49 217 960
259 65 536
282 209 16
314 99 289
341 86 810
257 311 300
425 243 954
191 33 267
173 308 65
313 351 275
332 83 894
3 384 610
10 24 268
69 12 811
73 308 335
355 348 688
36 240 215
166 1 299
226 305 276
223 381 463
1 254 624
156 83 271
269 375 566
195 218 585
393 77 468
126 228 535
87 97 93
141 278 934
154 211 980
233 427 281
391 10 116
131 85 750
334 421 879
376 403 536
213 306 512
69 267 23
169 399 832
339 180 893
235 313 221
19 141 285
119 291 696
181 246 911
166 183 664
59 181 470
115 361 568
427 226 98
175 91 428
1 63 995
286 155 170
15 157 876
345 173 986
1 171 716
320 51 602
391 232 442
69 269 746
139 345 916
291 109 2
205 323 927
365 163 196
423 370 987
49 429 126
23 295 760
420 109 439
412 21 951
236 301 407
323 213 642
37 375 891
10 204 494
360 79 489
203 270 42
199 63 430
309 243 643
391 323 805
233 133 608
211 135 769
381 92 773
243 357 198
107 330 420
181 125 341
165 403 70
359 293 138
113 345 469
129 136 477
238 1 136
11 172 553
417 109 284
333 419 151
69 395 864
311 31 814
166 281 105
95 171 84
147 237 259
345 171 897
209 302 516
351 365 479
65 216 354
241 126 267
343 363 932
221 24 176
315 409 880
243 179 494
345 420 858
77 369 499
346 146 839
331 280 155
179 273 324
158 418 584
75 332 642
307 302 36
13 21 395
267 305 470
253 223 978
411 291 173
131 19 169
357 265 726
222 135 42
351 144 768
178 371 172
333 266 902
281 196 314
208 227 495
66 413 544
79 375 584
173 301 515
231 143 248
261 229 934
151 261 334
389 169 916
95 281 841
245 280 511
250 325 298
261 294 643
11 131 718
11 411 983
121 388 752
325 375 147
295 388 167
391 249 48
66 283 391
415 82 485
321 398 114
23 297 172
309 219 616
176 188 565
278 311 984
324 337 99
295 301 616
141 181 34
256 43 694
371 328 15
221 146 527
301 271 934
81 27 295
137 107 747
321 415 431
341 43 802
235 176 289
411 17 928
275 60 509
396 311 373
281 209 167
339 388 518
309 20 91
197 295 523
224 301 185
371 323 590
82 179 919
391 145 628
77 376 918
123 57 802
321 339 377
271 350 986
71 158 624
109 297 432
1 185 984
295 91 460
405 297 936
49 322 413
128 311 937
305 351 995
43 11 935
349 256 251
271 172 959
405 2 171
323 195 117
63 197 252
413 17 267
396 390 447
317 38 290
139 226 946
81 161 913
265 213 245
81 86 938
97 301 121
65 271 300
251 175 543
395 131 77
71 170 384
151 44 139
135 99 118
401 271 140
71 27 638
364 385 636
336 67 114
215 3 909
411 256 389
112 423 190
161 396 72
18 205 50
149 7 294
31 33 384
73 131 87
369 351 251
217 147 849
186 237 539
197 135 257
6 29 523
361 241 627
119 148 637
5 75 59
194 311 674
83 73 964
337 173 863
95 371 832
205 30 503
201 253 522
381 251 572
285 325 6
141 423 733
141 17 600
39 418 954
41 247 239
62 402 221
81 360 638
333 155 169
105 115 119
65 404 474
15 430 784
50 353 253
225 21 592
169 357 6
237 141 959
157 283 558
221 381 757
357 352 559
421 43 312
2 3 14
10 266 201
122 100 729
116 241 469
41 359 997
357 244 527
141 60 21
98 177 492
16 301 83
123 365 216
302 183 870
329 208 951
255 200 463
303 46 500
351 113 647
126 417 5
107 427 313
271 311 392
113 67 207
369 413 917
240 204 882
176 71 531
193 44 976
171 122 893
214 55 599
332 109 992
151 241 136
410 101 656
327 22 968
140 421 728
349 269 930
95 331 671
246 416 534
387 82 797
146 215 608
251 411 409
33 218 704
79 158 23
9 353 69
292 307 571
423 159 700
365 331 258
74 421 700
412 67 672
182 291 434
420 143 889
151 259 470
183 388 897
82 246 573
281 88 761
245 43 800
227 158 621
187 391 588
377 249 162
299 59 230
345 221 521
258 429 60
288 167 25
207 369 432
291 390 663
11 171 28
95 158 9
209 237 593
381 413 491
47 333 661
51 189 617
336 159 691
424 236 109
266 231 25
203 331 1000
156 119 709
11 271 771
359 305 251
424 169 602
55 221 311
161 371 980
111 11 851
321 2 321
95 221 8
81 123 105
209 274 494
218 167 309
261 171 357
380 421 928
411 233 5
35 293 105
37 77 207
281 151 6
71 423 874
211 245 225
77 95 541
138 128 289
58 152 59
281 149 887
231 37 935
55 90 865
45 231 358
43 268 17
33 77 163
3 305 261
349 109 133
171 105 189
91 266 992
67 385 195
1 11 678
383 49 674
20 181 680
79 106 198
406 407 990
396 54 225
323 413 225
220 299 991
183 15 247
409 266 781
57 187 892
71 427 44
391 256 760
273 259 733
75 420 33
179 139 216
47 153 687
161 238 908
333 146 764
301 323 877
101 66 288
387 73 933
17 60 495
101 282 422
311 171 996
189 101 131
334 371 866
410 319 589
239 131 105
380 386 608
221 379 122
381 159 478
23 256 328
261 13 680
292 308 436
16 124 685
169 131 29
199 411 313
409 161 240
399 167 445
371 3 404
379 9 705
321 333 75
413 118 210
389 338 383
112 3 703
122 61 994
135 97 551
118 415 550
418 293 171
5 381 62
323 153 797
265 39 847
72 313 997
201 290 971
307 361 317
199 171 355
273 216 879
313 146 298
130 163 848
39 369 927
216 407 551
201 98 460
109 281 785
189 330 955
71 353 608
173 229 867
225 343 828
113 304 55
5 327 574
361 231 329
151 373 890
231 405 947
37 116 388
169 323 232
372 111 696
92 392 313
127 366 952
288 189 527
405 61 942
287 169 919
401 141 893
117 303 51
231 51 455
303 43 776
251 319 211
251 364 217
211 345 239
191 126 616
49 198 957
285 79 614
145 51 824
146 41 488
101 190 597
191 221 525
259 96 813
158 341 720
201 16 226
47 295 917
242 61 46
411 331 61
19 361 282
139 119 923
381 72 283
242 127 262
357 386 919
201 244 347
231 167 805
321 107 893
419 197 697
96 312 230
361 426 850
8 56 659
325 69 731
146 427 1000
299 218 284
43 263 20
137 231 989
388 263 244
411 47 410
323 381 371
301 87 846
345 423 625
295 379 336
167 205 587
176 234 603
407 349 991
397 186 788
127 299 189
391 415 84
349 249 186
125 30 790
101 89 944
367 399 990
421 10 611
301 379 107
69 263 143
187 242 169
197 209 58
354 175 869
333 26 373
16 270 437
415 66 854
21 216 270
363 413 39
44 33 129
231 429 840
59 346 750
287 183 431
226 236 24
271 346 216
391 263 579
222 7 616
373 353 807
292 232 797
207 231 232
147 317 926
81 101 710
358 46 688
423 228 471
213 49 336
132 181 513
266 137 930
309 281 541
203 321 511
99 271 535
426 108 137
206 296 379
171 363 790
131 65 789
79 139 660
6 151 254
287 329 911
376 34 953
101 174 308
197 368 725
117 243 735
53 361 306
117 275 153
263 62 351
361 222 768
414 111 294
130 277 458
5 308 30
47 369 753
35 286 882
173 375 255
303 241 392
169 306 115
291 41 339
1 196 603
8 113 151
77 282 539
406 18 627
411 86 61
129 347 812
241 125 471
91 51 31
319 125 401
106 272 649
22 15 807
186 301 212
3 284 105
87 273 354
207 404 568
348 157 308
121 311 657
277 35 273
391 79 829
185 151 267
21 71 181
412 23 616
23 260 694
426 392 55
261 117 447
123 5 575
141 211 592
77 78 894
63 345 777
173 137 727
13 152 670
1 141 192
259 281 878
70 399 650
215 21 584
71 139 318
237 239 147
16 237 148
286 318 443
254 350 878
228 401 461
238 272 994
401 161 208
329 106 652
31 256 1
387 104 598
26 241 314
389 391 843
71 296 121
247 212 499
256 57 810
371 260 795
271 361 820
285 326 105
259 271 781
311 83 845
339 94 819
117 376 561
181 345 346
281 33 449
311 34 799
149 305 181
256 399 13
13 310 253
71 166 813
33 59 321
345 105 663
51 110 263
173 142 414
329 203 124
191 83 951
48 80 754
408 151 530
291 53 27
233 7 409
218 131 105
361 253 610
285 193 443
241 143 24
68 284 184
176 89 78
429 150 523
135 156 573
33 184 457
3 369 623
345 277 407
85 39 504
298 259 484
305 301 365
419 234 863
165 286 638
247 140 931
15 215 414
429 22 726
374 316 473
188 245 787
247 47 862
115 70 47
399 159 373
142 11 916
325 1 743
21 101 346
113 177 423
205 222 619
285 125 977
318 245 888
173 340 237
196 241 347
121 391 855
311 411 378
195 111 480
346 131 235
393 193 60
75 129 994
148 10 419
324 159 600
125 267 799
326 173 147
400 281 248
182 275 73
216 341 32
187 17 889
13 259 496
403 58 510
281 305 369
405 337 369
245 63 284
294 326 340
351 389 638
88 224 245
140 131 718
205 335 517
379 103 670
211 359 453
157 425 197
373 267 715
41 171 328
406 17 250
305 421 920
305 241 936
176 255 310
41 267 925
39 109 369
71 52 183
387 167 759
233 345 93
302 121 54
291 62 351
98 121 214
286 255 976
251 250 300
361 202 994
50 45 924
307 101 577
89 247 352
238 244 132
73 130 70
251 151 145
225 219 587
309 221 739
421 289 908
279 229 860
199 371 110
147 293 83
413 154 391
148 359 114
321 133 515
244 241 564
2 316 265
235 371 319
267 351 97
123 37 211
247 103 208
302 146 635
301 71 285
308 306 497
191 266 19
361 259 531
251 337 593
367 301 620
251 255 390
87 81 581
44 320 858
356 273 910
17 257 302
89 253 397
56 356 48
263 337 527
221 250 576
238 28 123
100 410 429
194 305 93
59 393 597
427 410 371
83 20 364
93 161 415
407 249 753
271 37 29
305 371 525
175 275 970
216 391 625
133 134 829
126 187 810
181 83 293
41 260 440
396 233 92
118 35 729
262 371 926
309 287 844
391 207 554
55 71 556
219 157 97
201 374 504
201 354 677
165 43 22
216 22 765
57 255 581
333 234 351
241 3 829
193 204 208
299 271 606
41 167 400
280 269 763
96 118 792
391 313 784
86 189 786
394 391 703
363 269 94
184 275 265
251 43 930
161 365 283
141 94 19
428 71 403
195 1 48
246 346 510
335 427 83
185 245 548
372 185 910
171 107 106
421 327 500
391 45 390
111 6 934
96 359 867
110 153 255
66 136 390
43 322 11
322 95 801
394 413 786
31 388 334
42 236 971
61 38 348
283 193 465
332 259 532
41 407 108
311 241 450
331 45 507
169 411 707
392 201 646
74 159 758
7 371 482
288 421 87
299 161 580
301 341 749
167 37 77
176 184 750
195 377 773
91 126 51
259 112 263
308 411 736
293 88 735
277 259 731
66 379 532
412 254 974
145 195 979
199 379 861
331 97 347
100 27 540
11 339 362
81 306 109
349 79 480
371 57 289
75 387 321
219 416 664
206 46 372
193 195 384
61 235 407
66 349 254
181 69 190
1 327 757
379 251 22
191 425 562
221 255 723
140 376 39
45 224 773
98 195 792
280 356 791
151 137 973
384 403 334
185 273 695
23 201 299
162 324 861
221 129 244
363 146 821
69 151 613
81 243 66
171 336 525
244 131 274
429 31 407
351 6 100
329 233 540
123 89 766
204 320 635
371 225 332
177 173 996
291 341 241
49 71 785
96 141 847
196 91 491
127 26 849
105 311 75
160 84 485
386 356 518
64 131 558
16 59 743
199 206 595
17 161 334
302 340 184
109 284 92
147 377 534
427 61 591
61 250 112
323 51 435
120 235 436
251 196 145
61 369 502
341 423 618
271 39 293
236 96 940
187 118 252
101 257 251
45 155 873
90 426 386
235 28 500
17 59 321
257 278 505
56 19 122
371 339 953
96 214 339
75 335 264
363 233 582
21 35 812
319 191 677
59 361 595
341 99 266
19 357 594
61 47 248
49 215 887
48 273 120
419 281 605
131 246 188
33 2 54
198 402 937
181 382 374
425 291 698
143 296 632
59 415 178
311 159 806
266 133 704
173 391 439
361 401 125
369 269 346
107 273 476
359 149 318
171 323 773
279 112 944
291 44 887
327 177 3
267 237 356
254 399 75
8 20 451
427 147 633
361 81 937
243 199 628
397 257 792
404 280 949
239 245 933
159 325 923
383 6 725
28 1 702
356 415 20
250 25 643
307 331 571
21 18 308
60 284 295
157 263 964
141 105 896
128 111 276
381 300 113
381 175 670
187 76 306
50 23 443
181 341 510
208 327 514
9 281 459
11 51 551
153 206 602
115 327 636
103 83 968
128 339 182
45 106 888
163 361 292
61 23 320
356 306 609
307 420 841
291 337 688
149 411 498
108 15 565
411 109 714
421 18 207
13 407 442
366 111 483
307 125 951
149 49 789
216 271 14
137 201 227
330 359 118
166 400 768
115 376 618
175 293 849
101 264 753
397 171 938
383 281 142
414 430 402
9 401 58
83 9 118
257 361 361
252 273 343
426 121 811
344 399 22
278 307 475
338 259 551
245 321 436
321 291 693
239 175 925
213 372 502
126 380 612
36 102 289
233 359 153
19 223 617
61 245 338
324 136 511
291 392 451
109 129 330
323 82 866
309 249 441
33 71 571
343 404 900
31 14 392
153 310 79
52 357 235
321 117 491
370 301 931
407 161 360
134 381 213
177 336 567
421 195 261
299 316 928
236 349 122
341 161 122
293 398 364
139 103 455
137 305 604
139 421 777
365 55 253
108 150 776
325 399 28
161 383 279
273 73 599
208 141 635
421 187 397
123 30 435
267 40 64
421 203 310
5 268 582
69 277 1000
73 219 745
186 59 906
221 139 578
354 127 571
221 401 635
105 421 597
291 193 898
227 193 997
45 408 510
370 99 594
383 378 798
393 417 347
363 278 144
242 106 122
182 139 464
303 147 973
428 295 259
339 275 192
357 356 829
121 289 681
19 305 121
264 139 443
117 357 171
355 145 564
369 11 183
191 375 835
1 321 151
396 55 505
87 222 682
198 176 481
352 424 449
246 159 904
91 216 601
251 305 393
77 199 650
145 55 641
189 81 894
178 290 427
361 17 539
409 21 818
74 185 388
173 176 201
148 186 459
146 70 307
207 229 264
149 249 279
127 31 890
41 101 636
193 100 525
19 47 397
294 249 910
53 243 244
20 81 354
417 205 2
221 97 677
171 83 636
166 11 774
430 91 904
216 371 617
71 227 472
361 201 513
248 258 310
50 291 443
118 350 112
45 306 478
211 292 21
61 205 685
132 85 667
429 309 748
91 257 82
55 11 873
43 344 63
12 350 491
335 51 651
347 213 39
371 361 167
266 406 708
231 183 391
310 39 685
147 1 508
193 318 221
163 337 141
93 23 882
61 111 599
233 36 796
63 399 169
166 352 651
51 410 432
290 417 815
413 167 766
225 198 280
1 265 133
343 7 411
271 130 489
194 214 742
167 336 349
1 379 453
41 139 814
301 381 863
349 353 362
163 392 309
28 336 479
153 212 396
241 265 494
230 321 777
209 427 318
39 315 663
37 99 806
421 157 93
11 306 850
311 345 914
329 65 641
17 132 439
71 322 402
205 367 67
1 154 38
267 201 824
190 425 65
186 111 979
311 201 542
35 271 780
416 119 248
227 25 903
156 417 444
28 357 759
319 77 116
43 259 300
273 257 994
87 233 631
276 263 700
201 391 643
358 277 595
75 426 218
133 90 943
380 401 383
167 140 533
23 134 235
195 131 486
161 283 735
389 165 255
23 70 570
321 207 458
428 81 424
247 167 745
381 307 300
103 202 61
43 7 65
387 139 9
353 8 345
195 212 217
173 263 328
211 388 215
351 359 175
251 173 84
151 73 534
429 227 517
421 343 473
356 241 696
155 356 856
49 203 86
320 149 151
390 407 517
271 199 767
259 346 392
23 83 649
56 426 204
87 251 894
69 371 255
367 355 887
117 265 340
335 381 944
235 331 706
113 263 820
109 221 423
91 305 843
228 325 186
1 248 958
343 73 908
141 162 759
209 169 115
156 287 798
237 215 560
300 377 147
110 356 357
399 8 535
1 158 917
307 270 500
369 46 619
157 83 998
102 327 137
307 357 929
70 271 319
91 369 182
243 220 6
196 87 257
417 144 935
66 205 304
165 44 401
192 51 766
109 180 393
127 393 785
195 252 976
262 41 256
151 165 503
171 29 54
49 324 358
81 156 582
141 147 985
9 197 599
185 206 639
127 221 310
315 413 117
371 307 152
1 133 433
275 301 665
311 379 527
44 212 428
376 269 293
256 376 408
325 81 175
233 361 314
429 285 757
430 71 818
311 191 41
99 205 924
33 111 817
135 69 419
71 253 561
367 202 421
346 89 75
373 346 621
225 140 336
173 397 11
382 217 393
267 394 921
108 409 149
207 37 16
49 366 282
126 309 829
280 366 820
154 127 438
240 275 856
319 101 165
249 270 930
241 248 911
411 51 584
43 55 894
75 211 942
89 87 454
250 352 665
423 3 150
40 1 764
24 259 929
37 371 280
163 141 605
111 87 260
5 50 609
178 33 504
426 169 836
21 67 766
299 143 766
221 425 177
301 291 859
401 323 130
285 179 680
249 299 497
372 193 470
179 363 304
133 251 981
49 75 622
361 317 558
102 61 26
263 133 722
110 9 66
266 101 48
386 33 627
146 271 104
215 123 163
61 327 625
289 124 477
139 229 241
261 253 394
135 271 896
71 169 124
253 39 883
331 309 833
241 355 152
261 46 637
239 299 500
61 358 528
323 89 375
302 379 200
215 425 637
171 137 62
87 396 664
361 161 476
233 243 939
399 351 103
15 389 714
427 246 780
201 105 754
101 93 211
221 409 522
395 45 592
98 336 730
269 237 684
159 269 968
229 97 437
399 83 297
4 355 731
44 75 433
219 367 660
296 403 452
23 247 744
406 61 99
136 55 147
278 317 747
31 243 953
403 137 103
131 137 492
27 311 890
87 321 258
31 8 184
417 230 670
41 173 863
13 292 492
47 235 1000
161 373 731
403 193 963
261 317 928
149 131 746
305 231 549
265 271 673
381 417 285
345 1 254
381 196 166
260 411 772
181 121 31
395 391 212
391 301 744
302 349 585
397 343 253
280 395 671
175 173 678
425 381 780
371 282 888
185 229 492
73 262 882
246 115 626
337 208 581
148 35 883
31 218 799
193 292 107
116 368 966
57 409 693
391 219 139
112 171 806
209 93 635
319 69 613
132 316 909
331 381 962
90 43 598
402 391 941
5 7 739
305 139 607
96 391 491
381 409 71
306 329 51
401 71 189
409 363 333
219 236 349
277 157 91
385 305 593
415 339 99
4 261 477
370 367 372
344 137 947
63 361 904
283 21 91
18 121 535
139 363 151
117 317 65
286 34 699
154 55 188
271 426 505
306 237 832
371 364 610
172 216 726
289 309 356
261 37 66
112 211 28
305 276 680
375 339 174
105 294 645
428 172 955
32 51 633
216 7 954
118 319 880
336 131 70
6 146 205
55 192 354
302 211 723
75 41 232
195 425 175
81 12 478
51 326 47
10 113 766
161 141 240
1 23 709
11 246 778
381 389 190
341 399 467
100 262 490
296 175 160
397 385 537
351 186 949
400 65 474
366 5 944
173 257 928
359 239 707
111 35 937
153 256 766
165 102 553
313 311 372
42 424 871
17 269 505
279 355 723
246 333 670
336 261 646
297 368 907
350 380 128
295 101 245
301 279 669
258 261 241
426 71 991
368 272 849
77 259 931
341 225 282
129 301 238
379 11 438
203 311 854
99 357 399
383 325 369
86 277 197
115 329 338
430 165 25
118 37 168
201 193 23
253 97 432
353 141 292
393 281 919
207 388 513
167 202 504
15 43 120
274 426 279
193 192 966
401 173 354
31 191 524
317 201 463
307 201 447
397 345 145
425 11 438
31 263 906
356 301 442
216 313 570
315 103 832
367 376 40
159 425 123
185 427 170
307 226 393
161 261 372
191 111 776
111 369 197
384 157 565
51 85 484
251 329 397
349 376 924
356 346 227
137 221 140
364 201 12
121 218 829
397 421 777
229 1 137
113 47 734
221 135 541
98 236 924
198 1 75
211 176 102
175 266 957
343 153 951
85 417 677
356 72 716
343 131 444
401 321 742
51 351 843
251 29 723
89 386 522
107 261 349
315 341 74
193 225 164
394 85 948
149 335 376
386 217 430
300 149 720
413 240 588
404 16 980
335 151 678
366 125 898
23 47 5
385 427 739
83 59 785
91 81 170
409 28 148
69 93 202
150 242 418
315 402 114
393 355 67
121 19 375
101 269 592
405 409 74
85 141 45
81 139 943
398 416 142
300 255 385
75 375 68
111 363 495
283 63 162
281 265 674
401 231 23
91 69 548
421 363 68
39 381 294
138 306 545
197 171 635
45 421 453
371 173 395
259 420 908
21 112 252
23 315 369
291 6 688
430 61 873
145 329 940
201 122 216
221 396 411
230 157 902
20 198 279
425 361 878
254 99 552
211 111 628
272 121 81
378 31 264
388 331 834
318 25 12
248 145 562
211 341 923
181 148 518
27 59 73
371 93 779
203 293 866
391 250 535
151 81 602
231 193 95
299 427 280
152 233 992
350 117 777
386 31 977
399 218 265
277 95 580
225 197 67
401 319 898
254 123 261
81 365 908
148 182 350
403 425 617
37 57 327
267 120 303
241 203 634
385 130 626
418 393 914
61 69 106
57 1 304
335 132 52
308 131 305
281 420 990
235 226 286
287 335 779
114 174 360
28 221 337
131 191 46
36 61 83
26 247 739
115 405 202
165 307 819
347 259 559
401 429 248
191 147 893
133 216 988
377 205 619
418 345 471
157 235 711
189 127 9
69 76 341
92 11 338
73 328 858
107 374 787
146 48 959
123 119 792
391 55 71
8 51 920
406 401 765
19 228 206
286 407 989
188 21 706
175 304 707
1 161 710
426 102 806
91 261 326
335 119 467
76 143 80
139 26 220
367 145 105
136 83 301
141 291 348
306 114 228
36 289 263
302 265 419
230 243 792
71 11 788
115 171 54
78 345 181
389 219 457
173 256 879
387 267 706
261 351 907
371 94 864
188 58 993
10 76 68
72 291 566
36 100 68
184 411 596
178 219 366
93 362 128
399 386 714
187 348 571
106 356 975
373 65 870
183 132 256
345 141 201
367 87 620
396 159 408
404 288 986
97 173 698
225 291 901
293 105 735
301 165 38
19 38 823
107 180 559
221 231 56
11 319 11
362 163 625
285 201 383
7 147 691
111 385 389
44 321 833
230 336 165
315 226 833
265 171 386
352 322 925
217 1 611
347 303 441
395 51 392
416 403 415
359 120 612
277 17 49
143 2 679
79 121 376
153 178 786
21 163 773
233 325 500
179 46 753
356 117 690
203 171 290
51 131 267
333 271 463
371 416 613
293 301 92
152 255 938
74 398 852
349 201 359
380 101 760
301 253 290
77 345 508
400 421 913
373 255 583
371 201 218
58 282 978
22 87 421
277 91 258
161 193 730
401 345 422
111 321 359
225 422 995
401 243 783
119 1 722
101 401 325
156 406 773
181 81 624
181 253 88
240 400 341
410 55 51
141 267 782
75 203 693
379 17 87
196 237 708
359 5 390
283 41 360
101 236 955
103 157 484
251 44 958
226 401 837
357 345 348
126 362 727
201 416 290
39 140 696
87 223 115
294 153 696
295 58 671
41 29 374
53 256 543
365 376 230
69 159 6
32 205 407
255 312 792
332 209 44
429 251 42
378 331 367
387 91 206
291 173 446
325 141 352
155 279 544
213 223 377
31 19 749
331 17 222
342 75 912
5 115 395
57 121 160
269 391 104
376 135 391
307 291 170
373 5 433
335 79 788
199 376 956
407 49 242
34 25 59
70 189 956
211 136 605
109 286 990
41 87 279
275 141 261
376 239 738
311 305 628
123 219 703
71 258 603
50 110 962
331 329 919
288 75 812
331 163 749
55 15 855
413 382 987
419 71 125
1 212 950
54 133 738
391 119 161
163 75 316
103 405 722
17 329 953
349 271 229
86 1 55
11 116 440
315 235 715
179 361 31
355 247 865
267 25 901
155 141 43
189 393 789
50 349 763
4 64 514
383 167 809
149 299 70
95 385 981
382 364 279
173 415 444
233 92 808
91 335 535
344 288 193
334 183 321
146 39 279
77 93 927
337 391 267
45 77 350
105 123 432
91 183 771
121 405 783
154 95 821
419 401 490
201 403 607
91 153 964
35 26 18
19 65 233
88 301 704
82 119 709
379 269 646
24 81 846
64 11 110
293 381 548
1 207 588
261 11 767
127 249 754
411 73 472
411 32 36
205 170 418
131 39 864
346 121 799
100 212 521
321 96 244
167 191 493
77 67 728
159 273 879
171 391 945
226 406 425
31 196 740
107 286 670
351 189 333
130 57 250
63 391 500
129 96 100
171 411 694
94 407 885
278 280 413
413 43 966
202 259 85
281 71 327
146 114 506
153 76 656
206 415 451
34 231 909
186 363 765
371 351 739
33 76 985
400 44 852
158 208 617
418 426 171
261 241 631
425 372 392
351 388 675
93 429 656
251 136 128
419 254 249
281 311 441
65 11 185
131 105 519
316 341 748
45 7 93
111 102 290
217 261 517
139 175 336
252 61 28
251 333 38
175 141 634
99 268 818
282 137 314
111 405 310
206 401 494
281 89 48
7 369 703
159 257 371
354 191 215
251 99 405
285 216 368
367 122 297
379 216 286
271 391 785
141 375 19
340 25 255
430 35 833
287 1 435
201 344 545
381 292 189
19 303 683
242 234 382
227 178 848
407 36 943
146 160 135
111 271 743
168 256 33
131 61 340
71 156 840
131 251 710
73 233 580
279 163 255
35 429 701
307 93 479
243 131 693
81 7 219
121 211 198
167 199 900
236 230 456
281 157 576
165 385 37
195 289 150
309 55 953
222 353 724
48 93 541
248 51 184
121 227 30
241 286 486
95 359 683
82 298 272
155 327 824
303 77 119
341 183 166
377 293 375
283 347 745
286 33 16
151 349 459
293 131 664
369 43 46
299 311 609
63 45 190
360 227 958
429 131 645
169 305 526
87 371 819
23 144 351
346 57 359
85 387 522
181 64 969
363 410 820
307 349 202
48 199 209
224 201 348
381 241 100
149 415 899
427 6 133
425 427 654
39 341 591
361 30 280
29 66 217
216 383 369
136 421 587
141 290 711
126 159 102
131 314 863
406 52 620
203 13 208
81 117 421
313 266 686
318 288 173
98 363 401
166 142 539
430 19 487
131 391 572
285 21 996
191 225 783
107 379 441
166 75 319
185 226 901
255 379 699
48 211 608
225 69 652
105 401 660
422 391 366
242 332 111
21 171 621
378 1 364
125 129 297
131 385 559
89 141 449
198 66 684
173 203 959
23 353 612
97 400 470
221 267 187
381 132 447
33 67 91
343 172 413
265 335 598
1 89 332
293 98 545
127 301 335
411 161 149
1 2 231
126 3 680
51 281 951
141 329 688
97 131 114
252 259 554
59 411 677
103 264 688
329 75 891
141 63 949
1 39 146
311 221 828
41 211 301
335 191 818
201 339 481
132 264 290
125 38 643
107 3 223
259 236 112
25 85 435
141 347 378
173 69 662
277 387 416
194 105 11
163 417 121
356 165 199
56 407 960
189 45 552
313 41 79
226 191 295
141 352 624
343 232 121
330 341 440
397 243 752
120 311 399
401 169 56
157 22 764
17 89 675
335 101 125
40 137 873
336 130 892
135 358 857
155 384 959
101 276 988
346 31 420
301 137 496
62 168 856
189 162 399
329 427 257
67 73 643
311 46 836
254 141 11
52 425 296
252 241 302
263 72 329
119 227 728
300 123 749
378 421 567
264 239 367
384 67 994
69 111 150
216 145 726
83 361 918
1 201 930
375 281 580
254 381 715
153 11 128
105 371 716
237 151 133
341 48 850
350 119 768
83 333 389
189 82 153
111 351 226
141 165 653
33 104 699
71 101 290
214 321 698
247 345 328
61 163 193
392 9 877
411 28 848
276 73 787
235 107 167
221 273 692
262 129 846
233 254 517
209 161 658
140 169 609
16 142 607
61 334 653
59 279 125
21 319 186
165 267 159
50 146 504
54 420 969
87 315 719
36 327 614
407 227 255
331 109 566
241 262 778
177 183 660
179 11 118
309 11 949
235 354 783
389 197 985
98 221 698
285 54 807
90 97 631
239 25 513
401 3 887
48 354 958
46 169 902
147 245 897
173 101 34
287 79 943
337 64 701
345 389 138
153 411 696
28 331 909
387 219 637
181 254 761
285 111 739
47 43 428
44 401 988
59 378 448
285 304 72
247 303 413
403 413 581
41 367 523
343 398 805
57 355 785
141 407 412
355 376 216
391 396 93
145 6 49
337 303 546
241 403 90
147 41 469
95 61 435
367 369 320
223 186 559
121 61 927
106 391 758
195 387 384
246 241 882
349 357 555
164 154 657
71 191 615
92 235 555
25 171 987
229 275 365
189 296 426
326 176 503
259 219 452
48 255 669
107 21 510
287 5 976
260 156 721
51 31 218
277 231 547
69 100 551
257 423 706
411 101 832
306 197 904
371 211 159
305 65 18
281 274 965
161 385 860
18 339 533
393 345 247
386 38 988
53 373 390
395 31 986
415 425 248
181 23 441
35 201 32
156 391 924
221 362 233
6 130 911
107 281 881
292 121 4
181 9 917
398 169 693
99 355 223
233 128 339
117 69 529
235 153 893
361 311 864
294 371 659
121 413 954
329 201 123
349 11 656
268 127 834
321 357 795
45 394 450
36 167 281
329 171 662
7 197 624
243 400 756
183 263 804
393 113 333
201 347 219
25 189 154
241 21 32
420 57 474
275 138 59
13 45 635
62 64 212
341 23 178
413 415 857
356 231 587
281 429 102
423 402 924
86 343 420
368 370 343
361 322 934
48 83 804
20 381 609
398 415 429
409 374 317
195 352 943
346 221 683
117 29 646
382 421 600
168 75 542
177 80 815
181 123 662
318 71 724
140 91 429
182 225 48
409 36 260
244 171 109
353 121 543
141 360 481
114 23 899
152 71 591
384 296 236
87 104 973
365 393 749
10 357 946
261 157 828
173 299 123
35 161 848
286 15 39
225 266 286
219 377 837
160 406 544
105 413 118
15 213 466
231 358 240
227 233 885
105 264 295
11 161 806
219 102 224
296 417 87
380 417 729
365 192 875
7 185 414
220 1 770
191 141 571
271 397 697
195 371 832
63 321 98
60 71 165
213 396 245
363 167 32
319 266 475
61 216 569
391 66 15
83 119 9
371 304 974
243 325 910
103 363 90
119 43 632
213 71 138
55 213 607
403 154 589
16 310 913
83 11 307
89 416 994
379 155 925
325 331 875
303 401 150
96 403 376
71 369 758
230 264 299
29 286 527
58 141 51
284 215 66
249 323 148
171 351 361
227 355 317
28 195 232
338 230 926
11 31 671
21 275 16
317 383 555
99 4 779
411 316 410
211 373 625
247 421 86
311 295 593
219 1 283
201 249 441
73 376 212
212 139 892
12 107 184
319 376 880
261 15 867
157 231 802
379 370 425
131 141 434
145 206 810
40 47 874
296 46 396
321 201 298
150 141 837
31 91 39
295 189 829
61 331 226
15 383 376
43 192 476
178 277 301
291 145 612
367 271 332
393 237 686
95 168 163
201 107 364
146 1 617
428 378 534
50 309 518
97 302 574
351 191 255
1 423 559
394 191 427
340 19 528
214 299 471
127 98 318
231 165 992
135 190 86
208 351 684
356 103 62
155 195 469
108 277 967
65 280 782
347 273 503
102 287 76
392 357 954
41 324 616
184 285 977
411 337 636
401 229 573
307 183 100
191 15 768
111 119 737
309 386 263
172 247 827
121 43 874
126 40 537
401 325 567
152 185 610
58 106 17
391 343 890
27 148 386
403 263 858
192 233 144
361 351 941
414 32 817
155 256 179
216 107 231
65 238 851
70 309 611
92 341 134
93 111 658
7 95 797
114 386 780
193 103 535
29 148 933
281 369 922
29 11 392
217 241 198
335 66 57
311 146 375
377 289 68
353 231 564
9 251 295
367 223 99
217 25 234
232 280 76
235 400 659
348 315 539
309 56 639
157 87 741
309 235 853
270 114 902
45 32 189
421 381 765
116 36 992
74 113 142
15 363 613
347 423 676
171 221 856
191 114 330
326 55 995
1 109 844
161 333 961
233 269 543
141 225 715
151 3 791
133 293 244
374 218 950
13 239 818
406 307 217
215 181 625
57 310 250
277 36 342
361 291 124
41 372 239
100 401 97
5 57 643
59 223 973
208 242 613
5 23 696
151 169 249
287 331 250
1 331 572
147 51 208
32 200 267
11 181 374
327 311 156
391 257 126
171 129 874
410 133 334
391 167 328
203 371 281
277 327 935
426 147 970
142 131 750
75 184 624
285 10 270
26 81 307
99 339 420
143 11 456
377 51 594
6 45 837
27 241 437
3 88 250
351 10 681
255 271 169
251 4 686
81 141 721
173 276 766
381 346 939
131 13 719
429 1 314
251 376 725
311 117 407
171 167 614
419 107 745
70 257 58
241 41 617
373 136 93
234 25 772
1 179 215
211 421 557
82 147 685
193 411 835
5 410 287
336 285 203
173 7 207
121 2 740
207 95 600
361 101 869
35 224 351
50 386 17
381 67 237
352 261 757
35 137 651
101 191 143
91 285 30
248 279 116
75 314 628
27 126 246
179 378 36
89 81 930
107 190 363
396 381 484
379 322 48
131 401 515
27 389 321
322 105 732
403 173 159
396 101 956
411 261 665
122 357 738
185 222 908
57 295 779
47 211 873
179 150 406
166 20 59
55 375 761
161 41 924
131 221 369
344 15 514
18 243 294
141 120 835
87 242 493
157 212 421
147 197 202
347 304 836
131 187 479
208 409 988
246 156 418
121 116 963
127 7 224
75 261 39
429 65 431
269 317 339
263 111 76
316 296 858
291 214 907
252 16 945
223 181 668
79 405 321
377 225 385
405 351 143
65 350 465
231 339 882
289 203 468
85 91 744
95 182 688
372 226 418
137 97 396
64 400 896
35 17 773
149 191 481
29 127 431
1 5 575
345 148 22
231 11 977
402 256 932
31 331 964
255 429 591
323 419 811
263 101 555
58 147 497
300 135 491
349 314 522
81 250 459
296 381 845
113 266 741
28 283 450
201 191 947
361 287 641
304 308 333
18 241 455
316 359 428
167 133 203
134 173 176
399 331 721
17 20 119
400 397 56
311 101 657
425 175 687
311 303 391
263 102 526
5 270 995
99 26 624
396 427 161
131 59 180
94 258 26
277 206 892
233 56 239
51 161 414
414 181 589
113 249 412
391 16 40
419 161 940
11 281 164
6 101 384
406 223 561
299 229 488
26 61 912
413 267 776
151 68 31
423 391 473
79 1 789
135 178 623
237 91 140
365 217 927
223 115 873
288 217 664
165 181 262
238 231 473
390 221 570
413 31 344
367 51 559
63 28 623
242 132 857
31 329 722
23 405 394
397 147 168
191 302 207
75 99 307
33 99 942
83 221 971
371 373 369
66 267 359
299 288 418
177 216 911
41 272 640
28 193 682
169 265 818
365 335 280
256 15 804
399 381 442
388 377 586
198 383 409
287 259 379
283 212 48
214 315 110
382 82 803
401 344 341
419 283 609
116 294 456
121 129 566
241 218 966
126 1 24
290 276 245
341 53 401
3 329 964
81 377 210
338 414 73
59 355 959
237 401 550
166 421 523
131 107 395
161 229 828
47 307 604
145 201 878
276 301 264
87 397 933
397 106 598
195 341 629
275 271 840
160 341 639
276 331 411
3 279 714
71 119 70
401 91 325
77 59 728
343 35 106
31 381 455
158 187 727
111 407 146
396 23 109
185 181 293
311 393 812
210 77 664
249 161 518
97 333 325
245 58 483
297 73 703
411 307 182
195 136 172
401 257 882
231 355 318
99 217 994
303 81 482
37 366 581
41 39 752
231 21 849
374 416 185
121 161 435
164 116 998
349 95 596
231 173 768
366 173 388
15 315 510
108 101 511
386 29 974
171 49 2
237 95 740
331 137 330
293 121 826
285 63 999
43 173 634
53 95 373
29 79 395
225 179 593
88 316 764
103 191 775
323 251 207
373 36 896
287 327 240
131 249 385
115 221 697
368 173 172
19 171 58
58 76 332
25 363 618
39 285 236
327 274 50
175 419 809
65 41 819
7 335 755
107 345 82
294 227 106
149 357 277
281 69 760
33 428 660
173 281 409
59 197 817
201 117 128
387 391 603
250 254 411
21 363 402
160 194 326
377 345 934
333 181 266
227 354 415
287 9 199
7 175 650
279 6 898
117 307 830
57 189 73
192 295 524
40 356 224
409 145 683
263 293 970
253 81 598
429 145 305
249 253 751
87 29 202
117 47 517
367 286 953
167 81 834
231 391 134
53 57 373
257 44 843
91 84 569
219 184 390
3 181 199
157 241 641
227 371 151
151 411 296
249 39 784
349 279 195
381 161 897
8 268 823
310 10 955
297 69 310
173 166 39
285 323 825
383 230 984
255 109 146
358 170 664
31 73 855
345 301 286
81 77 760
153 238 199
271 163 322
21 185 46
196 171 837
27 12 356
235 333 297
423 78 952
388 19 130
85 6 932
397 356 721
367 137 674
422 289 644
165 294 381
361 8 323
403 257 247
377 355 96
345 187 560
58 164 8
161 151 34
356 385 683
69 73 553
61 7 9
362 232 388
266 247 684
79 210 981
428 170 574
329 262 711
396 173 936
75 411 709
117 421 488
338 63 34
363 367 709
48 106 343
247 157 183
107 121 792
171 308 8
25 37 444
27 381 743
4 259 938
377 303 846
321 385 844
255 229 571
199 263 70
207 236 504
311 225 980
165 135 7
269 277 707
317 260 320
205 131 659
385 57 670
231 99 381
401 90 34
231 365 145
309 7 809
281 381 704
205 96 221
135 130 990
29 255 453
407 261 56
125 64 841
45 16 498
71 151 625
186 143 63
339 29 445
101 405 245
114 91 411
148 61 507
191 24 55
261 143 555
201 286 169
305 300 836
4 8 264
231 73 332
201 146 645
13 33 929
43 345 573
1 73 163
287 181 299
75 241 261
245 13 513
336 426 92
153 381 594
197 274 139
47 203 563
351 27 980
215 347 557
131 411 157
49 389 411
191 195 845
241 205 377
140 390 528
105 137 589
309 271 95
201 165 324
145 315 446
345 79 997
390 101 67
93 244 773
1 82 143
273 180 371
211 268 761
403 86 610
361 98 791
219 245 202
185 23 192
366 267 811
412 76 898
141 185 159
1 376 260
127 104 460
306 273 373
393 321 534
406 381 538
351 81 999
223 153 900
155 91 740
71 31 894
75 327 990
244 225 782
201 8 402
123 245 354
103 249 166
321 149 913
234 135 65
271 246 95
171 352 51
381 334 36
14 72 52
75 183 1
56 139 940
371 101 935
213 87 504
263 95 663
113 1 509
267 217 727
165 26 134
228 93 249
357 289 843
317 360 905
31 1 724
391 287 132
105 346 158
181 297 289
108 123 896
396 241 704
51 121 11
307 81 539
116 139 194
173 86 256
69 289 254
321 103 394
347 299 997
286 206 359
97 21 547
340 55 282
297 281 311
42 137 624
120 223 677
261 159 471
163 397 951
258 93 271
285 185 492
286 271 396
27 291 161
161 171 397
96 296 714
255 397 351
131 209 193
373 183 358
376 305 419
72 416 161
157 300 888
129 148 171
354 274 468
306 351 34
51 89 770
317 232 330
187 361 661
102 119 210
409 163 706
241 31 966
179 68 900
401 135 589
184 21 655
49 353 733
146 359 153
61 86 986
186 56 525
173 153 340
263 393 480
17 218 167
296 385 693
223 271 133
1 8 912
426 103 324
176 144 202
347 296 627
393 106 477
75 276 150
93 166 166
228 21 409
117 101 127
61 287 158
255 55 426
111 306 298
183 21 871
257 355 418
103 179 981
78 95 186
424 60 886
311 409 351
359 81 218
197 153 453
124 173 884
239 87 747
115 121 490
316 117 378
155 146 524
427 321 657
122 180 59
375 93 431
227 287 142
210 423 323
151 5 932
229 311 872
296 386 592
276 403 796
169 231 646
403 5 550
38 283 461
430 11 393
1 25 495
275 31 321
217 216 459
1 105 668
26 86 271
341 401 970
35 381 254
348 345 29
221 303 13
182 141 75
71 77 532
1 259 680
45 336 825
209 420 682
245 145 571
323 345 26
157 200 276
257 413 231
59 187 104
217 120 207
305 417 423
245 71 618
102 394 756
391 99 919
180 349 979
173 267 806
354 337 829
117 207 169
58 49 666
365 269 894
217 65 731
346 247 130
251 335 282
57 251 43
9 269 814
71 203 745
279 331 510
301 119 172
171 149 909
336 227 237
287 321 4
423 310 830
348 15 348
191 343 196
389 272 778
31 106 144
185 137 730
211 127 367
92 107 440
231 113 256
293 156 247
199 418 832
147 359 285
117 386 151
195 93 816
256 358 715
379 122 801
231 206 285
137 363 825
180 155 85
261 51 593
225 397 918
71 387 760
211 231 193
161 91 281
113 105 557
346 336 495
381 407 724
63 393 388
33 325 419
209 188 537
90 355 195
66 187 750
161 96 315
216 77 990
337 135 179
85 301 488
111 31 864
127 387 537
76 171 492
296 67 66
239 146 451
247 327 209
311 289 7
283 411 467
303 425 813
172 421 225
61 151 255
348 155 21
403 184 688
259 358 691
154 345 464
331 359 913
415 333 412
311 399 428
271 16 194
315 261 906
77 251 878
23 99 716
53 295 222
311 175 306
291 276 761
286 101 243
393 7 835
322 64 702
187 89 426
206 210 22
335 421 192
131 413 517
331 154 399
203 207 574
44 245 905
211 74 894
83 241 845
11 146 155
353 299 489
153 355 947
229 121 917
297 56 293
55 333 860
261 101 919
289 33 427
421 215 443
422 71 509
55 89 270
329 275 698
77 155 19
403 49 527
16 166 225
193 219 47
197 3 593
410 411 136
346 81 819
148 278 777
355 362 539
179 116 870
88 141 967
75 138 90
195 239 912
427 237 77
391 176 588
214 257 836
257 352 831
137 217 889
246 81 322
75 302 497
261 65 155
313 229 318
41 281 860
11 291 310
7 261 733
351 61 637
171 259 431
290 270 944
365 249 2
34 215 703
341 37 462
393 319 628
155 301 227
167 236 367
167 103 963
343 14 142
7 136 149
173 145 646
1 299 643
364 87 578
414 211 343
339 412 797
355 253 310
51 364 266
18 383 35
55 348 959
211 271 578
131 155 793
171 354 701
389 175 511
211 134 403
147 9 499
83 185 188
97 47 811
159 323 499
151 226 366
107 45 669
7 267 471
206 271 148
173 316 713
116 390 198
191 171 811
375 49 445
358 373 586
335 15 147
223 249 670
269 68 501
251 354 269
361 37 316
198 195 211
3 95 645
323 291 804
215 191 979
274 142 892
325 61 151
391 69 942
191 347 674
416 347 243
118 184 519
151 271 419
83 165 986
123 390 617
360 137 844
95 252 972
273 429 135
345 417 571
81 163 309
199 326 993
35 66 627
303 365 30
76 199 319
111 335 239
110 341 764
171 65 880
185 276 330
379 366 488
359 315 286
76 288 173
231 161 876
206 9 565
418 329 928
220 187 574
211 79 852
354 351 630
321 271 179
301 185 213
76 166 566
191 389 140
370 36 15
221 107 615
235 216 602
405 335 397
360 111 892
183 272 835
113 422 13
28 364 71
253 31 785
351 308 479
232 141 895
249 207 631
341 123 541
327 190 761
265 216 849
329 34 59
251 115 342
221 353 236
150 383 385
195 411 781
22 166 552
281 201 396
91 306 781
40 121 201
134 357 728
239 419 756
364 7 445
161 177 760
211 42 79
415 145 599
29 421 288
267 349 912
107 413 153
19 370 45
366 199 173
81 134 936
197 343 35
339 352 575
327 430 931
166 59 980
343 117 835
93 374 699
117 155 17
391 116 249
426 429 751
269 99 894
135 407 298
133 285 741
264 131 478
425 267 488
31 358 34
50 286 441
139 251 263
131 56 639
165 349 568
36 163 376
5 365 366
226 393 62
239 165 762
187 395 428
323 1 223
13 358 671
383 201 706
386 121 340
281 351 88
61 100 780
401 82 733
305 277 782
421 77 433
37 387 28
259 108 276
195 347 916
51 313 886
231 156 675
81 362 591
150 130 348
41 395 3
234 37 441
101 333 883
159 419 882
315 254 626
232 169 527
146 413 857
13 81 979
397 341 141
73 207 982
74 214 242
249 271 321
303 34 395
41 427 77
341 85 299
405 332 403
345 351 560
247 245 829
117 302 865
311 317 540
365 348 727
210 361 353
8 159 941
19 226 209
336 260 512
409 17 165
245 60 381
261 45 125
129 268 447
116 252 133
163 401 691
255 305 961
130 56 451
279 220 194
93 120 478
271 67 114
381 101 146
343 424 523
3 177 592
411 54 434
141 243 316
227 335 289
95 381 464
119 250 301
5 157 278
241 341 667
76 386 705
236 169 982
169 397 445
291 136 258
75 322 466
198 135 657
168 111 882
291 297 574
240 424 612
189 15 23
39 287 104
122 386 740
15 119 238
66 123 886
398 302 931
382 109 80
271 166 543
387 334 651
239 318 652
48 171 727
9 156 612
105 35 98
367 153 303
279 251 930
291 153 130
87 380 378
260 233 324
417 271 203
17 6 555
13 357 609
64 155 381
41 8 980
141 294 788
7 275 995
259 257 641
221 110 920
1 326 867
405 235 868
287 226 272
69 411 536
331 430 718
163 139 560
74 393 449
43 215 287
42 344 494
395 353 510
61 137 659
115 169 804
329 245 534
380 188 514
75 291 572
61 124 393
86 363 471
411 163 526
321 173 270
141 287 479
7 30 521
163 7 914
223 129 105
21 173 150
205 296 488
23 413 570
377 422 978
221 296 445
70 347 510
251 307 802
421 71 317
309 317 562
213 405 82
307 76 382
283 19 523
256 221 614
28 180 384
421 1 690
358 360 191
213 313 122
261 186 450
341 280 336
109 179 858
310 197 876
91 351 205
103 22 175
147 6 583
263 309 329
51 113 897
8 91 122
177 335 125
391 335 187
116 117 971
105 173 675
405 81 7
95 205 334
415 157 895
91 353 542
11 380 250
101 33 773
348 175 991
181 411 295
141 107 45
333 127 709
77 409 781
88 61 437
286 261 166
391 300 463
223 256 894
1 177 812
365 311 380
127 229 341
183 418 67
41 54 738
316 231 661
296 81 145
367 139 253
383 156 792
416 173 462
159 57 453
321 425 388
155 304 642
48 419 853
419 9 349
65 424 840
163 1 827
412 330 786
151 279 745
108 236 63
203 275 912
411 409 282
287 250 954
191 275 507
297 187 896
187 81 807
91 111 671
50 92 290
265 355 305
356 271 638
181 191 20
406 428 689
221 234 856
321 176 475
217 109 824
391 381 960
419 215 119
243 107 108
81 363 744
91 115 532
281 241 55
11 79 392
326 23 462
155 283 99
47 230 871
413 406 344
231 76 543
51 421 647
127 73 67
25 281 601
275 346 151
1 4 936
4 241 100
163 91 66
219 203 262
164 118 489
151 176 562
61 15 991
64 116 535
255 291 593
299 56 287
398 230 284
293 137 503
234 115 364
58 103 286
321 259 339
121 76 228
169 254 400
331 367 913
158 411 143
306 67 86
3 226 52
357 381 182
141 406 965
26 407 837
245 14 841
107 119 628
35 1 395
269 311 628
341 385 65
319 291 622
392 26 18
311 150 102
427 96 114
104 111 555
1 297 503
111 36 250
13 44 526
378 165 776
14 42 389
241 156 173
161 152 328
341 243 718
148 306 355
273 217 412
329 391 671
181 249 94
11 401 241
350 430 996
391 352 316
403 178 587
55 267 619
108 151 866
197 308 979
131 214 925
395 213 175
75 105 838
61 391 80
371 189 760
213 149 711
97 230 743
47 17 926
281 128 252
326 221 11
157 311 929
333 236 852
205 401 760
376 331 395
413 202 754
9 351 362
153 334 556
13 41 200
79 323 235
143 43 790
1 339 960
395 183 5
91 38 526
89 252 519
245 379 805
173 13 858
250 339 348
106 83 292
213 191 639
251 123 293
221 111 60
227 307 636
4 348 567
77 24 427
111 377 507
69 201 940
371 75 149
401 181 900
51 429 309
151 338 215
285 60 246
243 377 960
173 365 745
311 355 63
96 84 227
147 111 455
1 251 889
5 251 898
397 22 450
81 317 31
364 373 156
75 256 931
351 165 411
236 50 299
211 407 908
318 325 973
306 1 475
366 231 271
171 216 288
166 305 569
1 333 596
305 201 831
353 131 925
99 147 502
41 1 921
273 91 528
193 223 669
401 1 201
206 343 706
279 259 478
275 1 30
401 423 75
276 359 427
125 2 648
421 85 444
395 328 316
139 382 501
371 130 300
421 97 55
162 91 190
199 351 538
93 372 893
259 333 148
26 42 358
263 385 497
164 13 206
389 266 901
229 215 253
392 203 692
131 199 970
41 218 601
368 66 42
298 131 18
150 289 802
35 53 998
7 179 211
335 271 332
413 6 693
231 214 928
145 79 298
321 141 373
179 252 869
421 111 888
335 3 806
311 243 146
51 343 269
246 168 700
76 154 835
172 381 158
111 273 454
117 407 929
175 331 451
81 168 429
81 121 205
87 129 207
267 228 335
273 417 676
49 261 599
374 345 128
412 167 736
365 221 573
297 161 849
361 254 852
21 279 265
69 266 497
357 200 683
374 239 100
40 351 555
76 191 677
36 34 545
68 170 670
38 343 323
69 108 125
31 423 399
29 365 149
35 36 863
230 341 288
59 110 419
35 323 970
406 269 502
382 373 803
259 374 347
39 273 472
382 396 52
213 181 266
179 99 791
117 111 111
16 229 783
191 166 439
93 1 262
291 385 496
107 229 957
201 327 768
10 136 210
113 171 389
377 19 448
397 263 655
65 392 858
286 112 332
373 177 482
65 149 362
241 201 110
51 101 62
139 150 25
43 236 965
135 158 303
79 225 358
274 105 857
31 201 269
329 61 103
343 31 492
170 341 854
327 391 75
201 179 314
52 11 925
15 87 518
345 118 722
181 52 882
406 185 416
391 353 277
211 98 304
357 205 881
99 104 191
163 25 604
327 229 458
91 211 758
133 61 338
83 299 455
247 181 146
326 47 616
121 317 75
173 197 94
35 41 327
316 142 823
94 173 52
369 4 808
331 81 932
381 339 723
3 259 343
236 126 557
247 101 34
199 309 732
391 203 284
1 386 85
97 99 642
101 297 598
163 285 811
243 346 530
421 269 2
219 89 114
56 5 461
73 289 52
197 51 826
381 231 51
111 199 681
289 5 524
42 411 356
171 406 609
63 11 610
158 343 809
109 101 653
151 427 152
213 299 993
230 235 653
361 9 42
57 169 523
239 3 371
269 130 733
345 309 92
352 191 706
418 102 213
368 91 885
271 156 62
31 327 122
349 207 146
313 343 44
427 363 206
362 353 349
326 141 935
385 87 926
291 311 840
127 385 532
335 263 368
385 71 994
71 326 586
199 391 272
101 47 715
247 79 719
295 251 704
6 405 281
154 61 895
28 237 687
121 231 894
166 297 568
216 386 30
208 281 574
307 247 507
364 110 458
169 37 529
41 351 517
17 397 544
16 409 204
319 287 357
67 291 924
14 76 362
1 403 496
293 407 660
44 173 237
243 257 499
317 67 620
95 153 380
19 421 702
27 106 503
45 165 583
225 64 38
135 367 650
31 153 200
143 182 951
257 381 325
21 256 347
5 89 277
166 251 701
379 271 666
325 326 924
233 27 616
120 271 872
285 386 413
17 337 429
41 263 256
221 41 278
169 2 818
177 61 533
211 387 418
173 367 78
339 37 447
377 285 908
329 273 474
209 1 482
253 176 188
304 216 828
371 345 282
43 362 374
401 285 514
59 341 8
273 335 791
89 191 125
153 107 153
292 365 221
335 83 313
369 157 399
393 291 821
355 413 723
55 254 382
417 63 201
41 128 175
11 91 10
151 101 597
385 224 979
401 195 648
251 81 949
161 268 352
241 219 45
367 253 313
131 7 811
149 146 876
327 343 94
89 193 435
92 227 231
357 306 469
271 413 118
280 179 874
355 315 633
58 98 350
371 96 476
185 255 985
82 381 150
333 46 31
355 361 419
111 151 179
104 255 565
49 79 602
271 231 837
312 185 797
161 389 318
247 201 856
86 13 520
127 185 457
256 101 91
239 72 647
247 425 709
59 405 524
429 230 17
103 161 390
93 423 221
71 189 868
210 377 37
123 234 110
250 281 923
241 275 555
27 346 443
83 75 950
157 169 843
181 45 643
32 304 130
271 101 529
194 411 702
279 131 721
397 366 592
375 147 85
377 226 134
51 60 359
251 109 195
219 375 775
107 13 389
1 307 127
151 174 760
373 299 66
51 271 801
12 409 327
349 36 972
11 115 606
215 383 789
382 265 110
9 107 675
8 61 496
295 17 679
11 245 118
113 259 552
35 387 345
179 198 143
430 412 321
151 11 248
394 241 51
31 233 507
203 120 202
103 409 447
61 82 676
357 121 731
416 317 932
78 403 952
57 291 345
411 50 343
75 349 721
121 396 283
202 378 572
395 234 87
371 31 966
211 9 831
351 277 912
177 357 598
129 335 383
215 275 111
1 206 349
108 261 851
271 315 757
159 183 120
51 375 327
51 390 697
113 225 481
129 29 355
281 341 835
26 67 241
351 25 531
20 23 507
291 259 438
401 219 363
291 407 37
198 81 374
251 119 677
288 391 150
221 203 111
403 415 8
31 301 733
361 139 527
427 73 73
113 188 653
429 226 764
85 333 869
321 175 752
355 243 471
419 340 826
325 117 866
271 232 3
405 226 623
233 273 777
155 49 436
346 142 98
241 353 707
375 406 73
211 58 957
275 218 156
97 96 101
13 22 867
338 242 605
65 43 260
265 103 240
53 404 307
386 411 71
254 211 418
261 67 352
425 316 453
386 421 450
265 331 29
141 77 691
381 211 704
187 301 574
81 231 3
27 111 789
1 197 153
299 160 578
76 271 202
326 271 777
78 49 770
205 366 969
101 61 345
1 347 281
262 161 826
281 385 988
113 95 44
52 304 944
99 140 454
97 31 551
425 273 122
130 311 99
243 405 758
3 121 535
427 131 868
213 358 619
43 246 386
121 355 699
427 121 395
60 325 483
357 382 955
27 50 30
235 251 740
266 162 88
37 334 244
233 353 777
418 210 882
213 283 830
39 337 571
82 187 966
351 73 316
129 199 1000
376 377 236
81 99 677
233 123 352
406 26 512
345 273 462
321 191 860
277 241 792
103 221 500
194 381 719
93 102 975
429 48 140
71 98 319
56 107 857
55 17 232
187 308 995
343 254 976
217 259 934
252 119 719
191 379 799
285 186 523
195 130 162
204 279 196
362 383 581
371 127 444
142 284 869
293 395 834
297 185 862
171 271 571
336 56 884
226 361 687
359 426 373
365 275 549
159 265 251
195 373 166
377 11 744
70 170 400
392 36 682
355 91 310
106 425 817
409 383 195
375 193 653
83 395 131
409 429 753
51 289 381
99 325 545
356 167 806
36 65 561
209 216 796
327 81 741
207 115 10
377 247 242
271 347 883
54 2 89
67 307 158
347 313 167
49 29 160
129 409 628
267 395 853
401 65 876
45 89 463
425 239 987
306 5 306
192 93 937
207 23 989
141 248 368
6 35 18
421 270 24
161 315 687
411 110 515
43 118 501
75 123 876
290 311 9
275 268 569
383 34 328
31 26 283
376 103 567
403 259 232
317 76 274
271 261 770
89 58 723
47 55 129
237 371 858
111 287 119
83 251 632
29 331 780
306 361 34
398 367 396
131 299 793
396 299 99
98 416 344
19 97 637
46 145 614
131 40 807
69 21 291
159 428 849
377 49 40
419 313 677
61 411 222
247 305 478
263 61 768
184 85 20
379 321 505
399 383 7
405 87 76
366 75 312
216 215 281
301 166 836
218 81 812
419 273 362
355 216 557
15 279 105
45 337 555
101 11 950
159 206 954
411 298 604
273 105 496
357 214 310
1 69 847
267 174 446
259 104 56
156 311 394
351 420 227
329 205 641
219 251 788
44 281 302
404 199 17
280 261 235
346 366 580
94 204 794
165 386 172
197 55 171
339 288 696
163 281 289
121 41 299
95 361 530
296 371 689
153 184 257
369 373 111
20 401 298
96 387 708
213 305 408
416 353 485
415 81 330
415 37 249
91 117 589
116 275 396
31 10 654
287 271 854
307 352 786
3 273 529
424 253 779
227 196 817
87 180 155
287 131 824
122 195 165
221 71 405
99 1 463
211 51 767
120 13 499
194 161 642
121 171 870
85 41 670
181 267 950
227 15 182
235 306 444
421 91 764
253 411 46
336 115 294
170 202 313
9 13 346
241 209 336
8 19 503
339 271 876
388 98 790
1 159 493
318 11 915
1 194 960
84 146 689
153 151 6
51 151 746
253 371 346
287 356 914
321 327 136
343 379 104
295 127 553
395 385 868
69 41 267
410 216 542
147 241 309
306 371 726
155 134 329
145 313 417
168 148 586
153 117 923
231 1 443
129 261 590
246 160 638
327 157 692
119 23 437
357 44 495
275 277 918
413 86 921
411 236 398
275 421 102
402 233 301
250 243 115
177 22 919
418 395 821
197 429 511
401 121 743
394 398 180
77 151 863
381 345 158
352 266 745
171 339 539
385 425 97
44 172 295
211 216 496
181 306 785
7 71 930
1 391 893
351 210 991
381 83 692
282 35 249
253 193 154
287 279 544
161 139 59
1 72 942
35 392 57
179 122 776
217 123 865
311 5 52
85 236 42
365 261 174
389 61 715
86 257 65
133 97 252
232 7 7
101 251 219
243 285 392
59 276 219
112 295 874
293 422 474
377 323 557
131 168 424
352 299 671
53 136 292
39 211 136
186 286 615
21 303 249
175 257 340
231 185 960
301 113 297
91 5 560
295 205 838
358 411 641
298 111 317
156 236 554
41 248 990
131 89 917
374 6 916
285 213 620
195 327 777
406 101 882
162 409 187
407 18 852
397 71 296
353 35 610
166 109 326
155 337 918
67 78 281
283 147 207
121 7 593
243 301 805
359 11 971
96 416 833
71 293 376
255 427 246
41 275 981
369 31 713
96 69 279
401 139 78
257 45 333
227 406 676
357 371 637
211 183 341
196 101 297
347 371 251
321 303 350
262 401 377
253 359 206
173 297 847
191 310 463
131 63 730
113 401 897
323 335 57
45 319 384
93 411 109
399 299 935
52 49 610
137 373 156
264 11 209
110 201 277
301 6 4
253 259 674
259 200 666
44 381 533
392 425 353
147 81 275
423 52 933
108 2 472
343 89 480
346 49 588
381 81 339
283 351 948
325 379 780
137 391 59
371 341 145
91 246 881
111 20 895
143 61 59
293 47 847
145 325 462
15 161 725
419 263 975
187 146 522
331 311 233
84 255 806
257 139 198
379 419 502
238 245 205
23 269 595
304 89 401
182 425 144
36 261 660
293 405 675
131 419 32
331 188 992
297 266 803
329 301 437
317 347 416
427 313 98
145 153 912
25 43 244
81 286 368
243 399 793
226 1 149
397 12 629
181 236 738
349 238 693
387 11 683
146 216 543
135 399 780
356 371 202
346 13 291
405 182 196
292 155 764
327 241 316
222 5 72
233 271 514
239 161 723
99 84 997
249 411 460
279 198 749
1 243 754
6 13 898
275 23 163
297 57 269
149 227 772
351 151 725
175 94 208
214 145 59
11 113 125
366 21 15
324 307 731
169 43 968
314 63 982
77 145 609
351 423 680
16 367 237
311 296 884
73 401 609
6 62 78
37 148 322
40 41 383
301 400 86
21 125 10
13 336 563
149 205 170
13 31 339
139 30 986
135 250 722
238 35 586
353 223 965
351 331 837
1 85 916
191 251 939
429 215 547
95 13 800
359 324 992
315 21 526
309 315 212
251 150 952
423 243 849
396 194 759
416 265 864
239 302 639
181 339 772
269 111 321
48 397 362
283 281 69
2 16 275
336 416 735
57 28 425
171 369 720
360 393 516
353 73 267
87 391 552
173 422 714
51 407 786
130 133 566
146 13 723
262 49 823
46 111 127
347 21 945
189 321 184
39 161 252
405 141 594
250 109 712
101 204 77
388 205 869
87 266 205
401 407 460
185 101 207
61 231 24
1 228 96
77 177 705
159 121 731
175 344 627
423 258 930
90 363 808
331 285 31
409 193 623
269 15 69
405 125 564
249 259 579
216 356 547
306 395 565
361 261 363
375 151 55
209 306 284
177 58 481
255 51 354
227 151 509
103 11 717
289 215 583
81 85 487
325 204 837
204 153 405
191 207 937
382 349 859
107 409 378
7 379 946
131 157 425
219 395 271
253 72 872
241 421 193
393 241 743
93 27 382
331 147 609
146 301 968
288 420 875
366 84 398
341 278 3
261 418 432
388 224 601
373 393 671
329 361 414
61 103 776
116 211 64
371 396 133
151 388 460
177 229 377
349 40 918
259 131 970
309 101 641
101 219 81
174 241 101
73 413 433
275 161 516
403 273 775
373 390 755
259 207 197
65 161 247
177 226 890
21 203 328
259 189 186
263 274 772
175 252 8
314 237 390
300 259 241
62 124 396
185 114 216
367 1 195
254 25 576
111 329 73
201 144 365
421 181 510
59 196 390
1 340 181
289 86 907
334 91 765
363 323 571
141 281 37
191 303 434
372 68 26
61 321 881
315 137 971
138 47 609
309 80 847
291 373 534
421 173 215
293 208 623
265 351 517
337 80 576
203 305 388
45 167 841
48 11 743
141 127 964
35 68 881
171 219 801
391 9 293
355 41 764
137 69 897
398 3 206
65 151 634
36 365 359
206 251 440
197 331 76
149 46 92
87 43 85
11 405 36
53 314 721
355 25 578
304 51 200
227 67 460
349 346 678
163 398 390
291 401 582
319 79 259
366 106 278
159 244 142
153 61 73
263 141 337
103 285 991
309 244 345
418 213 875
371 274 410
61 397 220
63 243 657
156 164 897
103 375 578
301 79 685
133 153 365
55 81 463
339 272 824
203 181 54
395 198 93
361 383 294
408 241 709
261 81 995
169 87 298
385 288 153
91 67 42
57 241 279
347 81 566
381 156 78
189 277 813
231 315 112
361 76 249
116 120 603
215 316 167
71 347 343
195 178 467
97 291 863
326 161 693
239 231 702
253 77 18
358 371 5
21 296 830
99 410 730
324 31 213
373 254 804
384 337 647
181 265 552
63 217 173
175 236 884
161 40 793
321 266 159
256 311 629
195 177 462
311 276 891
21 430 338
366 183 736
268 21 20
385 329 168
265 329 924
366 61 951
52 371 791
43 409 585
415 161 520
6 280 500
390 289 503
371 255 266
35 87 345
111 123 455
12 15 249
48 121 495
326 134 363
31 147 973
311 13 910
51 173 69
395 371 354
125 121 709
209 349 40
160 224 282
84 216 79
410 119 943
315 408 600
257 151 329
328 19 199
339 287 455
65 342 474
140 311 407
231 184 99
231 69 669
379 99 144
383 100 290
4 166 280
28 133 110
233 294 458
247 407 669
247 15 467
169 31 697
281 307 875
197 178 33
403 171 101
179 23 899
305 209 108
107 249 367
271 425 357
119 387 302
49 411 564
388 13 456
131 25 356
34 261 602
162 7 487
71 195 79
91 366 721
136 127 556
35 245 219
349 327 862
133 181 135
9 201 940
127 131 469
241 234 79
374 266 56
207 183 18
399 31 15
288 341 188
327 403 253
421 103 577
166 256 728
121 263 368
48 181 301
393 1 48
61 418 339
13 380 852
421 27 714
95 46 745
1 214 847
227 29 335
111 371 854
429 235 753
91 178 970
271 405 225
15 199 284
329 334 502
121 195 562
271 31 43
345 321 717
175 310 550
34 429 379
151 377 727
372 239 207
1 96 611
369 289 123
261 166 139
381 216 767
59 247 359
193 69 154
421 340 551
73 293 30
379 75 40
235 358 782
307 314 387
103 59 150
358 101 419
291 345 550
74 3 12
341 107 564
45 332 97
367 351 404
121 411 833
383 35 800
391 135 730
317 386 167
41 319 517
425 23 965
281 183 178
23 409 211
214 344 584
44 159 84
271 204 117
408 373 749
331 271 167
225 301 939
284 305 148
117 195 639
147 271 223
216 401 569
181 205 925
185 259 112
129 117 972
411 297 79
21 206 347
222 367 332
21 195 842
331 385 923
121 141 332
271 376 192
111 245 707
75 311 316
355 133 216
85 161 250
247 230 702
107 133 927
423 399 294
201 131 221
273 416 380
148 197 507
229 349 553
3 43 911
257 109 519
74 174 623
395 377 108
61 319 30
90 99 330
399 91 135
378 277 390
391 291 753
192 135 375
349 261 585
381 137 605
390 196 474
97 109 952
49 201 149
1 123 499
323 328 622
325 151 251
69 213 311
329 371 965
373 73 981
182 1 41
105 128 914
104 29 518
85 148 386
61 413 187
336 71 744
11 207 163
275 183 231
423 375 767
397 291 299
305 273 708
9 11 672
267 319 71
221 201 915
196 44 29
119 168 952
77 261 273
115 293 879
251 185 332
279 381 732
75 325 44
104 381 715
239 291 943
91 423 853
179 236 897
419 377 270
385 249 654
81 97 427
346 110 540
91 259 786
161 60 152
288 331 665
1 257 20
136 164 584
387 58 575
317 193 344
87 57 942
87 279 544
63 3 709
127 152 327
401 144 536
112 406 15
11 213 880
279 5 34
1 405 869
352 362 323
155 107 42
405 381 280
193 65 955
189 97 539
321 253 123
145 247 373
161 25 86
86 2 642
162 155 142
371 368 895
390 53 121
430 221 755
84 9 128
421 237 52
31 152 42
386 208 601
171 177 383
122 377 23
291 185 560
75 6 833
261 223 115
227 357 189
338 251 24
251 19 401
301 158 963
207 333 672
1 59 455
404 336 604
221 9 461
111 183 69
302 214 948
171 291 991
241 409 966
285 287 807
335 356 245
254 327 762
423 133 72
373 306 7
375 53 764
263 289 830
113 170 59
427 120 277
44 232 841
87 416 195
78 189 391
111 125 334
353 152 496
62 415 790
403 95 806
105 391 863
297 235 480
313 251 449
173 117 25
81 127 514
11 420 900
187 90 170
117 165 609
380 329 456
131 417 196
421 101 302
129 376 1000
165 126 379
314 91 750
315 181 843
71 193 275
129 327 359
68 201 916
393 346 476
147 26 641
151 8 493
247 10 744
135 36 525
187 372 208
353 425 708
121 295 183
232 21 467
48 95 70
321 3 643
18 39 46
141 223 169
171 409 223
121 403 28
85 125 508
397 355 502
389 411 345
65 367 447
227 257 441
369 49 486
3 10 990
214 399 905
126 405 336
409 153 623
6 331 203
246 118 98
390 141 122
391 166 586
193 276 101
128 118 792
73 11 647
225 63 893
65 374 449
264 56 224
353 96 102
5 411 753
9 375 758
11 419 926
45 87 180
9 290 724
356 43 950
203 111 877
1 129 243
333 163 335
181 126 93
364 173 389
26 307 277
302 334 343
301 205 272
410 11 644
153 19 924
201 271 766
249 153 105
37 329 274
429 344 360
75 416 364
329 281 932
7 189 892
91 286 320
373 88 708
224 246 232
351 381 994
191 286 26
13 27 503
271 3 272
227 49 123
301 30 318
14 401 323
143 248 538
271 241 704
109 310 767
387 371 405
306 255 969
149 371 467
237 69 44
282 216 667
193 37 532
411 231 850
29 78 326
334 159 603
233 385 162
339 100 295
237 425 32
127 259 209
12 403 607
7 333 848
187 5 660
321 421 601
229 247 203
96 11 957
173 149 4
146 99 476
408 260 110
221 185 885
146 166 544
281 197 79
265 194 42
359 415 643
11 409 279
199 286 822
427 132 28
21 189 842
111 355 791
31 401 226
195 278 224
276 23 376
423 233 814
141 87 323
103 425 311
161 349 346
379 207 100
139 37 196
341 366 522
211 2 119
136 317 857
75 428 795
339 14 808
57 426 946
421 285 532
351 21 694
270 26 192
356 132 21
59 368 239
309 165 942
19 405 835
194 85 415
57 279 600
244 97 676
229 355 847
95 288 772
295 184 279
151 216 623
287 246 369
166 347 174
341 426 999
424 35 187
213 151 966
213 136 97
90 306 321
271 97 244
159 271 859
71 19 842
191 227 952
39 189 317
331 57 20
51 417 368
341 173 894
397 152 285
109 89 674
150 409 916
26 255 179
405 110 281
239 401 228
51 216 343
312 233 499
109 204 937
85 146 164
25 261 566
352 112 499
295 169 628
216 181 932
316 221 24
195 31 16
261 295 875
261 136 354
339 382 564
419 199 51
323 231 569
363 411 605
39 305 655
160 293 742
386 370 153
59 139 260
61 33 337
255 127 139
408 283 442
209 403 479
46 302 824
125 424 46
41 135 221
76 276 830
309 395 138
188 115 712
55 319 286
394 334 798
234 47 713
267 302 664
161 339 73
51 267 510
47 283 350
409 324 453
10 30 551
241 161 696
1 18 450
101 281 598
173 270 513
31 181 437
167 209 909
115 47 507
177 193 934
277 333 705
29 349 605
359 237 658
282 213 552
39 421 254
36 391 859
237 381 826
25 297 327
16 253 877
286 47 801
401 79 622
25 221 927
65 31 553
135 7 25
201 211 146
88 168 909
93 233 545
401 201 452
311 147 18
81 281 744
150 37 939
301 399 812
359 231 578
277 216 345
123 351 698
104 103 627
325 77 535
259 80 250
97 143 723
181 391 135
57 81 837
28 314 123
397 40 986
106 141 35
271 104 60
276 17 726
231 334 239
261 292 468
31 99 84
161 133 11
106 215 348
293 61 144
96 3 337
399 85 506
266 265 781
186 27 17
363 225 403
339 423 634
145 106 268
393 300 415
208 419 253
151 191 125
253 262 179
81 337 27
159 86 899
304 165 187
167 296 650
53 330 666
274 93 746
25 26 581
141 301 978
205 419 200
425 335 416
285 57 263
215 183 327
404 284 563
39 153 341
241 91 740
57 253 266
8 17 254
128 222 888
79 43 813
397 299 185
171 211 229
36 141 313
329 102 846
17 203 106
199 241 590
107 175 312
117 36 227
71 317 922
161 255 984
343 321 467
301 143 172
35 158 609
86 51 102
425 203 345
27 135 537
415 92 421
261 245 210
296 357 555
81 159 784
381 106 622
233 146 95
29 211 526
225 221 758
157 77 760
121 301 339
57 27 302
265 225 442
344 283 45
293 3 340
25 152 122
236 20 335
150 89 835
95 41 963
121 371 76
351 195 614
367 275 775
203 261 249
244 71 608
345 229 733
302 305 619
389 221 75
173 91 165
291 123 623
173 202 266
41 301 175
82 127 753
295 183 138
88 386 38
123 308 432
61 56 693
108 48 916
21 45 730
136 223 839
277 171 354
25 69 295
53 5 475
297 342 44
375 23 151
346 319 459
105 403 942
357 361 879
87 226 576
87 69 458
231 65 901
31 173 785
159 307 560
377 71 257
17 36 693
277 385 529
193 203 930
263 395 480
251 327 627
371 230 134
61 35 256
31 409 996
403 123 846
299 3 415
369 421 865
374 236 12
233 403 681
147 409 35
259 169 297
118 65 816
389 252 35
384 91 485
201 291 995
166 73 841
115 211 819
73 182 889
341 187 501
83 321 201
421 171 979
19 358 57
153 59 945
331 248 346
89 341 144
307 403 666
345 396 107
399 30 6
181 386 421
141 15 999
345 36 826
25 164 76
411 139 369
62 217 139
67 169 57
87 1 592
207 200 697
157 329 22
271 372 329
187 267 462
252 1 690
83 305 256
389 303 910
395 356 104
308 212 927
26 345 115
209 49 448
407 199 648
145 185 293
91 87 619
411 369 372
225 391 860
301 284 833
34 133 90
120 162 831
289 389 443
7 341 480
125 5 106
1 61 461
415 171 872
286 265 175
23 411 257
97 241 751
340 119 412
251 237 427
257 337 600
35 151 292
271 61 493
54 125 825
232 113 229
353 364 701
373 372 75
336 271 558
198 281 861
101 244 481
368 345 183
241 313 451
398 8 846
338 141 620
341 141 243
257 261 555
299 84 508
74 385 190
181 281 405
85 303 838
331 116 224
102 23 742
428 53 475
21 333 981
26 195 137
149 211 777
216 125 646
79 53 830
111 346 933
137 175 62
321 93 658
281 371 536
187 31 556
333 136 89
365 177 559
386 354 893
60 390 298
149 121 441
59 381 716
268 321 937
331 11 148
206 212 368
405 52 234
125 323 307
387 49 821
403 101 325
262 153 441
244 321 422
383 178 362
291 86 787
378 191 591
149 253 986
226 211 738
21 322 92
119 96 450
297 335 876
301 156 325
49 247 612
126 41 903
121 217 915
9 411 689
1 140 27
71 51 268
129 289 589
151 247 579
211 173 983
141 123 436
201 292 219
265 279 523
1 157 918
171 341 533
261 379 632
207 199 947
73 33 330
319 87 223
106 71 854
83 276 219
371 71 280
189 47 333
391 315 862
233 43 518
395 365 402
372 77 953
216 389 923
269 121 943
392 368 201
176 103 655
23 237 550
346 106 763
83 173 931
351 161 997
373 69 616
151 41 218
426 89 817
285 311 973
296 132 636
42 125 772
61 387 917
224 121 549
246 107 779
197 146 229
87 219 405
37 81 956
259 67 608
153 321 618
54 170 537
399 113 894
361 417 106
156 216 247
335 284 112
381 294 294
77 423 5
158 29 844
235 231 679
25 195 806
140 21 951
275 243 178
312 315 298
72 329 660
241 193 545
316 41 78
35 123 107
61 261 65
231 66 774
405 311 243
412 81 510
408 49 791
394 322 882
266 153 769
251 193 239
77 357 103
296 6 204
79 173 774
395 351 81
201 266 694
421 383 984
208 296 53
415 259 563
111 343 774
31 298 732
276 289 145
83 288 351
71 270 979
352 1 132
345 358 740
347 7 670
55 331 246
151 87 31
75 121 817
218 21 513
192 32 316
65 156 557
35 143 427
201 323 916
115 259 22
301 193 888
243 229 519
125 413 92
361 151 16
66 15 689
366 371 735
153 301 701
305 204 86
407 345 780
291 403 546
108 49 34
182 223 739
173 3 34
79 18 676
199 211 388
328 171 171
222 247 60
199 203 184
43 201 435
21 295 325
259 88 684
19 11 137
391 331 832
126 393 152
26 27 777
4 63 264
121 283 888
117 189 755
197 233 441
263 339 499
105 176 542
1 111 569
176 15 112
189 267 834
369 327 452
79 15 226
147 13 573
349 239 366
120 80 466
359 215 268
152 121 451
3 325 963
105 155 254
107 343 363
303 31 192
137 416 440
302 411 401
248 337 174
317 171 71
407 191 666
62 150 709
250 341 551
373 61 257
1 29 498
217 269 29
82 405 184
1 46 461
381 112 952
141 188 367
22 101 390
185 61 207
403 419 514
181 258 576
281 187 184
376 173 257
121 174 4
253 80 389
249 143 279
231 399 210
279 383 891
293 401 99
123 321 197
110 14 817
109 84 476
223 88 642
3 49 120
209 203 45
371 42 831
171 175 393
159 231 654
341 38 405
133 182 923
61 223 422
223 237 155
23 325 603
127 407 815
113 343 529
71 391 781
96 201 11
81 186 348
123 19 803
107 16 917
99 156 21
3 73 223
379 421 14
151 246 128
295 259 791
242 356 878
155 181 606
245 106 316
81 392 430
21 177 69
245 305 573
348 394 206
353 377 135
209 295 567
85 391 2
299 283 847
51 402 337
46 6 866
379 315 564
406 328 261
395 175 357
331 216 321
67 347 732
355 211 918
213 325 631
139 156 613
356 93 10
398 131 167
323 197 12
181 343 949
429 126 952
227 297 310
87 363 205
45 221 909
8 73 258
150 306 445
198 196 837
292 186 336
107 421 712
329 269 758
64 284 218
109 397 189
345 106 268
364 187 407
329 93 317
60 101 748
259 395 46
188 421 658
80 233 970
1 276 93
321 338 521
115 345 430
335 332 879
296 269 256
131 337 700
371 133 901
149 81 404
11 371 948
333 95 553
203 409 344
330 167 704
421 167 284
274 425 481
258 162 827
191 81 238
23 391 385
109 167 117
319 301 956
25 271 173
227 181 291
221 16 223
71 171 307
425 53 719
121 187 74
199 226 969
425 139 694
41 133 931
186 35 565
128 136 389
291 343 953
72 363 1000
250 1 592
71 255 274
115 298 373
186 41 577
101 356 153
216 377 297
17 137 449
211 83 144
169 27 408
285 353 647
409 322 96
111 345 984
149 167 913
11 280 958
177 249 6
81 61 756
102 279 996
210 258 807
387 273 268
361 411 237
7 281 683
101 181 560
336 107 946
241 81 231
155 427 76
145 11 867
51 236 741
176 163 202
279 45 591
216 201 557
357 15 409
351 300 640
34 56 973
296 56 243
53 73 87
241 73 716
181 301 472
118 122 396
51 311 184
289 144 229
161 21 110
415 195 187
173 311 990
81 427 404
371 72 426
325 397 862
157 394 667
278 39 549
13 181 619
215 111 948
416 127 766
251 114 119
333 286 489
79 83 54
143 289 941
219 421 209
383 401 79
205 74 561
109 246 5
26 251 11
124 430 434
53 310 980
123 331 987
231 241 260
168 416 378
31 216 251
67 88 348
343 171 216
387 94 702
239 159 780
109 35 13
387 116 191
363 341 705
399 239 473
169 307 372
323 425 174
1 291 447
351 209 575
161 47 910
265 246 564
136 121 661
311 161 569
190 176 616
189 235 568
361 99 711
203 231 938
51 363 838
145 1 266
175 1 498
361 336 55
397 253 724
55 140 896
69 97 733
119 281 993
1 381 929
137 405 385
347 5 479
391 295 530
127 339 714
75 191 654
295 303 364
37 232 136
197 221 122
310 308 721
357 111 373
263 399 214
264 404 370
355 130 159
329 377 628
228 291 386
64 336 118
123 201 907
366 376 61
165 299 103
247 106 769
189 422 990
99 120 388
185 161 353
91 291 464
189 179 168
260 1 280
81 71 758
50 351 917
411 333 50
154 409 155
215 391 838
155 72 757
343 116 698
351 156 482
298 28 716
59 424 523
299 285 261
217 421 10
93 91 59
259 7 979
23 151 664
157 260 826
277 195 522
381 388 894
21 401 882
215 351 654
259 160 491
151 146 954
117 49 836
251 403 289
50 339 390
158 21 953
210 367 444
85 222 586
281 135 346
301 347 927
196 401 840
377 426 903
121 168 489
59 329 383
317 371 323
121 29 402
338 422 666
259 239 275
18 81 36
204 382 122
392 18 853
193 119 897
411 67 928
131 377 222
336 126 48
204 175 334
226 318 23
187 398 308
392 151 917
141 236 635
17 350 519
376 191 242
386 202 992
297 19 363
402 407 769
87 146 345
252 278 676
97 209 680
353 423 647
273 125 404
396 323 870
47 75 619
359 281 362
57 171 375
215 1 468
231 88 703
244 399 221
22 79 205
68 259 529
357 195 568
361 89 393
365 226 666
171 371 390
209 59 737
279 285 199
63 43 617
295 341 510
311 87 217
271 262 955
85 217 594
410 275 326
271 126 64
335 175 906
297 317 138
419 326 896
6 55 570
307 134 276
215 121 763
111 349 614
114 101 241
421 272 973
321 234 973
338 206 786
225 411 209
201 187 971
216 289 238
68 405 327
383 193 241
231 115 907
302 73 327
101 85 391
72 143 3
47 403 921
171 99 911
99 349 182
43 111 725
417 41 276
261 187 838
55 273 758
153 41 940
327 375 776
9 71 989
1 27 81
171 249 434
17 209 533
46 280 122
388 219 119
113 223 83
331 227 88
271 56 606
285 105 264
161 31 710
143 271 452
181 289 454
279 359 858
89 293 650
197 31 60
146 344 562
95 11 100
11 139 141
421 151 198
371 134 563
361 263 117
362 361 228
421 21 926
86 183 188
333 39 493
424 103 327
166 390 16
246 350 564
149 265 11
152 350 96
361 131 957
423 195 331
105 216 920
51 381 781
301 59 546
91 411 3
341 346 480
226 251 689
351 8 90
226 49 469
322 261 89
92 371 943
341 261 769
287 56 39
237 258 760
7 125 176
244 117 177
9 418 951
419 51 228
117 177 326
330 301 571
39 183 737
53 285 482
215 213 171
373 273 871
6 375 356
271 1 989
401 23 787
127 256 933
156 36 502
300 73 394
301 86 559
370 238 125
256 396 987
235 203 987
281 1 919
121 268 748
229 347 622
25 18 707
333 405 459
201 17 322
170 95 478
37 93 962
243 11 574
91 274 267
93 73 952
268 101 69
131 86 302
211 35 28
115 282 538
131 345 560
417 77 504
271 381 156
191 90 707
270 312 166
59 241 42
87 275 376
86 115 809
225 309 745
261 168 131
127 356 197
339 177 392
305 352 938
21 149 484
237 280 63
153 265 858
321 351 835
91 302 446
280 343 600
336 83 852
113 421 432
336 351 743
1 170 981
373 401 292
321 405 160
47 268 21
167 272 942
4 12 449
305 48 271
105 51 824
41 123 475
137 192 988
241 251 350
45 151 161
22 52 740
152 306 360
61 220 755
198 311 334
41 286 217
13 52 467
266 211 243
355 147 168
341 357 636
108 142 5
39 393 582
249 401 309
282 299 711
20 107 375
345 190 420
189 355 739
341 116 215
127 119 596
13 360 195
47 379 173
373 101 423
67 279 97
101 265 367
117 345 483
66 236 451
220 273 816
272 358 755
141 69 819
317 247 536
356 139 499
241 136 258
181 51 568
179 191 767
429 121 616
405 67 741
400 71 819
51 203 325
403 334 787
327 207 369
285 211 488
101 351 730
44 421 142
377 375 169
399 270 752
233 116 164
348 220 499
13 87 106
301 296 959
132 141 367
13 101 789
177 293 441
261 115 663
76 381 156
74 410 615
173 363 672
229 184 940
381 411 104
121 154 370
134 395 820
398 337 646
233 1 383
128 93 798
302 53 352
170 17 773
1 167 337
169 85 425
271 351 523
330 127 550
175 21 788
376 247 754
131 71 416
256 193 459
196 377 620
22 263 638
85 61 449
206 81 811
6 14 676
229 19 725
401 301 662
356 411 45
26 75 482
281 171 397
196 301 523
361 359 407
76 247 848
21 121 97
164 317 573
56 31 151
147 227 868
301 418 461
145 399 668
209 287 945
1 263 349
315 237 144
171 106 102
428 263 609
317 321 206
29 341 768
319 429 406
429 159 864
287 41 851
411 220 884
90 216 83
89 91 234
389 101 101
123 259 356
191 318 80
143 341 767
40 361 655
223 46 76
394 427 265
126 395 721
161 391 645
53 290 417
166 258 698
180 91 881
391 355 320
286 142 325
45 342 972
239 283 661
131 55 366
116 291 468
4 120 409
289 87 637
416 399 919
59 401 327
275 261 390
350 131 687
161 233 787
154 341 659
267 103 602
276 145 375
355 173 914
421 131 226
113 429 477
195 33 746
391 421 624
166 120 193
5 346 623
303 128 182
101 65 664
241 291 109
219 314 496
369 204 488
125 91 597
51 164 877
67 318 130
236 310 842
396 261 551
205 375 613
297 15 177
266 130 791
129 427 877
367 289 803
65 215 59
297 91 924
415 241 736
151 198 669
219 138 500
429 6 402
380 65 147
27 247 142
173 286 226
333 389 983
51 314 535
371 321 359
122 267 110
355 341 708
211 172 296
283 131 74
31 21 548
3 141 899
305 46 426
46 301 911
245 23 345
221 130 632
62 251 735
158 15 839
171 101 890
371 413 329
91 107 677
394 422 806
257 313 904
368 211 647
226 221 339
91 96 909
309 116 540
183 337 290
418 79 599
19 415 22
251 171 125
25 40 928
75 231 12
25 377 292
41 90 304
355 31 866
240 312 426
126 243 393
115 295 899
191 345 617
49 134 882
250 370 960
402 191 230
96 157 43
54 184 817
121 251 99
106 190 207
191 371 217
318 346 110
61 71 392
18 253 956
147 207 661
285 191 989
4 5 280
263 259 274
279 235 115
6 417 342
259 197 259
358 7 681
35 221 500
313 360 464
236 110 771
316 81 361
21 93 222
26 301 763
409 327 217
15 96 765
235 1 485
61 354 457
202 214 971
61 39 169
213 194 748
327 215 801
279 181 838
63 365 951
397 407 18
281 235 871
243 7 825
292 51 881
87 227 92
11 385 434
395 189 659
303 149 209
411 305 439
46 384 933
411 285 942
405 353 815
325 177 862
283 326 134
340 213 358
97 190 216
191 391 600
253 198 442
411 269 831
424 333 713
84 322 22
316 91 438
11 186 53
26 7 446
181 85 580
136 101 653
353 201 265
151 121 652
421 125 161
377 232 131
289 25 730
175 269 897
9 135 512
133 342 778
251 179 769
93 426 576
263 381 884
317 16 70
417 411 794
358 335 440
208 151 544
204 61 114
289 151 232
237 291 460
389 25 336
227 291 621
15 253 743
231 427 786
406 281 917
89 351 801
411 281 649
247 291 91
101 301 846
393 381 729
13 178 970
347 353 88
85 241 174
309 312 197
143 59 981
405 365 482
126 351 692
145 58 603
57 273 688
33 160 164
225 387 493
80 269 883
394 426 142
37 208 905
267 251 2
141 24 41
233 50 981
386 337 343
233 344 141
263 273 293
146 351 119
319 97 550
228 288 768
109 146 364
169 194 982
47 165 937
273 249 60
203 210 966
88 169 202
142 92 813
375 410 994
391 183 986
241 61 169
65 269 341
75 336 572
127 176 426
201 77 352
335 72 205
287 410 964
252 9 607
171 111 795
383 265 752
117 215 209
309 421 689
247 17 689
271 385 887
269 208 638
391 2 24
171 237 437
13 145 521
216 15 674
410 225 384
246 336 105
81 245 830
67 421 168
419 210 578
141 21 673
146 157 125
17 69 920
153 66 515
321 331 999
345 319 600
8 373 548
291 55 217
417 427 881
243 270 759
213 385 358
85 23 836
85 31 147
59 396 769
303 355 378
251 332 188
46 141 165
363 357 566
336 96 192
33 278 854
91 197 684
189 59 950
209 143 762
301 161 355
235 346 409
309 261 482
75 85 868
363 89 461
92 79 221
122 205 455
119 31 328
1 130 139
326 18 447
381 207 707
244 388 666
351 85 186
370 112 81
349 223 583
294 341 369
251 300 83
217 395 369
138 181 803
181 96 400
368 273 75
239 71 663
314 143 531
247 311 116
101 131 47
26 414 945
21 51 420
99 114 252
406 107 192
283 65 933
260 271 924
141 391 129
200 1 23
179 421 175
51 119 640
231 281 731
85 199 752
59 253 32
407 175 981
359 391 823
291 423 574
364 178 964
341 13 950
343 201 752
394 111 873
146 255 18
281 264 296
393 352 103
351 223 902
423 51 928
187 150 842
259 231 844
44 111 952
118 155 730
43 366 251
315 241 143
417 3 543
257 181 311
121 139 33
29 59 484
40 103 676
196 369 773
41 118 49
201 219 273
315 175 675
243 276 45
93 74 315
108 221 552
383 229 643
21 80 633
201 199 375
11 219 6
336 265 70
397 85 918
207 256 26
321 399 911
101 299 623
57 142 915
39 88 682
13 216 173
101 413 650
211 419 882
301 67 148
157 381 120
53 411 430
71 331 709
425 387 99
25 116 203
260 113 688
103 399 472
101 157 30
61 201 262
333 121 431
47 48 72
42 303 970
189 300 510
406 361 615
278 169 360
157 376 735
141 28 899
253 418 675
409 236 649
156 375 8
295 221 13
345 196 469
29 159 33
160 329 14
81 103 158
80 89 642
187 85 405
46 339 88
337 27 787
340 247 958
367 326 589
207 421 902
406 99 938
267 257 627
370 211 490
422 31 649
71 122 825
132 178 153
91 226 666
410 69 942
331 337 240
41 386 742
237 41 231
423 372 736
349 96 935
289 77 800
141 176 493
399 107 32
143 111 623
102 124 545
331 274 239
316 421 657
366 315 763
127 246 269
399 71 63
72 116 898
247 417 789
8 290 292
398 29 652
166 243 267
109 209 932
141 61 113
363 401 436
177 389 190
33 109 290
44 144 820
357 259 498
59 235 881
136 148 315
221 173 264
385 399 166
125 346 208
428 29 356
119 144 48
150 72 179
372 16 807
359 311 429
386 199 848
419 358 847
131 277 246
55 251 857
7 283 106
217 131 91
417 355 507
316 337 953
87 345 625
399 27 795
91 377 568
185 261 382
347 40 90
137 51 355
66 247 382
303 282 376
400 131 59
251 425 843
131 228 4
97 7 447
235 248 440
193 125 686
101 237 183
121 105 762
41 67 5
221 307 272
269 278 170
392 215 828
231 16 945
363 41 380
107 252 44
236 35 649
229 321 29
85 87 857
283 159 322
199 19 14
71 256 370
65 51 425
358 237 146
198 46 63
22 106 348
275 173 46
161 356 823
38 241 795
41 122 711
155 223 740
95 9 997
231 377 670
209 63 395
416 261 260
116 1 243
146 132 965
341 271 76
344 51 541
310 227 347
344 158 38
109 31 14
129 348 318
17 311 80
16 281 154
124 273 185
335 247 827
145 31 719
57 99 37
131 281 272
135 239 989
63 320 112
163 151 788
136 237 502
351 62 992
254 251 573
167 24 355
327 71 904
253 381 666
191 219 365
276 167 168
363 339 985
428 103 566
105 9 87
6 259 145
347 403 378
261 363 169
75 321 711
199 421 678
51 41 472
7 21 79
131 366 573
403 15 793
198 165 585
1 277 669
326 111 94
168 293 117
53 133 677
366 385 43
419 381 507
346 73 814
384 20 160
263 209 740
173 255 375
216 321 156
379 202 824
279 330 75
136 423 188
166 249 869
326 205 417
63 16 534
17 95 804
247 415 922
57 43 899
369 223 125
239 280 31
23 113 913
175 180 919
411 213 82
211 1 121
366 14 702
270 281 529
196 195 848
196 75 468
286 161 461
65 372 672
179 241 720
57 74 275
224 43 776
326 241 486
31 235 86
380 205 489
66 263 984
399 11 935
175 133 639
41 207 774
302 19 374
11 76 816
321 224 487
111 120 802
351 131 431
33 237 666
123 297 562
399 353 656
151 120 760
259 190 595
342 9 237
71 376 613
4 140 868
167 374 589
103 277 544
265 175 89
157 402 436
423 259 303
2 119 927
97 345 42
31 143 255
119 428 881
171 75 898
389 311 591
11 248 476
319 85 831
213 128 542
13 121 156
111 71 331
228 75 492
124 277 246
98 173 880
391 321 981
226 296 113
259 371 573
323 131 628
220 108 644
217 306 88
239 253 693
127 241 343
270 101 665
387 53 372
225 211 254
291 36 25
15 179 686
349 102 610
163 76 131
17 402 139
123 429 558
81 233 7
385 201 927
159 299 714
143 221 171
162 240 476
421 377 662
386 211 918
319 64 840
326 267 92
52 123 530
139 165 401
269 164 421
359 205 386
305 374 151
399 183 169
176 347 796
427 407 505
256 266 211
51 371 290
1 384 894
116 430 774
43 59 900
249 313 193
347 37 903
287 359 686
227 41 62
17 341 866
57 225 823
32 94 866
71 172 449
387 51 702
123 116 29
215 389 12
316 265 991
338 86 309
229 296 985
283 31 377
327 156 501
397 35 38
12 385 774
211 361 800
74 149 700
71 403 526
286 245 601
246 263 825
51 383 978
11 316 26
13 287 921
341 21 941
196 149 806
421 87 813
53 215 350
191 232 472
267 341 189
427 101 442
153 284 18
1 317 149
403 359 76
1 51 139
237 322 516
217 344 892
221 240 135
173 61 112
205 399 90
71 201 842
251 207 790
161 281 57
233 141 256
335 351 161
366 427 936
38 291 638
273 337 465
1 76 646
165 59 232
15 81 237
341 351 999
34 62 674
167 61 379
11 302 739
251 91 736
321 254 523
10 71 298
183 193 632
73 57 959
156 168 587
207 282 595
207 365 229
321 363 840
166 155 527
136 399 241
44 25 255
426 127 783
27 216 883
269 94 860
91 356 614
76 347 264
31 426 179
146 163 530
313 194 595
391 375 323
303 329 61
227 420 519
345 415 312
307 65 382
351 391 476
280 169 838
397 321 649
29 241 524
363 286 456
203 428 40
213 261 503
387 159 907
149 241 513
4 363 157
130 156 587
401 89 450
21 131 181
5 317 187
394 361 602
165 19 475
121 351 746
187 175 37
285 1 30
64 153 426
61 239 688
159 61 323
25 105 354
157 349 354
14 341 863
211 261 946
319 351 966
251 373 305
201 41 964
175 176 833
393 46 560
210 391 272
17 37 291
305 1 762
267 71 282
121 246 867
193 355 349
227 283 676
124 413 421
251 143 376
406 73 326
114 385 384
113 31 925
395 3 336
83 373 969
99 141 64
44 31 514
236 342 315
415 303 885
150 206 471
251 247 688
255 425 25
311 309 813
121 233 256
234 61 389
289 329 446
116 50 886
188 316 305
177 411 620
326 353 105
418 389 418
169 251 492
1 43 789
402 37 167
127 403 251
219 275 779
205 331 60
179 210 500
346 428 185
316 281 35
239 281 501
290 289 370
275 403 535
103 177 511
317 135 297
326 291 908
91 191 325
331 319 355
209 419 826
341 193 30
199 301 182
249 155 84
155 113 858
169 429 943
161 154 422
105 267 423
327 331 679
29 403 907
311 263 400
144 389 404
169 97 413
10 32 405
175 61 622
85 235 142
285 408 312
199 181 378
47 363 669
74 234 194
276 392 317
45 161 677
325 131 457
136 273 896
391 320 656
393 11 396
313 163 868
288 225 603
288 62 763
385 141 240
195 321 280
122 186 222
146 223 302
1 413 573
394 249 28
287 235 948
89 31 574
389 57 324
341 339 331
295 14 617
235 87 93
205 81 383
389 127 711
13 423 574
65 321 606
251 231 670
43 391 435
276 406 461
22 331 347
275 51 498
423 352 18
159 56 844
132 383 791
101 9 430
255 321 311
179 61 67
9 307 708
339 86 243
163 244 211
371 355 254
87 161 788
336 91 186
141 111 517
129 49 857
12 196 615
1 71 178
303 1 973
301 111 665
380 41 279
115 202 92
319 236 17
409 427 664
336 403 403
87 163 805
166 276 284
127 155 675
87 168 868
302 276 144
342 231 371
83 341 157
241 101 20
11 263 403
131 87 924
4 351 99
221 399 626
67 161 577
231 166 550
241 413 391
178 276 383
263 357 980
391 233 605
121 85 590
407 244 244
40 261 383
320 45 381
381 115 485
339 111 344
97 207 358
286 350 723
263 321 370
83 265 820
1 249 954
7 51 611
45 23 421
