838 6438 595
795 239 224
252 253 766
555 608 479
305 82 277
327 547 716
410 505 478
602 177 729
249 273 527
733 67 493
745 811 985
304 541 428
251 401 589
809 557 390
285 559 380
466 458 994
265 780 609
205 337 261
13 81 711
222 141 960
715 417 461
628 826 569
387 279 827
477 719 554
319 463 627
339 293 874
504 275 552
121 559 317
341 291 974
44 329 614
349 71 950
721 83 403
324 701 466
19 485 95
546 365 993
334 325 734
753 59 345
16 305 91
230 551 379
729 269 648
237 607 791
88 319 963
683 147 807
266 344 212
518 623 624
603 371 699
345 731 474
323 597 844
812 651 51
331 785 788
123 596 88
99 823 410
161 237 7
262 169 323
387 759 166
212 278 448
147 3 112
580 444 258
747 759 911
235 669 668
126 231 779
277 753 203
619 713 434
554 593 403
43 258 507
429 386 682
140 94 619
456 457 146
765 59 881
201 526 245
373 343 400
252 527 845
374 266 319
1 791 353
521 333 733
683 96 101
712 55 97
557 275 436
529 737 54
451 158 935
135 349 679
287 318 32
561 526 487
20 318 274
665 215 878
695 781 404
737 531 600
161 80 813
615 755 900
99 770 565
747 539 985
207 375 414
706 760 776
755 332 86
500 823 430
520 1 686
465 739 231
765 237 620
565 58 991
349 309 922
788 529 515
358 736 534
268 642 719
163 190 29
643 172 230
408 195 554
147 555 338
170 440 621
451 797 680
519 722 840
369 772 651
65 641 922
185 529 776
217 171 393
397 47 959
453 282 646
787 620 35
334 132 185
183 687 264
813 829 501
821 201 692
359 21 953
295 307 552
598 709 472
285 692 464
371 210 16
505 397 924
229 773 548
219 209 1000
482 486 75
653 343 864
1 2 49
3 470 536
803 88 347
81 510 424
623 617 192
313 709 802
301 507 989
491 79 601
545 547 79
107 456 698
455 811 182
717 591 702
110 261 741
397 726 783
467 299 801
114 793 961
441 197 407
651 300 93
621 575 71
63 311 195
1 444 644
371 109 339
35 537 110
54 139 796
269 408 541
115 658 996
787 200 782
487 351 807
383 143 568
607 83 331
34 144 741
278 740 399
611 556 296
436 406 886
393 473 101
547 631 506
20 29 606
386 801 465
149 412 612
460 445 911
15 687 566
435 835 135
225 583 763
549 807 553
187 281 612
579 815 295
557 357 720
506 442 357
415 356 215
444 481 323
519 664 495
652 409 341
643 829 655
493 311 852
739 785 258
409 19 307
779 312 100
765 397 184
302 30 199
245 539 875
695 21 603
803 203 899
141 183 848
151 18 161
85 203 212
477 77 166
609 720 249
636 79 865
187 547 826
749 543 807
777 501 909
565 288 59
280 150 950
393 525 629
166 623 917
1 505 452
433 122 34
191 535 64
61 80 143
705 155 416
162 135 511
202 631 655
735 146 924
245 285 552
309 201 230
411 773 397
15 561 147
427 283 81
615 553 410
189 353 495
55 424 118
215 429 832
256 270 793
16 769 534
810 606 155
653 369 124
530 217 130
104 189 632
799 215 271
157 274 306
511 419 686
637 741 574
43 569 897
771 501 247
801 349 885
39 381 474
61 284 8
609 503 557
45 64 786
112 429 999
573 727 593
7 217 815
55 356 516
5 269 671
678 821 856
505 551 587
645 487 342
347 491 298
283 659 59
340 742 521
129 529 515
321 85 51
371 552 419
307 619 288
13 91 560
157 543 222
765 49 951
801 473 667
3 719 162
97 19 196
591 299 681
28 36 539
231 507 303
33 255 665
677 349 125
134 230 79
2 279 802
359 284 624
356 230 433
727 326 930
202 609 930
44 89 164
511 779 127
37 96 636
653 299 235
151 582 612
510 719 818
215 820 110
599 639 251
115 729 32
245 747 808
453 495 435
122 437 236
560 91 633
520 105 11
679 256 758
693 723 605
25 743 107
45 55 58
268 304 575
807 559 201
125 807 426
388 251 23
154 181 182
135 597 75
30 361 138
651 629 670
723 790 567
793 115 916
334 480 685
443 207 617
265 755 540
391 113 810
26 484 781
113 285 333
664 837 367
809 521 451
103 125 375
830 66 370
408 247 692
399 343 493
431 1 234
703 716 740
779 83 39
396 809 180
158 527 676
473 287 840
696 771 665
545 151 914
391 561 488
743 663 829
617 471 41
549 477 923
727 516 548
61 424 871
503 542 758
629 353 680
782 662 205
624 245 144
825 399 130
279 630 223
140 798 921
155 599 20
321 172 263
327 523 50
237 56 226
456 241 328
667 345 903
649 360 731
66 433 513
471 671 104
249 223 808
202 257 889
655 165 696
220 374 730
786 529 954
785 479 731
141 651 273
569 745 877
524 763 336
499 472 749
787 281 819
551 343 148
691 1 661
487 41 784
718 759 443
756 258 834
53 169 699
26 306 79
541 793 237
747 161 690
401 119 592
646 624 498
272 625 253
434 178 131
587 15 880
347 355 556
23 125 34
283 373 763
485 186 545
459 719 420
471 767 236
467 714 642
711 608 844
445 504 540
154 502 366
31 140 186
351 597 208
525 341 57
483 577 171
89 37 129
241 45 8
664 689 659
287 503 712
681 315 430
73 620 440
125 133 22
31 70 647
715 540 548
808 365 339
72 354 514
593 169 758
342 793 979
390 355 183
183 154 300
653 634 256
123 289 471
371 91 78
531 421 514
685 423 893
5 222 817
261 441 1
184 755 648
145 6 408
297 515 637
261 123 87
35 287 827
85 543 346
186 237 47
134 363 234
728 116 107
491 116 775
215 690 632
392 288 819
318 733 469
83 485 936
375 165 622
382 785 788
121 75 655
828 19 355
127 750 683
96 433 921
569 805 507
251 338 450
141 351 216
257 453 542
575 691 968
543 669 164
526 137 591
251 511 452
166 491 391
244 36 650
51 419 204
370 139 384
285 487 323
637 566 552
79 286 775
497 498 733
303 501 414
817 533 898
303 239 782
13 610 873
249 807 610
487 249 147
139 183 453
21 387 818
146 271 289
474 713 414
490 651 202
411 18 523
97 761 483
499 703 417
127 521 940
808 54 595
108 681 862
587 103 153
423 688 137
633 181 710
147 703 622
150 216 865
695 697 75
206 246 502
350 174 938
7 569 307
794 169 166
740 771 213
491 673 137
742 431 845
6 48 770
527 196 885
21 661 245
394 335 437
331 463 393
531 65 371
449 348 78
287 657 2
335 315 691
829 219 958
279 9 509
141 121 227
59 535 179
479 787 866
379 794 87
391 340 338
615 696 49
477 243 414
551 516 664
447 377 859
143 113 8
397 415 138
605 517 164
1 4 905
325 63 537
811 463 635
175 595 186
724 798 22
341 684 479
829 343 416
467 813 561
704 481 122
467 707 372
153 99 549
288 510 547
192 378 536
526 531 412
44 744 380
7 453 802
683 103 714
821 564 476
551 678 99
343 593 799
304 663 611
145 643 92
396 73 448
79 292 831
337 405 280
207 307 775
812 787 340
434 637 279
586 726 720
282 299 629
153 220 681
713 477 277
153 431 485
69 435 623
452 599 163
53 387 445
603 523 110
587 279 448
657 156 323
556 671 848
473 619 873
471 518 358
429 77 641
751 26 826
619 147 924
117 139 904
459 498 960
1 22 857
809 805 314
314 142 970
697 303 6
96 552 112
21 508 958
765 452 14
55 523 303
112 276 858
712 528 64
498 171 911
523 335 241
131 712 356
739 457 43
208 295 327
475 679 601
803 164 424
710 263 463
717 303 11
673 441 304
425 258 308
225 233 42
135 621 911
473 763 674
743 821 33
17 240 245
280 639 537
533 815 981
315 309 871
80 441 485
521 162 462
34 807 575
754 341 96
113 595 485
781 156 366
337 551 352
461 785 682
33 229 819
793 806 547
98 187 873
160 769 93
387 367 163
125 494 282
324 245 889
154 451 824
107 369 291
704 550 964
615 103 566
180 595 851
153 152 352
586 782 408
183 291 186
207 213 651
63 483 446
805 87 235
405 616 613
783 147 932
526 95 41
659 695 752
701 706 296
715 711 751
92 128 261
381 455 213
573 577 96
773 555 155
447 441 572
69 641 887
291 468 714
166 568 24
103 692 899
76 114 825
471 550 6
177 167 242
666 706 708
471 415 746
451 587 966
237 834 892
429 427 82
459 86 932
724 5 651
255 143 585
659 45 323
579 104 554
260 77 838
457 50 628
203 465 103
597 833 321
195 144 691
385 159 141
141 474 720
265 353 875
352 837 219
145 581 817
73 273 450
621 7 815
87 359 802
451 481 453
211 151 571
181 182 788
88 394 578
666 45 933
280 183 58
79 86 514
477 315 957
192 591 794
229 345 487
325 205 190
117 359 57
335 331 51
626 61 194
563 64 153
643 124 336
133 296 434
343 239 202
821 164 219
475 815 199
466 21 676
537 203 956
562 356 599
41 133 867
200 541 39
465 505 397
580 397 808
133 485 289
399 216 701
25 28 404
833 681 457
113 75 377
791 807 188
425 26 138
15 783 356
155 465 334
573 157 488
327 811 315
315 377 809
227 345 385
455 556 15
524 83 943
615 333 533
183 443 655
171 221 76
561 6 557
669 579 83
13 305 509
178 351 986
59 489 472
65 255 206
69 75 112
382 55 514
63 353 98
97 113 32
19 661 502
101 339 785
295 221 845
285 199 487
295 83 952
456 727 317
17 29 635
282 178 858
143 357 909
565 135 338
475 445 583
681 175 908
273 355 280
789 711 46
793 297 843
337 818 440
277 346 357
14 737 958
329 101 176
759 253 727
742 385 158
302 499 19
88 388 259
597 356 705
526 319 463
155 569 613
560 414 271
395 636 348
365 571 329
493 401 140
714 37 783
821 51 113
775 61 367
310 516 320
590 197 491
401 13 877
153 343 559
363 327 859
81 219 809
339 264 269
781 396 896
454 574 666
669 516 874
600 663 793
11 669 619
15 233 248
333 404 974
135 423 665
348 456 347
125 229 453
2 6 943
426 551 752
635 296 872
831 285 216
235 419 546
529 717 539
389 581 897
612 465 465
672 31 396
751 703 510
301 391 504
457 272 836
160 337 419
725 587 867
306 515 638
506 551 365
481 239 419
281 319 977
495 501 369
711 401 802
35 798 747
132 567 474
771 246 240
225 761 713
362 779 633
8 285 392
409 153 460
440 439 15
471 477 194
299 31 273
559 578 233
73 437 112
239 765 656
725 730 621
601 226 7
109 341 283
589 569 818
429 389 630
273 805 916
103 824 476
505 541 297
831 371 586
37 249 202
783 389 162
638 417 571
367 189 849
310 351 898
222 837 424
179 735 370
47 588 815
208 632 546
199 311 905
540 637 429
371 813 785
167 737 251
192 390 803
775 587 140
412 6 116
741 553 819
38 516 549
234 3 145
120 189 588
99 315 300
768 295 330
128 207 383
28 605 380
52 203 681
763 306 119
239 528 632
87 148 560
715 671 33
219 737 359
795 647 82
223 333 505
391 221 891
123 81 962
609 537 959
720 610 146
442 204 134
104 805 781
181 402 742
175 688 450
271 647 161
302 671 205
61 496 989
14 775 48
828 718 642
44 513 41
486 721 331
620 201 407
595 118 619
475 437 334
291 373 627
48 631 461
454 340 241
231 801 281
284 259 849
611 491 102
538 333 917
503 602 901
587 759 700
246 565 438
55 192 167
48 342 610
343 413 514
279 51 224
27 659 947
494 297 361
545 537 461
26 32 378
737 592 741
1 77 503
587 259 585
359 102 974
87 439 189
55 510 22
452 49 720
257 443 639
22 810 536
430 90 313
375 110 798
807 321 739
357 301 688
273 529 134
754 368 595
730 243 276
779 569 153
85 359 921
675 86 435
455 802 895
426 577 646
805 357 90
71 135 892
750 419 906
85 35 641
444 41 506
101 268 15
499 581 733
123 491 650
696 442 763
622 437 110
727 267 693
625 517 522
289 753 435
21 517 611
541 549 509
23 131 515
475 485 957
825 207 68
743 757 465
623 793 460
265 217 285
775 166 790
398 551 618
179 299 760
279 677 997
7 676 160
643 797 950
55 247 541
419 339 989
139 169 179
158 810 897
667 353 704
87 263 429
827 67 235
246 61 138
44 279 185
655 639 105
60 175 661
765 827 53
429 596 189
49 492 855
198 261 96
75 803 774
249 816 682
379 162 206
208 805 184
10 824 208
757 135 928
348 763 892
531 639 638
175 346 966
187 178 347
689 25 407
168 265 210
223 537 579
157 354 477
242 13 248
178 641 591
817 663 927
36 518 314
335 588 4
169 655 774
613 18 277
145 593 833
756 281 938
496 441 909
147 261 837
755 732 939
597 437 245
408 476 183
757 151 235
742 255 658
441 497 606
489 171 765
74 245 831
348 716 835
139 762 225
151 408 326
479 807 256
153 425 123
665 143 989
61 581 188
116 635 111
409 569 539
290 387 908
693 65 619
647 488 191
124 222 385
35 821 498
249 169 311
812 641 187
79 4 790
755 764 264
639 128 571
217 441 236
81 201 682
269 339 923
29 214 253
49 220 240
812 277 443
52 683 547
295 353 972
265 106 364
317 497 56
385 515 264
765 507 619
693 787 608
444 621 2
117 127 684
317 331 716
780 821 870
417 359 702
435 287 695
47 387 637
255 637 401
413 803 781
570 743 799
203 535 236
550 686 52
369 467 938
241 761 636
827 311 901
65 137 238
745 343 692
460 573 851
471 297 574
595 757 4
786 688 805
684 168 968
564 763 761
781 744 113
47 147 648
793 647 412
101 774 72
295 39 552
688 69 291
31 468 361
320 1 317
261 217 380
671 81 607
489 834 554
54 267 686
307 354 297
827 501 173
226 636 734
312 319 55
111 649 868
119 491 226
155 437 872
175 411 932
423 633 792
660 364 495
429 279 832
561 179 97
167 708 120
231 402 147
670 337 629
412 745 447
224 433 846
777 47 665
771 629 940
45 627 84
496 89 754
459 226 910
619 157 24
282 131 184
443 116 947
592 645 174
823 808 708
490 696 672
329 725 953
18 368 485
443 591 588
87 220 229
57 115 815
759 211 950
764 217 113
107 461 672
151 640 78
349 493 433
435 780 701
363 797 238
293 733 73
228 664 322
497 591 540
208 724 793
825 95 405
169 650 693
135 67 240
583 33 508
546 589 55
832 671 628
610 247 987
139 737 28
358 637 993
324 667 990
146 719 347
789 365 667
2 762 725
611 214 426
264 435 398
163 747 657
9 580 664
555 241 872
193 530 321
29 753 990
447 483 733
829 211 354
144 651 122
317 623 873
231 49 124
740 93 366
415 739 641
17 335 339
415 781 587
317 163 592
363 557 493
366 107 36
117 699 197
309 500 270
11 110 111
129 396 732
581 531 956
27 541 967
241 748 537
553 761 558
681 645 190
100 672 57
683 527 125
43 587 534
641 690 95
210 126 672
769 477 805
570 397 398
680 775 381
538 629 414
475 265 67
587 239 272
159 686 394
436 3 612
355 509 329
263 469 198
457 489 632
275 549 398
702 397 827
235 703 77
809 652 59
131 199 383
556 575 706
351 317 33
761 449 127
661 161 227
444 279 446
364 762 750
73 373 907
317 813 864
625 615 301
133 227 792
257 346 237
561 479 685
235 362 886
107 576 456
269 221 295
440 167 442
89 466 585
395 124 179
368 739 504
75 667 161
663 39 926
38 446 35
598 225 170
371 397 857
465 729 586
796 61 347
130 369 761
147 525 305
221 659 177
481 167 951
684 215 243
500 361 679
551 160 474
486 536 146
42 301 363
692 633 317
569 478 234
832 251 850
574 541 295
711 747 404
611 807 271
221 799 6
135 787 557
233 315 855
624 178 938
31 762 758
436 659 597
175 345 174
303 257 674
208 20 440
388 537 964
624 759 572
78 498 773
105 793 895
413 1 463
795 747 128
269 415 24
297 87 172
178 739 199
361 626 272
150 789 390
33 755 115
166 328 926
94 580 372
302 769 377
175 520 891
679 167 601
293 344 702
749 733 244
328 503 975
554 695 540
519 185 580
453 834 718
105 581 631
299 191 105
612 735 954
401 157 368
696 637 424
599 239 303
89 521 213
297 97 291
43 789 776
639 7 224
269 725 509
825 119 270
551 735 122
3 421 709
370 193 370
80 179 57
743 537 683
681 497 165
440 347 889
376 704 944
61 57 380
312 499 925
215 513 258
324 754 271
431 43 943
824 728 68
636 825 947
175 250 25
139 313 724
546 777 92
210 165 290
438 629 197
813 593 257
555 359 365
425 364 775
657 265 49
671 171 92
585 309 745
382 265 809
307 581 935
800 102 939
761 295 275
38 297 242
24 453 856
320 417 645
123 467 374
385 595 436
812 773 379
329 132 46
357 322 412
131 181 151
831 595 102
325 107 213
455 517 90
253 633 40
499 694 297
705 11 132
13 208 523
735 435 25
188 523 908
87 737 355
807 491 432
293 604 339
350 405 544
89 715 627
169 163 356
553 197 518
127 178 631
89 261 58
345 689 289
768 443 118
735 443 387
200 3 839
8 10 644
403 139 448
516 41 753
93 505 49
100 130 955
235 175 84
392 523 966
167 585 585
707 754 221
664 253 463
167 23 904
683 749 737
30 180 300
495 330 330
425 40 877
773 77 446
469 406 257
801 434 316
75 106 8
394 431 779
104 159 74
655 386 438
124 383 874
266 506 642
653 489 625
509 761 787
363 141 548
293 300 273
105 383 331
783 332 204
833 626 707
49 157 539
501 223 386
128 141 209
573 151 965
123 259 573
432 329 981
383 107 977
17 81 76
139 461 778
366 690 407
553 681 631
118 104 176
293 117 732
53 58 467
84 530 641
589 13 711
784 281 26
103 545 91
749 415 606
419 247 216
553 707 565
705 717 561
281 118 206
621 595 585
539 143 358
420 642 251
725 263 596
475 299 13
139 487 344
181 692 296
227 175 34
589 640 240
172 33 261
453 139 89
31 106 13
20 112 276
133 383 114
617 53 12
151 639 687
713 675 246
5 9 259
81 425 313
7 761 872
235 779 520
1 171 633
766 385 533
55 473 396
187 135 785
729 77 172
105 725 379
65 612 85
403 596 209
269 803 937
557 594 470
781 527 165
377 367 357
84 268 990
113 785 845
152 453 362
569 653 21
13 381 536
262 15 644
309 599 485
373 217 609
643 376 382
196 201 870
605 278 754
233 304 252
526 511 226
283 367 638
637 747 690
1 521 296
363 561 821
80 341 818
277 712 807
513 730 325
605 286 533
387 160 472
425 477 925
358 367 363
655 665 339
831 557 3
21 160 352
798 65 442
627 215 778
137 191 406
173 409 745
693 1 149
103 763 906
555 703 549
273 786 911
232 551 350
736 769 769
233 65 864
79 151 337
509 21 720
85 95 435
115 148 379
417 352 735
123 14 239
389 281 118
28 210 482
35 38 369
267 469 328
222 626 410
119 735 327
643 706 464
677 785 756
7 714 180
459 407 290
699 189 461
456 734 991
117 751 138
345 389 380
409 785 410
24 347 153
2 239 624
819 647 9
538 408 283
733 619 203
303 353 632
171 33 36
128 462 471
45 795 558
311 807 619
491 305 476
103 431 279
722 834 759
149 97 111
729 579 797
45 501 662
157 661 366
721 641 654
708 571 197
389 573 14
773 343 722
337 583 131
183 563 780
815 756 276
554 243 762
105 643 978
611 431 23
343 446 145
547 834 497
27 542 338
69 427 455
119 146 671
213 617 361
591 502 669
46 770 946
554 353 21
579 131 41
524 140 850
417 143 510
523 88 682
300 327 983
696 135 319
390 165 33
195 330 904
512 735 196
81 577 254
239 113 837
171 457 648
449 543 542
335 399 357
579 407 469
28 832 820
273 389 143
135 765 243
347 749 647
353 9 83
211 137 73
381 617 989
545 109 738
244 730 24
615 153 989
515 77 863
369 689 707
122 401 951
579 123 866
365 449 762
653 94 919
277 428 107
51 147 468
283 453 398
26 71 707
50 440 585
407 181 745
115 215 757
6 5 118
119 569 714
285 413 778
336 338 868
195 547 741
491 539 214
62 650 459
776 158 405
23 239 14
245 815 888
557 207 535
227 681 163
451 791 928
425 61 131
565 11 199
643 534 929
619 771 534
265 685 52
824 430 857
791 337 793
358 779 145
221 205 473
195 705 249
373 819 410
53 437 659
12 786 598
439 645 569
159 95 270
611 95 893
65 286 630
667 26 747
577 419 479
37 519 346
825 267 113
8 188 537
474 307 110
67 75 285
9 17 286
15 639 587
61 191 632
672 117 578
561 395 228
249 297 124
177 606 463
682 187 157
187 590 75
447 634 434
73 478 172
509 289 542
164 218 89
263 622 772
243 487 364
83 795 309
815 759 865
528 149 873
587 592 776
429 307 929
821 283 453
487 401 710
148 466 617
603 773 868
223 81 673
570 261 671
653 809 687
260 687 362
544 259 415
569 427 784
445 646 296
275 423 774
123 151 196
383 553 180
514 789 528
691 282 940
653 667 753
434 49 417
767 826 871
228 812 397
56 166 971
533 117 851
715 151 746
14 701 922
427 770 899
83 61 687
798 359 969
66 410 270
476 725 164
487 821 881
367 543 677
255 407 524
325 705 540
526 125 539
566 320 747
653 479 959
21 37 976
64 136 981
533 512 238
174 77 842
812 293 840
315 125 113
155 566 896
135 511 46
286 780 681
149 319 272
126 192 241
539 464 910
285 739 284
273 204 202
530 687 274
443 263 243
370 413 285
393 191 304
587 763 339
427 580 868
49 69 156
243 686 836
496 179 158
305 515 632
336 477 810
125 557 199
691 281 589
697 237 268
281 231 634
265 810 985
505 15 121
749 583 29
823 779 207
610 212 923
758 73 645
317 484 497
341 727 511
21 719 397
317 10 537
380 610 469
149 653 888
515 660 680
587 813 572
65 385 330
639 161 547
175 465 549
701 703 712
153 645 821
554 182 889
721 231 429
692 775 292
155 811 603
423 235 438
758 431 732
670 268 636
11 788 528
809 401 653
475 200 533
395 463 643
807 307 18
481 236 413
49 479 258
226 710 360
833 771 468
667 776 441
525 337 524
113 527 80
741 501 64
10 82 462
360 151 792
51 226 4
97 161 942
649 305 368
537 20 1000
121 277 983
477 1 71
275 263 177
543 676 808
237 347 383
95 701 789
619 203 60
679 279 644
837 679 602
287 753 383
387 321 229
413 739 173
203 642 263
130 185 624
514 837 946
323 265 370
61 162 626
75 283 663
748 255 465
557 9 850
710 216 238
756 689 199
489 298 158
831 483 590
53 423 368
241 757 315
71 639 629
407 267 735
781 18 235
87 810 896
230 217 76
771 145 609
335 561 586
763 337 37
193 790 711
819 263 613
192 53 640
539 553 335
180 366 483
779 191 147
371 545 926
835 301 493
43 379 920
1 133 235
61 573 59
107 587 115
713 591 349
200 451 980
90 28 981
55 642 121
401 477 280
465 261 533
643 283 689
611 459 678
775 175 245
154 745 712
33 563 992
617 505 52
761 119 856
484 577 944
150 703 326
150 482 295
56 191 378
779 827 669
195 743 156
247 495 162
354 697 596
504 105 875
771 662 994
199 312 180
244 729 246
48 182 918
313 658 573
357 413 252
79 451 808
769 147 278
25 795 197
711 515 731
549 101 929
108 672 412
88 236 809
299 101 344
521 721 260
309 129 361
820 781 800
743 139 889
267 617 996
138 559 259
707 243 91
396 178 108
538 649 894
679 753 418
673 335 531
361 123 630
558 735 42
609 135 119
534 731 119
114 761 414
609 199 183
181 137 790
627 349 111
837 777 574
763 444 847
831 605 717
703 757 511
485 221 8
729 645 98
229 635 941
527 103 8
124 738 729
245 265 159
96 125 497
108 9 866
321 835 312
457 391 707
668 181 669
159 620 815
656 321 350
678 191 110
13 395 384
497 626 461
347 688 347
423 752 399
666 363 438
591 800 256
115 342 927
209 251 245
1 199 681
28 429 560
395 207 789
277 175 730
759 282 833
589 87 812
111 291 301
305 370 187
715 93 88
88 93 362
377 5 142
273 137 897
461 75 145
317 196 977
138 299 901
573 556 918
493 568 849
117 31 564
423 389 38
473 621 833
465 394 74
335 485 136
43 49 108
23 93 692
437 367 19
171 523 552
185 732 665
339 625 934
385 341 565
85 686 68
41 151 741
772 19 570
97 107 858
125 706 219
509 671 316
367 503 403
394 783 762
13 93 78
7 91 673
656 589 577
437 208 353
607 499 407
17 370 64
190 624 223
305 55 93
518 431 749
1 177 568
324 582 492
657 625 861
77 629 971
190 263 567
727 601 757
799 339 474
149 65 318
693 398 743
712 519 255
225 165 878
613 123 472
509 659 990
791 779 968
419 619 643
203 266 686
676 253 161
63 163 3
837 228 935
151 103 494
476 483 54
223 287 270
41 815 615
286 143 43
331 751 536
501 193 730
7 53 617
245 683 582
347 801 218
615 405 996
105 310 269
127 1 121
305 390 582
689 325 572
761 782 707
441 557 813
99 447 975
57 787 500
491 637 47
167 834 76
575 79 366
161 303 717
473 595 456
649 259 986
339 793 279
224 505 877
607 169 795
605 733 989
287 207 803
509 603 941
391 603 978
641 205 436
186 23 95
85 502 310
229 51 712
425 316 998
52 407 267
161 21 769
305 587 767
369 427 477
381 14 77
91 617 47
51 603 437
438 441 50
227 455 328
170 380 256
814 594 345
303 269 471
469 161 367
659 317 994
371 398 254
696 557 278
550 207 618
271 527 402
276 373 31
303 337 513
656 732 522
515 572 940
189 59 427
817 740 9
13 60 818
82 310 185
613 719 833
496 266 755
123 807 561
505 461 405
119 54 652
193 262 391
708 698 771
291 716 220
683 723 469
654 446 343
262 379 147
115 177 109
11 729 643
231 107 646
30 729 720
219 66 48
681 49 512
411 581 981
806 156 883
617 209 75
623 441 837
189 241 950
16 41 673
35 289 41
417 169 660
787 29 130
659 37 739
308 183 348
619 691 227
247 310 936
97 339 887
263 477 941
33 517 128
709 739 818
776 406 605
370 499 344
1 483 319
229 733 825
445 413 489
475 159 19
731 196 172
431 15 82
83 519 963
603 770 823
585 415 215
565 150 178
561 700 206
699 837 859
574 387 726
337 407 38
31 790 690
145 405 484
268 693 817
21 121 274
689 132 234
664 452 771
369 616 182
335 723 569
411 263 984
511 598 193
295 805 161
78 265 117
815 769 222
1 543 823
708 42 274
757 301 644
547 783 413
355 817 823
185 703 876
535 653 61
82 412 390
791 503 503
757 805 105
183 815 256
440 646 94
732 311 736
516 721 762
144 224 70
366 121 763
629 367 5
65 559 288
121 236 991
346 9 990
651 632 871
145 230 499
447 779 588
743 160 537
451 781 135
103 529 217
775 378 220
151 651 338
290 296 475
170 573 480
792 747 53
615 503 566
784 679 851
441 318 460
45 641 913
15 196 200
731 300 445
313 333 767
271 349 15
387 63 976
13 422 422
492 697 280
607 173 82
677 290 138
271 99 302
51 435 173
345 215 902
319 50 901
187 380 209
630 725 279
63 767 847
651 779 14
837 36 791
274 544 468
159 145 387
575 678 350
817 493 83
443 694 168
97 373 128
275 291 917
512 57 102
401 627 714
40 786 402
332 654 195
227 273 451
837 215 659
165 509 959
69 164 214
88 274 716
501 321 718
75 200 760
404 251 278
737 513 925
262 370 490
22 85 433
710 40 726
447 325 880
144 683 619
255 522 410
163 84 659
551 26 601
773 790 562
581 131 268
13 43 25
33 299 705
175 27 591
741 27 322
151 535 971
815 7 970
561 308 217
816 387 993
424 703 866
750 117 885
274 536 674
326 437 980
25 122 912
729 1 456
209 435 624
685 373 772
573 359 734
5 7 51
399 712 737
494 591 523
376 652 861
120 602 574
682 500 306
85 453 840
625 662 518
151 39 736
315 525 554
203 521 488
728 60 609
143 534 715
119 246 780
255 780 572
601 544 317
707 738 979
33 665 14
141 509 198
167 315 227
141 734 558
743 345 327
7 187 174
361 501 362
217 34 545
251 165 454
687 429 758
8 603 58
819 217 103
621 189 889
769 361 998
305 213 68
837 495 771
703 7 111
606 641 690
653 435 819
298 284 332
284 336 85
215 747 486
447 735 208
343 694 42
399 206 710
738 635 185
786 41 853
589 664 494
605 245 358
299 185 734
23 9 216
13 61 889
708 495 168
185 427 979
2 18 482
787 237 16
447 438 245
212 544 684
1 785 614
414 539 705
369 655 427
109 321 862
153 571 498
333 698 38
212 405 770
415 305 942
163 547 558
11 627 102
213 499 410
237 562 803
33 119 780
446 447 571
368 314 962
437 830 216
93 779 519
270 329 878
598 104 102
19 244 705
325 499 27
247 68 285
274 674 503
297 427 386
290 287 79
21 282 613
791 107 763
801 183 785
37 345 625
209 136 918
633 97 498
169 99 194
435 323 861
63 575 898
1 16 250
119 363 576
101 266 633
113 421 311
591 265 363
686 309 561
323 53 577
301 73 178
487 723 485
555 715 559
435 268 899
41 799 68
75 288 854
623 583 526
12 290 207
771 363 226
480 326 28
197 645 411
253 135 295
30 582 842
126 754 202
198 247 814
559 69 293
233 121 238
142 227 789
187 129 891
520 92 80
533 416 245
739 751 392
821 693 31
437 238 374
45 317 562
707 775 859
184 201 341
255 734 395
474 469 380
53 458 548
623 50 472
253 275 529
76 280 38
720 401 468
810 245 811
437 324 867
47 651 8
217 271 460
425 617 571
302 39 57
647 181 978
254 447 63
759 424 820
119 321 353
259 621 327
337 25 225
609 179 963
147 498 277
747 240 757
747 587 519
408 236 730
818 402 802
333 386 383
311 704 17
167 175 176
301 474 454
155 623 40
833 776 472
709 564 751
27 234 245
553 595 109
556 668 983
311 271 946
461 675 847
3 195 628
75 43 772
606 780 570
72 678 902
47 215 980
127 473 259
45 418 163
565 700 888
697 79 932
477 580 66
171 451 606
61 504 430
661 178 304
766 176 120
48 763 432
405 591 483
99 323 68
187 795 509
155 488 888
711 166 277
160 559 126
313 641 244
579 412 269
351 151 435
319 775 582
443 414 589
729 603 558
40 107 176
597 624 766
323 399 109
599 291 912
506 614 997
379 736 799
169 528 92
271 729 2
341 652 757
786 719 982
209 283 513
429 448 768
386 277 548
1 699 790
187 819 179
675 485 600
251 565 284
469 301 748
183 191 220
679 653 478
3 83 391
475 759 976
133 758 591
286 523 112
309 280 520
337 591 673
437 555 723
565 259 604
420 635 682
120 465 346
483 620 990
731 2 673
5 449 713
3 12 29
212 783 148
43 227 953
237 316 479
785 752 309
581 785 404
229 806 429
672 450 713
524 263 414
195 803 264
831 139 510
769 130 918
289 457 162
800 761 820
177 725 788
119 23 206
736 29 38
189 26 636
213 296 12
67 552 515
425 747 192
406 601 884
611 369 300
657 187 80
639 814 631
714 161 889
290 698 134
307 623 590
775 217 394
257 721 736
478 793 158
656 583 913
587 105 979
253 134 103
7 8 310
391 85 819
164 790 823
537 683 965
293 803 330
833 119 585
185 355 87
182 298 336
688 151 168
648 676 908
155 750 565
681 58 694
507 161 314
227 159 18
379 430 959
189 78 264
186 393 603
805 459 398
74 64 333
195 80 785
396 691 511
257 556 37
151 568 10
387 15 954
642 651 466
413 101 586
219 716 694
466 1 171
7 400 235
828 717 362
265 499 106
583 39 759
643 246 879
799 73 577
169 37 911
209 51 313
25 196 341
75 437 717
439 80 215
250 189 332
167 373 178
639 207 462
144 617 419
728 193 784
187 207 475
165 61 71
607 631 702
491 817 777
109 219 477
398 136 617
478 640 924
253 558 973
144 485 957
11 29 1
34 307 230
414 124 915
803 511 864
9 829 129
416 503 122
59 517 919
71 109 282
365 71 178
427 111 303
211 792 681
248 569 214
421 711 345
761 655 50
666 289 268
722 472 252
220 487 985
448 579 420
651 360 639
795 776 631
399 286 554
47 204 54
689 519 354
469 711 728
213 261 251
410 815 865
743 141 632
517 306 514
33 544 778
80 97 394
453 105 408
241 331 7
250 153 113
331 734 114
641 164 548
662 36 248
687 445 707
432 654 460
633 542 886
216 567 831
105 3 12
681 194 871
699 727 216
259 173 525
792 694 746
34 213 623
500 789 930
529 136 11
741 475 798
479 119 729
532 300 425
131 159 277
435 748 187
563 576 705
473 597 951
423 655 683
728 713 972
605 525 454
464 775 67
679 815 251
627 25 519
357 279 80
32 42 331
741 682 188
157 451 48
149 198 894
770 172 411
167 527 195
562 673 843
691 494 396
463 58 257
736 1 573
367 63 44
527 711 519
518 349 493
556 770 675
97 141 432
665 249 919
213 737 682
87 310 722
57 161 93
741 157 576
58 84 637
324 442 520
512 403 400
575 699 511
487 581 402
836 685 110
245 400 180
59 337 877
461 373 100
383 441 882
7 211 508
769 725 224
742 487 265
588 433 181
641 428 9
102 390 206
185 598 843
625 643 936
649 577 87
62 355 522
41 277 502
641 468 353
591 287 987
333 607 360
432 761 420
388 137 188
645 742 88
241 207 134
264 541 188
364 475 644
3 335 341
567 637 802
479 257 5
617 169 420
189 533 259
376 726 521
513 619 816
61 308 931
213 809 355
134 204 952
649 773 532
224 550 258
541 49 448
434 741 974
629 571 14
743 369 825
811 763 732
747 341 94
19 611 964
559 271 362
743 559 23
147 809 341
347 66 370
695 775 173
205 428 83
79 771 912
121 171 689
209 162 240
411 738 430
225 90 370
196 702 390
785 319 195
420 273 543
383 235 652
425 547 42
466 81 694
289 344 864
795 315 687
554 624 583
89 669 228
751 834 504
300 675 901
451 457 943
401 323 884
819 555 68
305 148 385
633 447 664
487 434 113
573 621 484
463 741 7
631 232 675
649 409 16
632 12 266
295 513 257
265 796 891
829 98 193
555 171 108
621 167 104
654 153 771
291 837 667
3 243 207
213 402 635
478 759 516
737 711 946
161 739 232
180 597 779
387 253 37
449 720 717
359 343 344
739 175 869
383 220 373
211 404 236
473 808 169
495 263 355
830 602 697
529 665 922
109 107 133
283 372 419
591 339 581
639 509 196
536 65 62
702 334 800
741 645 661
605 401 102
300 143 461
619 565 584
119 398 376
677 273 726
395 509 368
813 761 265
99 182 920
739 835 959
658 827 196
301 433 843
43 187 73
523 811 626
371 636 470
499 407 242
159 723 66
597 481 517
422 66 860
403 163 833
221 396 140
87 719 349
203 97 420
425 53 347
516 424 937
199 247 191
385 783 436
6 14 944
703 581 412
99 181 382
7 15 797
791 709 736
357 163 385
781 217 476
65 725 285
140 682 541
385 749 420
469 677 244
44 7 698
602 217 136
531 720 170
835 450 262
144 137 207
814 285 815
611 703 848
121 665 120
7 461 854
751 17 506
1 5 983
27 684 780
227 589 607
379 477 252
89 764 116
336 753 116
357 207 860
129 695 320
324 583 588
185 259 167
47 546 802
703 135 732
667 713 86
279 123 133
23 58 548
31 147 484
688 107 91
67 632 651
756 710 447
704 443 253
107 545 895
480 610 373
331 408 469
191 273 861
127 283 336
571 462 380
809 551 81
691 789 277
785 504 912
41 53 470
449 233 509
355 299 442
770 225 424
724 21 849
49 735 806
721 305 702
285 71 817
806 113 242
653 271 624
316 653 122
753 168 357
505 701 979
215 447 89
449 755 464
341 107 814
229 25 69
566 224 708
3 575 116
99 157 808
615 632 800
687 637 686
471 134 752
307 665 959
193 13 898
519 469 580
217 420 991
563 664 16
26 84 771
203 753 690
584 579 862
509 161 615
177 320 873
580 488 92
85 120 328
499 824 806
34 437 721
345 825 714
261 343 671
21 76 39
27 75 588
214 784 376
170 141 7
789 834 730
347 382 416
553 78 185
317 469 725
124 669 88
69 208 965
61 186 200
117 267 115
133 657 342
404 53 747
109 127 772
632 13 974
7 467 46
506 329 758
345 153 461
349 591 483
198 206 588
633 457 551
793 285 939
663 401 111
540 463 589
383 71 683
156 771 793
23 100 848
567 133 328
273 824 51
695 53 617
305 248 547
597 661 859
805 592 173
237 795 314
511 703 635
369 123 978
59 699 920
289 691 8
17 587 9
731 11 679
286 35 753
552 401 478
89 621 366
407 311 283
303 212 975
413 199 509
707 395 765
255 385 876
23 47 48
255 747 74
429 829 701
487 671 211
41 721 493
253 718 762
251 757 468
100 555 748
611 561 410
413 695 332
7 418 92
517 701 968
725 26 150
45 816 833
195 367 628
357 389 637
361 433 170
47 803 164
363 415 73
748 285 149
655 506 593
694 591 509
734 139 714
184 543 641
215 141 522
247 321 528
805 166 164
151 286 2
803 291 624
254 449 728
168 570 875
273 453 448
33 771 22
379 57 914
684 181 415
315 827 826
394 204 23
591 629 124
442 123 285
711 479 286
197 806 719
591 654 960
489 691 557
72 189 490
530 527 985
241 779 710
475 744 117
826 587 11
622 363 910
489 649 187
247 155 793
822 229 75
804 59 190
601 769 670
553 461 145
117 479 311
809 281 516
425 141 866
373 137 208
413 473 649
777 481 489
249 635 295
139 59 960
591 155 42
53 391 87
303 782 4
21 284 800
749 524 155
838 553 227
485 678 24
520 120 820
2 79 679
689 791 435
714 487 458
341 40 144
277 709 433
202 86 180
182 517 628
754 23 125
486 187 902
459 706 879
35 336 172
712 365 676
26 104 369
681 177 123
771 161 504
401 671 513
541 586 304
535 509 135
62 365 541
449 487 603
681 319 158
267 290 20
197 774 105
701 47 582
70 521 220
265 507 809
295 141 902
741 817 439
695 205 700
139 20 844
727 431 490
831 105 237
459 1 684
643 711 534
143 486 142
785 124 162
591 596 123
54 238 13
177 639 999
809 630 667
164 622 515
117 153 721
343 269 440
83 339 6
150 497 425
618 693 460
723 305 54
426 159 936
363 1 519
641 273 936
349 652 132
680 748 862
413 233 243
602 127 326
417 420 85
460 387 211
61 415 825
791 793 908
173 761 692
676 467 320
618 627 747
569 452 271
215 312 581
4 163 608
323 593 340
739 201 153
191 715 855
705 299 328
284 452 664
459 229 420
42 68 266
589 368 665
679 171 331
119 341 234
597 279 846
59 792 475
57 236 417
708 313 928
183 385 397
421 316 437
719 665 133
19 791 633
717 213 749
115 61 902
19 189 398
121 749 171
26 424 194
14 507 222
203 573 981
79 467 261
29 42 996
191 414 838
235 191 361
526 361 562
443 802 389
359 233 909
640 636 966
679 299 583
583 684 974
493 495 761
402 759 942
189 556 994
317 105 902
753 671 947
81 67 116
723 357 373
149 703 772
245 357 180
116 723 302
61 18 907
527 104 638
506 585 946
547 7 608
347 154 95
641 785 35
130 261 48
347 335 902
293 749 974
579 129 421
241 361 897
793 399 94
125 357 902
523 639 961
295 811 795
409 293 389
543 263 425
109 138 37
384 270 23
675 582 162
687 518 270
433 428 407
97 495 991
217 86 623
397 212 983
188 460 412
592 757 248
551 675 916
589 422 251
641 744 133
131 83 627
313 825 818
785 233 433
362 689 917
173 85 299
395 546 684
96 131 347
811 418 162
555 804 31
428 406 811
831 429 812
729 817 787
572 252 423
525 811 851
311 230 20
66 326 269
32 37 397
673 157 459
619 250 226
289 823 676
357 19 739
566 241 812
316 37 820
413 753 592
193 305 949
363 391 157
117 553 292
639 669 334
75 666 210
127 169 59
656 711 134
126 319 378
111 565 725
577 363 482
230 61 202
290 561 402
395 43 239
399 263 385
221 245 571
261 87 835
268 735 988
263 493 965
823 743 418
537 405 343
604 439 894
657 145 219
491 572 962
237 647 131
145 247 258
20 54 981
768 561 987
549 618 493
689 803 753
677 589 77
374 282 991
487 463 500
395 799 978
757 332 773
515 541 480
471 124 234
32 50 378
231 408 152
601 571 448
503 486 482
319 799 792
535 739 596
99 549 562
101 145 293
245 563 414
435 15 15
117 3 106
196 205 290
112 805 462
175 224 984
219 444 181
281 717 174
511 477 310
95 765 448
611 818 230
836 111 292
663 171 398
59 410 145
491 34 386
514 2 704
420 597 666
783 637 404
447 505 701
349 179 631
548 651 822
196 697 483
415 365 766
23 63 711
803 163 207
519 395 87
747 631 771
207 306 956
2 721 549
783 139 241
683 627 520
315 327 822
149 411 380
243 83 158
639 229 446
56 180 293
273 95 402
464 428 269
777 157 146
633 156 393
222 627 579
112 432 68
479 173 482
33 401 27
98 89 243
808 322 923
493 513 757
515 16 556
113 107 987
803 185 517
541 704 21
600 649 18
516 660 634
77 220 78
345 35 23
448 797 396
316 729 56
633 287 34
196 715 842
356 673 840
603 187 127
299 45 278
319 767 739
825 683 253
530 479 598
591 391 681
139 161 241
54 56 142
375 160 164
649 496 4
550 617 14
605 755 146
49 401 512
70 173 892
445 78 532
545 132 140
583 343 624
333 644 68
696 574 90
777 15 326
543 596 130
10 200 425
527 201 181
605 151 224
537 563 975
240 179 132
543 455 779
809 536 949
547 555 191
615 69 445
197 247 553
221 416 704
490 183 60
215 62 353
333 479 536
669 613 879
11 835 434
28 466 731
70 414 299
833 429 667
395 586 511
639 355 153
531 15 143
585 467 611
581 650 829
239 561 11
767 560 353
563 505 969
792 433 782
161 231 115
55 649 32
275 97 326
69 518 416
673 361 414
811 403 565
681 7 345
185 726 807
552 259 999
809 167 222
255 94 64
73 806 783
495 645 54
32 596 952
106 464 653
288 367 290
376 537 889
685 181 886
547 838 25
731 535 163
799 303 739
71 92 582
86 228 229
159 795 610
108 430 461
627 151 547
616 669 995
381 728 155
41 170 801
579 775 70
191 63 382
293 279 359
1 275 380
535 224 886
766 528 896
611 785 71
263 741 55
493 361 714
833 386 7
223 441 503
509 61 817
298 463 192
288 239 465
341 311 913
170 439 876
403 120 246
752 290 319
453 584 165
369 75 94
288 559 422
101 183 50
109 495 965
729 196 413
354 94 210
466 509 718
404 615 35
683 730 455
822 569 896
258 301 538
665 439 21
594 501 917
24 742 968
723 181 780
755 708 408
87 595 959
15 39 612
617 601 409
69 174 229
556 180 198
224 423 327
461 217 368
447 802 841
70 259 501
509 351 189
676 757 906
207 829 563
772 54 207
457 643 795
485 715 868
392 209 440
789 718 954
491 820 429
636 71 339
663 473 926
271 41 746
244 675 459
613 743 559
139 679 768
183 448 442
335 257 516
826 689 511
607 285 866
373 379 296
771 749 486
299 411 93
57 423 386
339 515 731
585 699 825
712 752 268
647 680 928
265 596 976
20 161 257
649 77 115
629 79 4
668 643 750
153 315 366
388 591 174
34 425 625
323 579 625
419 687 118
665 476 998
593 796 274
289 472 239
719 391 852
137 186 314
41 285 37
553 584 10
231 783 760
295 677 705
571 239 196
779 592 511
419 377 391
649 818 216
425 699 32
583 62 155
777 82 220
304 519 783
725 610 156
222 11 354
308 325 796
275 487 908
767 521 114
125 204 802
383 205 514
286 712 470
736 744 582
693 261 45
152 248 535
391 423 87
405 21 897
675 456 989
294 541 889
826 431 934
789 597 234
826 7 499
371 489 291
681 212 423
111 383 199
75 278 759
187 834 701
133 343 643
286 473 111
393 425 534
590 595 158
781 447 986
235 709 772
207 629 995
306 293 922
611 663 844
294 473 987
19 113 270
765 125 453
569 366 795
101 291 640
427 691 370
473 753 264
18 35 182
218 749 572
51 387 646
702 531 162
163 413 493
208 516 80
80 317 437
78 669 937
368 759 438
671 591 294
519 159 64
96 603 1
724 375 149
44 74 216
575 248 828
199 363 28
692 245 389
25 45 714
649 175 161
301 306 114
537 151 186
825 751 240
786 516 595
286 463 501
723 178 800
611 721 557
831 788 701
309 649 382
423 229 426
41 313 263
293 425 657
84 198 830
119 639 535
487 831 376
819 349 595
180 123 371
159 499 272
528 668 786
471 287 391
253 424 250
106 217 798
520 375 832
514 425 48
369 773 896
723 579 5
93 460 798
419 497 334
617 72 640
796 170 491
179 742 609
325 247 826
332 623 209
347 651 210
185 802 499
153 515 17
55 371 21
548 542 707
167 819 947
757 303 649
350 117 822
398 281 330
188 350 647
358 392 919
578 809 690
124 122 343
761 789 803
205 211 716
711 143 942
415 265 336
131 553 529
471 746 554
637 167 971
167 297 836
496 98 634
527 743 345
583 595 543
53 302 534
368 270 564
45 540 675
169 293 594
558 480 28
811 180 809
329 313 742
567 690 52
567 479 487
667 511 520
46 329 604
448 88 704
814 629 153
280 547 646
796 550 900
227 580 669
400 635 67
31 343 363
325 696 695
838 475 479
91 807 950
532 257 68
738 752 614
493 777 310
179 563 628
359 710 733
780 307 910
636 788 397
789 19 906
645 700 891
386 692 628
185 411 167
556 211 313
773 465 37
705 709 528
720 759 105
541 149 611
690 765 732
587 597 905
90 356 905
52 451 475
665 229 176
1 302 981
793 121 926
628 709 255
149 694 548
673 717 18
105 96 478
67 252 227
701 137 888
121 17 804
142 146 990
17 287 233
333 9 793
606 142 674
656 481 567
53 665 121
777 136 725
95 771 722
298 553 986
308 399 891
261 293 201
381 284 356
499 801 650
447 548 948
285 315 648
711 731 856
719 275 540
711 837 383
3 251 203
337 547 92
203 571 690
262 397 663
347 625 250
8 79 53
389 635 221
649 656 663
77 569 955
723 129 351
285 35 457
45 439 433
665 679 605
644 203 347
185 115 169
361 443 599
9 33 4
695 499 64
443 638 462
159 241 821
483 433 740
256 822 538
768 208 348
487 193 206
153 253 569
262 533 764
288 497 528
256 327 77
112 159 731
397 553 898
367 214 426
762 502 15
760 9 452
673 747 860
331 443 983
337 603 571
535 246 429
212 460 7
690 77 279
165 221 559
741 725 574
466 719 28
819 683 471
119 231 340
797 651 803
814 625 707
421 286 120
561 793 987
743 680 137
368 545 733
279 413 398
503 363 764
201 587 918
216 227 184
123 720 250
129 193 798
383 579 405
537 236 873
671 379 997
427 794 369
322 776 530
461 598 178
177 94 444
8 607 713
51 33 116
103 129 548
175 625 17
66 745 752
340 116 306
145 348 311
256 524 945
191 759 655
427 623 519
7 779 956
694 702 43
25 786 630
18 158 678
207 331 546
147 714 102
669 635 866
329 552 31
101 819 409
21 665 438
40 801 17
573 513 308
318 311 770
593 421 619
671 200 145
153 717 525
490 641 481
113 93 904
39 660 525
780 216 194
31 307 500
129 521 433
16 832 212
523 564 238
390 572 278
409 675 679
39 601 790
45 462 384
822 806 714
132 455 223
350 698 193
259 146 308
473 791 827
234 433 351
821 331 21
101 123 331
535 703 809
365 347 533
375 619 238
117 325 932
805 465 604
484 257 298
601 43 680
16 78 862
660 179 685
512 449 532
629 329 256
743 439 152
358 686 171
323 810 757
123 600 276
418 696 776
391 585 949
250 123 387
551 425 779
31 35 268
428 227 950
253 355 517
18 57 298
76 572 67
578 66 246
622 82 269
717 88 949
312 311 868
521 69 114
379 516 228
613 47 260
201 155 771
677 377 722
285 441 985
822 101 636
716 491 493
479 793 611
349 367 350
371 108 882
405 183 440
183 713 601
563 364 228
820 185 671
21 834 917
469 361 305
241 303 718
815 23 385
506 17 240
799 474 891
249 522 456
17 62 211
262 587 62
352 99 247
148 506 730
319 623 922
85 179 669
38 595 220
271 3 400
443 561 229
613 601 533
638 47 68
529 309 165
490 81 125
233 81 912
508 16 793
723 311 187
380 495 123
429 695 772
266 543 502
713 757 626
247 178 785
158 71 808
604 50 469
698 203 99
586 206 462
107 609 853
707 379 26
649 364 606
261 176 646
211 463 451
211 107 974
311 183 949
46 363 839
411 11 881
230 829 634
193 572 176
727 555 339
586 737 408
831 663 228
597 500 85
621 73 869
185 314 39
637 641 725
407 591 308
201 823 427
543 261 574
92 435 808
725 391 23
383 306 295
293 54 236
9 13 133
369 815 810
56 81 581
150 758 638
198 503 523
363 137 693
823 710 231
155 95 402
286 685 261
531 616 894
64 808 886
580 207 183
577 629 127
103 173 326
833 283 523
101 477 395
511 563 355
805 280 371
286 157 259
504 323 411
409 767 146
57 568 953
668 453 238
121 111 531
567 189 901
51 171 462
137 494 6
97 285 485
71 635 839
811 417 535
257 401 276
239 111 755
581 493 139
688 515 244
187 825 495
515 225 508
163 167 279
221 45 717
785 203 112
761 270 413
384 749 714
341 565 715
703 41 960
263 809 118
485 181 560
127 210 209
443 412 654
293 383 676
629 241 438
627 225 483
826 424 419
579 411 707
96 395 127
284 351 786
788 269 235
603 455 562
774 321 191
574 417 85
393 516 734
301 103 277
420 237 235
718 51 920
383 47 726
263 77 606
510 72 938
105 191 928
541 709 782
489 385 903
563 707 533
356 451 32
831 243 771
175 171 140
144 660 874
653 74 856
110 171 756
79 33 840
731 569 765
793 421 373
39 44 156
186 589 206
623 393 690
139 691 339
330 524 591
401 161 236
52 469 609
235 421 525
685 121 293
540 795 88
211 673 975
245 345 292
71 411 516
206 80 489
199 419 629
628 579 532
682 715 832
609 703 474
688 327 729
453 82 515
769 43 728
498 553 214
756 291 361
817 541 656
391 495 405
684 373 243
571 419 9
699 200 760
101 326 194
463 598 842
531 679 514
534 101 749
49 333 484
57 325 872
617 182 701
45 65 422
64 43 577
609 145 841
238 419 310
835 355 264
361 203 372
781 573 472
448 513 412
836 374 855
521 608 285
659 205 568
671 813 935
547 429 882
163 389 314
393 210 449
460 139 490
161 255 316
211 488 650
784 501 738
571 722 122
333 139 762
668 471 740
151 655 789
143 204 169
107 631 527
322 772 224
150 683 522
173 34 862
454 673 426
77 561 622
57 109 967
387 755 840
477 513 870
273 303 210
519 295 272
293 681 230
508 727 258
277 23 966
457 209 484
549 239 441
411 413 203
79 479 9
261 559 865
51 75 346
11 537 635
781 9 425
747 786 27
273 31 983
257 545 298
485 163 897
791 477 678
417 123 457
150 291 682
283 804 37
31 81 250
281 811 187
719 12 913
659 547 828
589 759 187
497 267 143
189 831 648
221 453 88
635 213 191
394 517 260
574 265 479
140 247 354
459 744 186
169 531 648
455 426 913
711 359 100
725 545 301
361 379 787
280 641 419
519 596 683
129 595 638
699 467 339
94 238 614
691 215 945
485 281 110
191 424 750
350 293 85
467 534 850
810 423 144
534 307 287
45 171 901
178 429 85
431 455 506
187 479 673
199 667 331
601 303 18
471 131 47
657 530 974
171 229 816
157 658 929
217 637 649
163 351 893
343 555 701
196 331 906
725 203 146
491 177 127
706 501 794
75 73 329
600 445 505
543 651 951
28 586 243
715 645 338
531 642 51
117 663 670
435 283 797
685 670 190
259 563 8
123 49 115
553 178 956
335 51 920
268 559 152
508 567 813
671 763 62
67 85 205
484 766 842
26 34 23
430 744 850
333 633 840
475 147 219
19 46 253
100 153 486
204 242 725
533 181 853
348 771 453
93 583 643
677 335 792
51 745 620
250 321 509
643 385 623
745 54 742
633 49 84
319 181 217
35 73 74
713 541 33
813 424 175
819 626 379
366 653 320
19 577 3
632 639 435
606 734 182
593 40 847
455 165 550
419 713 624
85 412 520
264 548 966
725 517 252
131 341 950
649 541 410
817 331 193
129 273 367
20 346 726
29 496 159
21 79 372
6 11 587
40 129 721
213 530 436
273 307 68
767 213 971
458 731 984
687 263 919
533 719 277
358 708 956
249 371 433
192 729 653
509 211 963
261 294 858
653 534 987
759 639 784
585 253 474
813 423 762
54 95 514
342 50 837
835 596 349
257 649 213
269 795 388
147 635 172
3 291 566
306 372 608
35 671 927
523 837 793
76 642 743
42 412 708
67 87 500
52 211 151
536 547 343
362 203 157
118 663 579
64 265 118
485 463 398
47 149 432
497 653 519
285 325 763
120 630 789
79 755 121
283 796 353
348 532 103
433 194 620
54 705 936
798 657 369
32 91 486
539 625 706
57 690 373
575 397 771
746 403 748
155 514 712
779 637 414
691 569 179
459 695 816
16 573 974
12 21 189
370 592 279
695 50 907
401 728 536
793 379 1000
101 593 376
189 356 972
291 775 425
364 604 607
415 608 156
24 314 558
222 6 707
396 685 196
419 766 413
635 591 727
272 95 348
371 361 917
525 735 51
415 177 198
436 90 410
390 626 421
360 738 112
756 541 368
395 239 621
171 181 276
435 459 140
177 455 363
465 389 840
167 429 690
578 617 638
473 768 779
766 797 459
438 439 442
772 235 914
145 436 272
649 421 266
671 499 412
499 191 97
139 265 643
731 697 800
435 795 642
573 355 590
470 703 593
731 165 730
141 531 314
781 386 761
225 130 778
172 7 302
409 835 558
42 264 141
703 333 346
572 669 356
545 177 498
141 227 910
62 331 593
285 73 978
459 669 440
486 447 961
101 252 912
444 323 293
9 135 610
565 677 311
485 705 670
830 159 444
521 9 344
436 504 151
801 757 187
805 536 284
75 653 144
325 541 311
358 492 470
356 728 805
441 603 498
47 817 423
255 547 846
336 392 855
61 468 871
427 489 561
1 65 168
485 596 151
561 717 786
611 691 642
400 312 737
613 341 134
136 105 382
182 451 366
695 660 606
677 115 693
59 349 366
179 837 982
489 387 406
44 461 288
519 137 770
527 568 653
499 351 378
599 577 510
821 293 404
427 705 711
462 493 735
16 20 594
449 555 429
582 364 573
144 406 37
437 23 936
407 596 941
49 623 606
85 381 716
547 490 128
607 618 980
592 656 722
725 147 425
385 664 555
30 176 876
29 201 981
83 627 344
80 684 80
315 34 321
307 302 987
215 793 131
92 463 839
59 153 88
143 575 353
831 191 637
180 3 700
601 175 802
169 220 23
279 443 75
735 671 393
831 587 663
628 831 725
763 769 778
547 224 860
35 101 529
836 621 345
821 545 210
106 299 842
225 279 269
291 773 494
343 301 388
458 421 248
277 561 788
229 481 55
357 623 362
203 268 329
353 747 634
360 436 990
24 240 921
491 501 183
686 571 593
163 576 188
427 813 177
814 209 645
705 809 168
184 21 635
119 527 178
287 433 57
639 369 367
329 31 686
815 455 212
601 778 987
55 613 692
186 579 726
787 570 959
297 608 400
321 681 739
725 691 993
705 810 138
213 559 331
206 266 312
593 833 848
65 813 825
783 88 575
185 555 471
470 75 279
114 227 71
579 397 442
671 731 398
89 588 907
165 41 1000
661 75 91
569 719 509
571 390 290
77 59 31
526 406 495
131 250 701
701 472 792
263 371 385
551 227 545
545 543 157
1 118 815
66 137 525
541 85 339
17 223 594
190 126 658
82 94 703
175 279 189
627 756 383
217 560 792
713 589 249
698 577 366
764 429 431
646 43 838
219 582 773
353 56 123
487 639 237
810 29 20
177 29 928
263 833 22
711 289 35
266 567 378
683 262 899
330 451 106
388 794 408
245 55 518
281 134 264
101 574 932
197 714 315
315 519 196
86 744 392
657 701 6
211 255 897
28 184 489
155 601 27
774 375 656
551 266 4
737 382 868
553 463 217
455 479 858
394 422 819
539 235 921
57 45 254
599 721 66
333 111 516
119 643 37
189 583 758
196 803 560
721 125 327
469 37 810
41 103 587
333 57 353
611 47 945
656 681 453
318 539 713
399 115 188
430 336 665
377 576 7
813 222 726
276 185 652
225 654 166
425 365 623
80 401 119
38 455 939
345 411 342
617 467 691
591 343 14
343 820 299
67 582 85
537 800 109
440 231 489
323 262 695
263 18 435
77 243 467
444 269 143
297 807 707
535 234 993
132 101 427
811 197 87
387 467 215
243 573 11
208 691 85
455 615 985
235 114 875
672 599 59
87 669 589
61 188 322
105 807 953
19 580 681
287 833 796
402 57 549
393 197 510
209 230 944
67 769 259
808 781 262
111 41 498
129 731 278
823 243 313
439 795 65
129 783 786
259 838 535
567 752 543
130 814 287
396 41 642
359 513 649
772 584 422
54 191 191
243 17 721
443 60 813
79 355 394
392 766 851
605 462 68
525 675 590
29 62 191
111 467 340
299 456 183
679 415 839
441 511 650
306 612 384
469 713 671
212 128 893
225 25 829
109 503 146
377 663 514
246 454 867
353 330 693
783 587 302
375 39 494
338 646 522
71 669 152
511 538 38
389 816 790
57 748 582
571 659 736
11 234 161
417 794 300
597 545 912
677 223 684
41 461 949
678 215 696
111 634 464
253 333 732
551 573 920
837 546 760
391 367 398
97 215 377
576 667 152
589 242 29
451 737 279
341 363 906
235 441 340
521 777 271
730 441 766
221 671 959
16 705 213
43 37 832
214 801 687
372 572 922
618 625 499
231 295 394
831 5 923
781 521 912
266 189 72
20 45 143
342 456 984
734 169 662
804 729 442
770 613 925
382 791 706
637 739 59
273 457 255
122 795 376
615 723 963
591 645 639
683 33 945
545 345 586
231 120 801
651 683 799
93 571 202
19 31 323
129 805 904
637 193 33
12 757 412
105 475 337
765 421 797
199 235 945
69 527 724
99 517 787
587 195 688
779 46 347
61 369 897
523 118 321
299 25 362
7 65 201
585 219 589
195 754 831
453 35 32
833 180 698
605 483 244
222 716 430
442 705 544
275 588 258
103 79 224
391 667 661
199 506 856
309 827 722
1 71 358
311 485 496
731 566 192
21 66 521
631 673 550
133 193 128
361 455 769
615 113 112
687 56 604
540 641 109
101 507 515
79 804 449
151 564 938
150 156 856
683 347 682
787 121 778
487 549 318
334 353 54
263 407 750
85 409 535
738 477 291
323 462 997
537 805 548
807 795 631
476 736 459
33 270 382
201 276 969
151 517 899
821 395 254
469 751 610
251 358 224
609 408 993
506 275 375
207 291 100
771 173 1000
21 755 512
382 727 539
391 211 666
155 507 461
643 56 634
829 675 699
220 477 485
383 771 480
105 178 44
7 754 391
633 5 675
121 589 14
621 565 430
525 420 367
411 723 30
487 259 30
543 760 338
617 683 162
283 423 939
651 589 883
177 275 652
829 601 763
519 155 7
528 68 558
683 411 504
319 489 24
705 769 434
271 384 677
669 309 869
221 645 991
373 37 659
181 493 682
122 121 646
463 425 795
824 757 314
441 825 99
335 513 491
37 55 264
481 649 17
695 215 282
609 128 205
615 813 905
37 3 34
650 789 561
768 107 925
29 132 430
239 187 341
513 382 175
113 155 936
68 171 467
435 183 113
644 247 924
169 3 359
447 472 613
17 495 186
355 312 918
281 32 504
481 335 493
396 785 504
761 61 357
715 811 176
727 94 981
40 580 96
642 571 729
210 451 705
455 139 223
585 189 605
571 679 332
416 635 987
221 815 645
787 529 915
135 557 545
781 300 316
600 767 579
115 679 883
215 235 730
445 209 289
445 385 675
395 1 734
117 621 191
49 25 566
627 155 752
685 559 131
427 247 83
239 77 757
251 560 245
139 584 456
545 440 685
247 85 235
649 833 905
82 385 345
343 537 938
169 97 144
749 496 904
635 697 985
155 628 661
559 825 377
438 189 9
365 601 229
479 87 342
365 345 827
127 211 971
587 221 43
121 386 921
127 618 665
339 135 796
48 458 324
405 355 460
148 223 958
126 236 49
833 59 615
697 20 114
535 705 367
169 499 843
100 226 760
42 794 309
345 429 255
466 347 679
763 451 11
11 305 529
639 430 940
838 235 781
491 453 638
653 228 622
22 232 410
102 141 100
737 783 560
351 302 29
59 744 257
131 832 621
273 493 32
745 99 840
285 439 125
717 393 150
363 79 925
602 357 96
15 554 450
487 119 219
739 128 617
60 345 221
145 249 769
809 669 283
439 536 44
83 206 11
305 696 387
81 517 851
827 209 925
626 669 78
722 814 670
499 131 714
18 565 701
1 809 151
835 337 767
769 570 925
698 134 223
769 762 147
553 352 17
217 19 688
275 518 710
247 319 417
641 608 843
505 372 809
831 574 16
644 599 71
23 123 401
311 630 874
833 669 737
181 221 786
236 340 770
468 557 793
526 567 179
750 715 14
354 781 972
837 364 888
697 381 739
494 15 982
389 812 579
21 283 165
760 387 706
113 468 401
28 583 226
351 270 932
735 773 31
740 484 282
252 237 771
61 443 422
196 669 93
471 566 779
329 493 415
309 288 570
187 45 979
443 175 441
119 253 543
139 383 604
584 152 340
717 168 808
638 67 581
233 202 615
225 688 314
271 623 737
169 81 635
29 377 743
257 52 582
717 437 371
720 57 216
477 272 155
649 633 72
413 395 156
323 115 803
191 659 455
609 539 339
794 533 816
631 709 551
779 330 696
415 683 165
597 395 686
88 441 913
635 339 640
429 125 398
815 275 315
389 835 459
143 175 428
262 781 570
290 448 744
443 813 670
712 546 316
685 321 318
639 749 357
115 265 997
569 331 625
825 771 146
730 791 729
88 385 959
488 533 577
547 694 555
101 681 357
295 683 563
320 805 159
749 484 72
536 665 696
603 433 824
41 188 675
549 577 217
267 131 396
92 323 680
575 121 149
256 661 920
406 23 156
266 300 61
193 289 225
483 28 447
338 225 86
485 55 411
1 202 728
581 751 340
109 725 5
805 197 442
308 752 539
527 707 421
447 421 556
284 169 388
377 155 939
257 241 380
719 650 571
759 242 562
675 115 83
591 186 982
289 415 566
789 558 476
774 313 754
301 601 427
503 731 793
110 548 316
385 94 58
244 277 890
800 11 744
200 578 57
255 426 216
652 157 772
774 371 518
709 571 988
431 467 107
147 355 702
515 467 952
59 582 940
78 120 714
705 295 803
207 15 931
389 692 984
27 573 148
31 223 277
361 630 774
677 653 899
403 731 373
71 237 820
681 103 105
776 215 171
147 755 331
264 232 906
248 35 124
205 253 827
277 613 575
251 573 478
66 122 671
204 680 855
45 579 118
789 381 62
733 477 993
833 99 527
625 375 604
263 445 852
43 720 628
637 589 375
827 487 495
737 834 782
775 137 305
478 250 120
319 295 414
823 160 128
103 295 263
281 653 329
213 407 297
11 519 669
279 667 908
52 634 80
590 141 524
341 623 924
667 437 202
169 183 420
216 308 670
607 9 524
311 438 689
137 5 893
340 471 42
723 355 223
589 709 586
613 375 927
379 627 653
602 162 595
193 725 809
799 621 346
333 569 800
625 310 946
795 63 375
539 813 807
327 667 882
101 415 462
143 81 68
1 613 432
621 319 634
832 577 144
231 321 771
271 490 414
633 595 424
499 769 536
329 245 392
95 445 889
79 47 770
481 431 807
635 255 766
237 165 846
295 35 734
809 223 188
741 636 450
833 763 359
457 12 350
633 75 316
65 490 824
367 33 923
231 287 739
751 510 508
671 651 388
143 475 174
57 203 73
723 675 499
407 759 678
339 627 777
153 612 39
417 53 676
120 761 694
5 473 762
694 123 964
201 577 331
141 835 256
17 381 83
527 225 246
19 119 975
755 813 187
343 707 690
353 684 270
18 332 243
587 94 732
215 255 897
533 201 436
784 162 411
27 90 127
78 408 315
557 332 482
160 477 69
545 237 703
392 513 140
37 487 735
719 375 973
507 35 459
479 460 77
639 381 473
377 613 611
725 376 487
361 559 684
308 309 22
192 578 511
837 127 171
81 390 405
663 155 774
69 225 829
71 531 553
27 727 85
757 813 763
407 260 237
389 527 785
177 630 251
51 105 965
149 687 657
134 185 67
654 407 924
3 498 971
792 329 857
8 558 970
782 157 256
351 523 196
401 521 449
414 660 571
335 635 780
708 255 281
207 458 322
603 521 279
392 832 529
92 126 831
247 119 37
437 623 784
521 411 833
427 674 164
293 567 212
311 163 14
222 604 58
339 789 216
603 683 433
617 271 525
143 102 79
299 805 256
210 281 732
132 312 213
483 201 750
531 519 577
399 71 136
318 131 766
683 35 184
530 829 813
835 485 349
15 99 763
115 70 86
613 233 37
781 653 78
183 372 809
724 319 955
475 613 298
270 327 41
350 725 640
497 405 408
165 699 760
685 465 191
557 775 581
177 781 434
810 41 83
517 195 178
712 770 272
281 442 829
321 183 223
805 745 595
565 591 69
625 233 626
25 283 285
745 719 23
448 737 25
791 285 769
69 421 609
575 341 419
501 290 860
94 239 843
143 153 721
275 399 866
117 152 818
515 400 113
137 23 326
262 324 237
33 305 827
142 635 679
8 779 989
561 271 773
361 117 863
771 823 1000
122 271 653
769 607 140
111 391 924
540 619 605
529 527 677
691 145 967
458 603 524
739 71 229
699 246 509
618 12 422
629 717 111
797 623 195
131 345 695
171 676 833
26 277 309
87 575 295
105 549 346
491 451 902
130 448 408
353 599 970
100 434 732
598 153 543
289 683 982
283 203 53
121 126 170
75 444 861
693 181 70
183 763 874
264 427 836
109 90 317
537 680 801
105 593 997
21 18 687
809 799 609
576 349 887
185 677 370
698 11 123
173 721 292
793 452 881
668 161 176
580 264 569
527 274 678
794 187 609
520 85 161
593 449 609
113 116 37
637 758 684
49 329 724
9 21 852
616 605 640
785 568 500
455 505 543
775 655 167
325 199 672
183 627 630
547 485 26
731 703 453
342 307 542
228 286 10
316 505 370
730 285 606
271 289 628
833 640 837
773 117 496
301 364 816
488 705 980
455 346 577
271 336 659
765 729 883
731 457 23
681 300 984
375 312 995
810 51 680
429 38 784
245 261 554
388 529 807
449 665 434
343 599 670
617 419 298
685 274 857
122 413 976
95 709 341
751 301 260
29 656 444
811 641 625
763 656 699
753 463 669
661 437 561
243 252 844
432 564 529
13 444 152
41 661 900
45 153 344
135 769 817
435 827 888
330 559 2
107 374 779
535 516 289
192 360 132
587 303 308
755 189 698
225 557 185
784 80 7
27 543 416
537 504 900
14 141 816
12 23 966
9 18 320
419 569 854
279 91 921
426 241 834
6 698 902
425 43 345
459 28 370
693 729 840
175 222 464
52 209 990
556 722 228
499 99 539
120 495 590
4 134 790
113 17 725
339 722 34
239 144 107
119 142 377
237 265 153
658 783 399
252 609 426
323 452 94
427 382 231
589 681 721
31 761 59
255 728 591
735 180 960
73 826 654
193 375 576
219 715 68
717 559 505
430 223 896
631 659 794
193 417 840
92 114 136
794 801 502
726 529 470
661 654 369
703 437 750
606 159 426
529 371 296
677 395 423
7 183 21
642 525 210
291 684 455
252 767 522
87 409 693
615 473 222
311 629 535
725 293 314
361 149 60
148 592 348
683 472 82
167 513 62
396 381 156
538 651 545
35 712 561
345 297 865
195 448 686
353 512 160
323 519 19
528 369 804
429 603 242
97 151 429
175 535 229
541 727 639
248 756 817
291 95 47
321 415 583
170 260 238
372 17 158
458 821 233
427 35 544
496 651 371
374 633 991
175 638 181
475 575 901
515 680 50
165 775 648
359 17 315
169 381 640
296 246 46
13 787 118
163 687 245
428 385 696
597 451 763
220 757 69
25 659 835
491 689 369
470 383 105
55 268 857
343 629 293
475 476 695
131 249 509
129 817 72
1 19 679
539 757 531
651 199 783
555 195 623
119 338 744
535 821 667
106 197 924
579 31 929
786 229 510
270 814 716
353 195 559
710 363 214
207 411 487
18 538 82
641 633 166
271 65 465
369 251 945
670 477 781
416 127 743
238 244 64
836 337 129
245 665 395
221 163 60
411 476 632
693 714 855
442 366 945
528 425 179
785 278 125
486 681 351
518 11 958
241 169 368
291 669 696
181 376 791
447 686 514
31 143 83
818 65 369
541 133 397
37 583 553
711 29 181
616 552 52
695 279 533
835 383 225
332 426 994
63 321 916
735 69 691
775 377 555
563 825 445
449 667 672
135 233 771
495 243 223
199 393 857
622 559 790
813 215 573
665 522 715
574 689 598
427 589 165
314 410 898
463 169 655
577 306 234
829 653 296
788 497 162
215 413 570
830 633 343
536 763 471
354 43 942
269 324 896
106 470 633
427 735 25
558 399 344
555 593 480
70 471 543
521 417 176
782 784 615
8 165 392
91 383 963
199 297 483
263 309 888
695 827 287
807 243 240
163 508 456
565 403 487
354 425 139
291 741 123
229 685 345
715 653 679
558 726 598
113 683 800
65 741 642
642 403 290
801 587 773
176 272 699
632 442 332
564 381 88
741 281 701
499 701 180
207 84 411
717 504 341
635 428 302
30 530 806
745 225 718
197 9 454
641 85 94
91 657 325
817 596 602
563 207 94
211 519 444
176 744 38
227 737 457
479 89 703
51 305 648
58 829 689
141 666 659
611 505 816
385 77 606
308 785 554
485 187 935
249 837 81
594 702 392
619 98 874
69 677 695
511 447 387
71 814 480
482 277 284
646 785 355
635 195 20
357 331 924
513 54 406
233 593 187
337 65 227
147 431 265
831 363 258
161 753 733
823 777 127
63 195 444
74 289 625
789 403 290
645 803 344
597 43 514
737 1 68
89 83 534
718 551 295
369 33 416
816 589 707
459 731 778
801 477 514
829 668 611
818 770 448
315 191 922
370 67 944
401 400 851
445 229 807
250 149 610
301 147 579
529 585 861
21 241 980
563 361 638
783 123 381
523 219 221
50 518 329
149 691 126
195 750 871
677 724 221
573 650 926
168 828 508
459 570 292
80 709 989
223 373 321
201 311 856
715 604 769
663 122 642
793 349 186
540 354 569
231 695 352
419 245 775
661 535 994
235 153 968
65 201 367
327 35 43
619 523 382
119 387 822
368 376 965
398 142 135
3 189 367
760 659 332
807 227 282
59 725 909
376 61 60
585 159 614
3 345 126
396 525 977
133 322 37
23 191 209
391 750 575
375 612 516
459 47 27
779 699 640
659 819 413
593 543 591
109 691 71
225 171 571
468 632 802
719 543 772
797 143 805
233 262 571
71 593 94
486 35 314
59 596 29
232 797 41
69 673 193
433 485 699
118 575 214
71 537 311
819 704 371
257 739 811
433 461 106
53 31 460
653 835 950
593 549 523
100 439 79
364 393 872
765 581 741
533 766 986
202 628 402
83 375 76
187 483 672
541 732 398
620 593 62
757 9 881
828 555 483
261 551 521
319 613 318
517 770 363
799 705 911
5 246 758
62 624 620
703 594 708
747 347 273
1 347 31
735 569 73
351 607 463
641 753 840
39 80 284
554 752 84
265 447 219
733 476 923
43 97 852
433 677 353
557 315 250
261 459 62
457 732 507
177 327 871
643 723 155
219 771 242
376 553 449
189 57 74
679 681 21
659 769 527
19 25 25
183 731 811
705 145 139
66 291 26
302 829 455
77 785 282
103 697 817
421 213 592
773 513 356
736 727 606
404 68 301
563 528 170
827 393 328
7 623 169
247 301 358
3 726 189
386 31 406
603 765 414
503 812 531
59 453 909
175 379 636
364 298 222
179 520 614
135 217 131
565 834 572
319 529 553
765 307 365
555 321 177
817 141 970
271 131 487
232 188 997
365 138 535
835 697 459
413 67 334
613 56 480
221 231 98
703 65 475
5 487 966
191 638 172
347 282 374
369 99 231
121 728 20
60 145 828
51 82 600
39 5 13
205 764 140
673 592 504
671 27 151
234 770 582
757 245 905
87 458 392
215 256 152
81 573 950
121 492 606
102 107 122
657 74 703
561 757 337
114 489 522
334 418 557
579 467 625
77 832 561
191 361 854
67 86 610
85 577 124
522 269 669
145 445 977
833 739 123
28 30 287
334 213 69
363 619 157
205 286 326
35 433 817
43 52 953
205 193 402
98 367 926
205 334 908
423 101 303
183 619 591
20 40 338
725 561 669
90 637 233
681 776 542
1 93 99
435 89 4
449 264 985
276 361 181
136 737 998
106 163 352
105 600 324
823 785 458
89 186 946
461 664 198
649 201 641
655 749 172
1 26 126
205 473 751
238 39 531
421 556 361
82 662 446
240 374 710
521 273 132
23 351 418
89 226 831
73 450 511
48 164 1000
553 801 570
563 607 386
426 506 969
317 217 817
564 305 907
387 735 953
20 88 716
72 648 689
757 698 589
691 778 109
414 569 349
825 375 339
425 797 403
279 560 123
32 486 686
614 759 964
427 213 321
537 570 900
778 66 37
729 627 34
440 489 216
253 743 463
245 736 907
345 491 826
12 168 395
103 403 983
364 441 19
601 758 965
776 55 97
507 691 898
720 117 80
497 30 755
37 653 625
820 421 154
96 480 191
21 2 584
818 428 256
383 39 95
188 319 297
30 603 183
168 254 592
781 228 33
310 752 603
557 123 16
155 365 509
489 750 35
14 4 341
694 517 593
365 429 351
1 72 946
79 661 815
161 701 971
519 547 545
123 133 199
575 604 111
751 18 242
653 253 263
235 653 423
3 799 392
673 767 276
259 439 322
591 683 391
91 322 177
205 730 506
583 291 949
67 689 335
663 193 514
287 428 38
94 164 586
425 54 170
398 795 450
179 728 856
501 134 379
103 105 639
818 645 712
222 773 427
478 361 518
49 77 926
41 59 988
237 619 454
497 415 73
692 120 765
198 657 737
699 301 89
586 253 497
185 688 566
610 384 917
3 209 373
54 231 434
649 675 613
66 552 544
203 699 178
151 155 2
220 236 831
403 670 486
555 446 450
538 91 206
530 227 188
239 757 406
592 545 18
317 719 628
191 564 239
505 733 242
75 300 757
788 81 59
448 105 851
746 441 154
521 18 388
29 121 230
100 799 648
453 151 326
9 605 694
308 367 289
724 280 194
656 595 537
40 784 431
405 320 193
707 339 453
721 681 906
267 345 718
11 147 657
739 313 554
148 14 716
581 324 191
789 170 829
45 649 398
728 825 724
120 5 688
585 278 341
502 555 131
253 675 869
515 455 771
298 771 892
577 739 18
113 434 771
409 21 837
625 743 21
155 587 748
808 291 937
75 559 121
309 22 227
695 3 706
131 357 88
367 499 369
415 607 86
60 197 230
429 669 484
641 389 446
4 105 535
55 655 405
466 405 695
307 269 685
233 819 963
438 825 405
625 810 684
592 620 240
277 84 274
14 654 925
224 799 638
625 392 228
494 227 578
301 745 735
458 517 436
301 641 950
642 82 670
635 796 881
135 533 167
536 507 956
567 405 937
795 15 569
479 645 604
393 569 257
331 686 870
49 770 262
764 776 36
310 563 440
453 176 829
171 141 22
614 629 375
651 379 990
157 791 206
335 682 624
521 107 928
5 97 586
18 488 664
824 497 481
225 617 753
87 271 659
320 200 590
239 742 903
69 728 6
1 17 985
189 414 426
513 294 729
663 581 170
534 698 613
82 196 36
51 167 857
31 211 593
776 743 881
217 575 758
258 739 705
279 553 223
299 381 831
318 642 305
55 62 135
409 469 964
405 61 775
504 365 166
391 693 877
441 784 539
333 8 326
779 30 669
449 601 967
198 311 282
733 650 641
44 124 352
209 717 252
352 448 762
637 76 185
593 770 811
533 438 478
535 663 639
538 818 779
229 432 672
86 417 998
809 239 667
711 651 225
455 629 845
233 673 632
382 434 240
557 805 284
620 676 719
762 810 705
775 697 400
149 340 283
304 87 455
744 836 800
211 349 699
33 647 147
745 673 26
117 675 258
717 275 837
653 717 121
273 615 169
743 709 948
445 636 466
470 805 974
261 679 902
737 201 345
405 517 77
569 579 963
603 772 754
372 261 453
567 672 377
343 220 336
397 809 387
179 457 584
833 475 52
433 784 659
536 488 732
53 101 549
631 1 333
187 375 743
229 385 334
315 645 276
785 38 267
517 241 463
332 529 27
780 735 389
400 426 96
219 817 236
229 697 620
697 625 785
183 451 661
777 321 449
231 241 735
565 140 737
765 719 219
59 117 617
74 225 469
352 516 545
823 191 599
703 597 545
105 517 16
47 597 288
3 355 93
624 707 291
499 152 920
369 535 684
162 743 983
512 349 191
177 214 115
356 355 605
217 525 127
153 91 742
169 237 400
481 664 278
385 327 489
438 711 624
242 684 510
133 239 687
258 132 44
375 529 629
171 678 438
213 703 234
88 194 934
735 139 793
37 154 173
35 406 161
431 225 312
21 67 508
567 96 490
411 131 791
561 143 759
74 96 888
377 627 973
127 799 98
565 371 690
25 515 182
479 191 904
433 31 651
380 370 649
595 727 505
308 673 193
617 715 455
725 663 907
283 99 673
475 369 994
293 3 729
97 529 264
369 121 427
311 357 170
199 573 140
189 795 461
752 422 817
145 217 254
535 243 535
83 199 110
433 15 38
227 517 72
569 499 703
49 517 547
87 593 490
186 97 684
412 363 179
53 734 519
232 568 355
799 804 787
466 652 656
325 765 103
753 821 455
351 622 252
590 100 996
458 199 769
598 631 691
704 679 944
421 407 410
580 109 992
637 21 832
307 109 475
193 815 804
483 233 320
517 588 938
823 539 59
643 65 846
531 374 299
546 661 199
782 612 121
337 751 778
325 675 175
711 727 477
227 137 803
788 119 500
589 575 757
65 166 314
590 506 49
600 320 961
186 308 372
393 457 716
758 452 397
201 17 388
221 368 298
132 150 461
519 601 160
5 663 386
435 703 596
212 121 246
743 301 131
363 33 437
441 332 731
164 408 423
535 220 482
283 581 832
451 107 914
575 67 630
2 554 8
669 771 562
560 170 539
797 687 81
651 80 375
36 210 207
561 284 646
361 761 811
625 155 518
146 157 350
571 675 807
411 447 637
121 263 866
583 819 545
613 179 343
723 791 147
90 544 526
579 21 379
625 751 273
574 584 459
255 611 102
769 100 641
729 194 910
121 487 72
3 115 294
81 98 159
645 433 504
25 792 556
355 803 936
472 511 301
519 623 838
487 413 383
457 285 630
472 649 700
383 833 193
215 423 674
613 446 632
559 111 222
713 15 570
566 585 144
125 225 149
101 587 702
789 595 592
31 266 21
95 601 696
1 170 497
427 591 988
357 431 230
135 471 676
265 567 369
16 51 56
663 781 613
325 557 836
571 689 742
782 81 27
699 309 478
231 389 759
636 611 856
811 378 721
694 721 246
143 525 41
794 687 853
561 639 413
65 187 481
107 527 317
233 511 330
761 635 307
167 197 95
607 611 790
90 597 380
303 298 528
591 317 990
100 447 411
321 373 665
681 787 40
45 309 936
573 238 383
525 261 536
827 403 394
136 332 954
81 657 132
91 145 756
241 661 707
37 667 994
220 365 400
687 579 823
757 822 791
270 559 180
580 548 629
42 375 463
712 819 826
459 133 416
431 735 279
285 60 287
551 797 492
679 755 617
743 524 246
326 93 175
632 621 955
34 786 367
395 611 28
198 478 395
111 5 629
552 825 265
404 502 798
91 183 2
611 287 109
139 761 755
559 551 52
339 568 541
405 111 179
311 107 713
59 571 960
446 33 592
251 488 316
285 86 578
751 359 114
699 355 176
263 535 578
486 199 298
394 313 790
285 403 573
733 523 293
282 432 893
212 5 416
751 210 559
242 286 459
45 225 888
27 212 373
279 362 617
83 322 244
692 57 421
188 243 805
29 294 135
25 238 516
829 53 295
656 345 588
24 172 134
697 25 788
91 403 762
473 673 106
80 178 545
166 476 493
666 579 310
625 403 7
100 352 586
35 97 7
821 6 248
575 296 578
119 50 248
658 551 296
523 132 360
165 169 910
771 731 433
133 449 627
97 292 413
433 371 498
117 728 779
553 693 229
353 525 799
577 229 434
439 711 693
550 826 312
106 81 92
483 823 864
723 584 627
741 147 362
835 262 810
763 304 838
97 505 136
825 264 97
383 459 143
96 514 234
779 449 737
624 393 18
223 507 950
831 237 900
459 583 105
829 11 933
95 631 794
281 563 675
651 701 643
97 639 383
18 24 300
567 807 438
125 593 949
469 53 363
469 379 617
379 5 851
81 313 217
29 575 248
141 523 259
280 25 950
721 55 96
91 438 329
79 267 124
724 625 228
622 385 52
416 649 871
85 341 948
601 768 388
157 729 743
165 96 90
797 187 993
725 345 403
61 105 464
643 269 964
144 459 247
679 687 50
409 482 169
150 629 278
407 824 911
349 157 568
395 583 120
245 635 810
153 225 458
153 136 602
427 535 681
69 698 70
76 269 50
360 48 86
61 635 295
617 29 495
91 692 586
733 682 219
231 727 178
751 316 494
17 665 165
157 123 199
93 149 748
55 108 278
771 781 251
197 3 857
535 139 342
521 708 849
495 773 312
71 742 863
335 265 227
607 711 76
443 809 222
517 363 647
695 700 457
22 111 259
795 329 201
359 769 702
315 679 597
595 475 77
707 691 581
1 36 414
154 115 846
697 231 347
35 117 168
620 183 91
555 333 595
1 3 478
765 705 502
240 638 324
186 365 943
771 577 40
474 175 769
302 373 363
297 557 211
833 457 351
319 361 668
24 645 648
308 519 979
296 562 489
60 383 6
515 319 143
321 713 685
191 464 628
601 479 300
235 349 662
793 577 303
653 283 122
13 27 173
727 185 801
710 87 145
719 27 217
1 787 820
143 57 667
307 643 318
475 669 824
543 467 330
27 179 38
283 71 853
143 219 238
491 551 137
69 755 126
661 395 54
527 546 229
458 70 399
199 308 588
611 461 89
98 626 388
281 11 557
640 421 943
722 345 356
539 585 155
233 759 888
231 635 57
27 137 653
501 435 427
227 85 313
245 330 850
431 327 697
511 418 148
597 217 240
311 371 875
315 415 993
205 807 795
269 209 735
422 289 933
691 643 626
6 617 161
189 461 800
213 622 379
627 66 962
653 774 347
461 609 26
105 157 270
15 247 830
619 827 356
441 150 421
303 3 20
165 89 191
495 181 217
563 223 677
286 349 706
250 507 829
47 241 24
245 203 678
337 179 696
747 467 102
116 290 808
253 74 501
577 291 744
283 717 286
552 237 644
283 539 723
59 419 210
699 705 527
395 511 904
671 576 291
729 829 567
265 801 955
256 416 52
720 779 753
435 654 847
35 721 970
212 520 906
521 75 111
611 803 180
228 372 246
389 551 745
621 50 109
387 566 88
567 454 480
695 145 200
23 398 199
413 476 683
613 639 413
727 121 306
739 563 1000
456 737 436
405 800 159
457 277 642
98 120 507
93 801 660
184 370 373
238 621 954
91 306 848
754 645 376
435 416 288
565 52 171
517 603 860
698 360 706
607 807 149
453 431 221
453 579 265
241 538 459
669 507 83
130 837 551
613 363 739
707 369 64
626 266 932
378 290 755
167 625 643
201 445 503
613 715 74
73 480 228
33 574 696
461 239 400
731 176 778
667 635 238
382 808 386
539 251 931
293 639 107
557 309 326
278 479 383
823 619 696
687 827 918
49 669 448
623 603 750
503 170 225
714 835 972
817 589 754
569 570 218
572 815 266
563 689 704
411 541 423
225 473 321
535 167 509
680 279 663
554 265 445
788 276 665
503 667 908
598 433 176
315 479 771
435 537 109
533 476 256
388 154 250
99 716 725
467 143 149
17 379 166
152 291 250
773 569 93
605 424 273
738 729 118
749 17 386
123 249 793
187 299 586
24 484 728
791 57 535
304 659 530
721 625 467
774 17 888
319 211 435
107 828 341
609 619 550
804 567 947
499 365 777
537 605 443
635 219 813
743 428 576
661 233 228
829 677 287
793 107 49
798 721 481
11 795 922
545 457 215
387 329 500
533 763 619
83 107 439
401 588 645
420 543 944
760 508 69
151 380 812
254 201 171
131 95 6
375 731 216
473 439 592
705 371 504
613 302 980
468 299 417
105 796 497
475 707 635
357 457 944
807 343 778
427 253 685
533 209 152
481 469 445
743 669 227
173 137 176
406 364 101
587 717 537
50 740 517
482 125 451
723 257 304
595 430 458
391 783 334
291 278 770
468 472 536
218 583 715
161 486 148
502 763 230
535 745 473
451 43 876
711 375 979
787 141 104
309 833 807
183 307 835
543 41 724
15 278 477
278 77 453
408 477 834
399 309 204
505 236 731
119 101 230
354 587 34
695 289 591
366 731 890
483 585 938
455 705 901
599 590 368
421 1 370
263 179 244
813 625 197
781 39 473
375 770 163
48 721 254
401 167 864
157 175 797
581 242 974
84 420 216
29 102 557
340 647 676
701 827 366
267 328 226
748 425 144
461 297 549
401 67 419
43 327 365
517 193 916
193 819 421
175 440 950
245 786 165
623 115 825
101 397 309
728 559 822
677 812 811
178 268 495
269 417 302
121 745 371
59 299 983
545 769 319
229 731 412
152 272 483
499 291 752
309 287 403
749 517 865
187 161 350
345 608 428
140 251 647
106 103 984
459 65 449
785 152 768
143 513 739
537 797 321
99 44 750
596 547 452
64 75 352
649 101 211
551 522 710
143 183 240
763 797 313
147 370 371
389 393 75
785 191 695
512 191 34
399 761 737
534 763 10
161 441 907
436 438 990
395 770 168
67 699 608
283 510 99
419 637 508
659 729 183
819 737 292
71 269 538
763 123 670
582 581 396
502 617 156
199 405 648
798 828 592
723 23 787
61 417 762
235 121 736
471 693 878
