849 3986 113
466 553 725
327 223 79
809 108 75
670 573 450
727 190 113
394 566 623
800 379 502
423 574 427
697 290 123
85 731 662
84 109 525
650 549 895
443 135 207
37 1 607
23 816 103
461 703 920
415 160 884
19 227 271
286 423 181
1 310 1000
349 777 123
499 367 849
226 261 380
62 268 160
739 202 698
736 245 966
120 824 476
738 52 620
744 220 810
503 38 943
493 187 226
287 2 446
592 830 749
232 785 944
231 311 557
35 236 103
108 125 872
522 424 148
682 611 666
777 280 296
101 165 692
778 511 622
700 826 35
202 491 26
106 163 350
532 448 29
97 113 929
458 311 248
664 637 247
257 449 845
256 428 366
78 714 55
847 372 135
413 474 229
796 562 136
678 337 783
370 700 422
581 209 215
641 55 854
813 591 940
72 143 2
761 498 364
312 288 619
584 808 381
792 12 363
61 519 552
187 265 280
637 472 621
58 83 273
710 314 38
100 367 860
581 77 694
487 541 822
181 105 472
691 512 157
16 718 472
217 476 95
136 373 995
148 781 59
661 748 844
295 502 261
508 391 98
347 508 606
639 807 660
475 110 361
111 53 382
325 757 324
634 810 854
714 142 571
745 106 889
225 443 865
316 466 639
829 761 233
796 92 147
478 354 488
193 590 196
310 804 417
679 748 597
25 19 411
844 193 755
40 55 311
811 847 555
559 341 553
395 253 467
415 467 216
26 51 353
529 433 721
568 140 992
321 412 417
414 731 838
847 576 751
558 835 189
337 205 732
588 42 868
846 502 645
30 317 831
811 69 1000
32 284 961
109 790 239
594 644 737
75 241 299
272 307 769
108 661 416
183 390 240
657 301 177
284 1 515
274 774 417
430 682 388
22 574 669
404 720 57
52 49 271
772 757 787
512 601 391
331 109 740
476 223 866
547 472 497
731 590 483
628 664 685
457 453 713
652 1 877
199 597 693
159 370 670
694 790 915
663 752 797
403 431 370
673 219 269
695 649 384
1 635 116
73 40 659
621 262 397
625 805 833
722 321 829
553 556 672
670 655 917
57 198 572
164 274 801
402 25 919
239 390 471
691 403 647
608 110 486
820 408 785
448 436 187
88 502 340
541 39 532
105 279 320
132 492 418
802 403 580
64 607 694
643 451 140
104 60 171
278 598 277
145 823 948
279 81 710
193 778 384
710 257 121
662 698 212
520 560 794
751 752 700
115 336 879
298 408 594
361 717 350
700 457 904
285 470 713
502 463 555
100 36 656
2 265 675
325 64 555
283 26 908
529 745 946
214 484 799
266 575 73
196 549 49
492 670 334
572 768 526
679 770 252
290 772 334
196 755 314
703 74 192
241 315 130
418 567 2
355 109 608
376 613 795
142 724 711
241 687 558
802 417 658
427 481 656
527 268 593
273 483 9
225 304 526
844 603 839
721 47 344
246 762 876
693 337 490
439 277 479
7 190 144
122 472 375
15 710 128
500 691 668
682 158 742
829 139 680
423 649 153
482 843 66
409 75 250
663 367 669
685 680 794
355 240 894
634 826 799
433 700 69
223 529 993
352 770 450
113 371 609
236 166 394
716 537 216
247 829 821
538 624 471
142 447 591
256 686 137
551 608 941
3 222 214
789 209 795
712 642 996
742 231 648
677 414 148
835 355 104
430 802 904
775 504 898
430 677 45
311 606 778
185 433 868
430 616 801
458 151 666
442 427 765
335 681 841
576 393 618
130 208 385
502 363 967
726 563 547
534 677 391
203 361 929
212 432 145
501 571 387
376 757 357
146 559 764
8 120 875
158 371 199
495 155 796
121 302 168
503 619 462
425 406 149
319 45 479
406 331 519
319 388 207
839 133 542
178 670 367
337 244 817
505 454 951
267 88 822
595 757 719
97 418 992
65 759 285
132 360 566
13 14 262
651 817 16
433 391 346
292 104 718
691 703 583
376 106 346
292 445 598
109 139 883
213 720 400
547 708 745
711 90 501
580 749 928
66 466 863
132 187 1000
410 674 482
547 33 697
315 806 547
287 120 571
28 346 118
134 809 106
176 814 286
125 810 702
222 548 915
79 293 404
256 814 519
530 759 32
778 22 620
457 699 883
45 203 280
6 491 220
784 586 447
179 541 814
490 353 517
13 9 639
46 338 135
251 432 897
172 764 870
22 217 653
560 121 247
355 319 997
658 685 583
325 274 506
167 176 606
503 10 456
263 247 697
585 127 378
261 637 283
16 163 758
779 778 182
379 373 602
96 616 37
1 802 824
406 542 164
128 505 614
151 708 620
653 406 733
95 187 908
725 602 632
522 238 849
382 253 128
166 180 703
448 64 615
273 433 848
472 152 113
331 815 317
556 96 537
169 628 373
27 71 897
484 544 171
229 295 484
523 202 628
86 624 991
721 208 887
100 290 630
52 266 462
705 151 219
175 594 371
478 256 615
589 109 375
255 228 334
611 135 92
421 157 344
107 158 227
257 818 526
274 669 694
683 729 761
823 112 53
836 364 582
585 751 619
547 768 610
750 800 903
256 434 8
767 185 888
833 800 724
614 807 102
68 157 870
445 601 692
217 116 869
29 36 838
257 722 645
60 728 957
442 505 674
684 806 490
755 97 874
697 750 535
372 432 689
290 209 601
827 743 867
841 826 176
19 51 84
79 299 890
150 623 286
574 129 948
175 214 31
797 27 229
523 487 841
370 677 237
692 546 304
684 401 977
142 830 914
70 695 19
511 547 119
622 169 581
64 606 378
180 544 519
617 749 749
834 658 855
475 441 396
282 697 954
69 124 948
8 462 833
413 689 474
371 204 482
13 208 713
230 718 612
266 95 558
802 210 36
64 346 412
175 763 88
76 80 462
389 724 187
562 427 815
569 778 989
487 616 380
373 517 701
85 251 58
171 246 115
55 730 804
151 596 939
450 154 63
232 13 186
727 549 595
751 627 755
693 174 464
733 57 212
316 37 501
9 321 60
2 4 546
800 400 785
23 112 912
566 715 696
397 603 246
252 300 197
40 130 120
670 634 780
67 757 748
764 742 802
271 146 866
249 361 177
777 260 683
145 667 516
152 822 466
14 616 257
343 543 494
152 514 864
790 34 287
688 781 587
243 430 972
70 721 486
786 77 858
235 166 724
460 412 513
357 734 505
497 606 399
390 670 757
571 189 109
133 657 657
166 82 43
34 412 756
712 595 629
202 780 599
157 173 543
468 328 791
468 300 391
73 253 298
332 527 730
228 436 666
569 521 582
497 718 903
445 286 524
245 596 29
671 673 544
220 6 13
830 23 753
303 151 23
10 27 462
20 451 739
343 523 586
736 376 119
772 738 480
190 257 479
1 25 850
725 580 298
133 250 783
197 280 792
183 39 6
478 447 234
302 412 673
576 129 307
667 379 80
172 566 634
3 10 169
233 265 37
141 836 319
599 100 396
74 124 165
482 681 35
136 631 855
694 426 737
319 491 674
633 598 786
833 677 165
7 16 941
332 31 193
145 436 235
95 367 598
203 106 902
781 124 718
41 425 870
567 234 761
454 418 94
766 656 443
163 636 756
356 709 34
325 80 149
780 42 663
840 733 935
685 357 2
1 3 678
373 394 932
7 706 86
35 43 93
777 816 501
66 255 993
196 226 869
565 696 179
375 79 948
310 22 509
348 831 840
146 196 451
344 600 372
126 328 139
685 778 355
648 564 327
808 525 547
518 211 982
383 501 372
356 192 687
814 829 92
508 698 917
453 430 542
181 151 204
492 817 589
478 586 879
204 217 516
73 172 70
472 832 546
258 310 595
811 205 852
604 128 880
230 829 861
476 411 818
426 486 448
50 108 968
24 110 947
703 787 582
619 725 898
236 656 966
167 120 164
835 670 517
251 261 674
399 522 882
276 100 731
28 341 750
373 622 545
73 484 458
88 587 760
644 747 423
161 685 143
409 133 109
390 437 574
742 89 369
262 557 74
93 655 211
8 781 962
4 57 961
86 156 485
159 216 26
484 7 538
5 13 679
463 811 493
325 532 39
169 383 839
794 254 418
173 403 378
183 525 999
3 358 342
419 718 76
1 399 957
277 392 432
257 330 43
474 292 444
847 743 31
700 200 918
376 322 753
826 345 934
253 503 321
680 763 908
85 477 773
7 30 181
70 340 799
133 277 361
343 76 107
4 17 41
52 290 814
843 613 987
220 202 855
697 522 21
456 809 924
532 170 374
701 655 958
750 434 671
743 598 841
316 313 783
489 604 945
233 365 977
820 479 394
81 641 884
64 666 838
251 695 270
813 380 911
392 202 231
21 154 866
66 129 696
125 358 936
267 642 735
100 573 160
305 653 775
781 423 682
345 697 936
669 574 64
217 231 80
673 801 124
151 773 345
826 150 236
394 142 557
213 215 142
211 223 639
694 124 187
257 793 544
84 271 622
328 805 993
845 205 417
191 220 984
121 706 909
628 454 323
514 361 796
824 83 897
9 693 544
289 424 731
650 787 367
589 522 615
514 722 654
394 763 928
331 785 195
160 270 839
226 811 944
646 42 915
310 829 457
202 796 15
164 178 655
106 554 706
823 590 388
628 354 97
297 643 430
91 447 370
4 721 282
35 599 196
82 118 470
421 444 185
739 28 161
94 413 174
589 709 900
454 154 169
547 640 309
211 664 687
715 172 741
14 30 777
56 269 291
522 90 732
283 61 406
325 114 50
225 751 644
787 551 219
120 443 115
21 779 991
297 7 873
441 384 593
792 841 143
369 321 447
682 5 926
395 28 49
583 757 301
508 436 288
209 725 785
389 697 367
532 788 563
25 790 151
214 804 351
203 19 894
576 133 241
106 220 547
685 439 262
568 757 710
101 554 612
295 688 593
1 560 810
99 298 504
431 793 411
358 375 169
4 415 607
241 613 198
268 208 91
699 439 761
799 632 164
181 739 847
539 412 251
698 529 796
228 556 25
313 706 836
383 193 151
470 799 726
120 148 635
94 351 931
304 682 711
749 779 659
145 77 574
61 567 183
127 610 899
440 498 809
115 755 328
653 186 243
27 183 928
416 421 552
159 703 253
724 658 106
342 691 141
346 729 364
641 453 875
638 721 815
399 106 28
112 556 428
631 699 206
328 412 163
583 370 242
1 128 187
52 194 203
163 118 917
847 37 52
760 842 623
417 115 55
244 365 602
222 493 118
88 61 552
692 772 429
403 584 370
364 298 6
220 463 703
272 460 355
810 447 991
30 398 346
365 562 873
640 18 882
289 736 491
304 328 36
616 547 936
691 475 181
715 4 475
208 504 403
709 430 985
132 589 243
36 162 660
428 623 728
285 566 391
412 290 828
457 511 653
796 30 32
256 769 59
252 533 820
338 536 507
145 304 539
135 839 661
92 456 650
55 404 79
586 749 725
517 214 133
71 151 938
21 167 731
596 628 341
655 553 208
751 834 11
481 594 395
600 370 342
182 276 275
5 110 460
364 224 543
280 137 101
10 637 339
334 710 373
388 28 85
79 475 845
257 293 367
10 391 432
85 205 731
751 367 681
632 335 800
52 650 497
33 28 849
344 419 164
258 317 514
506 111 854
526 493 348
129 777 763
341 410 4
800 812 779
579 722 614
78 114 183
226 640 82
223 766 570
606 838 36
760 358 900
164 748 871
832 222 706
357 716 156
535 724 856
319 358 357
43 702 292
848 422 960
296 400 693
588 424 308
607 726 438
488 645 359
167 238 443
602 482 826
462 617 742
601 746 378
62 532 88
712 788 304
746 62 516
121 157 91
700 373 874
637 288 96
151 91 924
418 215 831
658 242 809
118 831 651
71 346 690
146 97 709
220 683 237
316 715 420
254 583 516
715 373 964
79 773 900
793 533 293
107 562 883
747 816 189
435 122 391
785 673 863
310 577 389
686 278 958
100 731 408
473 820 298
629 274 266
340 142 877
609 422 708
683 421 86
808 124 255
662 820 607
624 499 180
606 676 458
177 684 470
703 582 871
136 180 929
79 55 753
367 448 433
557 452 1
467 823 789
253 415 510
127 379 915
316 46 23
692 193 160
303 295 572
803 19 748
451 739 847
677 449 587
320 548 981
701 46 269
664 181 567
73 369 979
19 715 948
815 136 543
401 687 411
562 664 878
107 793 667
517 602 28
658 292 377
123 77 679
360 439 275
295 394 832
31 94 80
191 336 220
475 358 723
725 10 226
73 74 842
513 4 628
151 511 842
266 339 564
115 818 558
118 152 851
354 436 393
507 52 265
55 473 370
456 778 759
365 5 370
124 441 19
265 24 678
652 809 241
143 349 351
771 439 870
573 229 519
442 52 184
354 602 169
537 409 328
18 219 849
671 358 763
224 630 681
1 52 176
189 377 751
197 459 928
562 798 929
688 135 118
499 790 117
412 277 502
597 421 466
129 292 932
601 784 809
598 654 800
742 802 125
212 776 280
73 835 860
485 303 171
830 738 18
504 588 832
581 583 721
651 220 372
373 739 53
133 202 864
469 547 102
625 120 170
139 738 723
686 417 975
288 611 430
141 155 100
457 240 492
697 508 99
555 223 457
136 175 757
66 119 512
819 158 445
618 141 49
49 761 558
835 130 990
610 764 538
220 273 692
758 673 352
613 777 961
271 33 17
238 307 736
517 498 804
162 484 769
377 201 327
265 239 921
122 193 958
112 683 13
1 2 992
87 89 203
370 676 865
700 439 265
748 786 598
382 224 422
463 58 717
230 570 324
325 635 154
304 445 841
31 57 353
211 215 288
190 798 991
566 181 77
319 781 584
514 534 240
204 481 848
458 402 474
475 283 203
241 554 805
145 571 299
34 379 435
325 55 126
804 502 388
710 648 190
282 674 742
584 133 534
328 838 349
262 742 232
139 12 412
529 67 450
703 34 907
612 620 400
799 768 100
366 220 640
289 816 59
360 163 319
324 705 599
663 301 253
571 168 287
370 526 257
504 211 449
694 190 102
834 260 335
571 595 923
87 123 207
247 88 997
193 581 847
1 680 682
59 799 390
780 694 28
580 733 128
105 811 386
221 529 635
235 200 212
140 581 834
135 396 444
510 715 104
26 252 412
610 501 846
399 580 301
796 237 659
847 763 919
480 55 138
61 385 993
578 448 852
161 746 626
261 82 890
188 175 903
477 503 246
680 427 182
547 839 650
184 664 417
809 517 109
99 624 35
489 757 817
637 427 591
105 318 3
616 288 785
4 656 226
357 568 525
549 490 314
775 200 729
611 836 121
37 675 571
315 170 236
60 250 30
72 229 289
316 817 50
439 395 252
87 832 392
599 122 647
461 683 626
274 148 644
281 364 667
34 796 52
42 29 988
274 706 54
348 380 287
278 484 623
163 235 12
589 112 637
253 647 939
244 112 361
554 847 46
140 174 830
517 523 372
688 724 323
716 820 477
52 672 275
216 195 763
17 489 174
613 676 234
803 687 920
307 563 535
283 289 350
754 608 401
63 98 836
35 50 30
217 747 655
531 740 564
225 706 775
142 428 960
139 733 545
69 256 75
259 579 6
147 541 26
175 545 896
442 632 885
529 837 459
136 827 615
452 623 528
244 468 85
727 691 698
844 581 990
427 349 269
663 773 840
10 726 778
445 769 864
215 228 851
64 511 840
716 513 490
153 750 782
514 412 393
106 252 951
513 788 38
185 490 204
314 410 787
522 520 210
249 770 692
388 700 693
86 116 734
45 767 819
613 722 417
154 168 134
215 362 740
545 672 301
377 412 41
536 469 362
176 334 830
832 415 464
284 506 974
1 20 136
124 697 280
197 450 345
513 791 15
97 221 831
607 125 135
668 116 774
841 1 277
366 690 793
753 133 801
391 167 724
318 650 770
802 246 722
484 683 493
244 46 96
436 397 655
706 628 27
274 793 811
252 727 109
544 406 717
450 766 533
741 788 239
403 634 934
375 631 79
443 458 460
502 784 837
76 649 736
338 474 701
400 646 70
248 393 914
154 404 787
466 760 666
403 275 904
627 207 961
336 372 794
582 119 827
611 508 993
6 209 621
576 415 106
651 703 805
292 298 974
192 802 985
247 336 951
754 842 897
362 482 493
96 840 991
390 520 371
733 648 914
218 260 825
279 469 209
766 447 992
409 708 478
91 279 94
733 742 786
829 478 304
775 686 819
85 682 19
823 13 848
187 286 594
161 676 591
27 742 578
223 138 118
659 16 198
506 217 754
283 617 508
61 358 61
249 788 218
226 119 31
583 169 34
694 435 298
374 559 373
338 654 996
241 199 751
415 396 615
61 418 127
199 496 305
410 286 39
742 544 308
122 664 760
103 629 114
838 408 951
513 668 172
774 799 535
656 606 201
5 335 951
30 362 900
766 715 610
760 124 848
750 401 420
391 521 191
575 276 872
654 334 978
627 626 343
142 553 318
585 827 320
73 780 616
3 68 65
127 799 473
230 528 181
836 274 181
280 600 546
547 844 644
400 22 395
7 261 643
4 319 1000
630 676 315
289 31 637
535 312 87
247 370 333
41 286 773
82 563 529
700 560 709
823 220 290
469 188 297
385 26 192
652 346 768
751 481 711
393 313 11
443 823 811
625 225 536
691 14 807
243 171 691
401 471 344
262 296 780
37 281 854
169 265 294
36 169 59
278 823 786
211 334 225
286 168 500
5 303 30
510 613 486
511 410 151
97 91 41
103 403 273
159 100 692
258 166 129
184 337 111
427 748 649
535 713 991
611 262 380
259 485 621
83 13 222
138 411 313
418 400 255
351 561 589
39 43 203
352 553 714
334 259 12
323 752 454
322 620 149
421 771 410
32 847 851
284 740 579
755 732 570
805 516 574
4 364 634
833 74 735
163 253 601
586 169 953
325 63 170
436 793 847
64 363 895
243 324 810
107 5 502
24 802 778
539 667 389
425 633 248
442 841 77
235 402 438
811 496 111
35 346 422
19 63 217
241 796 991
367 722 669
325 622 692
287 789 794
660 331 458
739 664 586
278 387 234
484 732 522
5 24 472
106 126 147
565 742 150
219 399 758
7 239 492
124 280 888
130 132 593
831 244 233
147 175 235
211 445 416
688 624 962
484 619 611
590 195 630
750 733 683
424 309 676
785 511 285
517 646 52
607 118 407
102 153 570
192 747 314
337 112 134
673 469 753
41 87 439
274 810 912
130 627 932
302 514 976
166 706 770
796 549 386
214 532 721
304 490 141
61 688 179
59 271 943
637 59 214
40 385 608
231 772 595
349 388 263
813 829 472
776 421 419
766 22 726
740 760 235
406 304 293
36 66 251
811 439 817
281 19 792
6 198 367
160 268 87
321 214 262
816 163 215
109 263 964
142 612 271
521 184 75
344 238 841
491 421 448
482 190 86
185 464 761
225 678 562
586 97 397
778 119 534
210 655 628
313 764 37
386 742 601
802 40 449
41 207 52
82 174 7
619 411 735
44 158 618
624 808 740
423 39 632
503 807 969
642 429 65
408 766 518
202 138 255
621 529 316
396 29 138
175 799 676
793 640 487
190 580 984
777 211 577
664 269 402
35 92 40
186 615 521
68 453 206
4 84 334
92 453 190
103 153 31
593 578 402
291 424 760
535 704 300
7 790 245
601 658 15
16 62 503
445 823 290
762 439 727
15 532 873
39 42 19
18 327 475
262 29 995
692 700 544
23 730 735
736 313 664
750 94 840
291 524 507
485 708 170
91 262 937
584 103 618
193 535 388
428 538 852
181 256 3
109 545 815
579 322 408
179 350 587
388 624 538
652 771 639
571 706 720
747 475 78
50 64 425
609 265 941
545 648 775
481 618 467
101 312 285
820 836 242
648 362 370
502 591 787
418 90 215
347 442 134
166 265 556
51 337 896
581 562 143
131 71 863
208 295 32
763 5 887
839 190 688
331 769 345
755 586 211
337 652 540
131 347 960
680 758 416
449 378 594
76 609 819
136 296 176
277 597 597
368 637 613
663 829 962
736 454 519
359 322 137
41 281 602
436 178 191
778 667 141
52 736 646
430 286 59
343 28 566
127 461 710
210 672 60
180 70 834
20 448 30
299 451 416
512 356 264
181 592 424
99 617 158
846 430 835
607 45 112
601 686 12
273 711 658
262 791 565
88 571 153
777 643 422
79 560 141
231 770 32
570 215 837
776 605 631
2 436 201
46 48 375
412 376 475
124 135 8
77 19 332
261 582 824
772 164 744
695 774 921
237 174 714
618 148 464
64 631 14
839 206 890
403 148 401
646 432 800
64 494 278
1 7 921
258 667 936
463 159 26
88 511 965
193 820 182
167 528 937
386 612 409
34 112 422
653 435 694
680 788 669
16 70 687
425 829 339
348 433 166
547 538 145
778 653 891
484 181 911
15 544 655
589 705 784
427 479 499
65 197 1000
785 178 189
297 379 155
434 744 326
179 7 91
223 297 27
839 702 845
151 650 52
90 354 325
28 718 686
19 155 968
64 274 809
264 391 381
508 770 427
581 778 367
125 329 710
414 455 491
754 688 320
676 754 21
229 49 752
310 439 378
205 622 570
769 636 696
419 196 976
145 261 383
661 782 251
346 424 378
551 693 309
238 807 577
472 473 101
511 564 506
79 436 980
241 106 129
847 460 537
409 681 547
398 750 927
177 511 718
73 1 553
226 446 937
559 778 94
542 751 262
68 320 645
182 135 924
610 564 24
61 454 759
200 283 430
31 490 342
783 190 666
81 124 503
184 632 104
582 528 852
601 127 783
30 521 474
65 623 412
390 769 669
642 233 887
193 202 173
76 64 266
679 689 321
505 573 88
349 313 678
163 827 687
75 169 464
250 728 780
268 612 227
324 600 208
382 337 280
586 284 564
515 526 70
668 694 412
805 619 501
481 222 309
799 650 915
555 538 747
775 99 577
698 12 762
640 31 709
787 748 288
715 471 34
412 47 620
270 177 66
260 802 586
187 466 531
700 841 454
428 840 109
225 648 274
338 714 677
6 277 406
361 104 1
709 336 582
649 715 115
658 249 60
620 49 965
106 634 414
124 709 910
688 262 391
370 552 62
733 298 145
292 796 781
729 606 201
359 771 500
321 832 798
413 169 202
249 376 948
226 814 780
398 696 753
517 721 897
115 521 373
69 82 434
452 841 641
416 210 773
326 587 832
135 79 655
308 268 596
826 78 813
73 146 745
177 719 586
612 663 491
523 317 965
38 242 49
653 657 566
614 247 351
46 148 554
486 451 91
205 838 95
190 158 562
184 386 251
402 208 840
6 406 811
784 543 70
235 775 135
446 528 837
157 286 266
379 150 189
538 244 864
373 18 795
72 451 760
547 91 204
386 562 506
478 637 236
627 196 45
170 839 411
450 139 46
721 94 93
89 532 147
73 556 747
504 136 111
136 417 670
485 578 118
13 587 681
127 188 933
303 710 865
126 94 976
39 493 504
73 217 89
129 832 77
181 662 629
379 568 692
46 360 54
710 840 681
809 450 56
634 278 484
648 240 83
753 559 500
799 413 531
6 9 339
40 443 465
212 94 162
817 685 165
184 226 425
777 825 682
194 462 763
733 688 557
480 84 800
108 596 496
333 658 724
298 206 830
16 601 434
450 344 494
48 109 272
179 236 822
113 774 740
141 741 138
496 234 433
441 197 741
674 274 756
837 562 829
34 685 943
325 712 37
446 553 648
703 661 39
149 809 1
631 361 786
139 501 674
757 685 20
199 838 249
21 213 366
796 450 289
234 671 139
528 503 895
161 34 708
421 748 521
77 597 364
286 532 396
844 754 893
537 545 291
514 647 922
233 799 577
104 420 393
655 289 830
145 673 687
91 429 628
310 721 721
121 179 847
665 290 293
87 132 863
755 836 780
295 454 603
718 201 537
503 259 649
776 122 694
798 750 553
156 171 83
9 49 420
94 614 395
241 299 704
427 448 1000
93 108 175
316 153 748
14 64 357
250 322 180
133 335 371
410 329 511
461 766 376
569 247 141
492 381 609
7 847 880
95 447 649
808 793 280
73 684 36
820 685 935
454 271 893
25 532 70
627 602 844
431 712 745
122 188 464
93 747 267
277 436 798
169 733 417
191 515 322
325 349 633
476 148 184
334 820 882
243 703 813
786 715 219
716 425 87
676 333 684
273 295 421
163 777 733
163 370 402
701 406 561
568 833 144
175 222 32
283 594 496
238 333 102
623 815 659
646 661 263
206 565 908
569 86 253
402 475 921
482 516 680
515 184 18
467 100 961
493 385 360
325 459 681
591 165 57
565 694 731
215 687 330
548 775 87
94 529 410
3 29 383
169 735 969
36 825 195
218 1 569
335 583 789
284 493 116
103 357 637
21 253 682
610 773 861
430 767 454
278 14 583
621 105 82
550 409 593
358 814 533
100 523 302
733 645 709
99 497 415
574 430 818
649 309 634
17 141 829
115 658 654
41 77 433
166 493 390
145 559 967
94 314 380
480 760 749
100 486 213
840 631 438
202 309 420
536 247 469
316 217 933
269 108 404
181 570 815
377 578 385
401 789 953
157 1 855
493 109 507
566 751 428
49 76 684
406 454 418
574 233 539
457 260 212
67 745 573
10 559 401
28 78 540
312 16 686
247 64 748
82 744 980
601 46 790
558 168 83
313 138 815
327 746 940
27 319 628
235 32 795
465 747 836
243 37 863
595 680 510
514 16 361
823 438 17
96 823 186
177 493 463
517 472 186
286 654 145
31 622 15
620 555 257
667 472 189
715 846 298
433 815 127
758 22 39
110 714 1000
162 186 861
271 92 39
395 626 738
465 101 886
23 90 380
551 720 574
301 333 4
479 230 49
97 370 287
634 642 810
229 735 972
107 419 464
212 471 23
256 60 838
169 55 631
517 725 897
147 616 597
281 643 215
481 538 72
5 61 276
229 576 98
70 85 533
214 649 413
441 46 64
493 49 217
264 171 11
138 560 656
813 57 783
345 441 275
130 238 498
78 745 290
251 485 361
728 42 827
587 358 818
773 645 884
145 625 447
247 55 339
679 766 848
616 270 493
115 666 347
688 643 991
817 747 233
388 337 116
673 736 754
407 308 131
506 825 155
503 748 20
6 79 909
394 589 409
175 790 61
604 842 197
38 765 359
187 386 120
490 382 743
410 320 731
112 583 971
1 207 798
356 177 689
12 173 371
77 670 350
565 753 585
215 604 114
664 14 72
546 721 324
433 15 396
415 455 563
19 823 810
190 329 649
457 276 439
100 495 503
32 125 421
769 336 587
316 587 89
145 544 811
818 760 779
122 741 527
431 214 669
433 284 552
484 306 63
539 762 284
833 3 166
63 139 975
43 47 420
133 281 252
841 610 399
613 631 108
811 432 786
139 355 54
826 142 697
635 122 878
310 349 161
239 395 854
381 736 585
117 599 152
635 595 106
310 616 982
718 58 540
556 721 609
49 325 753
619 616 26
82 201 329
745 158 848
122 823 109
49 520 58
281 351 966
760 196 639
430 163 926
4 470 137
514 232 823
644 16 722
259 607 931
648 73 755
706 57 916
36 234 59
3 28 682
574 168 380
47 303 912
493 673 956
788 183 851
74 629 742
67 664 876
757 742 940
699 768 196
151 692 41
286 49 290
286 22 821
815 614 15
316 823 708
672 756 386
145 316 826
85 528 358
203 314 894
252 815 311
121 844 225
829 649 783
473 795 328
17 26 164
548 766 345
145 496 930
323 519 720
523 490 434
178 418 387
489 433 703
584 427 338
383 229 865
1 533 946
158 848 331
1 133 949
536 93 290
115 346 641
201 805 106
57 711 745
712 153 454
528 502 766
629 846 50
256 198 437
196 359 369
778 175 360
481 307 332
563 104 159
574 66 216
178 289 613
106 84 677
210 105 350
107 791 343
239 228 5
97 463 577
497 766 250
51 707 380
178 473 85
735 609 567
160 294 193
99 149 1
166 501 304
221 509 362
382 573 329
256 455 374
504 638 803
178 636 122
79 289 948
153 649 819
811 340 553
352 701 636
44 402 56
380 718 708
265 127 779
124 502 704
131 152 349
188 361 150
842 457 39
348 550 495
235 389 271
141 292 472
121 214 901
411 316 167
257 366 272
707 772 42
182 330 591
172 82 530
319 547 955
748 687 467
328 449 547
50 519 22
115 175 255
408 304 678
484 529 259
403 811 801
721 138 304
43 394 962
778 357 325
43 597 215
291 508 146
399 175 443
796 124 111
127 478 435
383 393 945
737 457 69
122 291 934
429 635 544
50 347 868
556 182 614
25 31 161
788 685 847
64 106 262
94 577 748
502 454 152
68 282 692
56 332 319
340 409 680
397 813 420
671 429 587
91 90 856
769 370 436
560 88 953
84 127 884
643 473 385
283 57 277
51 229 70
536 403 816
624 379 123
467 123 302
78 36 741
763 428 176
16 516 91
591 651 763
285 2 765
274 399 401
220 523 969
43 304 125
532 223 715
483 671 365
822 393 863
23 688 402
63 79 60
343 169 638
728 219 632
353 711 797
163 471 359
272 677 520
385 794 932
425 565 183
818 512 957
436 207 601
23 307 648
701 759 453
73 213 53
257 774 150
83 103 846
721 226 264
566 564 584
322 801 111
173 29 926
804 619 225
155 607 809
484 694 979
198 304 115
652 62 34
427 271 996
475 208 339
764 553 961
583 189 621
268 829 141
682 451 364
373 262 987
733 455 807
56 496 98
326 282 26
168 192 161
284 363 527
639 820 48
772 331 329
20 150 334
93 101 137
207 488 699
552 531 329
264 823 306
160 823 840
271 468 129
195 199 222
604 596 678
72 297 763
710 256 683
202 156 295
257 340 133
733 636 717
793 704 820
48 399 2
587 67 332
730 411 169
203 730 318
399 663 961
434 301 38
304 250 457
313 346 759
755 505 149
556 154 671
613 745 781
467 393 673
495 429 73
823 319 910
373 727 4
220 687 274
244 334 200
109 559 526
321 761 782
546 759 174
294 116 435
422 222 89
841 556 76
481 805 996
778 601 909
398 255 705
494 352 552
57 778 278
146 688 884
148 830 448
447 493 921
447 378 595
232 663 31
265 536 634
502 274 736
378 76 275
759 601 883
166 118 598
153 204 690
622 766 648
477 389 730
297 409 130
846 606 932
336 481 212
187 830 747
438 848 223
310 194 447
376 685 624
376 214 623
601 826 294
199 73 15
712 766 944
430 469 491
244 799 534
447 496 797
257 157 998
329 415 427
325 585 532
280 514 69
16 76 312
103 712 300
147 61 853
502 436 136
457 609 487
85 595 257
348 175 697
22 86 960
284 205 442
7 356 629
53 122 320
578 383 533
379 598 420
352 269 527
595 587 359
335 595 525
5 15 171
56 601 924
7 536 724
349 233 235
358 300 217
178 344 490
290 503 204
718 387 388
572 149 598
704 819 973
166 591 460
748 779 793
415 786 11
603 461 397
257 746 545
39 1 404
596 134 758
779 438 872
171 287 614
189 442 817
789 202 381
709 702 279
763 517 977
616 668 722
690 773 426
11 829 629
457 763 164
316 375 356
838 16 215
371 473 364
193 727 136
604 322 478
216 631 42
665 352 386
4 601 318
444 129 900
609 79 703
396 403 105
81 721 601
676 685 111
199 208 759
636 63 263
468 849 969
45 67 12
231 727 444
207 226 845
654 6 912
187 812 307
697 520 621
609 808 833
31 319 276
199 315 576
16 328 691
182 738 101
175 660 711
548 610 560
59 488 865
568 703 220
291 426 371
832 505 684
226 505 707
488 575 471
335 638 17
292 352 369
18 38 344
771 779 821
25 525 193
559 568 133
1 340 261
86 376 174
338 152 615
409 749 50
172 185 80
820 784 653
238 112 443
361 813 558
389 391 235
388 736 207
682 734 580
697 443 181
73 252 938
844 471 326
253 79 667
289 65 182
493 732 363
565 64 132
601 640 919
306 1 667
29 127 428
481 260 644
640 325 464
325 337 200
435 633 101
115 805 485
691 710 342
62 103 429
243 431 631
274 497 822
569 643 816
761 555 779
147 301 605
183 314 810
612 634 155
779 430 726
508 774 247
211 182 336
818 510 545
343 771 690
681 364 853
514 805 322
451 311 280
506 352 88
626 499 777
646 443 397
822 172 897
100 451 557
607 325 877
835 64 191
439 446 401
522 622 893
311 76 816
211 691 49
381 625 248
22 476 741
724 398 131
781 811 450
718 223 232
670 754 549
4 91 484
43 18 889
730 457 936
806 220 841
329 119 978
437 682 534
676 280 911
801 466 316
478 84 976
41 142 415
116 737 219
106 602 825
697 429 300
819 552 437
832 485 522
541 793 745
20 104 236
451 77 1000
559 328 354
331 16 782
179 675 240
121 697 499
55 841 737
751 571 744
652 820 759
191 807 491
448 325 807
217 254 301
656 781 66
113 569 815
486 660 587
174 134 273
61 267 519
385 136 429
516 745 585
12 73 477
83 238 154
151 427 271
85 835 356
585 615 656
637 732 13
740 336 897
87 663 692
219 439 536
14 607 108
136 436 203
453 603 599
499 743 524
43 93 445
809 513 994
220 490 710
83 95 94
298 838 993
814 182 685
135 339 291
172 270 383
136 166 22
43 58 931
425 256 508
637 787 32
493 802 702
313 622 435
295 22 91
103 329 803
346 400 381
180 688 755
286 315 74
485 625 1
692 598 440
43 771 353
266 124 742
546 157 236
59 407 137
597 171 698
507 409 470
75 391 551
685 405 342
10 12 681
724 121 584
508 189 456
466 346 566
430 247 145
3 44 916
523 135 886
220 594 208
136 760 786
838 356 206
395 444 628
319 476 398
771 592 235
375 346 998
257 357 240
849 499 369
596 616 574
337 599 208
748 111 996
1 23 747
58 98 86
108 573 995
23 39 885
139 159 672
310 595 520
249 667 104
1 201 202
466 433 159
191 307 637
376 826 342
556 449 756
217 11 596
124 247 335
443 479 332
319 670 226
577 271 792
151 117 124
370 838 208
69 102 707
71 211 487
844 562 243
336 73 406
691 721 954
85 778 713
849 703 179
7 19 207
145 535 389
19 239 928
151 73 898
96 113 184
400 73 366
421 466 325
72 232 547
755 802 223
121 63 756
121 301 219
164 506 916
564 790 258
844 275 358
685 816 919
744 510 442
85 137 377
379 728 191
190 514 996
472 376 36
284 94 479
297 106 177
61 33 346
462 391 512
466 328 100
846 580 261
181 219 965
160 547 903
497 117 600
732 131 492
29 260 824
652 546 441
251 819 344
634 722 97
76 797 771
343 572 483
5 240 44
135 777 84
281 625 856
789 558 170
23 79 915
331 317 397
471 619 981
604 12 92
813 616 800
529 134 162
316 24 289
21 474 745
282 469 927
369 430 54
714 772 199
464 683 62
826 445 442
460 1 306
763 303 484
246 52 791
42 613 387
216 268 411
247 126 306
260 464 21
175 814 273
849 158 29
371 520 617
152 438 608
229 367 901
66 781 141
392 115 821
166 358 808
444 247 597
203 115 975
609 345 110
57 16 892
392 374 505
611 295 748
491 120 388
37 340 5
375 772 109
94 694 731
169 181 174
49 823 86
145 695 623
205 790 699
256 265 396
201 416 96
100 787 419
356 685 268
49 85 491
642 597 354
701 377 148
52 262 174
49 415 708
58 60 258
771 145 695
37 115 10
689 160 14
79 826 172
301 727 652
421 547 452
682 658 531
636 545 762
4 283 432
833 133 523
791 535 888
724 253 557
376 385 713
482 441 905
481 704 403
771 845 19
622 304 344
532 752 836
769 339 507
179 817 911
825 670 378
513 739 635
397 583 304
607 385 230
737 638 391
616 2 374
20 171 686
34 134 497
26 248 741
354 159 725
802 394 897
350 422 679
613 314 916
76 499 533
604 306 963
816 130 532
580 813 649
53 69 118
129 531 889
279 559 637
319 798 918
376 466 867
232 748 24
649 236 915
425 555 538
113 353 120
646 361 519
289 175 903
116 191 446
7 45 904
265 379 256
778 308 571
448 838 388
293 227 530
376 565 177
313 669 959
164 793 119
690 697 591
81 643 418
794 604 423
517 621 805
29 435 394
40 544 134
319 451 758
732 115 768
70 86 355
355 411 447
330 673 993
133 231 228
841 553 384
750 802 409
768 229 133
795 507 209
784 124 800
718 613 383
22 481 624
154 167 260
7 260 801
183 480 761
62 748 834
415 322 137
121 176 21
90 83 416
700 125 324
468 694 128
346 355 205
472 518 796
326 242 186
438 316 144
291 323 542
719 546 65
796 805 242
196 335 262
65 272 667
700 539 207
163 465 374
788 686 862
367 781 889
87 138 479
322 718 767
582 829 5
802 254 651
571 312 142
205 13 355
211 549 237
74 288 776
313 220 860
233 370 245
775 805 441
316 5 514
712 613 685
40 111 394
313 7 920
730 659 926
265 310 18
347 453 334
554 664 355
7 212 639
145 709 474
497 46 219
66 396 790
643 528 506
581 274 41
153 306 970
661 65 315
651 634 187
172 280 440
277 226 812
324 83 592
235 40 202
250 484 103
715 598 970
406 816 878
13 41 474
99 29 665
411 742 816
441 13 715
136 19 901
219 596 383
157 313 248
794 280 924
786 504 979
74 330 377
185 765 571
198 627 79
593 556 16
625 13 120
59 200 673
361 196 107
802 64 968
47 542 58
5 386 774
88 554 161
766 397 421
130 490 787
811 380 530
523 70 447
750 779 754
343 394 684
2 649 764
400 253 134
26 423 20
59 811 394
36 13 626
31 170 27
487 637 569
192 449 90
446 136 433
430 361 139
133 188 940
11 169 909
573 630 9
20 22 833
241 653 73
36 655 457
748 52 761
379 433 681
330 181 345
517 697 814
135 269 316
4 367 705
499 848 483
319 579 922
234 292 972
419 768 145
511 729 877
228 644 778
369 820 749
43 451 422
112 745 322
37 429 324
682 507 329
606 654 444
837 524 724
97 660 458
137 230 665
226 50 911
228 463 803
157 422 59
752 814 532
433 280 786
763 619 313
510 349 428
616 352 807
47 183 574
829 733 831
527 557 73
2 72 763
670 642 571
820 775 621
254 724 221
22 96 148
16 499 748
503 664 630
61 843 975
435 329 341
67 164 407
163 702 123
239 679 518
541 578 361
686 103 288
730 250 3
181 364 274
13 53 9
3 593 259
832 767 352
448 214 435
433 583 923
288 31 272
31 286 202
46 181 744
349 595 842
183 402 714
360 176 96
369 160 960
459 109 832
154 667 833
433 539 440
669 700 907
202 301 786
363 842 378
505 292 211
366 381 497
77 237 957
679 260 119
745 235 15
837 677 656
696 621 814
167 832 397
301 641 63
640 364 544
391 311 9
198 820 371
739 527 65
837 70 983
706 523 715
143 169 98
755 383 596
415 375 493
337 754 144
254 287 132
703 808 949
37 341 849
457 781 501
217 838 761
625 637 21
232 99 559
179 517 177
39 483 579
355 67 248
799 496 171
466 190 443
577 798 512
151 304 135
175 848 825
69 101 438
400 396 982
485 512 396
400 125 933
337 33 732
740 97 345
538 9 258
782 121 423
340 514 239
257 288 280
405 558 932
10 700 426
97 600 765
640 334 262
272 499 807
194 1 833
115 526 975
85 659 795
304 169 382
108 80 611
67 174 52
44 634 549
349 571 478
245 318 306
685 276 843
365 750 61
658 583 757
15 195 609
49 146 754
215 254 164
829 125 71
385 433 421
246 374 194
463 84 780
610 817 691
127 242 309
518 260 841
136 364 260
267 22 926
79 651 755
664 370 505
80 198 905
547 5 185
652 470 114
133 605 881
386 705 831
159 729 991
390 243 685
14 34 971
318 847 847
703 250 994
220 380 797
363 625 444
655 277 478
229 436 512
487 849 317
749 604 735
361 487 809
22 134 625
1 107 494
298 353 144
342 467 304
742 13 355
556 588 533
31 681 733
364 280 240
65 785 971
121 145 816
558 800 294
574 770 936
241 305 939
445 313 169
696 580 165
1 718 417
41 567 560
53 65 86
697 177 192
290 15 669
100 562 809
212 473 314
17 583 593
150 91 155
338 822 437
742 120 704
153 350 34
187 794 732
813 536 825
585 767 738
409 82 668
583 37 636
307 409 667
280 574 634
130 344 447
583 802 687
105 225 976
823 580 440
563 401 469
575 811 369
811 197 465
133 347 18
4 82 648
335 173 946
362 661 828
624 769 327
212 239 486
319 25 268
127 175 949
260 595 915
148 733 233
520 661 418
838 346 582
451 232 13
631 286 210
495 777 865
46 799 517
249 756 162
434 52 583
769 559 274
255 741 773
346 682 744
434 614 359
132 818 633
538 68 854
228 844 364
19 805 900
1 5 846
1 379 582
25 89 451
615 700 723
131 311 455
592 658 559
389 504 9
139 332 870
160 277 645
803 44 777
265 681 922
28 140 641
592 235 193
142 384 402
259 791 702
804 120 947
379 269 504
454 460 283
306 414 108
420 721 95
842 244 406
78 54 197
829 693 531
631 570 259
101 435 850
571 727 371
198 819 545
57 634 433
187 63 176
541 624 312
113 451 554
643 501 148
292 343 98
427 754 474
412 364 907
369 86 721
77 848 67
87 385 794
19 681 416
238 663 331
7 533 168
599 217 629
757 801 677
684 16 707
190 793 206
794 529 124
509 323 82
810 370 680
748 65 134
744 97 544
225 74 956
669 563 427
70 694 490
673 598 598
365 78 703
55 303 636
246 380 988
200 544 290
765 229 381
435 190 424
301 173 920
20 154 326
55 100 603
515 532 243
354 163 539
820 815 613
277 139 180
668 547 596
6 161 57
119 732 867
484 424 397
43 513 809
463 345 434
340 751 883
550 165 348
43 417 668
741 240 602
271 359 477
148 598 220
55 790 188
50 275 294
653 676 652
302 512 944
381 588 293
459 19 107
36 86 994
748 809 101
601 592 697
380 613 993
556 583 854
700 268 521
21 160 767
503 555 802
4 823 335
814 832 443
97 753 642
280 775 48
534 670 614
125 172 675
421 400 388
604 206 557
5 8 632
828 385 639
814 628 486
52 121 139
109 514 692
281 22 720
608 639 417
172 94 961
33 112 979
124 357 813
839 742 631
477 685 754
538 16 551
344 806 491
672 129 685
650 270 530
344 391 818
699 555 680
224 234 826
61 81 956
436 689 48
732 286 268
235 364 808
766 528 39
748 166 935
744 544 534
156 233 208
600 811 284
17 182 748
416 55 825
573 463 42
194 224 979
82 98 98
140 703 364
796 431 954
197 66 765
655 756 867
320 138 612
414 202 750
763 402 139
171 219 303
241 833 89
572 316 575
567 426 63
15 18 840
116 136 49
193 2 502
742 706 313
118 62 657
313 494 925
84 508 819
547 687 747
195 238 510
779 82 954
335 372 796
709 203 132
403 461 879
753 486 871
85 238 210
801 685 688
243 714 944
388 403 98
136 424 410
356 298 19
285 627 433
164 656 321
702 479 208
427 732 572
307 603 877
582 310 872
237 765 370
288 456 278
334 581 280
588 449 806
592 123 993
682 567 553
413 556 776
72 223 98
538 249 548
103 800 292
523 199 256
289 317 854
639 793 873
412 479 18
31 40 535
838 64 946
333 500 888
780 808 859
91 190 74
31 452 979
261 701 326
428 740 481
375 663 785
719 107 990
844 135 251
692 418 653
768 559 959
100 682 795
467 778 652
193 564 602
794 841 843
275 612 381
544 191 887
25 32 798
789 471 897
214 712 255
271 436 264
479 655 337
413 837 271
124 179 152
382 451 536
254 108 582
196 715 515
846 729 13
533 540 596
454 464 201
236 306 74
384 492 638
784 181 147
356 662 284
84 243 585
769 264 912
216 34 637
325 380 666
43 235 513
481 649 29
352 179 228
232 288 137
805 415 154
521 568 598
398 637 94
94 637 679
412 165 545
586 73 50
93 387 817
70 342 401
1 777 296
656 388 258
358 559 174
104 150 308
49 177 894
562 738 755
183 553 82
361 527 581
36 848 492
234 271 483
630 28 998
807 217 511
577 281 736
286 847 457
846 67 542
250 586 750
300 612 634
541 709 259
225 256 632
474 76 29
181 167 24
118 476 777
768 295 912
329 508 9
292 179 654
289 356 75
299 769 749
742 499 408
296 490 420
661 610 821
391 13 582
178 647 72
676 344 777
99 797 166
301 537 915
91 201 142
585 783 868
571 193 482
433 695 711
463 487 969
474 194 400
619 445 874
604 36 498
238 800 943
25 265 784
162 382 861
626 846 947
433 58 880
469 499 598
70 577 138
560 828 205
189 535 135
109 206 871
508 256 823
295 655 780
38 655 90
553 777 249
112 577 103
391 30 238
466 655 174
124 283 559
838 340 669
570 29 511
505 192 75
679 713 794
336 405 865
542 760 84
599 37 294
226 790 77
106 14 940
10 357 851
271 709 706
110 460 608
646 424 328
226 576 921
172 238 273
526 369 139
475 799 341
306 846 145
667 317 580
27 88 9
145 147 198
307 244 658
524 345 330
446 3 262
718 250 790
254 530 214
741 230 480
503 473 888
424 269 89
162 380 589
169 251 145
437 196 710
574 83 598
9 367 837
64 1 956
616 787 959
110 176 769
544 360 685
309 838 2
109 280 56
151 373 768
262 291 840
34 256 32
747 239 641
144 164 518
115 220 497
128 324 60
673 146 376
398 6 416
415 743 822
754 222 36
262 144 558
506 127 620
714 340 698
153 724 744
600 430 65
256 115 332
402 784 505
254 419 561
294 414 674
26 244 972
58 118 237
298 657 270
251 440 279
271 367 646
684 740 703
526 175 543
209 736 41
573 444 825
649 751 129
563 771 286
832 169 1000
38 556 633
292 454 919
59 131 471
746 595 181
761 164 649
466 817 863
514 760 642
198 291 729
550 256 640
838 406 574
730 616 718
451 489 91
503 744 117
205 492 438
506 546 284
408 404 800
766 52 133
298 491 848
453 134 997
1 724 867
75 225 221
740 318 20
491 568 277
112 184 325
541 24 878
249 427 154
554 762 945
95 99 963
10 622 511
520 31 233
289 565 944
687 475 758
271 331 237
716 547 238
721 106 827
104 243 68
757 455 455
403 360 63
431 733 140
253 646 86
485 665 594
320 526 901
805 606 374
205 379 609
10 35 932
164 139 398
26 54 643
736 712 646
13 493 910
454 494 344
609 451 732
16 832 883
844 328 839
61 598 186
301 297 679
618 531 567
406 612 395
680 679 144
19 550 550
442 424 805
242 586 836
803 253 219
746 26 559
426 290 837
613 115 311
94 526 851
84 126 185
250 789 294
178 362 205
397 625 545
424 573 455
40 521 992
208 346 894
58 112 208
455 695 34
585 719 272
67 97 839
655 73 504
766 598 292
46 712 435
520 385 410
154 193 2
472 722 992
490 776 295
17 543 357
136 821 386
164 376 766
256 551 376
25 37 327
496 679 534
259 175 31
640 470 805
166 209 340
196 694 716
43 589 492
19 34 398
746 243 618
123 693 720
350 351 911
151 159 11
446 675 695
525 335 166
133 257 271
76 455 650
849 367 185
727 845 809
364 530 11
277 796 394
8 735 145
793 127 89
340 389 484
286 482 661
277 772 411
1 664 735
77 267 284
448 157 831
93 55 839
719 756 680
317 521 614
314 792 784
532 684 835
187 516 88
313 222 339
372 69 354
490 499 94
234 337 761
497 574 889
113 819 261
452 709 953
170 428 711
711 600 654
347 375 526
302 308 255
130 655 188
532 119 51
319 679 916
723 784 145
443 154 922
748 580 897
547 348 446
494 523 686
194 601 891
496 345 253
15 218 467
302 89 723
438 755 365
541 104 396
15 33 377
824 532 880
355 467 534
340 308 76
628 484 475
322 318 111
463 556 480
730 1 709
426 54 2
79 421 702
10 135 794
777 193 673
396 576 900
98 191 140
153 506 599
552 88 341
229 783 301
15 75 747
289 659 278
202 263 41
529 136 304
666 832 481
774 635 674
220 547 567
352 814 55
659 688 831
687 614 55
105 561 416
118 161 659
241 190 188
85 616 619
403 260 398
13 435 974
173 581 607
463 610 817
33 319 788
349 369 791
99 413 379
165 287 286
311 723 656
739 709 455
218 388 297
133 259 663
109 600 551
77 505 447
640 593 37
552 497 63
733 275 183
261 519 957
745 502 561
122 325 511
790 676 268
114 468 986
436 492 933
72 602 94
488 118 177
76 409 4
238 601 480
836 355 131
289 187 569
648 661 695
577 547 677
318 652 128
92 788 641
512 803 819
747 271 677
90 66 808
305 719 168
637 844 731
294 301 895
331 489 993
559 472 974
606 600 574
258 754 545
579 810 623
739 133 10
712 79 688
453 3 532
565 343 691
756 266 672
106 647 268
105 495 620
673 188 368
569 50 538
21 117 786
166 76 272
644 214 122
91 334 162
574 95 234
617 668 64
178 748 78
772 337 90
501 611 690
672 166 94
734 37 434
556 169 757
605 561 267
356 161 278
359 91 191
552 142 414
689 229 950
283 199 945
427 787 990
699 794 743
506 490 376
724 633 642
745 174 335
88 667 320
640 313 68
210 258 543
438 603 973
187 774 581
483 434 166
88 672 380
204 439 737
699 325 442
130 108 188
203 753 300
844 840 601
792 90 241
363 702 840
272 56 544
173 399 258
807 668 138
151 376 416
622 706 374
85 189 980
498 792 659
216 815 826
186 345 131
596 637 55
645 804 506
433 307 758
8 11 847
297 453 576
267 803 320
517 333 36
183 348 317
352 463 864
31 199 530
306 835 685
6 18 21
658 618 309
621 274 963
69 778 741
268 468 826
423 815 909
604 577 350
683 289 331
225 437 850
226 607 281
191 315 413
352 605 74
567 136 415
94 820 442
700 689 656
757 372 302
187 436 483
758 148 120
231 341 542
299 556 164
307 602 486
442 160 898
798 156 205
197 365 122
575 647 949
477 169 953
838 727 345
610 453 884
739 90 827
367 407 683
172 38 473
228 638 297
136 757 948
231 235 4
724 684 153
66 744 235
46 383 474
484 151 585
473 631 414
33 541 10
19 210 786
18 46 819
338 772 959
61 232 345
764 470 700
323 343 805
342 559 363
728 781 431
161 661 419
115 170 110
352 282 882
298 700 103
712 709 127
313 360 621
59 224 54
670 175 666
6 481 631
256 145 230
580 602 740
845 710 407
768 225 964
626 692 673
232 216 759
410 815 316
450 323 337
252 591 269
785 340 768
262 70 50
766 574 373
127 337 870
123 397 565
144 178 676
761 214 5
1 110 778
781 817 441
163 433 218
586 707 956
434 497 929
29 105 764
418 160 544
115 250 210
843 823 116
614 529 435
129 340 621
421 319 366
39 590 533
835 133 374
145 791 668
643 134 306
1 56 424
34 691 707
682 823 248
66 790 49
509 89 117
769 656 783
201 747 810
10 326 232
141 222 221
824 742 706
61 285 743
144 529 103
82 298 276
720 598 519
845 504 437
595 797 433
560 63 626
1 244 701
738 669 413
706 601 270
418 523 804
452 181 143
25 244 38
573 464 915
319 558 208
9 73 240
91 688 854
587 434 50
594 268 351
776 826 273
192 62 66
289 96 415
81 570 458
61 19 730
454 213 204
727 140 934
635 442 708
360 524 721
123 264 504
220 468 708
25 545 884
199 437 146
62 140 26
439 546 772
256 72 722
316 397 770
124 679 57
16 577 29
557 727 739
525 14 865
8 797 808
40 80 261
164 141 824
232 704 566
681 145 965
517 207 626
495 516 363
221 61 617
217 565 93
293 431 554
728 421 193
1 196 634
733 278 450
220 700 432
15 609 158
488 276 572
261 158 233
679 668 4
240 273 544
459 166 528
19 184 779
229 730 872
781 822 188
19 21 548
448 749 770
637 670 24
683 808 532
472 190 596
427 523 955
472 735 782
235 814 398
190 439 336
419 703 436
186 177 77
497 519 789
250 831 879
203 715 35
106 90 465
737 822 463
463 553 166
205 290 785
177 170 785
68 249 590
772 143 126
200 284 70
239 164 863
276 340 261
811 652 282
189 799 446
212 688 174
283 784 129
489 653 942
589 38 673
727 275 862
211 802 970
40 509 653
406 518 1000
117 245 32
166 274 436
64 688 54
655 604 210
576 43 713
309 262 792
664 253 803
326 507 487
114 353 400
305 401 908
228 469 711
583 677 613
813 342 586
46 681 299
562 768 770
334 750 535
553 220 183
235 73 474
772 154 197
222 510 830
44 358 244
195 278 406
586 768 185
508 1 109
67 136 891
623 751 373
112 430 481
96 736 879
646 610 847
32 421 971
613 717 483
22 147 897
329 457 500
112 162 572
4 144 984
187 434 552
179 771 873
353 837 13
124 197 232
46 184 307
384 732 442
66 270 794
385 330 471
601 737 722
223 550 173
196 4 565
109 64 591
768 274 101
490 508 717
11 775 185
654 781 77
823 328 289
251 604 143
331 263 141
229 335 891
651 283 648
390 540 131
265 416 593
562 154 447
849 565 747
835 442 28
796 26 840
748 424 344
770 133 800
395 811 663
258 537 482
712 418 5
825 154 371
646 667 347
174 586 63
118 730 875
836 462 398
400 146 946
405 689 467
216 478 350
718 220 38
19 265 443
713 25 863
409 670 75
205 739 402
550 226 888
526 751 470
676 64 777
360 368 667
760 639 158
35 59 919
832 821 290
4 6 643
325 34 406
261 821 512
208 76 920
784 405 283
233 541 636
65 455 132
539 154 820
240 382 203
199 97 288
140 127 117
832 184 519
269 704 713
672 813 248
295 215 847
475 666 260
515 658 418
130 323 188
239 780 351
369 401 319
705 359 897
362 427 642
480 593 702
80 247 947
717 109 508
407 598 730
73 270 481
5 378 89
532 610 835
769 30 919
284 379 101
353 453 552
387 547 830
353 704 754
706 517 258
29 204 762
346 817 150
64 91 934
46 19 309
703 638 778
