368 7827 259
257 101 47
81 284 778
157 69 897
26 200 482
333 6 772
125 297 657
235 62 572
313 105 106
65 73 181
231 68 869
10 67 742
321 185 802
218 333 626
217 319 516
241 125 140
293 85 742
151 147 957
27 226 424
89 123 649
208 137 688
286 343 144
139 93 417
217 80 111
93 287 700
129 70 776
254 277 930
43 277 90
181 114 950
303 308 233
200 231 638
147 161 639
336 91 562
311 1 797
294 171 228
333 41 586
294 367 871
54 11 498
33 245 998
57 1 380
98 223 16
264 261 967
259 103 416
79 67 24
185 289 264
43 116 84
1 33 314
141 252 124
165 217 979
37 132 687
81 42 862
87 284 597
305 61 643
217 311 151
33 60 981
289 198 49
3 311 828
333 39 90
147 125 352
51 246 374
27 87 529
187 305 976
145 325 679
136 53 597
330 201 768
111 6 959
181 331 359
269 174 487
341 178 869
225 315 666
346 58 211
331 193 983
317 123 317
141 77 255
98 129 436
317 335 951
289 78 595
295 289 515
23 325 449
155 69 319
309 16 923
179 233 284
41 223 739
17 15 103
181 1 291
173 225 972
63 151 427
123 351 372
317 231 698
54 323 474
25 136 666
299 17 670
94 209 2
171 91 240
185 144 542
11 293 938
233 297 286
240 311 795
350 100 633
122 261 458
296 185 153
239 339 495
287 166 887
113 258 851
185 150 845
17 77 784
123 77 964
285 125 672
31 261 604
23 155 742
309 231 709
55 119 610
14 53 168
68 130 213
60 145 910
309 305 854
173 264 825
305 1 279
187 33 990
145 3 630
261 205 914
331 141 371
83 202 798
49 16 453
167 127 195
219 69 798
112 115 154
15 209 126
13 149 977
60 238 973
154 267 297
313 153 12
170 19 430
106 309 111
261 45 902
1 179 613
50 309 970
313 317 698
49 340 814
129 271 988
11 153 133
261 127 490
309 219 163
351 201 37
97 233 841
164 81 346
61 133 11
225 73 192
319 49 468
92 269 649
18 347 183
1 7 528
87 179 610
1 63 627
363 353 454
345 9 854
237 355 965
261 258 332
288 217 726
41 157 780
177 205 233
139 113 567
223 279 377
125 231 320
319 345 440
277 248 544
37 117 411
214 259 51
117 43 590
23 173 547
259 60 584
337 326 359
162 308 53
191 351 394
113 61 163
207 307 799
45 100 598
93 201 960
198 88 460
35 127 114
333 130 476
55 75 567
297 71 804
276 192 929
242 39 450
100 67 497
213 121 120
361 341 662
5 13 199
305 179 427
259 345 750
41 203 675
25 93 977
194 289 59
82 178 682
353 111 207
113 81 955
161 228 733
119 177 850
118 267 106
104 202 137
249 57 291
25 33 652
333 104 901
269 233 269
78 313 991
308 273 341
354 261 249
87 165 630
51 111 739
69 154 454
92 205 275
97 166 135
63 193 425
321 47 929
73 339 849
323 359 632
70 25 642
129 41 67
327 28 318
225 329 817
217 1 576
15 196 997
325 35 744
53 52 664
173 56 336
183 199 799
26 44 158
310 254 775
149 313 521
33 44 938
363 39 872
29 263 574
120 289 291
5 185 178
345 139 384
219 321 715
346 23 728
11 55 610
59 368 896
243 218 655
93 54 774
219 367 974
81 201 987
21 277 763
173 169 519
312 363 917
333 167 462
1 17 883
306 297 128
245 53 344
46 355 923
289 328 770
295 69 176
127 180 523
206 73 75
113 193 278
67 192 690
203 201 99
331 74 310
37 27 735
27 267 660
40 342 674
208 41 603
123 303 392
268 9 318
261 341 101
289 37 238
205 243 357
37 357 956
85 3 163
334 284 408
79 90 925
309 239 559
101 339 781
209 252 216
299 277 708
262 29 53
349 192 409
126 74 100
44 65 463
301 100 428
277 139 783
65 221 234
177 45 39
224 213 534
49 354 662
107 47 911
265 75 337
39 68 821
129 221 735
47 259 459
271 301 699
337 257 804
166 320 339
301 67 707
66 41 618
185 91 548
311 33 145
257 135 546
167 13 193
183 109 934
363 167 479
345 86 607
285 112 223
29 182 999
251 81 416
326 93 585
293 121 351
245 213 136
187 149 324
169 81 248
121 37 161
233 114 421
99 105 995
115 271 662
305 120 636
146 129 860
62 285 30
169 241 655
12 240 889
365 146 834
157 211 639
67 139 56
321 190 562
1 75 517
261 97 494
77 307 748
340 246 806
303 238 564
193 222 812
48 171 49
258 354 250
173 1 826
9 27 312
365 233 472
83 23 862
37 345 402
167 35 204
13 10 374
227 269 104
181 121 785
339 249 867
129 63 550
124 364 299
160 163 393
349 221 375
89 79 277
339 225 607
97 133 273
243 337 526
257 175 862
169 215 513
141 3 242
77 304 524
145 144 209
247 75 252
253 303 269
13 90 982
365 263 447
23 222 44
313 289 352
5 146 386
79 289 144
285 361 590
244 355 702
185 235 703
282 254 137
363 117 687
207 331 483
177 175 249
49 61 519
351 353 408
89 184 920
140 142 519
151 323 804
368 301 730
45 259 35
1 207 98
23 51 802
153 350 26
340 313 794
83 345 328
247 92 245
31 7 320
94 21 963
135 226 887
101 289 682
221 206 726
102 225 434
172 357 927
223 9 683
301 162 951
15 331 309
169 125 934
304 275 883
156 337 303
355 295 539
281 37 969
225 177 894
165 356 74
329 169 363
321 330 437
207 295 612
330 343 737
335 355 372
261 233 47
178 88 966
301 28 838
114 69 445
285 80 120
57 66 620
241 262 1000
49 33 355
292 289 897
237 1 675
150 153 952
95 206 322
1 103 4
89 246 894
193 201 975
133 187 293
57 336 736
349 353 487
307 59 676
215 27 236
114 93 302
127 234 976
330 137 511
220 217 220
313 201 713
81 154 190
179 185 931
193 361 570
158 165 435
15 231 901
289 337 598
209 233 874
14 116 495
139 267 148
139 208 538
307 328 127
98 342 178
310 129 767
199 233 667
343 203 792
270 157 974
153 323 176
133 177 582
145 193 48
37 112 933
76 104 923
233 357 18
360 254 35
278 65 94
145 296 50
73 203 900
29 231 339
327 189 119
51 190 788
28 101 367
360 205 535
95 342 816
23 143 630
59 327 697
314 321 37
48 121 692
15 233 291
273 292 525
33 323 67
269 79 193
116 285 616
359 73 276
268 177 993
113 334 793
353 314 937
244 93 197
353 255 846
1 149 581
123 213 931
112 137 913
116 249 280
113 60 513
337 129 501
286 67 909
17 21 753
225 139 970
25 204 718
81 202 836
33 186 233
63 13 793
277 253 342
165 242 58
129 156 179
347 261 441
89 41 972
289 148 341
135 148 106
183 147 437
122 296 342
2 83 87
299 121 498
337 77 748
349 279 796
363 160 32
341 87 357
159 17 262
361 35 481
256 269 790
201 188 167
125 171 23
353 177 278
209 129 183
168 245 559
195 265 364
172 303 17
283 257 730
43 270 448
320 233 614
368 215 992
164 68 226
27 254 936
353 317 516
137 204 314
287 271 798
185 123 754
217 305 34
297 127 134
103 218 364
69 163 522
279 47 682
1 197 272
349 132 883
327 154 621
289 288 50
338 235 268
1 4 312
17 75 944
237 321 669
93 255 403
223 45 677
78 261 310
142 49 885
257 294 711
47 99 156
203 353 837
26 51 889
279 339 517
88 75 596
145 137 27
353 305 555
159 218 533
75 139 345
358 355 876
155 57 259
274 367 39
325 231 835
24 365 767
106 1 319
84 46 188
245 173 800
166 333 437
250 231 219
76 39 953
209 295 543
255 109 795
241 313 270
155 19 768
355 125 159
15 111 882
305 34 874
368 51 367
34 263 121
115 268 736
109 127 33
288 31 880
64 352 133
277 257 468
304 160 269
199 7 700
217 34 652
276 297 301
7 235 605
33 161 153
193 89 999
60 225 884
325 75 776
69 362 508
69 12 448
237 151 634
1 335 305
15 363 362
292 111 212
90 299 411
361 249 621
329 343 916
187 285 728
139 213 287
117 339 861
157 254 189
122 149 143
77 43 706
281 168 523
119 361 690
185 225 417
123 332 812
286 364 616
359 185 593
61 17 941
15 273 214
195 133 468
129 163 926
33 85 76
309 179 990
57 362 858
361 1 824
368 155 526
150 250 199
305 231 601
247 305 368
266 81 946
113 300 675
125 353 279
39 328 42
179 49 695
131 177 409
344 116 242
15 237 346
261 48 130
346 181 268
39 143 556
197 280 580
211 185 367
292 236 360
76 229 40
345 257 349
130 221 891
249 170 812
239 73 61
66 61 813
295 367 942
303 178 243
182 129 234
190 254 208
261 317 76
144 37 720
265 63 687
58 199 673
108 193 793
192 59 465
67 25 49
209 139 920
145 45 671
323 51 117
102 241 810
13 228 770
133 100 875
15 169 802
155 198 220
197 288 85
241 173 474
89 241 816
354 91 371
145 361 146
7 57 465
289 284 189
361 25 632
337 63 973
69 137 898
244 1 916
249 161 79
8 97 659
241 277 28
237 214 131
357 305 91
152 113 217
147 309 891
205 65 21
53 339 748
365 339 984
175 351 201
353 72 734
122 61 218
329 39 126
266 161 995
305 191 92
133 73 751
130 73 241
8 169 909
143 158 367
253 153 471
307 304 632
323 289 515
49 102 917
123 278 601
99 327 249
337 114 603
142 188 950
10 49 286
268 161 851
45 173 826
242 284 210
359 245 662
331 360 407
298 208 621
161 106 858
327 237 347
38 134 278
185 73 792
203 44 331
129 55 979
73 308 197
93 337 680
337 279 463
139 204 986
229 35 600
27 147 320
27 255 640
123 333 232
143 195 311
41 231 487
167 44 289
230 268 693
9 225 141
28 125 40
1 293 461
284 133 824
30 114 407
315 281 476
343 49 801
138 236 770
349 170 926
319 19 96
146 89 686
236 127 83
153 185 489
83 361 676
1 213 810
259 104 93
254 40 374
221 195 81
65 55 995
1 118 596
117 153 907
70 57 693
355 209 515
353 157 12
213 353 613
13 245 84
204 251 707
196 137 668
271 19 989
13 23 828
17 123 158
79 303 367
202 281 422
134 153 864
29 37 245
202 328 898
81 229 294
111 203 314
315 325 309
211 303 635
57 337 797
161 112 156
101 353 243
281 212 895
249 49 492
234 237 678
241 223 781
127 183 198
196 294 145
102 21 91
356 149 263
125 233 100
89 249 866
348 353 232
300 83 161
57 141 737
17 237 94
316 17 750
49 139 144
63 15 752
135 11 441
295 93 683
175 119 969
177 248 754
185 229 943
162 237 839
48 255 973
307 330 964
28 53 740
177 271 874
205 208 448
12 304 213
232 343 722
213 185 490
323 133 687
179 7 933
173 44 162
286 263 645
269 35 971
100 171 314
116 342 885
60 305 187
113 137 291
293 201 270
265 61 983
69 183 823
101 151 75
322 359 383
172 216 627
145 282 817
14 150 709
236 269 461
349 179 991
162 185 336
319 117 126
335 265 894
9 91 827
317 153 843
241 147 254
350 306 442
344 357 732
53 139 447
341 233 597
64 87 615
1 61 611
349 294 610
302 265 728
173 11 314
345 49 398
197 43 124
327 210 985
10 64 873
24 18 546
135 124 765
323 238 142
289 246 169
136 308 323
305 157 522
51 211 342
184 146 953
51 149 453
175 95 813
178 163 67
69 361 51
45 297 116
161 47 599
174 27 437
221 336 613
80 165 854
147 108 789
321 181 604
165 125 35
309 237 413
349 151 855
211 143 540
139 57 736
257 266 35
314 184 60
171 69 983
245 346 436
172 1 258
238 142 195
123 253 834
43 75 90
201 217 735
363 7 251
61 317 784
161 361 140
189 115 107
354 21 915
41 3 448
169 256 231
240 273 468
17 221 298
289 268 788
345 161 62
17 83 452
77 299 817
273 42 117
43 357 515
81 294 460
123 232 618
137 284 446
134 17 727
265 93 81
69 141 450
145 328 470
73 105 250
252 237 217
181 148 415
96 65 977
241 189 977
162 33 955
109 193 468
49 224 938
277 364 961
257 24 717
97 105 104
265 21 94
326 33 806
151 106 711
261 161 121
13 116 289
304 339 783
33 42 225
199 107 863
294 62 350
36 300 312
288 25 789
85 357 868
93 55 788
209 218 986
273 229 736
344 225 305
153 293 107
321 15 782
302 161 192
169 25 117
45 93 985
326 273 615
261 295 39
223 284 283
192 227 139
80 358 899
49 205 858
29 36 85
2 209 121
318 287 261
89 363 412
332 361 814
200 139 853
355 243 74
93 128 669
291 281 789
214 182 166
92 105 956
1 163 934
249 137 130
289 233 134
163 62 902
51 86 77
101 157 158
77 279 478
257 29 193
120 363 430
289 256 854
81 89 822
125 1 746
309 121 358
129 272 270
113 11 89
61 225 66
200 305 38
101 100 300
7 319 806
77 347 441
318 153 494
249 347 720
163 109 613
209 148 549
340 333 395
98 229 900
237 65 748
346 339 129
263 317 672
207 127 102
91 307 786
206 177 879
249 337 459
327 117 753
358 15 431
352 53 215
103 257 417
301 359 626
196 17 620
93 17 84
250 367 949
316 185 303
249 24 733
101 173 447
241 116 346
330 105 857
241 281 191
108 353 624
283 192 408
63 24 138
68 152 219
313 163 128
27 275 542
187 314 576
51 65 52
227 211 163
97 305 900
235 231 916
289 297 373
43 138 441
114 15 564
218 87 770
61 77 263
217 161 460
93 73 323
75 21 417
255 57 436
277 208 914
175 145 71
117 329 742
233 349 54
109 177 389
116 179 351
208 321 719
184 217 885
289 60 994
145 208 81
173 348 355
229 87 110
348 289 89
303 275 998
44 290 495
111 108 529
337 213 762
89 183 843
31 93 390
185 33 480
212 273 225
154 223 816
305 208 444
33 159 229
134 57 758
185 333 348
357 249 37
137 139 116
39 241 390
79 319 704
258 361 838
188 249 251
16 25 943
59 339 455
274 70 507
92 149 26
297 242 620
175 367 354
285 76 200
161 45 233
1 97 777
154 83 642
204 283 772
271 33 66
72 92 41
256 43 316
174 155 103
297 151 788
95 136 430
98 185 390
193 261 427
157 263 348
87 153 635
349 214 688
326 323 98
124 127 722
97 96 111
209 367 183
357 216 678
263 1 271
58 298 141
332 73 436
13 316 762
101 1 883
57 118 528
154 348 141
21 124 454
351 199 190
29 66 68
131 129 332
115 225 877
265 178 637
68 55 466
127 137 267
353 236 651
37 127 691
243 161 842
338 98 522
170 73 726
320 244 960
365 229 497
149 65 334
217 295 487
333 90 510
269 225 77
302 47 717
253 227 525
137 71 165
99 205 812
109 128 384
241 171 998
224 7 62
1 251 967
25 13 9
308 288 970
245 367 248
275 241 177
87 11 857
365 149 646
177 9 603
28 283 808
25 57 314
5 92 911
21 209 862
10 14 14
273 117 348
193 364 61
1 353 19
329 221 638
345 89 436
208 39 158
33 139 910
341 66 612
349 323 982
146 241 898
337 105 229
177 233 15
63 213 760
36 101 402
31 321 777
322 17 454
317 121 420
253 79 836
202 159 225
170 158 902
125 47 570
65 154 270
93 190 166
237 93 677
73 11 489
349 203 679
47 332 732
165 263 693
19 297 985
86 339 495
241 212 579
355 332 655
293 290 434
323 244 605
73 321 492
113 282 353
1 317 532
245 5 224
261 17 414
49 53 703
99 298 796
156 353 522
282 355 173
113 366 694
184 85 333
321 267 437
228 5 683
231 306 910
239 209 920
147 323 558
241 297 907
354 114 761
317 333 922
141 164 503
180 113 363
36 40 98
1 235 78
53 201 679
179 361 448
24 219 359
37 181 689
213 53 853
70 317 369
222 271 903
108 175 230
57 68 418
322 247 957
289 12 693
189 305 942
77 171 780
3 115 150
274 62 980
129 19 397
244 273 749
243 345 416
57 317 140
121 209 604
309 350 369
297 15 914
157 8 337
105 144 666
60 294 66
145 291 657
221 178 142
277 85 524
239 191 542
177 139 472
157 325 792
25 105 822
105 249 302
225 29 27
87 344 225
325 317 422
230 322 239
239 245 714
53 163 555
169 193 599
254 225 166
9 281 670
273 344 146
51 1 453
361 362 715
41 42 705
208 280 935
274 141 560
33 297 504
129 81 440
31 81 162
281 45 401
74 256 969
211 18 409
172 279 171
44 61 599
167 311 790
163 241 434
38 195 422
195 7 492
131 323 291
67 264 34
74 321 389
10 28 75
289 71 739
45 305 154
139 282 488
353 352 840
160 366 941
168 317 7
197 13 688
321 263 558
65 258 44
205 145 290
76 174 981
317 329 509
115 93 948
146 306 572
365 107 341
77 273 217
245 66 239
77 124 131
243 203 349
165 241 206
149 323 39
211 119 11
328 271 130
287 359 815
254 193 691
258 209 601
202 152 761
367 237 598
249 18 683
125 135 492
263 337 804
345 95 345
286 224 708
81 137 919
269 293 128
103 113 254
225 88 275
274 303 544
41 285 661
157 141 281
206 334 780
117 162 883
49 82 247
254 323 209
140 337 430
185 61 149
273 168 251
274 203 455
237 306 942
294 177 782
166 165 70
129 355 157
269 353 412
216 11 471
2 71 214
285 113 565
12 194 264
188 293 927
265 238 100
277 27 269
130 341 686
228 317 201
348 152 232
85 103 300
273 187 461
114 185 818
299 351 907
220 315 630
269 103 591
344 257 528
159 319 113
13 58 98
217 340 633
315 92 924
353 321 777
97 350 309
285 343 141
357 192 740
122 95 1
81 342 520
336 93 129
6 185 92
24 49 479
243 193 51
135 259 954
31 196 445
114 235 703
177 266 258
75 36 533
104 217 589
170 181 160
162 207 590
7 194 297
108 207 416
239 285 146
21 26 763
361 189 781
33 366 755
183 222 365
273 66 592
4 79 269
71 294 69
155 342 967
129 183 496
136 121 394
353 107 290
117 245 181
29 142 223
103 321 96
277 25 558
276 257 208
331 313 812
93 99 847
320 2 169
314 247 506
299 7 338
237 323 558
295 11 495
17 206 158
165 116 459
299 193 54
301 333 169
223 97 445
265 173 301
280 312 544
111 253 303
315 324 306
124 185 711
323 1 981
197 18 37
188 47 828
180 191 419
5 143 720
355 107 184
185 95 423
1 224 118
93 275 384
353 287 268
267 90 855
220 241 18
31 180 337
93 301 719
1 241 768
164 5 888
366 106 677
94 277 523
131 331 868
173 77 127
37 353 154
77 348 92
337 182 424
213 219 889
222 87 914
308 353 655
57 117 239
231 47 798
153 282 487
70 241 932
207 160 749
145 323 280
273 141 906
283 47 379
161 85 399
149 3 47
254 251 387
291 195 794
129 165 966
23 149 763
272 21 456
15 253 549
46 14 974
345 57 419
324 350 941
96 341 248
134 93 861
291 294 461
227 251 729
209 265 72
344 189 58
40 225 181
209 143 698
289 117 609
65 252 623
167 93 425
25 103 732
152 235 443
204 3 609
160 184 136
333 284 216
30 7 280
349 33 795
184 297 762
345 137 932
252 337 904
271 16 965
143 311 69
111 10 743
91 210 727
346 57 361
81 94 386
257 287 994
306 178 231
138 193 493
159 118 808
85 243 15
85 237 74
121 85 948
33 145 400
4 344 645
181 17 142
335 269 354
166 146 919
339 84 181
115 321 329
295 13 162
99 319 100
337 298 657
17 68 333
229 317 400
117 151 23
81 240 856
137 226 231
149 349 45
321 325 603
109 241 967
216 69 139
24 363 193
265 155 732
196 292 295
189 317 718
218 99 653
141 58 98
176 353 914
278 43 818
97 357 150
91 320 221
287 189 696
82 246 33
56 361 769
337 117 731
78 245 597
129 133 462
124 277 813
213 204 420
141 240 622
196 285 440
305 213 728
279 321 105
161 111 370
343 2 532
41 289 240
312 201 824
359 24 558
223 210 572
229 167 380
156 257 407
355 25 450
189 187 17
297 166 531
121 217 941
338 44 577
77 129 409
52 339 171
365 315 168
131 312 661
63 121 220
129 329 465
366 270 353
324 250 153
221 271 868
12 24 347
267 190 636
143 198 290
339 293 171
71 229 275
83 15 415
227 2 75
367 147 34
81 325 288
332 80 784
27 70 83
50 61 654
185 249 541
368 217 562
136 186 507
231 109 1
358 17 965
81 309 935
1 339 351
282 5 879
80 284 209
295 202 256
330 1 159
107 299 345
120 187 523
305 50 20
315 47 214
23 177 755
62 134 736
180 84 554
80 277 587
97 298 228
219 297 986
227 246 454
113 245 961
240 319 810
325 277 359
324 65 293
332 305 622
363 317 114
77 311 91
76 303 641
303 353 540
321 295 720
129 285 491
25 218 913
180 339 921
202 217 118
321 101 243
100 93 103
185 241 170
235 269 471
229 38 238
19 107 896
91 347 638
329 201 981
43 227 598
84 23 233
86 73 81
282 313 145
17 9 46
208 269 828
21 351 229
197 248 667
111 17 272
57 174 677
223 297 374
18 323 330
86 323 469
17 355 100
298 317 378
141 185 584
257 205 669
255 306 333
251 270 15
193 253 154
75 107 63
310 363 214
91 117 46
140 69 432
83 205 941
137 7 982
317 281 940
143 339 945
240 193 410
295 351 732
127 145 645
345 101 676
172 65 569
201 185 546
125 137 303
257 319 519
105 14 256
159 168 840
298 186 343
294 358 647
339 105 71
317 151 958
45 359 830
176 95 86
131 105 785
354 109 536
262 35 489
166 109 258
237 311 832
326 1 675
167 211 314
215 97 789
325 168 11
273 97 453
9 287 160
256 165 356
255 334 65
169 334 803
188 333 226
25 149 861
209 285 300
267 197 295
209 349 841
253 31 696
289 7 886
54 205 849
69 287 451
33 202 412
67 50 12
132 245 906
227 329 223
237 41 535
27 222 530
36 64 103
255 1 157
35 47 840
257 199 273
143 11 960
29 119 131
29 111 855
89 349 675
22 86 639
169 208 775
89 306 864
113 151 868
92 233 278
112 355 574
269 332 213
16 261 904
255 309 950
189 229 121
86 65 183
281 91 260
109 165 771
141 39 919
13 115 214
125 101 285
272 191 193
281 316 629
366 298 767
207 172 737
30 60 3
11 235 194
166 306 604
95 280 79
362 229 74
329 1 715
185 205 761
1 366 678
257 357 385
147 115 513
66 288 999
130 337 571
321 281 352
95 25 266
225 351 23
127 19 950
229 246 992
305 196 628
97 222 228
314 22 28
188 197 964
220 209 253
249 69 283
337 193 429
224 171 1
211 226 602
135 153 306
71 211 779
281 14 782
97 308 470
90 153 931
361 338 638
182 306 761
19 156 612
197 231 36
163 9 428
307 265 992
1 8 397
117 56 422
152 28 526
112 153 482
202 280 875
70 1 224
75 103 175
264 201 97
149 325 186
73 119 317
145 207 355
243 113 554
346 254 695
33 133 535
103 123 287
277 137 543
161 177 778
130 166 939
57 30 721
23 280 484
78 346 647
213 268 959
60 321 666
309 67 979
5 276 139
289 230 658
193 105 703
117 291 468
360 17 867
164 66 915
169 78 567
135 39 133
1 12 625
246 245 806
361 93 126
111 320 577
179 243 486
337 136 965
9 53 426
117 65 313
253 327 466
211 161 205
327 132 960
28 109 579
276 310 179
153 254 172
163 181 813
161 3 540
197 121 386
201 121 334
41 321 838
207 96 374
341 332 838
45 54 63
254 143 522
61 249 301
153 80 334
177 286 109
171 109 700
251 368 67
325 164 376
171 247 234
76 138 771
76 273 927
74 232 354
209 131 297
235 182 566
366 261 653
341 337 650
337 17 568
104 180 539
1 276 596
307 314 569
73 97 548
58 169 424
248 168 339
95 40 514
81 216 85
321 147 20
92 242 966
12 49 295
315 207 58
121 363 257
27 54 483
361 121 995
199 15 415
25 123 205
9 305 422
159 7 281
221 1 850
176 47 180
255 89 158
256 241 590
185 97 892
301 226 593
258 365 963
74 277 70
299 153 691
33 265 717
345 328 348
119 341 699
181 273 282
42 199 15
289 66 700
191 45 488
321 261 618
143 347 189
257 165 763
36 210 166
289 8 127
247 188 602
344 65 986
236 337 259
241 253 108
307 39 240
240 275 276
14 209 965
260 201 718
152 221 857
85 347 173
43 220 740
116 214 855
305 221 473
246 277 997
80 137 992
281 81 695
258 313 867
279 151 986
92 363 789
108 166 185
279 196 230
173 39 958
249 245 998
118 83 265
256 271 635
50 277 532
209 1 748
254 231 90
49 93 477
316 277 433
326 160 633
57 173 55
289 17 536
185 175 924
161 263 558
85 189 886
66 198 829
225 108 878
157 257 629
87 121 583
133 245 898
83 368 540
334 185 2
93 123 502
41 297 693
188 317 497
271 127 94
363 233 352
249 13 711
237 106 896
158 120 60
169 317 387
269 210 539
247 213 435
289 305 942
356 69 578
343 84 460
9 18 157
91 138 404
77 99 46
66 89 290
214 343 592
339 290 443
267 203 534
273 1 77
260 49 258
231 129 7
280 340 201
182 169 848
185 349 68
347 65 898
70 149 524
117 253 30
165 106 665
100 102 887
289 147 577
353 333 733
307 367 226
47 197 440
169 313 482
161 347 523
363 337 750
35 265 961
264 65 307
229 169 856
282 23 385
19 33 959
93 9 190
143 295 833
119 75 796
252 281 43
361 243 975
297 120 413
241 127 135
49 27 156
213 189 133
257 253 766
251 281 623
269 1 951
287 191 269
358 83 901
239 169 282
27 114 715
17 41 964
318 169 237
359 29 849
142 339 748
117 333 271
82 53 268
357 102 409
339 69 605
94 192 608
17 327 980
289 39 762
85 341 104
53 334 364
81 35 179
289 9 72
179 200 507
193 118 978
144 219 378
217 275 825
70 74 785
65 345 771
302 300 411
249 165 616
21 176 363
101 360 331
267 338 420
260 327 810
63 261 266
285 236 710
9 137 375
217 170 611
130 300 54
142 177 232
57 104 784
336 249 546
327 156 470
158 142 182
178 119 754
125 281 927
9 168 197
121 321 160
247 31 44
339 113 299
300 59 630
230 359 383
226 368 283
222 301 418
31 10 76
137 321 722
337 228 1
155 162 780
199 29 278
28 85 736
243 183 633
261 329 243
169 293 687
239 43 509
183 346 141
97 139 768
12 109 359
57 72 552
200 177 436
249 93 805
49 201 919
137 187 562
159 182 218
102 257 368
54 176 468
309 242 315
145 73 430
253 171 318
257 235 853
104 16 474
119 106 956
225 262 889
336 63 213
214 367 595
217 315 726
117 74 998
197 155 185
333 56 111
95 203 889
261 239 349
317 15 704
181 41 577
171 33 204
47 149 883
49 229 780
30 185 958
148 25 312
95 193 598
341 181 170
322 153 229
65 77 33
201 237 267
29 27 348
306 223 95
343 225 364
202 199 82
142 36 688
263 229 80
237 145 313
48 265 774
161 132 243
51 61 793
231 208 238
193 269 213
348 265 56
306 92 635
231 233 848
60 237 45
194 199 388
93 42 737
71 347 509
38 105 377
240 288 775
334 142 408
213 173 36
39 15 56
113 21 329
237 208 872
41 101 595
331 341 563
230 208 167
37 1 581
180 100 896
275 158 59
333 110 408
97 299 878
123 145 333
349 231 614
335 313 608
313 209 294
129 312 204
193 99 147
289 49 66
113 51 266
275 198 695
103 145 110
77 342 895
107 121 548
15 220 768
136 88 448
83 258 267
26 60 102
138 81 612
123 245 869
297 106 734
300 321 748
276 368 819
18 64 942
97 325 48
215 273 354
139 172 934
47 49 77
187 147 353
14 339 855
63 168 536
91 235 897
233 124 197
363 183 864
311 12 514
179 271 42
301 292 237
21 253 179
277 323 684
147 264 941
303 17 55
361 143 947
65 279 412
189 61 572
49 352 998
1 322 783
265 171 388
337 115 752
87 327 436
81 313 612
33 77 227
185 63 981
289 93 356
165 20 523
277 282 25
127 291 373
134 144 685
173 53 412
186 16 557
89 296 713
202 241 259
9 139 703
345 196 245
322 193 155
125 230 847
92 11 913
337 166 578
356 210 604
66 115 116
344 24 364
267 6 116
265 66 320
139 361 973
211 80 797
33 124 754
53 336 752
195 241 162
324 273 196
7 162 392
201 149 159
161 153 543
272 110 580
159 227 666
21 2 28
285 57 947
79 93 65
243 26 907
295 81 842
53 239 19
355 101 959
65 127 969
349 1 201
348 295 950
159 117 183
286 172 97
156 81 862
345 305 517
335 244 792
141 235 478
298 193 693
237 175 315
66 17 886
11 184 644
183 277 102
89 95 613
201 348 685
147 333 371
73 49 956
164 159 716
345 51 48
4 162 243
99 273 526
285 121 263
23 161 224
297 17 522
149 289 483
59 235 344
33 153 114
28 66 499
79 315 493
283 153 859
163 332 818
362 223 960
177 165 425
337 102 21
120 139 761
147 20 946
234 285 704
239 77 401
59 99 171
254 302 447
227 245 857
80 235 439
191 302 185
56 222 192
223 17 762
273 129 801
185 345 383
329 323 190
311 174 648
121 301 522
334 75 8
347 345 186
129 13 366
273 233 305
257 229 670
93 313 670
25 137 970
106 111 915
355 75 813
225 85 617
149 116 131
43 141 47
173 65 713
5 212 598
32 117 426
217 57 597
253 32 309
93 367 428
161 145 23
17 108 723
165 285 629
3 345 1000
203 340 802
145 147 620
345 321 110
191 1 466
347 45 430
256 46 394
349 8 572
115 129 423
113 54 446
365 73 970
346 24 150
101 121 249
73 131 852
112 188 408
183 231 950
1 331 265
287 288 275
299 109 560
161 93 714
239 33 858
323 268 215
39 219 455
25 27 279
207 93 235
7 241 402
65 307 336
7 193 103
295 309 961
33 249 818
246 70 738
137 341 652
76 120 933
212 10 389
89 49 524
357 156 915
29 202 956
313 73 895
364 102 280
239 297 837
1 355 560
33 123 126
241 318 985
59 137 955
173 357 239
191 331 807
321 358 344
185 217 1
303 263 743
155 273 337
208 47 710
1 161 775
248 203 600
190 121 860
33 189 986
193 18 55
305 223 502
132 358 707
1 289 427
47 17 828
18 79 742
3 49 743
42 275 732
177 287 630
349 326 324
1 136 637
192 171 347
65 25 259
265 291 928
313 202 600
33 307 378
267 105 672
309 290 374
25 217 620
247 362 20
83 63 310
17 109 744
322 24 716
266 324 914
335 121 667
47 175 824
245 114 252
5 218 326
79 241 358
129 158 2
179 279 837
118 197 576
273 223 486
349 309 314
25 321 851
82 231 591
337 204 574
33 205 753
53 69 109
26 325 24
181 225 859
41 131 532
305 355 719
162 113 818
97 93 211
358 145 434
24 341 645
241 134 638
209 335 474
340 73 919
175 83 17
230 231 61
47 277 508
161 133 137
39 89 718
93 125 951
322 4 698
23 137 505
62 11 271
365 285 904
150 347 233
37 275 6
280 5 575
189 17 190
223 109 923
178 47 864
258 139 499
191 20 77
335 69 837
231 353 753
301 87 882
1 259 960
207 70 544
57 223 195
113 73 965
194 265 196
277 147 242
115 185 304
340 1 785
277 165 43
162 347 550
145 365 530
201 258 560
198 251 626
343 137 249
235 355 568
341 7 606
208 10 320
274 300 751
84 107 68
231 69 804
243 133 466
45 109 577
76 279 333
361 245 159
109 130 825
242 363 626
47 71 629
197 338 475
346 165 668
201 321 520
300 227 285
250 209 686
57 165 923
332 238 794
321 305 236
2 239 863
112 13 270
213 259 231
85 54 151
291 241 434
12 134 604
57 99 109
139 293 825
268 193 651
323 113 761
283 243 638
364 2 970
281 300 834
131 134 916
86 365 389
189 65 75
86 113 415
185 39 570
197 313 972
271 297 487
329 276 327
96 150 511
254 265 759
255 368 365
177 216 757
346 81 679
124 105 931
139 69 673
281 204 802
279 60 323
157 261 624
201 273 856
322 7 55
363 205 362
135 313 466
294 332 369
137 238 659
287 255 367
295 185 270
155 365 700
73 349 846
155 47 46
101 160 188
38 45 57
135 277 508
116 337 667
174 319 81
97 81 368
334 316 825
17 323 302
337 245 406
237 347 751
17 245 478
165 360 307
85 17 391
19 31 111
329 204 480
24 125 955
273 127 786
237 345 20
363 197 163
177 150 602
157 97 958
356 129 540
34 38 340
160 269 326
93 284 635
123 353 133
325 45 186
247 133 406
54 365 56
227 171 334
125 170 858
79 176 593
47 89 816
51 341 324
335 241 392
108 349 532
11 313 201
151 274 71
237 181 912
284 157 280
52 308 274
86 178 191
268 229 664
1 25 304
273 100 501
325 83 186
113 156 936
309 1 870
93 309 205
259 157 214
367 61 363
105 252 236
33 113 623
51 325 52
27 33 674
217 116 544
123 101 839
101 317 399
262 271 396
205 47 829
11 15 396
227 225 188
129 253 557
251 321 42
284 47 846
255 212 49
76 27 908
45 141 498
97 49 32
252 96 591
132 272 708
263 47 655
21 255 377
181 35 655
267 33 595
126 25 624
159 345 970
210 290 192
171 238 572
297 357 334
217 94 718
346 13 921
142 39 650
260 185 728
279 99 354
313 117 438
57 213 167
3 341 932
1 102 581
251 70 905
212 67 326
195 109 773
213 333 128
121 249 3
213 141 968
3 25 567
97 301 11
133 122 288
215 311 130
323 82 588
184 264 761
1 93 613
341 101 403
311 177 106
131 353 922
89 247 770
181 13 635
233 13 422
341 225 588
162 216 9
116 284 991
308 329 784
66 243 256
353 207 591
113 310 928
139 81 616
314 179 792
317 272 27
337 23 89
191 329 938
7 251 771
184 103 170
89 20 670
352 300 407
12 35 994
164 295 802
183 312 273
189 306 872
204 101 446
223 139 882
355 300 791
193 309 853
305 286 481
333 121 107
11 321 344
322 308 847
333 1 523
5 322 947
330 309 807
265 347 881
161 178 51
269 276 803
245 325 955
95 7 191
361 309 161
319 207 451
52 147 758
353 109 466
26 35 483
358 156 425
197 249 862
47 300 538
245 297 726
161 341 493
203 112 777
306 355 933
169 185 642
213 105 889
175 125 811
3 225 194
63 297 695
185 243 450
90 133 282
293 23 376
227 38 195
333 177 321
50 125 33
197 89 621
126 47 200
74 289 375
273 55 789
337 362 218
15 139 960
49 349 17
323 109 378
298 147 56
365 185 179
45 185 515
300 106 357
66 34 879
261 222 882
145 321 524
309 333 68
358 279 242
209 348 168
72 1 956
177 18 654
184 33 581
361 85 628
3 273 849
253 33 75
257 187 297
229 197 708
233 353 394
297 250 646
346 251 272
273 219 807
144 331 785
235 289 127
173 349 702
157 289 378
2 121 26
238 329 914
1 307 680
363 259 824
322 21 376
277 22 334
257 161 411
357 263 463
203 136 573
225 248 599
105 9 483
53 81 348
353 265 495
367 275 442
114 24 89
88 176 228
330 197 422
84 183 963
165 95 614
93 91 411
45 73 548
65 81 717
140 159 482
189 329 839
347 13 897
143 25 585
24 330 687
267 176 131
176 337 312
161 77 442
36 279 897
217 238 891
225 57 654
203 131 174
128 253 546
345 70 57
7 17 889
27 69 51
64 72 820
73 188 570
281 145 199
169 357 13
11 151 940
81 204 147
297 130 789
86 153 878
237 270 652
148 358 440
231 291 534
160 128 23
63 75 327
65 43 361
185 368 134
9 50 543
120 97 577
54 137 851
341 241 923
295 122 457
331 145 798
41 177 885
25 29 995
210 150 949
241 179 542
185 18 976
81 227 794
53 109 215
103 341 125
215 239 979
256 105 844
28 42 914
28 255 378
349 103 467
300 161 749
259 123 784
32 22 943
321 289 451
309 32 141
232 276 425
17 65 34
68 193 747
52 278 717
321 310 808
218 106 46
139 151 750
5 33 36
21 145 517
77 269 942
105 171 913
1 18 218
198 39 276
277 205 812
89 279 695
243 241 207
75 271 775
1 60 506
201 225 278
97 255 760
97 241 339
169 361 759
12 281 818
260 265 809
225 77 465
146 203 711
183 249 524
189 43 358
305 11 755
134 355 216
79 195 338
243 101 565
53 236 288
211 154 868
93 169 495
81 277 178
225 253 950
99 350 126
206 112 759
47 171 965
64 21 757
302 311 470
346 329 598
29 187 308
300 316 711
63 95 970
97 293 93
151 273 604
265 1 203
229 103 188
73 177 848
165 282 650
267 237 507
185 208 820
249 273 706
35 161 637
209 263 401
141 182 977
323 43 520
113 39 943
148 145 424
197 273 514
1 19 793
42 241 358
175 325 828
313 21 319
279 229 439
203 155 904
123 199 735
114 329 956
29 145 473
56 81 912
253 245 540
309 233 584
250 269 888
113 361 500
121 65 90
13 174 542
245 109 515
319 357 124
186 209 673
3 361 520
353 53 144
193 345 342
237 203 334
329 246 712
340 169 682
273 24 458
10 328 576
33 328 864
289 116 638
221 109 202
129 29 946
201 33 623
153 241 706
200 207 96
118 65 564
231 51 84
311 327 740
41 257 664
138 233 108
29 166 955
137 335 886
365 349 149
73 141 297
158 277 237
226 252 169
267 177 884
210 241 395
241 233 830
166 186 307
125 209 984
39 221 780
27 249 963
121 287 29
173 273 495
276 29 91
116 78 868
33 121 693
46 231 687
143 1 1000
275 17 593
51 267 468
367 363 617
89 191 132
323 45 361
51 174 876
253 162 639
47 351 170
149 105 391
263 137 964
209 33 8
320 173 669
272 289 574
289 267 895
356 153 230
94 103 616
233 149 917
227 197 235
277 63 331
291 174 265
107 71 168
26 147 718
358 293 683
39 367 278
135 121 512
244 63 773
45 1 550
153 139 707
143 67 757
292 250 589
317 203 17
331 65 838
273 47 915
176 273 6
208 241 446
305 174 447
62 328 577
367 87 5
125 325 127
165 343 475
241 123 1000
320 310 84
70 232 267
353 97 673
162 95 293
25 108 306
245 169 991
228 266 242
230 153 638
350 29 284
7 48 492
221 145 995
32 325 919
13 247 904
327 269 2
262 151 75
177 296 690
113 286 51
251 101 729
246 83 765
223 129 873
354 102 130
206 125 425
249 17 415
269 167 111
184 17 656
289 51 734
275 285 17
79 196 151
280 11 702
329 33 980
260 113 466
308 349 199
319 1 479
21 33 554
279 258 33
66 361 627
154 23 830
266 117 548
31 311 76
188 185 951
318 313 923
341 192 800
311 37 537
201 319 481
365 205 930
257 343 3
301 117 235
273 210 553
106 49 947
77 167 35
194 273 506
145 1 747
291 73 979
237 13 168
84 198 207
285 77 996
23 192 226
279 20 303
329 313 620
145 154 994
68 269 485
41 77 902
167 324 287
189 123 811
37 149 935
145 217 763
345 1 317
138 298 119
279 351 84
240 231 299
234 323 174
361 345 933
273 329 164
206 266 468
132 247 497
271 321 279
189 227 762
103 240 28
312 125 979
216 42 689
93 116 949
289 125 253
148 223 828
308 109 939
343 287 707
315 60 784
317 25 852
49 309 915
174 105 930
39 79 757
269 57 691
269 17 49
273 139 774
244 69 874
163 265 236
71 266 189
143 53 643
319 335 569
127 23 751
317 172 344
147 93 592
174 92 923
118 114 750
139 350 195
105 301 425
213 363 493
334 71 141
267 323 771
87 22 278
363 343 702
207 259 684
64 151 217
357 199 950
5 83 948
113 19 282
268 315 38
27 289 790
1 267 93
285 203 138
175 75 744
323 203 391
140 51 484
193 241 324
73 114 290
296 125 899
347 41 164
25 362 769
257 53 216
135 357 202
19 301 427
81 290 215
197 173 910
335 7 784
257 113 379
285 349 172
31 336 880
37 81 531
145 203 651
278 67 388
59 335 449
361 89 258
113 321 931
153 149 885
284 161 785
354 75 254
205 93 467
116 63 78
137 52 668
274 103 612
99 276 195
223 344 15
277 357 891
158 169 636
24 182 650
104 360 267
325 213 721
294 93 93
233 160 316
97 285 497
281 209 308
36 31 614
53 75 576
35 99 247
119 49 455
161 337 996
276 324 910
339 257 967
36 98 660
133 230 711
29 361 499
331 72 814
20 113 831
261 25 389
191 43 901
273 204 269
136 91 575
1 288 566
160 268 938
97 58 81
12 34 481
143 190 463
107 269 473
73 255 586
160 23 293
293 88 98
315 52 203
300 91 923
119 146 380
121 251 499
93 24 158
201 345 188
88 227 411
153 267 292
67 117 35
39 117 41
287 241 647
1 301 471
200 267 38
144 195 816
105 273 740
223 171 603
261 187 378
229 260 653
77 91 471
180 149 267
129 193 80
109 196 685
78 115 299
235 277 1000
162 68 272
212 195 814
166 93 164
323 5 537
316 107 590
45 184 111
70 188 422
356 113 619
93 81 874
9 327 354
18 254 334
151 254 162
276 3 799
25 221 766
213 6 4
251 49 50
310 165 603
303 311 445
35 301 186
81 125 357
343 170 567
269 128 558
321 17 856
253 197 251
129 151 406
159 145 793
190 97 951
162 351 391
61 105 217
345 249 133
117 189 200
176 296 77
279 177 157
343 161 455
49 34 431
147 329 936
290 169 490
113 125 5
97 33 278
26 247 444
351 289 173
359 159 277
111 333 681
198 354 36
330 142 628
287 179 311
225 31 94
247 65 113
217 190 861
81 141 967
68 197 806
101 169 709
143 133 583
322 332 186
326 209 273
337 336 103
208 85 487
313 275 780
198 280 886
197 261 168
136 13 344
355 78 772
279 355 53
365 6 721
23 169 67
255 84 836
39 325 31
321 57 669
63 22 400
192 40 843
33 51 394
169 41 225
173 361 393
63 49 65
87 34 553
32 33 981
175 58 318
363 111 60
265 303 224
280 237 110
133 231 173
368 141 769
324 303 268
76 47 489
44 56 451
315 187 853
135 172 791
237 105 16
293 249 302
341 191 814
145 41 922
79 69 911
352 354 771
321 316 917
241 170 164
345 74 266
210 65 254
65 273 450
77 149 741
59 79 649
285 248 826
111 268 352
59 97 834
141 107 22
5 336 607
169 59 748
74 48 110
211 236 763
199 289 819
61 251 407
40 16 463
142 105 75
119 114 682
209 353 669
169 218 366
129 203 563
129 191 819
35 315 863
104 71 739
95 97 251
41 37 316
256 162 754
25 353 735
195 300 837
211 351 92
286 337 39
59 129 369
263 149 449
29 101 753
128 281 442
309 303 372
98 106 698
67 101 557
343 220 417
173 334 192
71 165 300
259 177 670
101 218 11
177 337 544
319 177 53
129 1 366
258 327 899
157 25 415
58 41 451
321 248 313
361 168 142
365 113 927
187 37 706
181 242 617
167 124 681
17 20 977
161 203 477
163 315 774
329 309 113
21 95 34
209 201 74
120 303 182
326 48 765
53 319 39
201 241 417
245 89 380
329 130 616
187 240 765
73 190 542
147 358 662
224 223 81
239 140 595
52 155 930
236 305 218
5 93 196
1 91 81
163 111 431
191 12 474
21 169 242
136 187 214
65 339 85
357 33 773
5 273 319
28 265 807
270 93 597
65 88 55
88 245 926
145 220 896
105 113 768
100 221 703
35 217 62
45 159 559
4 5 652
90 123 195
121 162 879
9 318 71
61 224 719
367 273 732
184 225 431
16 277 791
164 189 815
242 24 492
332 204 539
65 335 700
17 281 189
345 283 667
1 218 302
209 197 974
144 61 381
291 333 939
318 70 298
265 167 524
230 51 232
321 231 548
24 191 988
226 271 894
234 231 823
49 79 624
213 367 374
305 329 422
91 6 605
335 127 911
309 223 427
135 223 80
321 56 509
141 277 568
127 73 319
285 185 897
155 129 313
91 149 186
59 153 2
49 241 356
157 9 54
256 203 680
168 289 146
28 154 696
303 137 763
25 241 218
1 187 984
330 252 511
107 178 293
83 289 837
329 139 84
265 357 544
129 49 551
337 349 908
180 302 592
17 104 107
289 367 875
113 212 96
281 295 956
109 24 6
240 246 874
217 237 986
367 97 690
113 313 400
168 22 488
29 169 19
294 19 183
69 227 479
104 296 562
287 104 902
77 103 102
21 197 392
367 81 707
168 311 138
47 113 413
273 116 303
2 178 739
158 231 848
176 2 551
277 177 8
125 21 465
99 225 529
244 81 776
154 92 1000
293 25 110
285 45 903
221 126 231
37 140 396
225 268 154
203 94 526
45 136 761
101 187 636
249 97 870
329 193 299
51 181 991
277 145 350
323 105 341
357 49 549
364 70 722
25 315 311
23 273 237
181 253 821
357 1 157
316 257 867
363 173 125
4 109 61
309 338 4
287 305 772
321 288 616
107 286 320
366 193 972
293 47 816
271 167 101
5 217 653
331 108 702
116 312 151
214 171 382
116 171 364
360 329 661
17 287 743
234 79 963
161 109 249
337 327 32
74 327 827
119 113 290
310 307 3
249 111 125
271 332 797
356 278 724
311 348 436
46 126 344
281 357 417
227 274 512
80 119 665
16 151 253
244 233 777
156 115 566
107 180 925
9 201 744
133 353 886
191 313 295
368 337 176
71 251 869
39 128 313
295 45 309
316 93 132
215 95 349
287 99 788
337 277 245
105 336 904
241 356 295
81 7 162
104 1 514
85 258 881
76 315 172
317 201 629
1 231 242
229 34 29
71 176 542
21 153 635
146 4 199
101 297 243
101 226 615
326 195 353
360 43 972
115 220 936
299 189 129
90 221 152
301 149 193
249 263 488
45 307 610
351 19 958
245 143 85
125 322 738
123 312 522
86 110 912
215 333 106
52 237 166
323 273 362
103 199 233
211 305 985
75 337 916
41 175 201
21 83 695
90 301 924
173 257 321
55 249 735
1 328 620
61 129 237
115 362 91
205 187 352
106 286 792
329 83 235
101 73 814
41 154 256
11 71 207
43 265 603
117 184 920
107 209 183
149 308 51
141 217 79
23 221 786
230 180 737
10 91 834
181 297 702
107 133 112
300 277 867
58 102 54
111 125 413
292 252 241
89 1 537
145 113 337
129 177 294
177 185 575
49 1 104
113 200 420
180 343 217
177 47 746
135 19 437
349 17 911
161 116 194
177 229 686
7 279 317
25 76 226
323 44 209
1 87 271
202 98 143
317 185 596
363 169 802
347 173 682
33 353 468
109 249 565
218 257 199
162 184 141
219 18 417
184 276 888
3 9 266
155 181 184
321 364 495
54 42 215
145 202 60
350 187 120
109 9 831
337 157 486
178 1 270
246 63 839
329 245 385
63 207 442
143 237 322
300 245 618
145 43 145
337 149 144
137 358 436
269 257 89
1 320 859
109 149 927
189 93 400
59 122 21
55 69 310
33 241 670
324 330 368
15 73 69
71 237 692
147 191 817
244 70 437
337 321 152
6 203 98
1 162 30
121 263 306
337 253 621
117 179 656
15 348 898
65 191 781
165 204 850
21 202 356
14 122 594
269 197 416
225 265 443
260 85 81
13 225 899
169 141 77
177 241 677
95 259 886
1 321 492
359 273 695
107 346 359
173 356 52
126 116 915
323 246 997
109 73 751
73 166 946
98 117 111
340 324 509
111 9 709
117 71 222
289 173 959
283 164 582
162 182 703
362 1 382
331 163 698
73 329 755
161 151 871
94 353 253
174 110 641
180 198 216
1 245 759
207 342 379
82 241 108
53 176 643
271 202 908
16 46 887
345 129 961
324 233 224
6 193 947
309 146 842
81 199 660
305 310 107
41 104 335
107 95 631
214 353 242
97 253 95
161 180 428
173 47 399
145 339 130
84 259 839
165 1 11
53 203 78
155 66 178
278 31 330
156 264 955
149 15 31
108 45 861
196 298 954
283 292 164
321 225 848
73 196 10
103 105 913
257 181 454
204 288 324
39 285 5
321 36 268
160 271 533
121 339 151
329 304 827
159 34 410
203 61 731
274 289 350
119 359 882
119 15 215
1 31 636
7 344 983
201 175 991
321 157 692
137 189 302
231 141 169
254 123 470
238 49 378
187 34 166
37 122 939
335 306 688
274 17 281
315 358 355
197 296 960
107 236 21
64 188 648
1 81 512
153 18 657
274 36 606
248 45 325
145 107 827
23 38 772
208 129 795
189 89 14
6 177 400
11 339 880
48 91 731
135 265 191
81 9 614
140 193 905
28 157 926
121 199 970
295 138 665
144 273 154
182 191 277
23 65 696
48 325 903
209 217 916
191 5 408
97 130 550
229 109 147
95 14 140
247 241 738
277 99 945
337 179 627
129 145 242
31 297 211
241 76 990
139 171 706
117 212 553
16 341 57
51 239 811
130 90 47
178 198 458
357 261 518
85 183 10
221 281 370
74 131 737
195 137 934
313 207 29
41 287 464
325 233 158
193 9 89
125 106 727
271 156 605
269 15 846
97 47 247
367 297 920
173 109 44
61 109 453
41 53 747
365 273 190
39 23 706
368 120 670
41 97 605
152 9 736
185 181 778
342 145 105
329 325 994
172 329 539
156 247 320
116 341 67
5 237 26
41 290 639
123 158 568
271 349 277
335 303 746
113 368 791
186 293 89
57 87 40
113 97 730
33 330 291
113 241 427
345 213 916
169 265 202
196 52 247
41 229 419
364 271 417
319 65 75
125 73 81
67 307 816
1 67 753
201 253 826
129 101 535
343 323 378
311 293 176
49 64 600
337 45 974
165 30 98
241 145 935
212 253 464
252 307 261
162 363 709
257 209 385
37 107 204
117 243 979
317 355 123
252 321 277
245 102 581
31 125 298
316 31 980
190 205 763
159 254 446
85 149 250
209 207 933
328 17 141
162 9 625
47 225 700
95 155 854
153 208 879
173 97 972
143 3 807
89 335 595
75 60 942
11 88 513
300 301 230
225 350 478
60 43 962
346 255 64
346 125 886
278 229 155
271 1 273
144 193 249
105 159 525
185 251 8
203 97 347
306 73 317
237 107 910
276 307 727
301 260 663
334 367 658
209 203 881
103 21 251
127 93 538
135 288 438
55 136 86
257 185 692
277 109 953
97 61 249
186 65 659
133 249 435
29 57 903
319 255 177
64 113 628
53 342 35
125 210 303
110 104 208
61 212 326
129 303 103
137 11 986
339 129 369
209 109 605
11 30 801
169 302 816
5 73 506
63 329 111
343 346 135
246 255 452
69 100 118
55 173 417
197 24 676
365 231 797
74 185 141
139 117 292
44 189 888
167 193 653
9 119 94
288 223 885
143 300 695
45 14 628
226 169 498
285 1 105
268 310 470
191 142 816
353 129 959
183 329 981
354 128 75
101 40 277
100 137 841
113 71 280
268 127 132
149 97 864
147 345 918
103 206 171
185 69 168
368 269 418
332 141 923
155 165 202
337 26 788
21 208 856
354 209 395
26 117 391
173 9 548
263 119 197
183 173 727
300 79 693
56 122 661
168 129 50
313 41 833
81 6 641
69 267 216
97 254 598
327 341 326
268 130 426
86 81 49
37 49 600
321 224 622
46 147 211
217 282 930
118 120 458
181 313 875
53 182 957
365 93 224
243 104 868
170 81 147
37 47 529
349 293 668
29 131 90
341 194 721
313 285 388
311 309 448
75 184 368
2 89 964
124 203 628
240 349 200
82 5 536
127 90 644
168 77 650
219 6 119
221 361 330
209 85 105
18 97 251
17 139 807
215 90 451
241 229 219
39 66 413
139 146 41
223 73 895
321 253 498
114 277 569
229 368 102
290 22 601
233 215 303
233 49 625
177 71 819
187 31 926
1 142 521
175 353 530
81 303 996
79 1 997
367 140 650
91 217 665
305 13 374
19 92 456
35 255 676
309 113 832
103 117 774
40 107 646
216 354 651
321 12 135
334 285 594
57 323 749
172 275 393
1 2 520
175 18 304
169 331 930
191 38 193
59 187 268
354 217 100
33 277 995
99 158 952
281 1 210
54 346 371
5 197 612
329 113 649
281 5 960
18 90 140
185 35 622
233 9 537
147 303 933
9 165 129
141 129 462
355 345 994
221 46 436
96 100 610
85 99 243
357 41 409
115 203 613
367 232 690
234 89 512
83 86 39
121 320 529
18 8 199
23 135 219
353 257 209
110 208 161
281 323 824
368 7 938
56 209 797
233 151 595
107 208 656
43 289 851
278 175 380
217 267 197
212 48 797
129 346 557
235 139 970
18 160 46
323 365 189
183 130 196
250 338 726
161 254 403
359 139 323
152 7 963
265 104 565
142 322 510
17 99 978
243 135 509
109 358 76
237 45 487
119 7 650
210 307 278
193 40 628
68 346 616
163 321 827
47 305 309
253 107 97
90 208 789
202 231 765
289 102 529
1 177 109
119 164 407
177 105 926
324 151 72
251 197 209
334 131 500
195 275 725
336 75 656
353 337 853
13 30 370
209 273 752
238 145 545
169 259 645
49 115 509
343 67 117
177 24 136
312 73 709
293 29 101
257 215 84
65 153 689
335 49 619
203 169 875
361 122 639
37 315 243
28 5 772
274 175 588
301 289 153
165 169 244
327 113 632
245 198 930
283 89 804
35 117 919
347 49 741
97 281 121
258 353 903
315 138 922
259 303 897
125 143 994
334 47 778
129 210 287
14 294 416
337 50 827
121 176 393
294 53 223
301 51 886
75 305 728
341 222 330
114 147 773
156 55 303
255 17 832
172 123 314
93 107 876
100 47 12
193 245 106
70 213 920
117 113 861
111 357 354
71 49 43
51 173 633
353 343 904
70 97 423
317 361 12
24 209 904
162 114 476
339 99 835
354 107 562
257 223 364
37 297 320
301 173 933
367 269 459
365 289 862
25 142 983
265 305 309
55 212 719
323 217 460
33 76 438
358 28 72
209 89 444
123 258 63
223 117 819
280 121 752
81 191 729
65 349 834
249 251 817
162 199 259
350 185 416
219 72 41
243 49 745
155 316 790
177 42 986
313 85 506
293 215 828
271 261 105
103 155 372
285 105 304
315 65 726
311 42 63
17 55 962
209 301 868
261 73 843
345 293 839
257 73 584
308 129 164
57 247 435
194 89 713
305 129 752
222 205 81
173 165 56
284 189 856
247 61 946
89 145 699
313 62 380
301 286 997
189 127 227
29 60 594
55 289 917
56 365 398
62 257 943
223 234 829
249 193 662
164 265 27
49 21 825
246 201 790
212 80 208
11 337 349
335 81 252
159 307 528
237 239 350
141 199 630
186 285 956
299 106 753
70 177 724
19 81 165
193 31 963
269 272 152
116 305 486
191 73 340
367 331 40
183 259 165
101 228 598
47 180 923
89 291 430
162 348 900
83 231 715
294 87 508
161 189 166
241 156 323
281 277 238
203 282 496
183 265 736
103 67 392
172 18 537
185 354 542
25 17 379
309 198 285
72 259 894
235 71 855
181 157 801
129 14 379
169 167 188
69 225 271
164 93 588
88 145 140
41 358 851
45 89 497
146 40 97
325 285 575
142 28 141
253 104 433
59 209 103
259 281 403
17 294 243
219 97 989
49 191 996
3 23 610
48 106 241
293 289 284
129 185 792
254 367 531
341 224 496
35 271 652
82 182 749
189 151 120
123 229 449
198 101 344
328 313 870
60 65 572
38 156 394
341 21 355
170 323 75
248 1 943
302 113 232
295 340 254
297 83 308
225 59 931
102 114 770
110 133 447
63 357 390
321 156 463
117 130 558
94 45 767
333 18 867
116 17 267
361 305 825
228 111 801
112 85 654
241 225 57
154 9 529
89 277 860
313 281 757
149 34 512
329 257 64
54 50 995
203 69 840
27 208 684
1 243 636
112 17 974
319 359 928
179 300 13
113 325 868
330 17 612
333 129 33
217 255 587
294 99 634
241 5 376
264 328 971
325 1 807
46 137 682
165 202 662
162 85 158
64 302 129
137 274 50
355 275 648
149 61 664
1 151 10
146 324 833
132 249 138
169 305 318
312 13 747
209 221 310
193 165 298
112 212 121
154 185 338
357 237 972
361 132 688
319 31 775
72 49 37
301 229 490
329 151 503
294 337 587
142 157 754
249 198 136
215 338 419
37 243 544
185 147 958
91 329 701
45 327 967
313 333 840
297 273 235
139 341 445
295 317 819
1 169 617
249 281 165
241 47 90
166 48 913
368 249 233
23 308 667
33 61 416
65 245 809
349 183 807
109 96 468
224 160 467
107 257 194
89 33 349
207 357 865
353 355 905
126 61 923
62 121 227
40 242 412
274 73 560
254 1 533
111 225 289
78 1 718
11 229 672
127 151 603
231 61 382
220 340 984
57 193 896
97 271 887
177 349 582
206 19 458
217 225 572
100 280 625
17 225 894
13 193 446
359 169 304
157 242 930
17 32 718
75 154 52
207 361 376
91 13 657
320 98 850
225 335 290
314 219 42
90 341 673
57 24 311
342 61 728
37 361 207
81 208 924
225 24 774
74 342 325
263 41 551
318 129 200
289 259 882
327 235 612
285 110 608
208 118 19
259 75 225
183 132 877
138 9 838
9 241 528
39 1 271
47 311 503
345 239 235
33 47 822
357 300 20
316 70 127
173 81 476
12 263 599
23 123 670
364 113 764
157 197 172
70 245 552
81 187 79
253 139 564
201 34 232
365 239 394
93 363 285
214 145 345
136 327 874
29 320 946
307 98 901
57 60 571
188 205 326
251 282 168
307 297 621
281 41 924
81 155 731
319 307 557
289 85 661
105 297 127
37 367 303
14 217 813
121 233 389
63 291 178
7 361 259
181 79 178
49 153 932
257 249 644
115 313 545
321 342 352
115 187 48
348 279 180
209 331 920
357 104 399
196 149 32
129 170 921
202 331 392
355 189 545
138 285 956
87 347 914
197 258 562
57 245 275
11 163 998
174 94 227
270 271 901
129 365 633
312 163 165
348 54 921
74 141 484
77 134 134
350 218 182
201 261 508
265 36 223
358 168 197
15 185 823
105 320 73
25 257 126
269 202 497
363 33 476
253 6 717
278 152 608
142 265 150
177 17 213
365 97 460
155 119 392
162 293 132
93 199 157
238 324 276
105 305 31
302 216 846
311 223 414
89 165 414
53 231 582
305 285 230
71 81 363
193 168 653
331 188 452
65 67 324
137 239 582
253 13 656
361 87 968
29 6 702
351 267 186
300 313 73
105 247 686
107 291 665
347 357 866
357 153 557
32 233 977
129 68 611
245 96 400
68 53 344
181 193 916
340 159 486
273 337 937
346 47 544
72 366 14
209 277 718
351 265 805
182 113 822
93 120 816
59 201 548
300 297 154
89 129 608
46 119 900
203 181 158
340 343 199
145 223 489
223 349 307
9 125 499
190 193 344
39 225 958
305 333 938
29 221 242
1 147 979
87 167 157
89 313 936
161 113 734
67 311 217
240 285 783
181 139 606
149 131 386
223 252 363
240 24 806
127 77 878
349 163 385
266 153 395
13 47 154
125 321 872
229 162 153
139 297 233
99 131 36
1 85 569
309 12 434
137 261 79
181 315 37
1 41 140
160 33 440
335 156 615
171 209 655
185 17 955
84 40 949
277 1 331
87 225 440
289 275 807
169 5 768
169 145 772
116 5 377
25 346 374
191 273 453
297 146 981
263 282 683
45 186 464
329 95 716
11 103 925
21 357 664
277 168 59
19 305 404
217 149 169
355 225 794
242 192 707
7 49 467
253 65 606
188 41 675
353 190 269
297 321 817
95 64 499
41 135 24
323 231 580
241 231 487
249 139 628
21 82 353
46 100 37
177 117 996
13 137 827
308 148 496
305 295 643
189 236 323
269 265 681
47 145 631
89 137 557
17 207 399
171 245 672
299 108 971
276 169 659
71 350 529
233 219 556
125 331 761
267 281 180
299 18 629
65 112 248
153 315 748
150 158 914
337 265 719
196 181 995
136 137 776
63 33 50
261 32 543
63 31 128
127 121 675
276 58 158
353 361 743
89 138 160
167 329 69
321 151 353
191 187 492
187 253 525
64 77 301
336 62 172
225 215 982
351 273 731
107 175 98
206 29 197
192 321 685
169 222 207
251 45 143
293 221 955
326 250 783
109 13 632
161 223 223
226 20 118
324 257 679
114 145 27
267 221 81
318 289 547
210 37 1
245 277 377
209 96 661
3 73 205
129 197 987
142 235 87
287 131 874
116 215 465
11 18 680
161 137 38
24 261 565
137 231 858
224 249 820
305 312 522
287 128 811
204 7 774
365 133 853
217 53 852
313 368 237
241 259 165
216 193 952
193 107 910
214 185 475
191 164 772
84 90 467
367 43 435
45 238 454
123 147 906
124 303 703
227 214 306
139 196 641
67 317 315
323 315 433
327 185 633
17 205 928
97 289 180
85 281 57
202 265 905
9 73 291
11 285 750
217 64 804
93 137 998
273 93 889
112 141 664
10 84 898
279 296 323
107 81 765
366 227 487
40 112 74
267 83 879
13 169 790
109 283 486
1 6 373
161 317 513
209 288 26
231 10 187
317 265 603
153 43 150
46 159 140
41 349 734
78 301 382
269 267 294
190 337 55
277 51 583
361 299 171
112 11 555
317 207 461
360 109 580
77 158 192
81 172 514
41 317 372
209 343 916
305 331 652
202 300 681
57 177 368
138 63 38
185 313 170
278 307 838
204 236 680
63 351 4
180 257 813
3 51 556
185 145 781
140 344 342
219 365 652
93 343 152
49 78 633
69 24 933
294 13 242
315 367 874
231 121 251
33 107 948
90 321 929
151 27 602
315 70 733
308 25 374
80 33 399
329 159 837
317 93 422
315 9 164
276 10 362
233 314 256
209 339 348
47 249 525
348 343 791
275 85 633
75 236 611
275 368 405
283 49 615
92 145 383
49 193 857
345 325 675
319 241 271
257 321 531
25 201 512
325 189 71
189 247 25
349 325 370
92 79 918
345 332 397
258 163 467
333 13 605
366 207 35
312 350 50
169 155 87
117 192 252
135 319 866
15 249 365
101 329 333
87 170 81
2 47 257
13 27 848
350 198 67
192 307 876
131 248 230
273 286 794
107 102 819
333 140 308
198 162 507
119 265 344
359 85 741
217 181 682
328 366 377
345 209 507
309 41 680
189 353 359
176 209 570
267 246 167
113 171 259
136 357 118
217 254 282
275 143 626
127 298 394
38 137 251
359 296 23
171 205 698
277 53 130
55 117 670
199 74 426
236 58 891
313 194 220
317 89 795
269 101 691
51 252 706
331 283 341
172 253 527
353 336 810
241 62 596
297 279 368
79 102 65
113 261 227
248 148 593
170 236 590
335 158 864
112 339 102
301 70 161
86 192 302
271 254 501
358 139 820
70 141 281
160 263 652
285 321 750
337 137 909
65 241 321
121 359 167
364 317 624
324 185 27
113 281 709
223 8 865
131 215 687
93 233 166
181 259 941
1 312 339
24 313 394
217 360 732
75 285 966
53 230 747
116 239 768
260 129 661
28 178 460
35 5 98
209 251 171
240 98 225
323 97 45
167 1 732
351 101 463
319 23 677
240 270 957
281 304 432
24 353 324
29 78 410
190 13 220
66 225 33
244 297 28
165 120 761
351 185 839
230 177 965
309 176 444
41 343 139
212 7 51
97 145 628
256 279 542
177 125 620
81 361 163
33 318 999
81 273 198
273 85 667
17 257 12
318 19 381
229 37 564
153 296 139
238 305 573
289 252 702
156 263 798
305 25 233
239 293 748
40 248 271
365 123 422
45 115 527
278 309 868
111 294 396
265 7 102
323 167 770
97 13 947
209 101 762
121 304 122
36 241 585
265 290 195
97 67 994
23 367 335
223 303 735
205 220 853
82 170 288
193 197 880
47 220 104
99 185 860
234 45 543
83 254 433
220 176 66
203 49 387
129 297 868
199 17 286
115 77 378
43 207 776
352 68 903
96 123 24
121 230 266
45 354 907
332 148 840
117 185 89
210 103 857
151 137 527
252 49 550
257 244 16
39 261 609
337 106 581
211 193 733
197 22 605
169 22 907
209 215 58
301 114 495
89 346 828
120 345 468
305 293 397
315 158 245
271 43 751
130 11 714
233 4 990
177 25 341
297 145 234
233 106 780
281 161 788
321 217 365
320 13 712
285 243 297
139 311 568
137 1 458
81 341 833
303 7 622
51 164 884
307 277 605
113 289 218
29 273 655
230 49 221
67 157 281
293 277 151
199 321 919
145 317 399
189 209 367
187 201 457
57 161 35
247 225 755
345 307 738
94 304 363
129 45 277
224 253 125
338 25 430
167 255 614
345 150 330
109 346 170
19 84 798
323 296 639
303 131 942
131 109 68
238 346 562
39 124 26
174 318 594
234 222 103
217 252 153
179 144 116
27 315 876
175 33 198
67 61 262
111 107 968
53 337 691
7 345 892
305 111 10
253 203 499
23 113 972
193 306 831
167 19 619
93 124 67
13 232 59
363 171 268
31 44 25
321 186 282
355 21 379
277 317 631
282 31 304
316 189 332
47 111 610
131 85 671
109 67 349
203 4 593
189 57 963
321 32 237
137 224 679
344 320 817
221 254 749
354 368 193
185 152 804
57 293 671
342 194 888
175 315 522
351 238 39
305 253 908
293 108 513
114 209 142
269 137 186
221 51 960
91 181 323
273 177 467
222 286 976
273 57 227
304 163 847
65 361 237
112 60 690
249 177 836
81 319 274
42 108 667
125 309 861
79 129 174
183 315 996
293 360 421
34 274 459
97 9 949
208 136 540
285 225 462
361 165 466
342 1 83
1 257 22
247 141 303
313 179 261
272 178 201
232 7 798
43 31 686
36 68 695
291 202 9
63 218 454
322 321 226
287 133 292
162 272 339
197 81 807
169 301 50
101 310 452
325 129 136
169 83 53
193 264 957
73 293 97
88 116 182
355 113 741
343 241 143
221 340 626
355 185 816
289 139 708
307 63 4
49 187 625
327 157 465
109 137 647
195 205 65
254 109 207
238 20 225
359 193 456
321 318 558
313 127 404
291 297 315
57 16 26
359 221 677
317 29 521
174 273 651
34 155 626
305 225 56
49 81 839
344 249 346
161 324 540
16 198 481
175 169 598
76 58 401
21 289 109
59 53 379
257 35 642
76 116 381
106 169 843
213 197 123
185 105 655
161 225 342
277 221 751
195 25 661
306 107 377
311 227 805
189 11 543
105 86 526
343 131 714
57 65 53
195 209 875
140 182 736
55 193 145
229 97 530
301 285 276
285 274 638
17 30 337
121 188 619
44 345 923
118 359 202
276 189 373
102 93 598
349 328 920
217 29 816
186 258 491
313 361 34
145 326 229
235 193 111
1 121 751
189 231 404
198 219 924
331 5 828
161 221 535
51 305 238
186 233 908
340 173 289
365 15 275
93 150 539
125 57 764
341 163 478
353 15 333
93 70 782
93 349 882
113 211 275
178 98 425
365 65 267
300 67 530
271 27 868
255 254 497
142 131 105
337 25 20
145 78 887
35 122 469
255 77 621
121 254 626
272 277 271
121 72 743
15 54 451
249 42 408
357 73 416
352 217 884
297 77 125
57 151 606
367 291 634
213 201 383
155 229 401
336 2 746
73 282 440
330 149 908
336 217 145
265 235 132
101 249 714
49 277 941
77 291 33
191 42 865
47 359 265
337 185 220
300 190 855
345 278 54
334 39 822
129 57 885
317 98 707
6 189 373
73 283 993
266 88 734
214 103 843
267 195 617
161 129 212
19 191 495
49 285 479
361 314 423
267 275 215
358 327 529
131 315 326
277 301 795
257 16 76
291 177 851
335 217 131
265 185 611
25 47 323
225 121 900
145 49 5
41 166 746
289 361 180
289 73 944
20 22 833
185 133 990
277 346 455
326 318 533
287 316 529
367 25 394
161 259 112
1 141 915
227 182 429
153 225 219
101 199 58
331 185 804
228 309 601
161 165 137
244 348 167
93 101 421
37 257 348
27 273 832
315 136 85
101 193 207
88 107 695
169 123 680
67 57 844
268 314 119
189 113 135
159 110 631
290 70 805
207 333 905
71 161 408
44 64 989
301 323 981
192 54 281
128 283 616
205 361 205
275 59 249
24 326 402
221 75 429
225 205 377
270 47 506
145 353 536
259 113 681
251 159 578
293 143 275
315 273 351
269 40 137
90 344 706
323 185 816
209 103 725
57 313 694
283 3 975
353 253 257
313 214 471
267 227 826
76 335 726
3 70 782
61 118 898
1 23 527
185 261 716
345 260 407
311 304 606
240 292 551
300 285 524
303 251 376
355 106 423
203 250 223
265 65 242
306 273 709
253 121 894
87 93 602
198 161 111
60 317 927
350 107 223
273 277 280
73 55 250
225 345 494
353 183 73
107 138 599
213 222 130
277 338 999
71 120 142
260 241 561
122 185 970
69 1 622
39 6 904
49 338 218
345 17 684
34 125 894
249 350 433
209 267 826
60 94 557
254 75 306
38 314 720
140 295 535
233 8 295
177 76 783
53 65 370
81 299 900
242 115 609
163 116 552
355 293 108
131 147 2
353 105 988
163 157 457
154 207 987
159 47 450
224 301 815
273 221 220
19 111 704
51 285 44
127 120 493
11 81 709
310 77 940
313 14 398
19 51 721
280 193 723
338 217 119
368 259 279
201 289 584
122 34 338
1 364 498
251 141 960
145 133 625
33 191 338
13 214 995
7 354 368
159 353 529
198 17 772
245 129 655
283 196 299
281 144 601
283 185 150
89 151 174
269 141 489
97 171 677
137 16 331
20 239 367
17 313 818
46 12 637
201 299 617
356 139 5
259 349 431
25 80 162
47 28 98
211 141 916
261 362 62
89 201 909
250 315 763
295 271 763
273 109 320
19 311 738
141 61 428
96 161 399
193 227 259
353 93 174
188 75 992
183 337 208
162 131 964
245 107 733
23 321 74
109 145 342
93 119 480
155 83 290
17 33 533
215 347 253
17 222 828
305 185 132
166 110 942
295 136 435
157 45 420
367 50 859
245 197 503
99 211 770
358 318 629
13 2 785
141 323 471
291 11 400
9 203 813
185 40 999
189 345 599
289 91 513
27 57 562
74 73 739
344 261 635
41 315 973
113 128 463
257 97 238
87 295 416
231 149 170
180 55 145
153 70 694
277 169 572
353 225 25
100 116 907
148 153 530
247 259 388
282 174 539
69 126 692
341 89 585
353 99 840
260 333 795
305 171 699
177 13 406
265 215 353
305 322 827
57 86 411
164 123 290
323 249 293
178 207 252
283 76 321
296 208 237
313 36 745
25 180 78
82 251 130
161 25 461
243 353 587
249 305 589
172 161 716
58 225 632
129 93 412
313 195 722
135 139 636
320 21 483
17 332 309
332 65 832
225 325 451
163 197 959
213 129 55
97 209 254
181 68 658
367 145 552
239 193 730
153 213 579
210 305 502
277 93 985
91 353 297
162 159 30
84 314 457
161 323 888
50 291 182
333 224 864
304 187 659
330 93 648
53 273 371
145 121 195
75 148 54
132 193 60
186 1 67
146 123 146
62 97 569
176 321 954
91 73 439
89 336 736
189 333 71
185 134 450
337 81 482
273 172 418
189 25 391
89 289 993
38 157 534
157 239 654
180 273 212
57 175 830
229 281 473
261 289 453
28 147 82
203 157 82
9 179 124
65 10 268
89 257 354
53 99 70
219 15 915
339 170 160
209 40 309
67 254 42
237 216 304
17 227 637
323 65 272
221 257 973
41 113 15
37 147 74
347 216 980
304 309 583
189 173 614
297 163 116
177 303 989
184 239 228
237 329 445
193 208 974
153 221 410
15 70 830
184 29 479
249 307 26
10 45 744
239 121 494
91 295 87
184 170 615
24 174 102
3 97 968
37 233 276
103 57 460
219 173 593
250 289 609
32 305 422
180 219 593
44 132 157
77 22 6
49 313 26
333 155 206
117 129 630
25 345 917
33 192 527
283 352 338
211 1 312
325 281 676
294 342 707
113 235 796
351 136 836
162 343 729
365 117 707
67 321 219
49 299 598
239 337 451
81 245 200
332 89 687
175 113 551
352 313 905
5 9 747
101 94 790
295 299 626
346 173 692
231 97 855
149 42 557
268 81 573
110 205 559
157 323 793
267 245 150
295 6 497
161 289 911
361 281 676
341 105 734
287 321 876
267 158 891
107 321 855
210 296 428
138 339 335
163 361 175
30 25 147
87 51 743
229 54 963
145 108 148
346 334 935
137 273 404
182 223 452
118 151 617
97 117 666
115 349 986
282 75 838
51 169 701
156 283 782
206 225 240
341 147 129
250 117 84
88 265 615
179 70 540
149 89 599
56 212 254
135 166 271
162 254 346
240 353 28
297 169 910
47 229 49
221 127 86
265 45 667
49 87 177
233 205 407
73 180 371
80 95 225
307 179 802
292 41 17
320 193 953
309 259 629
35 193 962
79 28 951
287 350 312
76 266 874
196 146 869
193 231 498
201 13 303
282 314 713
91 231 805
32 335 679
299 76 753
165 271 489
283 275 759
322 169 969
173 341 423
31 185 883
39 356 312
345 60 258
76 17 231
256 41 855
154 169 934
53 181 598
70 190 158
131 321 567
257 214 336
63 282 748
290 21 723
339 189 564
305 65 60
251 361 60
61 230 456
241 8 998
335 305 927
349 74 734
23 359 256
364 81 173
293 117 531
111 101 977
185 79 49
101 147 192
296 299 417
119 79 82
289 193 652
55 307 992
19 211 109
172 107 986
222 364 249
337 16 542
269 291 631
331 277 309
17 241 384
232 257 491
365 141 697
10 11 428
93 217 876
305 33 43
343 159 211
349 187 599
316 276 569
229 237 340
65 1 233
349 81 670
128 233 311
257 33 140
241 15 81
227 310 420
166 152 82
47 57 64
241 141 708
20 45 38
125 249 667
2 107 197
97 37 23
169 159 788
176 166 788
211 287 328
63 169 310
185 165 390
81 344 93
137 117 599
65 201 388
327 334 139
49 149 914
193 315 855
193 25 697
59 158 306
225 264 200
301 56 472
337 111 927
318 123 837
84 323 530
65 129 949
53 60 388
25 191 901
329 269 610
195 123 32
335 14 744
81 241 299
275 118 165
41 180 668
205 42 286
124 353 273
153 171 631
328 361 557
7 261 387
313 137 754
321 223 547
83 207 597
70 143 317
13 145 563
67 86 64
226 142 985
295 353 45
102 205 617
334 110 465
64 33 269
360 233 207
253 101 649
69 301 119
119 1 135
177 252 888
75 269 496
302 123 754
245 265 192
325 347 371
341 301 463
1 43 474
53 19 558
65 313 518
222 365 819
155 190 414
60 341 513
316 97 931
71 231 932
119 17 447
313 9 7
115 163 555
157 363 91
253 211 844
127 33 303
77 97 869
209 249 542
21 267 297
191 342 535
81 257 343
325 229 768
89 19 208
103 361 466
21 327 288
257 264 536
53 171 652
254 74 219
85 113 782
109 337 765
312 343 922
33 264 275
73 305 809
201 239 721
6 259 57
309 68 506
153 281 283
109 153 584
260 307 266
42 313 533
255 328 94
210 363 917
81 77 649
70 333 187
74 61 854
277 52 66
101 9 124
24 215 355
97 207 485
37 349 21
185 353 964
262 177 993
277 15 304
157 70 774
335 282 849
350 290 582
223 345 777
33 6 698
225 300 853
336 139 819
269 133 576
300 97 990
17 340 247
168 299 813
47 39 114
17 153 696
213 75 544
121 313 573
49 171 204
294 179 353
148 97 692
257 191 68
263 297 3
1 208 791
196 5 807
17 165 644
231 307 894
242 361 105
177 321 367
78 41 71
185 20 464
286 356 350
329 301 263
207 269 6
161 135 233
321 273 973
181 327 623
100 225 160
35 160 296
93 77 525
85 353 805
93 33 935
45 226 521
326 205 674
119 115 471
337 144 825
334 25 475
227 61 67
285 55 151
233 317 359
51 133 724
3 323 43
32 225 193
117 133 864
33 238 669
199 193 769
297 305 519
165 261 832
351 329 563
99 28 786
49 85 80
358 353 172
323 7 887
108 93 534
240 339 427
99 283 130
25 121 714
189 273 860
47 73 297
270 83 150
99 314 245
277 309 61
312 3 622
17 201 472
187 104 145
129 341 475
13 241 871
341 223 736
101 241 864
153 341 167
56 180 126
93 57 373
159 263 571
79 338 727
161 282 802
157 123 74
315 313 885
135 63 726
89 9 415
125 141 111
171 330 34
5 130 848
332 313 304
2 117 790
129 291 617
241 71 236
181 130 719
128 329 826
185 301 615
361 13 85
277 219 169
9 351 907
277 204 808
213 300 8
201 39 450
325 306 245
343 310 262
223 368 208
337 334 250
228 289 381
9 4 34
45 349 988
305 233 746
214 41 30
161 287 750
23 73 633
341 73 82
211 306 257
41 221 223
268 287 191
172 277 156
283 319 745
43 225 758
184 93 182
325 299 611
47 54 458
208 75 299
121 23 774
149 33 433
104 185 461
319 225 82
185 128 456
178 209 68
234 37 194
137 353 949
97 5 724
301 363 465
110 93 972
13 277 965
353 293 843
269 161 948
142 63 996
231 33 520
191 113 175
53 345 322
177 56 649
162 313 550
209 110 146
249 266 128
59 80 377
31 139 40
208 111 350
25 197 435
337 287 908
226 267 469
269 53 837
33 105 104
27 297 119
51 64 356
219 107 124
201 195 894
81 289 309
241 183 545
111 245 934
81 119 355
9 71 178
254 152 412
137 159 223
231 275 877
368 135 278
145 195 626
212 33 508
257 293 831
70 205 226
129 235 638
51 85 33
325 70 195
50 173 459
1 189 541
323 100 808
340 321 566
323 321 807
277 318 470
1 204 44
1 193 976
209 136 678
156 297 183
269 116 20
63 321 416
201 139 120
21 337 996
188 137 917
334 365 460
146 177 550
172 364 715
191 145 641
21 199 922
257 105 435
251 145 726
355 38 175
290 1 924
157 73 695
83 33 903
169 6 486
47 93 300
279 5 124
272 193 484
144 74 520
140 73 737
145 315 590
31 241 574
279 342 316
5 289 554
68 106 323
43 273 431
115 352 772
19 57 535
175 211 39
177 72 194
121 245 91
12 353 712
284 302 215
336 129 205
152 172 439
249 341 517
13 168 270
307 237 581
201 23 851
65 108 191
199 23 944
249 243 197
104 273 906
174 286 877
51 114 661
250 329 731
70 145 217
339 233 286
149 333 145
11 261 937
126 146 251
113 353 352
175 73 84
205 321 780
68 165 523
365 225 781
277 310 109
93 8 621
239 262 689
288 243 897
35 173 882
53 197 82
208 14 569
73 7 690
31 151 566
306 4 754
265 244 635
21 257 486
123 306 462
337 71 418
63 146 996
323 52 118
285 246 93
67 48 914
164 87 399
111 341 39
301 113 519
185 233 330
291 235 297
36 209 251
190 241 154
47 248 656
109 129 499
331 180 474
124 142 886
121 4 573
66 306 441
225 195 467
73 12 757
20 32 521
201 196 605
35 289 879
139 121 5
8 22 703
237 160 126
141 339 577
7 231 738
136 100 191
133 88 104
88 125 816
100 317 24
155 139 779
73 183 664
303 315 188
345 363 675
65 282 749
225 156 293
362 62 743
309 213 519
256 161 197
359 357 478
367 1 187
83 95 420
164 221 81
361 185 191
41 70 570
112 295 847
93 334 648
305 163 234
329 102 362
86 172 261
53 29 391
238 93 988
357 241 332
63 188 110
189 341 199
325 49 595
305 101 132
208 291 705
113 280 848
69 121 103
78 309 989
272 245 761
1 292 499
139 283 601
269 9 417
75 361 890
182 365 352
41 81 882
311 85 352
188 143 819
109 217 114
363 209 669
187 233 621
47 338 620
241 261 435
187 161 912
336 21 137
114 362 725
354 81 980
119 257 226
347 196 750
149 21 25
53 193 274
57 257 960
15 275 135
237 231 808
283 354 990
1 110 961
81 334 646
73 288 845
121 109 837
219 30 544
60 185 519
189 270 384
201 165 695
66 296 705
248 333 354
162 149 342
67 295 157
1 154 120
310 306 264
349 273 481
367 337 142
264 89 933
273 303 607
237 293 835
260 276 721
81 91 902
307 117 703
143 159 186
265 87 827
113 118 895
347 281 443
76 62 857
129 359 992
49 326 302
241 289 200
229 205 614
53 162 778
34 177 367
65 195 939
169 32 945
116 113 53
289 25 994
57 126 949
299 336 511
336 261 764
81 101 35
5 319 78
365 333 45
145 209 378
225 323 612
293 65 904
122 143 474
316 172 624
242 101 493
323 81 734
131 335 554
11 125 723
13 45 57
97 247 829
193 297 798
303 201 726
363 289 876
13 36 788
36 155 973
85 257 151
197 305 448
57 307 468
176 175 950
330 286 548
257 9 113
140 199 365
196 284 195
250 127 170
100 353 681
28 91 855
88 247 666
334 49 386
283 33 803
91 221 199
231 75 417
57 309 9
14 19 623
305 198 732
99 2 673
152 222 186
225 53 725
157 228 118
140 129 672
36 94 7
181 361 932
109 141 104
217 61 40
239 185 498
324 29 961
125 17 659
299 43 993
160 194 136
85 169 492
328 273 914
33 266 145
226 105 564
9 231 653
9 161 808
278 215 193
71 293 645
17 265 483
177 297 843
1 5 278
153 99 521
276 201 380
353 56 860
38 131 280
78 149 828
29 91 74
1 155 236
43 311 860
48 323 731
52 104 164
115 5 411
283 116 490
47 106 920
137 201 734
185 7 153
337 79 293
272 255 243
317 273 97
242 338 466
208 308 946
149 252 116
300 176 181
232 99 544
217 268 433
237 219 373
365 325 599
65 133 683
35 53 945
93 282 715
187 267 939
153 262 552
112 231 683
80 337 409
1 86 289
61 278 734
77 67 868
243 325 393
163 317 540
137 227 938
305 77 722
185 279 447
4 307 497
349 15 792
299 105 715
195 237 590
308 313 330
211 210 627
159 141 849
11 49 343
125 5 388
165 136 145
258 149 265
337 97 38
4 63 919
93 200 393
71 93 955
168 201 801
9 236 719
359 336 937
111 137 859
223 227 400
34 209 243
29 285 651
21 297 125
155 50 575
64 2 214
189 133 25
161 40 816
1 133 42
329 75 254
245 273 388
161 348 854
110 365 802
214 225 572
48 293 974
76 351 461
192 102 926
2 101 241
124 229 213
305 37 901
272 305 462
149 321 94
33 259 168
26 268 790
1 297 632
97 123 769
163 165 529
357 92 759
93 241 958
283 135 937
91 23 46
77 233 754
30 62 498
301 180 243
215 29 840
337 290 751
49 154 821
285 157 992
311 162 468
17 209 168
297 137 896
325 220 105
277 351 172
225 54 755
33 309 545
229 96 391
129 12 201
177 103 247
39 41 619
41 228 646
281 201 625
237 54 552
271 360 544
179 226 631
65 116 536
323 117 768
33 255 408
165 329 446
161 94 51
347 117 797
65 333 233
316 32 333
4 273 22
193 293 851
17 292 592
218 295 447
289 273 851
73 153 617
139 55 233
141 248 618
117 230 331
6 291 373
51 365 856
367 67 639
149 245 903
9 96 833
273 169 707
223 347 111
283 171 247
146 238 1000
105 325 142
359 206 377
101 309 612
82 1 811
177 295 816
13 94 572
195 354 781
249 112 851
279 93 661
190 361 324
123 361 89
191 94 930
21 65 297
59 281 145
43 72 402
253 185 780
181 249 43
96 212 17
37 109 446
219 269 683
224 9 177
103 54 243
261 283 411
292 117 286
277 229 606
299 283 57
89 256 226
89 161 399
347 17 600
239 200 49
195 289 418
154 256 52
291 197 746
281 293 927
43 165 952
352 234 590
155 253 783
1 298 644
164 139 966
257 178 98
161 69 462
259 335 433
55 291 805
320 66 922
12 185 103
22 39 764
241 273 260
321 51 576
61 161 997
273 67 771
138 53 421
240 13 818
33 217 302
187 223 173
95 153 38
260 128 171
327 261 609
61 237 216
251 17 819
78 225 674
303 181 816
232 193 674
301 361 552
323 197 140
249 207 467
183 290 441
65 295 455
254 22 711
241 110 235
289 61 735
240 137 687
223 323 975
151 81 666
167 105 458
289 56 391
275 261 447
209 49 885
237 117 739
116 117 198
288 259 681
281 119 377
136 57 184
113 184 599
209 300 795
103 33 536
63 91 871
119 251 72
261 310 695
277 7 112
343 64 630
362 251 391
153 257 781
185 357 229
37 102 615
61 302 15
38 197 411
196 214 121
105 35 723
251 271 962
72 322 901
99 231 240
73 334 884
330 365 70
1 27 352
289 229 911
312 320 742
126 79 70
81 329 83
362 145 157
289 197 777
67 137 350
229 235 943
169 65 890
118 77 387
145 19 839
65 351 293
220 83 89
1 233 958
44 9 906
154 21 932
271 356 140
229 139 470
4 214 680
153 89 754
357 105 996
347 46 653
229 1 709
49 324 415
11 1 303
174 85 232
205 97 344
155 215 792
213 81 151
247 278 289
344 338 773
3 43 507
61 45 612
172 250 282
26 32 99
185 49 314
323 164 716
273 9 739
281 115 382
238 213 616
269 217 24
93 141 167
247 205 28
339 124 900
277 251 452
63 274 207
44 169 462
11 72 363
365 60 501
237 193 562
235 144 458
169 109 528
21 364 553
143 131 730
50 4 65
226 126 110
342 259 393
231 45 83
241 199 507
67 261 924
152 268 598
199 273 304
17 145 983
285 290 124
299 233 968
170 41 733
73 187 763
109 21 531
161 191 638
246 123 642
364 89 489
313 291 361
24 159 48
196 257 969
113 49 85
173 93 107
116 294 399
296 317 553
88 333 194
317 73 875
153 361 784
145 303 388
313 231 526
160 313 949
91 161 618
129 343 941
6 115 43
53 118 858
277 98 550
343 111 48
313 33 384
89 251 743
18 20 496
1 113 439
99 177 422
10 279 293
76 353 959
134 209 407
177 307 381
12 21 31
65 109 283
99 343 661
81 195 400
294 253 243
24 39 11
264 346 892
149 310 961
29 103 313
52 297 984
129 53 81
168 275 89
321 169 762
305 323 361
105 187 88
201 249 717
227 169 767
239 31 191
332 102 537
231 293 138
29 193 430
147 129 714
118 327 555
235 33 941
183 342 600
209 77 39
52 33 360
106 74 340
311 313 510
9 35 346
102 199 269
16 128 300
203 273 18
46 319 291
25 364 126
140 296 373
261 279 736
49 331 744
359 267 692
155 289 637
105 317 823
82 166 541
267 171 38
53 310 663
237 224 723
51 311 382
149 238 456
180 299 897
157 339 638
141 153 551
186 201 929
333 211 375
290 109 2
345 14 608
243 97 688
303 1 177
303 347 754
281 231 702
359 105 890
144 161 520
287 205 678
153 326 671
313 355 944
33 287 902
121 97 601
116 129 582
279 105 523
167 65 199
173 49 719
93 61 861
51 89 781
21 301 127
24 299 848
77 327 687
316 354 823
295 243 965
215 310 864
201 145 780
337 241 945
113 147 961
226 119 125
48 278 261
305 147 680
292 249 309
189 281 156
356 325 734
305 273 188
64 112 119
9 169 368
117 9 243
303 115 7
203 81 275
57 365 106
203 123 258
142 354 711
252 231 597
156 235 796
320 231 358
119 74 495
201 263 200
346 353 478
177 174 755
70 237 228
109 258 474
203 324 506
260 143 320
353 198 994
333 201 573
306 167 695
305 121 269
197 290 661
109 79 835
181 25 696
355 35 163
173 199 511
277 120 27
234 36 880
23 231 377
129 363 451
179 173 827
12 283 513
305 66 700
303 155 847
69 300 451
49 41 509
145 305 212
340 199 505
345 331 828
14 250 525
359 321 105
57 160 842
353 323 228
352 169 704
131 305 602
103 211 759
324 70 753
5 45 821
294 1 619
101 63 263
269 204 598
72 155 137
255 149 346
312 271 369
251 365 479
365 217 728
289 345 382
266 365 300
67 129 148
217 244 569
270 229 603
338 297 531
121 345 392
243 175 167
128 95 393
97 269 700
37 231 424
188 353 8
49 133 417
70 131 919
108 156 69
349 229 617
164 249 586
153 235 519
141 102 667
91 109 495
56 129 356
69 293 753
49 80 73
130 323 721
329 80 43
36 201 500
63 82 682
353 181 513
85 2 285
229 65 489
49 178 881
270 212 501
10 209 324
290 246 80
332 164 822
80 116 25
108 305 259
169 333 137
115 173 938
355 321 211
39 246 922
277 37 15
354 291 100
29 85 131
77 246 543
57 248 201
77 32 825
24 15 807
240 93 848
85 301 637
21 173 433
97 265 355
337 269 757
184 274 249
219 1 570
321 16 44
339 208 335
175 256 731
361 41 999
37 137 554
175 218 146
245 108 97
5 177 63
157 179 204
185 37 675
25 7 40
119 208 729
240 171 454
17 193 972
330 145 633
24 185 616
191 225 436
14 245 170
149 177 395
197 79 920
191 295 811
141 145 37
153 103 256
26 25 633
322 325 734
251 338 217
182 357 464
91 345 972
233 21 194
121 163 323
97 29 939
53 161 413
234 59 532
307 97 517
266 125 137
147 336 252
81 238 396
5 269 767
77 189 926
263 222 76
197 134 930
329 118 403
97 119 527
64 211 82
1 214 471
311 324 153
80 168 43
22 133 613
97 85 537
302 41 300
35 254 599
346 8 852
327 187 390
257 177 128
40 300 644
145 187 60
97 137 946
255 267 304
89 195 424
366 285 262
147 263 330
325 353 353
321 324 175
34 355 804
313 236 834
273 257 893
57 319 57
267 109 677
166 114 584
229 69 769
257 335 365
322 329 4
345 277 680
41 367 758
308 153 43
312 261 623
56 73 94
108 127 991
345 183 43
317 305 143
311 149 116
101 359 756
33 269 545
242 77 399
219 301 612
4 366 828
97 260 582
323 69 705
220 184 897
235 50 997
149 363 97
297 231 811
144 329 485
45 353 930
172 140 961
81 236 974
301 228 504
73 98 49
190 44 985
295 221 40
222 325 67
56 316 554
155 299 458
129 153 961
44 251 360
183 88 269
192 309 246
273 170 629
72 182 750
308 317 459
321 95 969
121 255 455
78 120 680
1 138 264
328 67 305
177 322 592
269 85 631
280 338 930
168 364 944
25 151 198
70 195 947
337 2 467
97 251 221
219 306 661
219 241 788
217 317 915
270 165 961
153 331 185
221 317 4
193 271 850
217 361 571
73 2 641
85 73 199
327 177 303
39 149 909
154 32 93
227 314 782
64 39 750
255 115 951
315 55 903
257 18 272
219 79 310
25 240 810
74 21 827
328 65 645
12 241 832
177 218 107
246 257 996
48 33 5
277 9 6
81 225 260
223 173 200
25 329 360
185 1 168
135 345 688
69 97 383
289 209 775
45 273 953
238 21 492
100 156 733
237 141 701
192 305 444
324 140 623
209 261 309
159 129 744
280 345 982
166 65 73
301 130 577
346 122 667
317 225 292
39 174 129
272 135 785
303 183 897
317 345 79
79 326 213
249 191 569
201 265 330
185 343 748
197 113 337
108 238 704
13 335 700
12 209 411
243 84 714
325 316 405
353 23 309
9 213 833
302 5 546
93 267 79
3 33 387
189 263 469
181 263 531
200 307 942
133 368 869
65 188 261
273 268 104
120 119 403
177 313 869
367 30 335
213 339 965
182 97 621
364 17 638
185 28 270
193 12 907
353 39 142
1 68 271
277 213 80
233 239 482
76 2 22
337 242 962
308 53 581
33 365 536
80 289 344
57 123 87
49 273 282
226 116 149
197 337 536
152 52 873
329 34 476
89 328 2
55 269 383
320 185 973
213 304 668
78 298 707
349 205 169
221 327 687
275 81 10
249 213 132
163 259 816
132 357 150
233 11 890
299 115 255
105 46 464
26 221 228
129 124 340
273 225 569
169 197 373
199 209 444
126 321 412
46 226 575
165 331 557
57 301 676
141 181 182
139 334 401
341 113 74
208 349 943
233 162 535
47 147 64
237 172 348
145 2 36
53 159 394
31 271 417
340 277 462
205 293 285
213 45 539
81 160 308
311 113 802
49 25 243
133 125 683
215 57 984
233 139 971
300 1 566
89 320 954
320 157 270
125 97 378
27 198 875
243 327 438
313 111 554
25 23 410
69 103 874
233 361 952
73 81 108
312 87 580
50 311 509
353 194 683
112 204 786
41 307 580
65 93 453
115 319 869
71 239 612
1 260 627
40 48 690
324 173 164
225 71 308
61 346 11
52 71 486
85 305 850
105 93 278
209 308 260
121 82 527
1 30 553
63 263 92
161 41 822
179 67 504
5 71 616
341 289 993
225 44 665
206 153 921
187 313 782
196 1 458
89 167 715
159 323 424
96 89 359
141 33 352
208 313 524
135 177 407
84 275 498
105 121 701
305 17 85
9 151 206
233 367 764
27 356 605
37 105 191
276 18 630
96 321 645
341 93 350
314 137 258
175 319 141
337 65 151
77 275 217
55 329 994
278 343 440
281 150 174
225 1 44
89 111 855
33 345 758
233 180 746
355 2 61
39 177 657
313 107 619
159 235 872
49 218 33
329 319 281
215 114 364
47 213 74
355 47 237
359 361 856
49 144 223
113 70 321
95 1 312
207 14 338
301 89 199
129 257 481
349 303 510
188 221 890
327 91 561
255 76 977
303 96 374
119 25 962
99 265 223
177 130 774
185 47 381
213 364 485
336 203 786
317 117 381
10 34 583
285 368 86
47 203 528
250 171 997
116 24 771
309 254 720
56 255 123
20 327 488
106 231 188
204 105 633
206 277 371
193 126 320
200 241 345
290 311 73
33 333 714
212 356 127
45 289 943
134 138 623
347 109 834
113 250 62
51 137 450
119 367 603
1 24 92
48 273 580
208 132 364
41 265 413
119 327 112
237 81 831
21 177 681
36 141 247
149 299 276
283 87 290
217 113 612
237 297 65
349 317 418
225 144 801
182 11 73
50 153 248
112 154 497
25 160 692
211 66 988
213 217 827
8 177 525
114 140 99
2 3 918
64 301 703
209 185 545
25 250 175
257 365 71
111 133 752
173 343 920
61 255 330
49 290 205
299 273 241
64 1 739
229 264 158
12 36 466
223 69 434
141 208 592
277 115 216
203 24 688
263 49 823
93 339 527
85 246 298
213 208 185
169 19 869
234 221 442
346 281 372
357 346 576
271 289 669
113 346 710
193 365 827
221 353 653
156 354 450
329 5 317
14 340 196
15 341 852
341 75 306
289 236 286
95 333 3
194 99 331
6 93 72
97 333 673
253 132 890
332 43 209
187 353 747
278 62 924
149 347 693
138 92 977
333 229 376
17 49 856
44 5 604
58 343 624
265 241 789
217 137 64
29 59 86
196 249 518
351 235 111
195 153 16
5 85 706
24 161 543
56 245 441
235 161 637
24 218 517
66 117 561
337 347 620
333 328 641
323 146 177
126 341 699
219 247 474
355 213 413
93 354 429
241 254 516
55 5 458
169 7 713
11 129 129
119 220 556
62 299 95
227 254 975
268 349 452
220 45 352
275 277 124
35 87 502
161 49 451
241 305 373
293 218 752
80 199 316
207 332 613
269 331 979
106 103 931
239 141 967
107 56 579
301 223 895
20 131 54
133 5 59
131 49 668
139 337 245
187 321 988
327 173 797
192 35 387
183 264 671
3 91 829
101 333 311
305 117 555
180 291 571
233 285 317
175 105 69
265 49 213
131 333 994
301 39 291
240 346 128
348 242 979
118 21 204
213 155 93
77 102 533
317 48 995
275 281 471
23 24 349
170 298 619
209 181 121
323 177 93
300 133 2
49 353 523
310 231 548
139 11 207
164 91 29
215 268 665
357 87 466
41 360 395
113 155 733
251 235 493
283 137 957
117 246 631
23 257 23
149 341 268
249 359 762
276 224 602
141 276 590
187 89 173
207 323 91
231 225 927
129 9 370
205 13 523
43 132 103
105 217 301
237 49 230
47 337 360
109 187 254
17 362 111
18 75 250
357 24 216
294 286 132
321 265 543
266 1 530
145 268 323
190 163 954
66 355 713
95 147 917
178 102 48
201 291 380
8 122 856
175 23 568
185 309 842
353 239 794
253 55 101
21 323 743
193 33 480
43 169 715
65 163 869
295 333 744
23 67 867
361 291 492
199 325 416
210 270 400
90 151 207
107 300 931
109 118 566
249 334 12
154 67 799
315 269 30
139 189 144
195 185 156
178 33 256
303 327 451
281 49 167
342 209 249
115 209 409
13 300 917
249 81 302
35 120 302
114 217 709
185 203 158
317 122 632
93 58 737
232 147 365
343 337 590
110 149 260
115 121 704
259 93 48
72 29 358
297 337 786
353 252 782
157 191 396
181 339 928
6 157 178
271 268 480
208 99 133
297 23 855
73 320 79
345 301 449
223 317 75
341 53 902
249 353 75
65 29 797
179 306 793
189 237 162
161 17 959
129 87 427
177 301 232
97 238 337
230 277 518
59 143 797
214 233 53
229 297 832
363 140 880
293 325 14
129 172 988
129 347 816
61 242 942
131 292 654
61 65 982
109 39 916
159 160 928
203 117 236
309 310 413
218 323 691
124 73 586
3 16 741
292 342 161
286 332 544
242 287 78
263 17 80
278 357 814
69 99 233
304 206 67
257 47 937
85 65 788
353 81 632
37 228 70
1 239 861
272 303 646
139 5 899
303 186 564
97 225 50
183 238 394
129 288 713
89 305 915
181 190 705
38 89 41
313 269 726
305 53 637
214 271 370
144 40 194
326 249 898
345 36 22
340 216 170
277 295 977
279 267 855
61 256 671
92 261 343
29 343 58
141 24 952
133 338 954
367 193 978
233 171 54
207 345 168
98 322 939
7 163 370
262 329 110
161 139 508
193 257 806
183 305 881
49 120 914
9 135 65
185 9 296
49 158 737
93 170 951
81 221 394
225 274 208
238 139 648
225 62 265
93 247 355
126 165 492
280 104 664
364 209 506
312 284 89
17 137 954
177 128 179
66 73 553
217 233 273
49 38 117
37 165 479
205 23 494
163 293 312
77 2 258
303 310 745
116 185 236
69 286 632
208 11 165
203 231 921
113 215 531
1 59 721
195 321 631
17 43 347
48 297 703
233 255 83
145 289 228
331 57 566
236 113 849
300 89 749
257 93 386
67 62 210
273 341 804
365 153 517
265 203 309
233 329 375
150 191 644
65 105 562
137 15 765
89 265 389
153 246 12
86 273 583
257 206 266
340 115 373
233 85 49
145 307 139
271 109 694
279 315 515
137 33 207
127 25 329
155 313 877
39 352 448
54 228 732
346 351 479
49 141 165
120 129 652
121 191 89
142 103 977
24 280 532
348 229 276
239 93 120
296 353 934
321 211 233
32 259 291
185 281 209
225 159 810
350 281 549
209 73 376
112 304 242
161 99 666
142 353 652
109 105 457
225 203 632
225 143 201
56 254 118
34 297 280
147 86 207
327 47 229
329 175 124
1 105 953
177 101 222
311 245 750
64 310 861
325 338 837
207 105 299
113 233 274
278 295 182
72 201 718
95 277 552
2 185 556
273 69 32
45 29 640
221 147 700
193 284 385
52 311 688
351 263 322
274 20 437
261 217 612
255 207 327
74 269 572
321 105 838
305 177 34
305 4 970
1 284 572
101 105 97
17 204 326
241 329 326
225 260 487
155 266 359
313 301 659
223 100 567
201 66 256
279 298 942
69 84 161
166 265 562
289 47 9
302 209 724
239 158 880
353 285 615
13 133 1
165 354 979
271 24 409
265 81 213
28 155 457
317 365 435
32 146 822
30 269 848
225 223 266
68 132 851
14 141 82
155 77 414
225 281 895
22 41 879
162 353 578
223 24 227
229 184 455
193 72 497
97 136 937
73 343 201
49 155 311
157 221 802
31 21 788
357 67 194
189 146 151
208 13 432
49 239 613
89 5 80
180 209 914
329 177 406
11 272 349
211 300 552
2 311 484
365 170 663
159 193 906
300 221 213
290 79 562
302 103 74
201 199 242
331 203 964
269 339 616
87 356 223
169 131 162
331 18 238
75 7 314
300 18 716
215 241 494
113 318 92
86 340 356
178 337 328
201 105 796
78 86 711
339 252 101
306 163 739
193 37 257
55 313 339
211 13 899
211 336 165
149 147 937
93 360 169
218 231 533
363 29 650
228 347 17
310 233 237
201 169 686
241 361 304
323 88 199
301 125 826
10 316 820
155 314 275
37 159 926
202 103 446
81 33 396
275 19 726
316 305 572
357 223 884
279 244 824
169 253 607
153 181 256
167 185 385
9 365 58
143 241 492
367 174 444
41 282 478
261 268 237
88 268 280
229 99 985
52 9 486
345 311 288
321 120 22
253 175 747
313 325 244
241 77 879
177 81 667
137 350 502
106 44 70
193 16 654
323 71 7
188 141 221
93 69 505
185 300 125
134 289 599
243 63 437
357 337 857
261 13 162
24 52 945
137 209 817
325 361 92
127 116 455
103 346 716
172 145 624
337 199 86
341 1 874
129 249 299
261 35 206
150 205 783
152 234 131
209 286 442
102 38 176
337 52 278
353 98 641
181 131 287
7 105 435
80 142 372
329 208 997
47 81 574
81 163 699
356 136 610
305 283 967
324 219 284
190 204 687
174 97 357
345 73 406
275 71 515
201 3 617
208 172 918
29 118 2
116 70 866
231 324 180
209 320 258
177 310 266
169 257 115
3 337 634
45 153 330
161 192 650
329 277 464
208 105 186
193 185 560
271 236 225
194 43 145
63 125 314
189 79 516
45 204 810
99 11 652
53 154 177
252 145 278
23 179 962
11 181 396
347 221 789
237 314 568
68 220 737
23 43 54
249 175 90
56 233 145
40 76 619
167 195 400
194 56 590
341 69 508
279 80 534
189 225 886
273 339 727
170 161 436
57 17 349
134 276 779
145 253 606
233 246 408
1 29 762
220 304 108
185 259 270
329 349 403
47 55 993
134 353 219
92 349 162
251 272 153
229 20 179
332 19 214
319 301 929
346 350 343
28 113 881
127 256 61
40 271 231
345 276 815
167 332 605
340 201 642
61 27 709
321 241 291
345 62 755
55 124 534
34 21 762
217 291 658
317 280 908
133 124 805
77 53 305
231 179 336
349 153 826
277 188 593
314 94 141
229 353 767
77 86 117
326 29 759
178 324 125
363 218 559
277 29 941
161 107 397
49 212 767
31 107 302
201 1 665
101 27 479
64 53 428
157 249 605
83 1 891
155 358 407
231 19 767
197 31 376
297 152 744
191 353 776
20 1 600
332 363 871
29 366 835
208 38 105
230 114 820
221 37 560
365 351 804
151 296 831
109 227 543
225 193 321
1 338 849
81 17 344
318 269 121
55 277 12
321 65 154
93 185 350
199 329 200
284 139 933
357 157 603
1 10 322
144 157 458
345 23 230
97 87 712
239 115 356
295 9 194
265 25 758
90 276 162
159 109 176
201 148 420
255 185 432
117 215 859
70 326 596
31 329 603
350 17 617
95 367 910
17 74 207
60 249 732
283 197 558
205 353 434
107 9 576
265 15 850
345 63 415
313 114 605
71 23 730
193 83 710
367 179 902
227 275 843
326 96 221
14 73 724
5 65 85
231 354 549
86 206 540
323 116 841
41 189 362
9 262 299
117 105 162
3 193 526
143 181 150
45 217 894
161 265 16
65 134 493
193 121 322
283 233 185
8 279 643
113 284 338
313 97 918
101 331 64
217 101 841
45 9 747
1 164 156
146 57 543
5 308 61
8 211 416
94 177 296
302 317 309
56 105 351
205 202 352
284 363 354
182 215 685
92 13 119
280 93 708
325 78 233
142 17 377
86 312 504
45 194 807
367 160 278
183 217 935
339 253 620
146 156 507
360 368 789
273 263 319
137 130 482
9 209 572
329 153 541
16 1 489
293 152 868
245 145 208
53 357 819
51 177 412
273 115 913
281 219 395
253 189 11
147 192 404
65 238 712
47 21 213
213 99 296
141 11 209
81 333 715
121 265 772
1 348 439
46 255 713
45 362 197
76 152 946
65 145 251
259 333 718
38 152 574
239 257 528
129 33 714
50 175 661
313 67 859
125 315 997
95 360 336
109 57 700
93 291 36
159 49 524
293 131 739
320 8 69
24 96 626
345 359 394
353 103 22
97 217 98
253 234 235
122 161 489
27 287 939
3 50 824
103 186 360
313 27 995
153 197 407
257 183 582
355 89 238
75 309 979
264 313 388
215 231 490
203 266 13
72 225 9
327 151 666
245 201 231
151 225 16
49 341 455
167 301 563
177 343 47
17 344 414
135 15 641
70 79 111
216 88 331
288 115 45
117 265 495
321 77 722
269 49 754
185 94 679
86 225 861
280 331 884
333 63 300
285 256 527
277 66 121
244 155 910
145 101 140
55 274 245
313 238 296
226 81 276
248 226 739
131 304 239
223 289 260
37 368 585
285 364 111
135 169 533
290 59 253
165 300 666
141 279 611
329 105 1
311 97 323
113 273 874
157 367 196
139 173 228
132 246 865
151 148 87
257 297 538
49 330 782
249 333 915
326 185 454
124 59 906
55 250 195
41 176 354
73 50 420
47 222 226
197 181 414
93 109 666
113 67 51
213 297 219
161 255 12
43 163 431
317 205 206
139 355 22
118 17 945
170 303 185
185 263 570
337 73 203
139 241 127
186 43 814
321 245 92
