861 4017 241
232 799 169
279 511 734
43 326 294
92 430 782
823 323 510
83 287 171
603 614 911
601 247 259
537 805 791
124 232 124
82 298 867
370 554 333
97 157 589
509 288 133
289 393 243
77 100 159
275 349 756
498 382 194
489 645 891
288 169 175
49 52 485
379 516 698
857 580 222
1 156 870
259 452 642
321 475 560
259 397 475
1 33 110
159 326 405
94 539 411
67 463 734
652 527 184
379 346 750
697 471 289
28 813 505
301 274 235
468 605 795
85 471 714
80 504 96
91 106 212
31 730 551
178 401 570
126 447 616
258 392 23
442 433 100
426 535 684
268 221 847
400 736 27
208 203 745
442 378 521
80 506 791
169 696 530
646 761 140
158 271 896
463 217 157
169 130 439
347 456 960
69 632 109
88 250 582
128 213 728
555 378 115
10 427 411
367 512 860
247 71 883
379 344 63
666 688 205
668 749 960
679 242 960
281 255 232
546 236 891
305 211 119
280 554 442
398 788 103
707 515 758
49 678 785
566 410 523
459 768 963
118 77 834
237 357 703
100 496 994
140 507 879
317 662 95
637 163 906
767 403 377
746 389 917
266 818 942
365 439 908
331 683 475
736 707 129
197 63 350
63 404 880
855 470 974
7 139 353
796 546 604
782 567 80
655 778 278
301 8 348
219 337 11
282 768 326
72 179 215
268 274 300
152 370 513
526 453 788
340 648 775
560 248 228
179 423 597
151 498 891
153 62 537
204 334 318
679 43 404
420 175 597
606 237 953
153 462 727
48 596 460
555 781 852
826 334 113
449 824 872
50 118 915
351 403 486
315 850 192
823 822 756
7 89 711
544 29 337
274 337 189
385 661 339
16 246 577
178 722 883
220 322 156
58 220 502
153 319 267
181 500 172
241 186 539
208 393 633
229 315 928
57 589 319
480 451 813
498 820 361
103 377 31
192 757 355
722 301 48
33 687 466
9 269 748
414 771 719
1 257 578
106 316 512
163 343 192
400 292 154
786 816 417
815 599 219
670 706 427
217 780 312
566 264 586
349 605 105
589 499 649
712 289 828
188 211 999
523 1 450
131 730 450
519 274 162
247 754 81
205 427 77
723 607 564
808 85 975
546 385 751
148 673 23
117 177 10
610 120 332
197 295 944
461 729 594
673 223 34
513 46 506
11 751 321
766 229 862
449 841 749
751 437 668
249 302 327
169 5 118
401 38 897
316 502 242
12 67 250
469 797 326
287 10 619
330 187 208
160 419 433
709 514 97
36 315 655
29 845 135
40 305 309
573 208 220
36 44 871
388 376 219
475 493 401
291 12 284
246 708 524
292 818 119
571 792 952
358 4 417
470 358 168
525 841 856
190 589 334
411 170 676
227 303 610
435 684 579
352 589 901
4 102 116
309 735 823
396 710 448
25 148 437
1 514 80
229 472 213
550 289 451
82 811 852
183 297 720
597 387 164
102 365 406
167 543 291
469 184 307
533 64 249
745 736 946
274 789 305
253 270 339
4 302 22
331 376 762
175 835 243
8 14 988
256 580 801
148 490 892
181 199 524
577 136 919
90 684 339
37 575 325
240 351 932
540 81 10
364 721 797
282 204 713
379 52 617
672 57 998
559 295 916
439 835 469
416 841 927
335 286 593
6 142 810
28 21 25
75 804 746
709 659 83
836 153 267
856 298 543
202 76 499
721 283 969
212 524 982
441 403 854
102 178 455
348 447 652
688 446 614
778 649 903
73 172 518
62 658 709
247 384 79
196 394 490
465 553 129
89 679 789
163 281 995
730 718 578
389 401 468
230 78 659
211 313 661
121 313 958
748 520 577
821 216 431
791 337 506
262 341 548
1 10 596
554 119 505
591 683 387
780 43 111
229 507 737
324 661 252
15 27 663
505 687 661
58 304 178
208 500 971
541 659 439
141 526 360
631 18 510
121 262 162
817 773 891
112 15 163
16 822 915
335 640 627
12 19 75
526 813 16
685 316 714
819 274 443
6 216 135
76 327 862
752 200 453
79 727 338
617 751 302
387 427 265
355 425 171
512 1 496
50 558 602
821 578 908
435 298 26
775 296 325
87 190 677
365 798 765
157 757 910
251 175 222
715 634 619
67 169 211
638 584 229
136 182 858
850 575 234
814 649 870
530 687 498
735 831 28
312 237 628
97 265 468
600 750 906
358 103 576
20 34 537
547 622 476
558 206 503
739 508 454
727 126 294
463 427 829
93 243 178
150 554 422
829 292 849
169 610 494
549 457 70
243 597 428
546 643 744
62 81 178
7 30 580
694 544 213
799 698 442
730 767 948
359 66 630
377 841 143
560 618 933
681 234 48
508 463 335
74 122 833
150 624 12
664 35 698
828 649 733
379 178 563
1 258 131
120 665 150
357 571 746
475 94 46
172 530 242
784 435 786
830 715 5
215 415 551
623 455 533
379 358 538
20 36 718
25 715 939
323 1 465
795 835 412
140 190 227
346 337 622
740 806 4
209 390 394
226 622 401
277 562 988
319 445 476
601 727 527
604 744 546
376 140 323
236 280 935
400 785 433
781 63 960
292 850 752
355 62 451
586 839 61
360 828 807
491 183 239
160 565 236
53 137 947
239 386 468
205 365 183
296 121 1000
345 176 765
331 526 6
124 488 618
559 764 449
452 388 455
72 64 927
448 699 575
353 600 341
846 631 690
385 63 874
197 494 625
561 791 985
19 832 996
782 394 415
17 711 126
288 463 606
139 184 276
85 512 587
14 382 225
301 589 484
153 338 36
277 793 349
2 46 129
301 1 259
316 225 86
810 58 595
13 380 684
262 763 313
470 52 4
810 228 887
367 547 791
4 8 652
307 169 142
177 438 576
4 432 696
427 310 168
196 547 450
260 676 442
228 639 673
81 173 702
198 225 906
463 187 528
757 367 143
587 758 820
559 406 833
94 427 327
787 831 757
407 423 687
400 44 876
85 607 963
852 757 468
47 805 974
240 853 931
7 87 530
571 616 135
31 58 174
152 26 803
556 452 251
547 539 679
143 361 261
68 214 872
115 125 602
124 742 329
197 657 72
388 832 548
133 802 68
480 497 984
106 109 347
499 610 801
267 400 678
336 430 231
57 650 803
157 685 547
679 310 983
157 36 39
42 40 175
59 379 160
428 575 626
535 91 668
190 727 608
1 504 911
757 1 165
526 772 827
746 643 326
3 563 597
855 736 310
49 295 596
302 719 969
1 673 151
799 751 213
757 712 166
159 615 510
62 75 509
165 772 989
190 49 913
469 474 162
278 291 523
45 383 112
345 479 836
150 748 174
784 148 193
208 336 836
449 698 903
709 267 930
138 287 1
805 64 318
238 379 329
41 83 246
642 790 635
136 694 580
693 323 304
511 218 288
589 372 875
836 4 967
187 562 235
539 197 996
553 616 924
56 86 278
399 510 995
385 36 445
324 546 974
366 743 198
731 187 240
216 240 23
820 652 278
31 367 209
400 187 313
736 364 857
420 22 513
561 799 621
469 561 760
379 616 370
28 469 714
226 616 894
601 343 1
463 778 401
678 302 567
87 438 892
442 630 188
761 335 762
691 190 327
175 22 238
197 233 764
688 772 677
33 428 166
33 135 421
250 518 779
221 232 969
774 778 202
330 860 804
70 76 470
391 769 435
65 459 21
494 340 207
153 506 154
554 78 294
503 614 949
81 91 202
622 391 959
326 86 123
25 188 869
134 811 791
197 15 423
221 372 186
603 190 862
61 213 614
202 326 490
534 232 564
54 142 447
751 629 343
503 736 945
412 133 981
246 728 708
67 551 434
461 183 804
640 751 757
78 442 89
742 442 863
350 320 705
197 560 762
69 291 133
583 222 40
133 271 817
253 505 804
33 49 950
586 799 519
505 225 315
219 632 346
31 404 697
247 569 690
586 802 934
676 538 958
478 559 850
493 229 98
631 85 648
393 795 405
612 22 540
835 694 537
50 256 995
819 541 800
573 719 752
541 146 594
722 384 89
294 348 694
755 370 658
17 9 778
229 34 837
835 289 541
701 120 856
414 61 911
14 112 412
466 600 422
591 525 821
46 409 919
151 662 487
529 628 447
12 382 322
481 186 696
687 35 289
49 797 737
310 344 106
407 676 176
522 178 980
357 452 389
221 588 619
105 132 298
811 439 414
369 444 340
268 88 55
343 380 988
584 232 795
717 478 520
734 596 497
100 764 846
360 460 261
757 565 222
206 65 460
343 314 665
106 547 931
259 233 73
57 141 584
848 78 460
1 724 458
180 849 530
54 306 779
383 414 156
4 157 589
250 493 292
853 73 608
423 771 581
798 265 796
853 565 553
307 553 163
493 850 945
430 655 491
236 529 478
610 115 248
332 467 429
274 558 856
456 38 835
657 163 123
85 176 71
102 853 826
853 595 167
673 317 605
814 310 583
81 108 260
199 799 417
820 239 808
166 72 269
407 740 811
39 509 429
242 403 296
217 473 691
52 229 555
352 400 195
249 617 925
364 582 244
493 743 885
720 197 297
536 590 182
296 168 299
316 793 714
280 619 412
477 58 264
494 113 62
266 669 522
232 685 315
115 347 713
127 246 812
239 190 264
83 375 269
1 59 865
160 312 672
281 134 680
58 103 214
582 703 903
82 601 571
463 574 42
3 715 665
34 470 800
68 720 548
625 837 858
329 377 715
707 337 922
817 596 63
349 619 574
176 108 60
604 637 583
835 67 462
517 576 795
459 364 451
608 225 325
414 5 256
629 797 76
735 762 464
377 450 209
287 262 375
34 502 782
811 726 22
760 272 898
853 718 47
443 563 87
428 531 546
164 659 809
729 134 458
361 358 605
388 24 167
191 513 126
40 760 855
841 304 719
421 101 879
788 590 938
44 519 239
848 821 110
382 113 69
73 758 299
241 85 319
764 372 539
354 640 298
495 557 485
220 206 866
606 592 398
394 677 775
88 596 226
234 612 136
813 262 72
634 165 390
706 577 206
668 802 511
221 631 636
331 460 752
307 436 590
653 19 16
412 723 927
417 736 108
96 204 889
253 856 878
708 654 505
94 841 562
211 178 916
504 169 762
497 196 558
598 124 508
566 701 134
247 581 860
202 9 260
592 506 660
473 777 169
619 847 480
298 274 633
217 817 613
647 239 766
83 351 297
134 572 424
90 539 321
107 185 979
22 851 910
612 454 47
36 397 403
652 311 868
205 823 879
34 144 107
56 82 692
645 360 487
580 351 883
9 600 546
611 288 923
23 215 445
45 104 162
310 610 942
128 790 967
271 664 819
138 46 902
274 406 983
259 707 528
37 808 705
389 606 711
172 538 657
96 315 689
299 580 181
643 427 851
37 559 193
507 119 241
86 539 970
349 178 374
597 212 263
90 716 172
248 448 583
41 52 826
829 43 504
468 841 245
316 368 215
448 43 671
94 93 871
195 841 56
247 625 190
295 575 91
694 594 860
161 300 492
1 319 223
106 221 320
669 448 133
796 62 981
380 589 289
729 231 164
743 254 574
86 607 448
8 156 372
526 289 874
165 176 309
546 771 388
291 299 889
312 847 17
245 109 715
475 253 948
202 352 48
70 283 498
202 1 961
172 730 443
253 400 946
352 418 414
66 666 102
757 631 191
288 145 674
11 35 859
844 460 263
589 36 92
568 157 207
126 244 368
40 851 940
828 665 849
340 537 376
688 430 144
37 85 950
571 247 234
63 457 685
262 642 719
8 234 69
309 379 309
288 121 267
421 649 212
462 298 877
836 253 19
335 428 755
42 209 843
141 421 848
827 568 33
58 351 353
442 687 854
58 613 218
313 378 280
781 565 879
635 686 487
648 664 655
57 786 47
409 703 75
575 524 195
785 288 274
459 448 79
184 736 952
858 410 720
784 520 16
127 62 557
136 786 462
153 191 209
148 87 923
347 478 386
196 616 273
25 97 20
246 599 360
826 626 683
768 766 922
136 604 368
463 577 681
472 703 876
380 421 147
124 724 479
505 514 400
424 28 325
481 142 649
669 382 404
12 66 392
545 258 859
241 445 103
190 491 137
650 593 134
13 277 151
736 611 658
454 288 214
97 478 551
534 760 326
218 616 746
358 64 435
590 376 472
244 100 711
358 325 447
550 560 869
178 568 239
281 605 131
652 547 225
13 43 800
616 124 496
8 252 672
293 428 282
778 860 766
6 234 694
95 108 286
225 658 337
70 110 353
503 50 334
184 776 184
793 463 104
834 256 895
285 629 497
42 262 389
705 239 241
237 674 739
218 705 666
569 141 371
223 493 68
829 742 232
337 567 396
186 841 175
197 810 815
713 829 83
547 739 851
853 338 936
94 103 703
744 575 260
169 653 739
112 268 193
184 238 621
330 465 75
56 146 683
832 477 909
297 465 692
313 254 615
700 324 548
706 427 604
834 184 506
319 634 176
441 551 769
42 558 503
398 112 291
517 127 853
279 858 204
469 571 109
96 295 827
609 37 948
57 362 534
169 220 106
617 594 356
659 64 345
288 61 768
361 769 998
58 292 293
229 805 515
182 15 848
285 327 392
325 643 5
568 632 299
89 569 921
172 819 327
799 17 443
349 592 140
37 821 281
337 203 562
169 309 909
238 466 900
35 79 530
519 414 219
193 589 740
673 544 937
202 705 981
181 44 705
85 617 193
523 242 585
754 352 838
378 259 290
37 206 296
841 471 701
806 406 180
76 376 287
16 451 978
376 498 432
32 48 284
545 619 198
226 703 219
796 308 862
243 450 320
179 849 765
349 748 539
170 259 684
817 301 941
139 424 319
729 178 584
232 478 573
691 465 809
233 652 325
34 799 91
80 314 392
349 539 584
471 758 550
1 403 32
752 814 912
535 753 401
570 57 743
57 501 195
1 127 181
206 340 383
439 625 235
178 752 995
588 512 216
571 760 197
149 852 377
85 354 799
7 62 153
199 247 214
245 371 210
491 714 539
374 402 539
471 294 274
179 286 277
403 60 895
786 160 896
97 743 608
112 154 986
732 307 839
1 231 232
736 274 941
410 856 427
213 722 805
512 72 639
155 423 310
766 278 48
310 229 280
239 648 652
274 364 619
510 49 104
343 649 91
397 477 512
19 167 476
9 26 275
814 182 172
421 277 992
112 260 339
528 28 368
314 91 88
94 178 947
231 309 487
370 275 500
148 232 103
360 314 239
147 153 878
463 253 679
785 79 69
67 70 196
477 598 390
579 680 179
614 21 914
160 285 258
346 43 508
735 208 627
139 343 25
225 701 973
293 490 964
604 787 193
190 155 289
596 724 994
325 694 377
718 249 804
631 526 80
481 332 228
188 538 415
160 596 777
73 723 984
76 466 810
148 32 514
312 374 786
65 367 521
657 509 37
400 49 687
274 145 566
637 426 672
19 341 939
40 300 453
568 47 252
773 116 463
40 513 625
232 628 410
47 711 776
445 280 417
11 251 71
5 95 495
155 540 215
64 552 130
170 557 507
5 331 458
6 860 499
219 545 770
32 666 54
532 546 577
85 437 391
631 322 769
134 780 763
535 184 149
755 358 135
380 728 494
183 437 731
1 746 786
29 479 687
317 245 181
553 505 426
553 258 55
52 742 936
390 256 908
44 736 896
316 588 480
679 148 811
436 455 886
421 593 7
264 352 447
532 55 689
215 520 864
106 203 374
832 496 45
241 743 12
370 327 905
742 673 135
508 775 361
507 141 511
562 561 341
64 253 229
748 827 276
1 6 945
402 861 168
143 774 331
386 379 287
550 561 776
857 221 670
680 855 99
111 655 377
535 331 657
742 91 556
799 277 899
106 274 487
71 235 170
695 477 382
529 448 648
577 457 592
732 221 700
641 800 554
726 769 947
361 78 939
622 736 861
529 684 677
700 238 150
643 184 459
420 832 372
582 250 541
24 112 531
217 799 898
481 736 802
747 463 525
173 320 200
535 613 687
631 636 77
745 124 697
715 41 927
382 769 92
461 549 160
366 353 390
173 654 538
403 307 664
245 533 815
94 610 541
721 685 20
123 848 536
801 193 859
173 451 571
92 257 14
439 715 581
499 15 797
289 813 88
613 769 830
187 32 975
56 407 266
377 733 185
149 571 665
302 448 190
571 665 178
169 274 637
310 844 152
74 731 949
530 799 982
78 156 753
719 843 925
13 248 179
850 844 928
463 267 180
512 200 328
790 13 485
256 577 774
214 153 432
149 421 953
688 565 180
69 778 811
187 687 436
631 799 138
631 79 412
258 739 626
193 571 859
624 679 96
794 657 395
180 316 508
743 733 514
75 418 825
337 739 306
184 705 908
532 575 622
532 291 465
286 691 851
250 379 847
559 394 196
412 826 236
238 144 53
286 414 686
159 295 360
40 121 646
291 496 278
732 129 171
637 77 847
340 64 91
56 109 41
621 310 141
500 653 486
457 495 531
13 565 615
666 254 826
814 489 950
280 403 380
23 47 979
199 223 123
459 555 534
630 337 275
803 835 137
575 808 772
421 800 268
22 754 880
309 148 335
219 91 825
776 541 129
106 98 376
221 575 209
558 511 323
253 408 630
358 155 801
211 448 402
361 70 585
242 631 589
436 556 886
558 198 666
36 766 10
438 519 335
745 183 556
232 826 995
720 774 812
308 778 146
643 190 740
136 352 815
257 638 571
703 841 195
128 64 655
616 106 760
175 784 36
782 220 792
97 697 215
83 316 67
43 385 58
531 821 190
637 707 723
293 176 123
766 589 83
758 842 753
45 817 508
261 406 189
297 356 85
304 564 754
415 368 647
750 430 847
735 41 378
481 19 589
558 101 449
337 411 180
79 744 182
685 319 688
652 469 844
649 292 234
49 463 370
712 664 911
22 688 330
364 451 782
16 25 290
256 454 692
325 622 655
169 796 933
119 468 80
833 707 734
816 739 860
801 762 602
276 260 370
680 433 525
288 625 867
827 616 387
820 308 782
85 575 448
112 691 250
307 514 870
293 592 143
419 14 792
218 638 356
855 328 894
286 113 798
70 93 414
78 430 421
288 379 816
607 61 953
64 382 355
316 430 855
652 42 304
205 439 430
73 94 188
411 222 330
717 247 675
178 464 758
408 544 366
40 265 851
64 190 332
383 283 4
347 343 370
685 379 436
724 821 314
841 585 237
129 235 925
305 80 603
487 690 500
309 58 52
271 272 73
164 135 274
316 452 490
514 424 35
633 464 373
844 755 289
329 176 704
409 78 608
382 519 26
571 715 167
518 493 724
665 647 122
63 812 192
809 821 272
676 818 406
181 226 637
821 23 290
493 314 54
98 655 808
113 701 281
692 415 550
25 117 496
627 456 447
861 496 585
598 673 612
771 179 451
36 756 932
685 726 726
1 718 452
477 73 6
11 739 493
55 106 54
624 238 394
763 799 532
589 154 441
339 124 835
42 206 532
806 706 592
617 819 98
325 631 601
389 461 292
647 750 335
644 478 210
785 610 16
427 9 461
175 121 560
681 16 398
241 284 669
466 420 436
733 272 93
215 792 652
521 595 696
253 421 982
439 452 625
563 595 425
772 273 634
203 246 283
537 103 693
204 649 341
715 370 430
491 498 568
714 706 929
206 448 50
79 5 980
307 592 84
267 855 258
160 820 272
319 386 144
708 498 711
4 388 189
727 333 549
21 71 603
620 77 986
343 460 854
574 466 739
421 329 498
508 685 830
91 307 965
169 275 793
223 22 234
685 4 751
300 538 321
72 426 834
241 330 370
303 827 807
274 631 53
338 565 69
252 294 991
699 721 108
390 199 230
82 505 581
28 358 475
79 261 145
522 547 8
777 838 514
17 41 56
295 850 720
377 800 966
552 529 689
465 593 97
288 762 757
358 390 786
400 106 188
730 417 471
472 725 787
211 654 935
148 780 929
139 415 959
175 688 373
451 631 512
82 589 763
660 430 71
493 695 267
186 194 896
23 92 138
372 382 205
241 381 576
652 1 378
52 43 838
171 575 530
788 811 720
19 512 415
147 206 852
67 136 519
419 761 462
469 297 662
309 359 883
454 559 535
101 472 787
859 793 453
107 425 553
113 851 359
607 123 926
816 352 871
232 739 804
313 594 93
493 843 283
726 67 69
304 820 555
772 781 322
373 354 572
266 206 9
687 153 133
832 424 952
640 674 921
160 718 252
709 354 504
47 143 631
55 148 246
610 841 978
729 465 848
76 374 152
204 491 660
40 340 879
799 771 505
442 463 752
167 799 201
667 405 88
165 484 812
163 92 704
851 827 676
808 705 796
149 628 882
1 2 127
500 586 877
441 797 712
415 183 839
231 671 388
71 769 965
577 13 29
673 727 551
312 773 41
421 378 312
214 655 46
251 193 386
855 31 677
707 165 557
379 22 109
706 292 27
377 382 610
133 535 181
490 391 11
694 157 871
1 4 794
14 37 371
782 85 535
176 691 52
373 694 892
213 222 454
704 840 267
373 169 612
37 558 882
729 212 685
97 129 354
454 418 850
289 100 127
477 690 676
271 160 360
31 201 393
806 112 306
127 57 232
811 204 868
802 742 3
248 169 102
42 660 888
835 403 994
756 313 661
820 169 81
89 6 926
411 453 465
124 850 960
269 250 635
194 673 151
478 790 419
4 678 334
839 270 421
668 378 207
727 104 578
547 465 159
109 433 191
632 343 715
807 857 958
7 21 248
111 430 415
150 440 16
271 466 766
647 800 787
628 832 620
831 127 798
99 801 646
139 263 224
58 330 829
501 700 389
748 526 922
63 801 157
207 422 22
321 546 998
369 223 2
736 265 753
231 574 27
222 300 684
783 1 601
47 489 711
196 299 731
861 706 332
739 742 924
179 263 322
425 694 31
40 664 426
557 736 484
137 853 648
245 174 431
540 638 889
421 74 705
288 697 346
805 503 686
722 302 779
71 211 955
105 701 180
635 88 396
411 460 120
337 834 183
664 85 741
842 361 970
354 391 647
601 176 807
589 285 413
193 308 849
259 724 750
634 659 6
244 328 114
588 475 412
737 715 394
755 757 79
46 598 844
427 478 454
214 127 305
358 33 28
487 290 575
751 532 652
729 252 191
155 381 10
355 190 497
15 214 927
295 308 283
805 780 831
19 799 184
820 447 105
329 452 990
281 57 121
93 424 672
178 778 776
752 654 929
46 77 364
165 13 16
218 501 773
562 484 124
474 92 421
637 56 328
42 356 162
436 432 653
469 197 718
610 784 850
764 375 163
40 587 525
814 463 742
421 795 82
530 354 891
5 168 60
316 453 17
317 418 489
193 778 343
484 583 573
271 563 195
296 766 843
861 573 523
724 73 613
723 345 440
471 575 698
1 370 115
367 178 572
827 192 749
404 825 62
331 615 613
780 142 916
216 226 364
796 258 772
780 70 313
232 434 843
133 183 943
860 534 614
422 611 73
346 517 628
380 96 633
185 219 727
141 739 238
746 365 451
680 525 714
73 425 300
561 150 661
184 37 991
277 104 955
56 68 119
531 457 197
57 97 549
324 451 357
49 313 975
298 147 595
729 751 1000
643 382 419
756 86 480
616 657 189
71 776 352
631 529 604
22 35 305
51 131 290
665 854 179
757 691 140
81 335 390
36 746 698
29 279 735
766 639 833
153 654 143
617 575 221
753 289 997
127 739 30
261 24 164
631 92 626
496 170 456
456 255 401
729 304 533
15 358 913
466 552 900
789 379 691
345 31 173
78 786 335
428 566 2
764 467 98
235 675 343
79 603 52
11 255 972
57 183 435
704 169 779
137 436 833
354 202 65
777 623 731
113 549 513
271 819 724
687 1 222
715 812 429
446 163 908
664 583 66
4 502 634
172 388 833
737 337 938
811 407 782
277 244 492
694 388 965
134 859 238
390 259 348
724 118 725
614 307 489
628 393 970
748 575 328
861 239 993
40 91 851
286 548 16
151 342 911
136 242 722
276 416 299
66 409 549
63 633 330
390 217 463
168 740 936
490 153 498
379 617 583
65 671 352
536 781 459
247 708 953
483 79 361
762 505 956
490 712 750
557 643 20
674 541 584
213 846 285
33 165 965
821 554 182
31 274 459
4 7 251
37 366 277
406 340 681
631 300 456
505 494 354
23 192 946
666 565 957
579 610 118
22 120 883
439 781 846
493 613 671
257 385 110
518 123 403
654 274 125
367 245 353
71 134 402
673 370 812
739 634 152
833 169 200
478 721 7
605 580 760
242 753 396
178 309 50
767 165 178
311 826 697
166 236 404
88 651 74
376 417 455
274 154 335
854 799 533
1 622 213
125 475 488
206 806 815
755 85 587
730 658 883
449 722 33
67 189 342
750 328 22
70 799 996
236 381 27
297 545 592
166 597 865
53 237 814
232 676 148
124 782 648
704 313 19
320 571 672
325 641 767
274 599 766
252 556 94
538 64 100
270 466 704
844 841 743
8 17 431
418 143 383
591 586 685
381 484 167
54 67 470
61 134 78
229 776 909
338 102 340
463 538 122
73 107 525
162 238 635
106 659 134
169 301 297
503 1 888
490 208 194
454 510 597
634 791 247
261 386 746
505 665 330
367 553 545
37 123 882
620 64 782
535 24 272
94 372 965
375 413 708
364 94 578
31 622 458
121 385 478
775 220 555
484 90 72
781 37 304
136 367 659
588 575 737
799 673 691
552 185 922
708 533 497
52 725 813
10 581 694
844 805 209
246 511 760
100 160 600
841 183 770
369 581 199
594 855 565
33 749 589
205 523 397
382 230 85
370 353 930
58 446 433
220 542 21
425 150 831
787 819 573
635 189 649
150 825 563
19 147 760
227 250 768
268 333 199
365 729 300
641 148 40
110 656 506
400 619 107
94 334 646
21 78 468
760 243 776
1 413 764
565 418 864
155 619 460
204 631 222
631 41 75
22 56 240
500 698 650
106 430 963
316 403 113
673 818 753
817 211 9
317 656 869
515 1 428
184 239 769
692 582 883
425 612 61
436 265 673
7 74 793
100 243 869
412 802 917
845 169 700
1 399 805
188 272 923
63 642 377
253 8 779
457 570 223
855 278 606
539 206 815
42 680 106
85 226 8
121 151 888
753 124 265
784 561 248
490 407 953
84 699 402
106 136 283
18 823 682
159 603 692
583 169 558
673 57 223
240 452 90
328 797 439
646 577 425
36 167 215
439 64 558
853 855 18
106 29 795
67 631 615
594 229 342
116 421 188
130 387 312
256 139 220
323 694 352
421 139 811
823 98 101
386 365 20
302 530 19
4 13 889
33 151 783
670 787 778
547 448 687
736 827 999
568 337 290
48 289 205
787 547 202
104 705 163
13 16 383
752 482 28
289 173 840
834 537 679
470 135 288
171 425 720
31 154 243
85 770 946
131 556 341
258 222 176
268 837 507
42 205 813
340 815 62
493 15 123
5 9 94
444 169 490
230 485 559
785 475 533
88 91 701
8 124 540
122 630 667
523 625 829
74 679 769
35 236 994
183 697 729
211 751 171
12 68 768
265 493 117
535 377 427
61 463 579
818 220 923
761 197 855
538 570 567
13 25 211
43 41 537
743 202 490
18 426 229
158 434 539
106 280 561
823 769 550
478 358 177
469 487 734
494 395 582
295 852 482
22 53 954
100 728 24
391 499 866
778 426 139
484 390 542
107 183 314
197 191 625
857 124 607
577 541 25
487 785 845
371 570 162
638 219 392
741 848 133
307 778 178
187 127 47
740 355 518
564 343 86
589 283 280
736 575 989
10 87 547
632 141 651
78 400 993
173 717 541
43 818 69
530 362 800
764 148 674
652 687 318
589 19 683
778 169 890
589 198 276
15 826 873
621 220 5
553 845 772
426 436 661
687 268 877
106 827 730
637 792 722
3 433 426
229 601 784
320 419 284
65 602 609
319 855 11
773 471 610
110 493 95
190 737 214
406 302 389
707 589 5
190 506 12
520 229 86
190 175 103
622 33 258
421 742 913
701 244 863
250 771 940
142 88 402
551 754 14
244 771 451
449 741 23
835 667 69
13 148 934
412 797 964
848 346 594
460 479 249
211 610 24
546 207 852
265 266 285
155 667 626
556 302 17
652 252 93
493 50 139
513 313 618
286 1 500
178 207 885
103 193 181
625 673 808
628 349 267
736 694 723
97 82 801
43 209 901
774 91 67
208 646 274
34 739 753
217 737 870
261 271 784
348 247 962
519 323 26
806 342 453
526 256 583
250 275 664
172 432 390
199 197 647
133 479 45
598 474 417
499 148 888
427 673 363
205 563 832
145 1 556
147 467 51
790 379 893
391 244 906
408 835 180
85 418 129
466 844 350
425 755 837
337 454 351
431 121 112
687 631 733
313 545 231
191 205 943
686 65 817
516 97 778
610 446 804
400 153 530
217 98 839
327 371 245
403 206 146
167 323 238
750 396 629
854 135 804
519 751 687
844 640 952
67 736 488
50 190 170
687 695 919
422 415 796
637 561 764
88 501 647
493 734 382
162 391 281
819 790 23
314 62 741
478 382 464
484 698 38
578 595 479
439 503 982
118 400 538
723 624 535
828 193 468
148 589 641
208 277 466
208 190 688
348 322 245
634 111 460
470 3 5
537 604 767
37 479 877
294 22 87
101 652 142
17 99 513
37 593 535
751 288 351
89 778 896
583 289 860
148 151 933
494 218 35
484 578 612
472 595 181
85 295 235
769 30 316
525 664 280
151 340 453
803 589 170
637 554 511
407 411 910
250 331 255
554 695 676
771 37 300
657 410 498
166 295 997
638 23 821
27 447 70
342 548 607
860 22 303
123 652 299
841 547 551
833 484 104
697 307 927
493 550 289
167 566 379
139 554 70
225 850 139
505 283 935
610 430 768
199 432 433
3 5 962
213 16 250
47 273 921
588 50 337
279 223 182
379 541 717
19 526 364
342 726 791
439 394 531
575 106 367
455 837 829
367 1 622
253 435 948
421 466 616
553 635 868
162 834 271
322 206 329
804 858 646
824 141 841
631 151 446
288 747 664
487 449 603
29 45 438
205 819 194
505 35 984
160 790 404
73 145 387
1 442 388
229 844 1000
250 813 428
335 316 511
146 202 181
205 239 865
22 723 867
650 200 789
1 28 464
585 437 941
337 736 36
100 118 568
42 424 835
361 823 5
440 268 395
709 12 599
46 610 135
151 195 769
601 802 600
661 834 33
289 607 65
577 310 151
225 406 327
309 521 54
778 793 930
235 579 178
61 738 182
602 53 287
133 787 24
21 186 942
22 484 456
682 146 655
40 742 704
42 591 513
406 561 17
810 82 818
457 533 676
566 155 207
57 146 122
248 860 879
57 809 518
109 622 132
801 821 422
213 400 487
47 526 988
707 86 395
81 353 943
811 329 9
787 271 136
22 718 897
55 688 335
3 23 924
229 709 746
238 305 119
36 636 154
451 710 90
424 182 162
87 157 784
691 202 472
691 676 48
235 204 997
804 642 839
217 332 585
827 67 12
7 767 789
373 407 622
475 765 113
71 590 708
357 370 112
257 497 659
736 462 257
467 611 715
845 168 181
733 622 959
331 828 512
694 739 459
854 223 484
157 784 252
43 22 604
842 821 527
848 410 472
688 241 45
61 409 934
162 182 451
384 481 837
185 145 916
623 685 321
27 796 614
364 77 402
676 559 952
343 576 311
19 253 449
499 835 174
598 787 741
750 384 840
232 47 565
64 269 566
561 296 807
232 674 532
466 364 981
743 740 339
508 538 918
820 469 420
60 582 101
816 736 291
390 805 157
364 70 350
203 293 605
29 55 210
97 696 162
503 373 878
546 313 902
403 617 146
842 748 457
45 341 917
691 442 303
709 196 514
26 124 259
219 224 931
334 37 570
130 694 68
574 666 684
246 102 947
317 157 2
127 271 273
500 745 748
16 589 172
564 136 706
694 560 114
424 175 76
151 431 498
749 32 218
270 463 863
20 170 719
507 391 666
1 642 121
243 441 842
694 514 993
224 774 385
169 267 826
185 485 712
584 124 737
191 364 172
755 49 164
183 48 316
91 501 906
2 282 211
32 138 953
381 453 613
769 79 895
383 594 992
239 25 184
283 45 731
561 400 511
117 373 32
159 196 999
33 443 667
219 136 990
806 474 443
1 421 105
9 333 671
613 337 969
364 226 640
801 211 782
256 480 846
91 96 823
809 247 957
505 629 143
297 614 986
509 515 265
839 778 472
409 67 805
375 34 192
252 855 624
226 76 799
772 802 626
556 190 296
496 350 699
694 39 147
295 336 654
247 124 623
795 856 603
79 306 417
535 445 962
172 232 120
757 326 498
740 819 625
850 370 514
452 701 385
662 555 628
213 466 418
40 217 715
117 301 630
202 659 558
638 234 993
712 625 816
571 22 108
755 830 25
120 493 160
854 91 813
626 316 29
843 469 303
790 855 874
223 816 7
615 856 507
316 724 499
326 274 977
346 294 880
729 554 558
656 376 672
827 355 464
505 448 440
106 241 692
238 554 192
133 644 29
92 206 694
82 841 120
39 706 240
92 43 190
634 846 401
796 419 113
325 735 856
715 567 769
120 499 769
239 507 539
11 111 446
17 621 998
255 525 246
399 2 122
517 157 150
1 855 49
617 385 61
58 454 434
383 623 967
355 187 258
265 806 676
248 484 171
493 331 71
457 270 833
113 169 800
178 563 728
296 475 195
755 229 307
172 199 128
50 140 622
171 272 504
352 690 552
151 811 448
701 493 773
335 672 862
444 562 600
769 458 296
247 304 193
796 57 895
712 238 75
454 182 782
127 630 104
438 99 767
544 407 504
814 289 778
841 55 20
715 850 54
550 821 303
231 853 97
73 687 821
118 171 649
574 71 700
71 572 839
13 24 354
53 598 80
487 121 396
250 218 542
230 849 591
450 361 168
286 319 227
4 321 313
387 841 873
838 433 411
724 799 621
371 827 577
715 657 275
710 765 22
208 16 132
45 787 617
113 129 623
547 310 3
737 800 819
729 88 550
92 509 187
801 712 186
771 266 764
766 123 899
514 308 590
78 398 627
35 259 509
232 7 413
268 278 965
119 277 272
430 706 680
190 223 304
246 38 883
439 445 296
397 298 606
29 57 543
260 374 85
248 205 20
148 435 181
542 148 374
484 353 559
58 127 817
491 29 774
466 805 710
654 616 981
792 539 909
792 706 469
518 623 562
153 301 59
53 130 465
812 428 393
374 698 151
341 112 804
131 245 899
766 651 440
748 841 878
329 532 274
307 487 786
69 210 159
820 816 780
20 39 799
218 373 290
641 526 85
368 532 661
587 859 241
386 424 521
661 316 307
383 359 521
577 691 308
302 181 714
711 523 532
358 154 471
13 69 454
238 115 655
345 850 458
606 268 763
475 34 401
493 340 243
299 794 702
223 394 110
263 147 810
106 627 599
721 833 94
105 40 943
4 244 131
792 484 635
212 313 597
547 311 765
708 305 173
436 722 483
459 198 652
841 295 254
490 508 409
801 442 690
715 128 208
124 342 279
49 73 565
24 32 588
249 289 247
584 778 475
159 317 510
112 416 743
475 279 51
836 764 544
185 270 984
379 576 893
27 114 24
67 226 930
388 688 201
818 700 275
23 567 328
709 526 23
584 505 844
204 820 753
825 73 126
523 153 567
146 847 498
415 803 652
111 405 710
176 655 392
817 58 43
115 858 699
16 141 292
592 841 170
578 51 41
303 433 988
150 166 749
232 323 310
435 50 652
102 313 362
107 172 84
439 785 686
397 409 100
67 42 133
442 403 914
43 731 316
269 538 234
777 715 528
6 22 730
64 70 685
25 155 203
204 618 788
233 262 248
779 330 844
483 430 784
285 627 309
68 852 597
435 802 942
423 232 391
429 646 741
433 50 655
78 672 371
211 814 296
281 432 447
539 97 292
715 721 143
8 194 96
854 383 231
213 635 813
90 397 688
145 793 953
253 175 739
508 638 382
451 1 715
271 829 644
421 505 438
203 836 702
820 226 288
724 721 945
1 115 588
400 506 740
3 42 788
175 616 387
724 633 95
244 148 771
754 106 894
466 520 910
688 264 676
687 328 524
237 102 273
598 701 453
337 145 223
792 29 721
828 683 96
129 158 1
107 713 771
160 93 768
652 235 71
339 823 129
340 738 1000
329 739 912
639 271 125
215 163 575
841 235 646
553 160 607
509 31 405
498 346 862
267 229 747
739 88 404
108 832 747
715 190 513
79 573 132
616 344 126
206 155 275
327 154 886
506 379 41
626 613 613
471 197 280
706 400 158
384 827 299
144 152 830
598 292 42
691 701 484
68 739 951
442 178 597
704 475 742
609 316 883
545 316 747
627 568 745
600 401 134
104 190 855
487 19 405
79 814 965
337 716 118
279 737 283
284 389 40
154 388 137
151 651 881
426 490 631
463 502 678
169 316 416
183 421 757
829 307 991
509 385 253
104 680 863
57 454 466
813 445 994
90 811 2
175 817 895
530 606 887
364 527 118
64 176 650
327 700 341
289 839 14
67 126 437
841 285 308
469 34 381
527 782 265
275 502 322
692 846 481
217 638 151
55 766 792
170 175 143
168 283 88
304 274 296
403 10 943
750 106 496
418 22 912
408 814 252
689 782 548
816 450 984
173 339 380
180 841 537
300 847 165
655 841 88
115 445 73
710 197 835
274 739 963
367 554 156
165 247 887
580 387 145
571 232 382
459 522 41
493 820 235
611 536 794
698 744 235
818 303 426
199 254 212
596 732 579
211 254 403
43 5 356
73 370 112
52 328 823
438 626 786
400 262 18
210 340 221
319 300 635
491 478 659
803 110 292
595 283 282
298 708 140
101 345 93
629 562 113
142 743 533
413 151 976
719 371 600
176 762 171
148 238 744
568 256 831
554 748 647
461 133 977
281 176 133
515 360 296
490 4 214
241 313 830
477 729 591
80 132 829
205 264 33
241 673 718
367 488 107
133 502 100
388 524 674
232 529 680
597 321 807
127 357 504
537 717 139
344 578 662
411 115 510
181 586 120
381 550 103
748 838 402
568 493 202
267 518 895
532 97 484
423 823 361
97 586 352
666 310 346
613 556 470
491 101 260
332 337 452
751 726 547
121 382 682
200 352 216
166 330 711
469 330 688
613 229 613
266 589 45
846 849 284
39 286 992
169 411 17
395 667 736
40 164 972
701 729 261
313 209 379
406 727 641
31 772 769
834 496 843
751 827 154
712 102 414
789 610 189
122 286 294
784 627 897
544 422 215
539 722 756
175 316 517
820 197 970
410 25 232
67 793 578
749 809 666
64 215 968
400 4 33
820 676 413
67 176 584
226 52 512
16 149 791
302 657 121
799 113 68
303 454 590
233 534 905
343 166 914
90 494 738
35 564 76
523 109 62
781 638 315
379 43 785
196 242 599
775 742 248
237 375 229
417 676 394
117 212 417
42 64 767
605 294 27
245 268 106
715 10 441
61 454 777
604 835 57
111 457 914
226 830 82
193 454 384
155 242 486
580 484 363
414 411 63
739 430 826
629 133 875
594 504 451
451 315 863
22 817 773
19 775 397
19 430 589
846 477 936
273 329 283
75 377 111
91 849 425
827 113 381
261 463 431
114 433 177
247 596 800
137 529 197
501 741 161
400 212 449
198 628 618
729 504 795
11 40 373
754 112 320
168 444 912
232 49 920
288 557 790
99 421 252
739 561 897
114 161 632
798 248 632
721 421 883
219 103 269
379 277 511
652 424 627
728 71 114
497 703 562
830 405 742
79 175 391
99 805 102
346 360 809
105 359 226
596 190 707
799 439 536
213 352 321
673 463 385
160 615 737
113 414 130
623 857 844
94 223 816
526 73 700
747 632 724
806 49 883
616 812 435
21 101 38
74 608 898
241 791 474
715 324 297
834 361 610
462 120 518
357 463 185
557 379 712
368 265 946
739 58 105
335 127 623
649 3 845
155 747 85
51 310 443
366 492 237
85 332 438
546 757 31
246 71 331
571 610 693
166 298 813
86 225 364
415 637 882
533 760 596
620 100 822
500 1 29
264 796 276
388 682 856
828 721 881
433 490 840
1 162 378
731 325 463
23 243 766
178 682 725
620 751 122
31 176 961
416 490 317
64 581 252
15 301 63
241 336 404
415 116 696
610 821 455
655 442 21
808 627 68
405 515 380
400 528 502
242 571 201
146 198 704
43 207 519
293 354 234
181 563 710
35 67 613
180 402 835
302 110 96
588 203 873
24 38 330
160 351 706
642 463 512
15 117 249
832 180 185
85 560 598
397 47 211
255 706 770
519 617 537
110 227 499
535 700 554
33 93 883
808 610 946
283 569 507
463 860 386
232 13 126
194 577 86
610 476 241
778 400 440
67 766 30
601 538 657
432 808 214
8 680 837
677 693 761
358 318 94
190 421 838
673 400 696
209 260 397
629 733 346
205 844 208
604 124 401
317 232 263
565 190 506
721 754 334
531 534 548
145 739 215
295 658 586
100 130 956
85 614 101
551 10 287
391 699 191
262 295 624
592 214 801
25 509 605
49 121 410
322 646 175
102 766 338
1 31 978
658 163 668
813 331 284
344 691 343
754 811 64
442 585 847
112 445 226
696 184 706
423 26 526
154 264 449
38 133 525
334 183 272
124 43 80
685 481 76
613 143 631
640 573 434
284 519 840
43 220 17
400 372 282
707 385 654
89 201 870
442 793 218
148 165 723
690 770 454
812 467 347
252 16 419
39 838 415
607 489 897
221 490 242
132 707 741
826 707 410
43 82 91
41 105 922
358 505 493
801 17 41
460 853 758
538 456 585
349 726 500
481 798 73
733 127 380
82 88 932
600 436 712
569 853 995
288 362 972
764 423 980
188 811 393
455 704 583
624 576 5
74 287 421
106 293 658
127 37 411
556 809 504
652 64 442
295 199 648
329 1 449
152 7 869
40 170 402
616 524 119
580 647 425
337 823 430
403 796 280
131 651 731
226 217 83
481 518 284
104 213 289
368 535 814
190 125 12
766 406 439
260 801 585
441 626 888
765 775 198
586 236 787
418 592 444
537 851 737
400 445 942
112 173 962
316 277 847
127 409 294
587 199 326
496 568 581
763 47 855
11 50 133
720 787 858
759 148 930
748 160 690
632 70 849
349 754 465
57 236 603
575 693 934
58 63 95
133 187 490
475 528 145
631 715 735
643 364 581
399 771 844
439 134 213
688 502 446
474 476 784
29 12 979
94 673 293
529 436 590
858 556 685
844 247 821
2 3 513
148 445 560
89 4 280
265 160 341
533 781 565
64 288 965
268 511 181
255 297 902
245 803 287
271 796 21
38 544 53
668 748 46
201 311 916
88 544 904
160 292 200
228 396 884
249 578 567
318 662 454
657 759 60
184 207 725
208 338 943
70 84 155
598 585 895
616 286 127
561 265 827
345 460 788
766 128 469
78 501 2
783 250 385
328 148 656
34 90 974
481 623 947
519 555 796
108 540 808
43 629 7
261 325 450
115 203 259
1 67 146
10 35 863
127 338 134
686 453 900
523 3 832
486 601 932
810 57 678
580 94 607
751 241 906
428 791 487
640 253 600
512 784 331
103 673 507
621 333 629
267 350 530
370 256 880
482 503 621
286 124 686
367 460 146
145 364 736
519 448 741
77 181 836
538 785 425
635 367 937
323 272 370
769 193 244
197 352 359
453 702 534
379 407 749
211 364 488
159 624 808
520 804 680
551 584 736
827 155 554
420 766 626
247 769 858
511 568 230
376 851 193
633 40 736
614 655 301
510 253 48
55 208 901
118 232 287
141 310 119
407 739 669
525 587 328
780 388 582
57 532 169
435 493 742
800 136 371
15 20 897
430 761 203
83 342 764
507 346 760
603 171 871
331 454 325
629 10 849
209 364 390
283 309 623
302 484 280
848 583 972
313 263 199
260 623 233
9 11 618
495 307 611
196 253 878
328 667 766
43 289 252
386 125 188
288 793 164
370 229 485
83 456 454
391 835 215
167 700 41
57 549 403
349 661 813
427 64 547
799 697 585
455 714 843
321 617 180
293 190 660
760 1 777
559 422 155
19 235 148
600 264 347
196 411 24
297 789 247
793 304 83
798 839 745
335 396 711
443 419 86
379 142 243
848 169 101
336 11 524
337 802 826
194 381 21
619 37 178
765 310 860
42 184 720
83 218 830
306 834 712
47 65 80
163 380 472
273 816 677
397 439 821
441 256 909
169 384 184
148 694 950
216 580 778
550 100 738
419 731 552
315 851 439
238 769 49
851 516 132
652 69 479
240 429 148
46 534 9
52 532 316
449 51 740
77 583 900
686 169 237
148 223 917
857 638 877
751 187 289
409 604 788
281 533 753
479 571 970
256 181 993
401 157 377
247 254 935
333 826 437
84 822 997
661 443 839
382 330 82
91 791 524
636 249 738
776 451 814
229 151 918
137 281 649
14 230 722
334 534 31
721 489 28
625 17 234
439 719 627
573 423 112
312 652 74
787 778 208
508 831 435
212 409 304
592 676 228
241 267 816
691 563 623
400 363 37
299 783 120
537 668 905
93 439 939
669 162 720
372 480 80
277 418 328
799 687 794
171 280 676
216 246 942
727 328 645
118 180 814
747 533 636
43 370 217
526 247 750
129 190 561
424 211 672
574 421 883
304 614 599
447 568 981
37 388 7
432 373 604
211 332 692
664 183 583
544 575 586
377 64 646
170 261 462
532 90 898
58 476 815
694 586 261
16 260 226
20 256 254
637 626 391
55 850 840
388 600 859
332 1 371
91 488 611
730 508 607
248 788 845
315 557 840
372 408 78
792 649 129
550 346 858
526 688 997
346 844 201
766 562 438
193 676 539
715 582 227
170 626 402
815 747 27
349 406 614
743 615 233
839 103 438
355 667 522
589 117 11
476 853 300
330 385 737
52 145 299
829 40 143
169 428 83
67 456 155
498 672 822
581 452 1000
571 598 951
37 148 71
325 667 3
844 491 214
682 121 420
67 486 210
613 657 343
43 821 746
562 752 704
64 694 115
724 700 148
114 699 366
209 503 921
781 751 665
580 715 605
745 49 564
385 553 971
761 806 546
665 598 979
414 705 58
518 702 639
633 712 87
6 54 742
13 349 558
463 647 930
331 346 363
11 663 886
446 89 934
568 169 191
514 42 971
387 40 223
267 785 450
262 160 29
57 698 384
561 786 941
682 403 220
463 526 575
322 229 294
1 391 201
715 113 538
512 293 115
619 765 851
43 400 58
403 420 243
504 355 614
620 592 190
45 145 483
250 159 775
571 312 188
97 673 175
478 684 775
46 681 73
379 273 18
616 376 747
205 313 132
631 522 980
278 87 780
24 128 794
85 644 671
10 324 299
586 476 79
670 786 940
796 290 684
114 742 169
843 421 958
85 288 167
100 721 393
619 337 914
861 199 985
733 526 674
185 421 3
542 92 10
442 101 956
269 454 880
486 463 323
841 169 344
821 731 763
23 670 967
700 793 746
802 355 407
56 149 425
11 15 891
430 505 857
547 25 586
267 796 846
537 305 245
712 436 465
784 290 207
573 634 312
264 592 890
31 195 322
636 295 482
148 127 261
622 418 769
781 733 330
257 449 31
454 417 367
335 778 788
835 507 504
214 368 110
647 610 451
318 571 191
142 78 475
395 457 231
115 561 271
168 275 329
831 641 815
165 737 304
99 126 709
36 85 221
145 610 970
66 348 975
533 568 388
395 236 830
197 524 72
211 341 303
453 644 252
780 508 436
85 705 421
1 154 448
529 38 145
163 97 44
50 505 912
415 739 512
76 414 908
11 734 200
243 33 192
192 396 191
1 330 38
147 155 147
76 754 825
471 473 406
91 781 433
109 480 717
664 717 250
680 447 553
756 120 256
440 83 855
423 54 812
682 624 542
271 803 451
381 757 208
727 8 641
560 481 274
505 4 939
250 287 655
616 292 675
764 511 710
432 748 26
295 412 209
155 11 588
131 567 195
765 567 57
265 766 177
238 458 924
610 646 195
576 702 846
814 352 1
64 38 208
143 379 87
224 560 911
370 399 676
763 533 312
806 463 179
17 267 46
391 117 155
137 585 868
780 794 606
559 171 264
737 64 647
209 831 997
810 134 256
680 511 643
743 151 212
637 813 151
23 762 383
544 685 96
381 117 564
76 169 326
747 61 77
718 112 609
57 296 483
419 783 456
271 307 221
36 110 978
337 673 745
801 640 243
373 696 121
798 440 558
496 696 975
254 474 222
316 526 436
806 739 82
43 536 335
84 433 330
661 575 590
799 370 62
651 568 440
292 569 774
175 557 306
1 244 807
267 624 425
160 45 461
322 22 424
160 542 597
310 142 552
104 150 794
322 499 660
92 242 32
6 174 285
437 181 91
709 694 453
397 762 103
109 163 209
256 338 425
129 197 580
682 288 996
154 736 733
163 652 163
81 736 660
712 369 182
456 498 956
468 573 984
733 582 237
8 796 804
352 717 619
1 352 648
435 481 578
406 364 910
132 190 539
584 641 319
496 715 845
311 439 550
151 754 440
165 771 700
660 190 809
598 657 278
630 686 578
691 490 776
64 80 744
396 843 78
605 529 76
344 169 443
280 304 671
361 388 263
155 207 368
169 87 799
693 854 607
634 673 357
613 764 658
695 112 384
44 365 964
834 176 514
222 448 808
210 596 151
645 214 772
34 343 484
129 609 552
451 121 443
93 121 866
671 55 672
166 53 449
111 692 763
561 245 701
235 290 316
97 201 474
61 406 616
231 379 953
568 505 311
376 175 668
379 422 206
28 29 557
459 464 721
94 54 728
313 461 263
618 664 343
316 743 501
415 607 973
715 454 790
38 73 918
298 227 460
496 779 568
5 355 11
607 148 965
544 49 5
127 435 427
412 409 285
465 229 602
301 463 688
36 51 691
736 260 296
185 395 957
597 337 91
385 574 198
400 670 269
43 803 629
89 373 83
141 577 842
533 647 519
498 343 178
159 601 974
626 323 234
687 613 100
221 70 302
143 743 603
610 742 562
114 1 834
259 139 862
751 106 887
90 620 68
328 784 516
280 458 411
715 722 863
78 330 43
484 178 556
333 367 379
456 427 763
80 83 739
691 579 856
361 1 570
701 167 136
481 281 121
41 175 196
238 636 135
190 300 562
194 576 845
701 694 907
367 393 669
382 301 987
493 616 388
270 746 123
652 435 590
595 370 205
493 741 719
605 685 379
36 556 461
390 232 524
540 798 431
814 217 849
40 741 403
39 113 144
736 348 729
201 265 999
328 800 265
388 668 278
495 537 192
457 253 937
502 689 699
288 175 551
676 54 704
708 370 238
241 408 800
323 351 705
647 514 462
830 375 538
731 753 466
91 39 138
589 592 484
376 217 655
232 198 140
637 357 318
203 613 489
100 685 550
332 396 75
223 693 594
36 844 598
550 481 872
151 288 800
311 633 439
74 274 719
310 662 406
670 688 923
72 200 654
540 88 63
541 721 171
154 409 940
232 823 575
444 552 659
473 709 479
416 446 203
321 238 791
106 124 309
135 691 714
564 221 697
826 129 430
642 813 864
835 1 122
619 43 797
859 780 530
358 451 234
67 69 396
122 211 643
124 739 525
40 295 52
28 511 327
286 37 300
276 482 391
355 708 374
331 610 314
465 510 366
34 487 458
850 750 342
8 322 8
320 58 160
353 547 455
470 566 206
33 853 866
27 61 178
739 219 780
849 510 615
182 337 912
491 508 948
855 514 558
207 624 577
731 89 470
11 776 949
793 682 499
190 292 7
91 99 157
745 410 757
292 117 101
300 309 251
1 460 919
328 757 59
295 246 211
1 368 515
834 613 389
309 670 714
274 565 498
792 805 584
537 207 346
181 541 484
36 98 851
548 232 745
428 232 566
514 850 632
782 418 240
213 483 330
736 19 828
832 657 2
397 243 75
96 561 766
586 596 374
147 106 774
23 294 585
461 855 560
270 365 602
184 717 524
3 12 259
820 100 103
373 575 256
409 41 753
55 618 874
75 410 718
155 595 919
613 542 553
312 631 136
820 43 850
470 1 74
69 601 545
81 211 479
517 749 796
232 33 515
169 137 765
727 787 41
108 143 907
623 358 397
431 604 638
22 72 359
316 205 633
670 803 704
336 574 715
170 482 797
64 297 346
100 628 408
679 302 302
15 63 260
733 390 339
430 124 108
625 694 670
694 217 212
547 846 896
148 217 438
473 417 978
308 457 528
485 400 853
710 383 999
139 547 569
187 264 217
27 691 556
333 589 131
688 431 806
813 477 549
213 596 610
646 521 274
290 155 97
307 648 609
347 655 337
415 469 224
215 514 262
465 221 818
330 24 348
739 584 51
644 211 902
811 693 441
17 116 124
442 82 962
316 599 931
377 780 630
222 369 31
544 775 897
846 857 919
439 577 17
701 462 660
602 166 129
186 148 403
582 559 395
45 276 901
616 448 666
89 220 832
309 163 525
375 132 666
575 508 710
859 375 288
260 486 581
91 124 654
760 491 982
547 371 653
195 154 291
142 561 75
181 295 176
50 274 364
12 318 279
650 678 737
671 511 330
146 125 430
257 126 658
396 75 396
109 159 394
444 480 847
786 829 395
436 836 780
19 34 779
85 498 82
319 589 487
841 151 202
669 689 162
574 473 781
507 861 467
108 491 143
568 286 335
169 462 350
337 360 289
505 493 745
507 807 372
1 137 565
228 508 106
652 841 590
749 183 906
550 750 884
505 586 980
631 502 692
622 442 788
739 130 590
151 379 61
694 358 95
707 725 906
108 249 447
121 178 254
791 316 992
97 538 464
820 196 12
343 316 913
206 379 764
195 854 475
657 553 252
166 679 594
55 481 858
281 67 776
241 447 647
239 363 391
287 705 887
835 649 326
153 197 411
15 119 896
421 192 886
128 364 80
400 107 992
80 689 309
559 724 112
581 290 218
87 328 523
739 643 725
652 190 292
400 346 2
492 424 363
286 664 139
66 379 748
754 313 56
383 429 382
168 346 193
115 346 273
508 400 342
727 1 171
201 470 199
352 412 192
519 49 610
55 477 803
335 203 465
400 589 497
68 86 614
8 18 317
82 429 468
859 651 475
37 822 866
116 202 584
693 292 885
100 562 717
760 471 207
1 60 704
212 145 32
204 374 942
708 628 996
13 228 587
748 110 731
827 559 508
417 661 165
129 387 890
181 691 144
