866 8189 782
445 706 855
463 428 436
65 438 93
115 239 619
391 647 956
764 453 494
357 204 866
43 57 384
457 571 635
505 493 842
47 22 721
631 47 959
132 713 7
17 822 918
759 210 514
397 617 758
530 759 372
555 557 659
212 253 395
719 761 943
545 533 902
467 119 98
479 46 141
780 805 59
135 57 840
221 500 364
557 749 282
323 31 277
599 576 904
237 480 112
316 793 929
435 757 522
338 614 28
465 301 918
397 356 725
611 335 264
52 137 109
258 59 664
261 631 802
259 341 261
375 614 908
595 565 454
465 203 169
24 515 27
227 551 775
171 705 85
147 207 424
401 485 308
851 356 330
133 188 599
227 375 210
107 66 356
397 775 786
349 161 966
852 657 308
849 115 268
206 661 43
233 189 408
105 866 776
185 770 182
67 841 229
141 414 410
567 617 54
722 723 608
136 432 835
205 362 939
105 405 419
22 525 674
495 303 100
501 200 912
335 745 715
479 481 568
149 645 808
650 389 437
486 60 750
238 666 961
449 849 143
311 235 861
731 231 282
325 400 690
111 562 771
357 151 155
307 749 982
808 786 480
163 591 798
83 647 671
401 739 299
347 77 987
598 95 757
861 254 794
35 863 613
833 739 950
855 201 289
689 176 533
790 95 603
791 394 721
615 369 668
123 793 568
211 215 221
499 709 967
339 145 829
512 93 795
18 173 184
771 55 815
537 178 50
627 379 897
523 105 392
462 774 230
473 47 954
203 822 968
723 141 174
675 732 893
838 413 979
9 37 725
655 499 771
611 163 385
167 513 976
53 543 348
854 55 961
574 624 931
244 424 87
815 673 457
487 825 237
588 76 501
631 791 568
9 58 280
107 825 430
35 610 550
333 417 704
663 797 530
360 657 206
534 521 166
577 348 473
291 755 27
27 419 321
711 555 923
404 119 128
326 651 600
479 544 53
568 855 209
409 621 331
13 52 282
829 130 719
307 615 311
300 722 19
588 656 362
741 83 666
572 804 48
361 509 639
417 747 290
601 807 670
23 631 221
851 393 920
237 681 991
451 261 121
117 301 665
815 1 833
843 183 607
847 610 918
108 575 194
6 26 898
13 282 206
504 613 480
247 567 201
81 18 494
204 805 477
215 159 766
129 791 215
75 33 320
144 653 963
289 510 723
375 80 179
628 95 681
857 1 837
623 660 66
115 313 745
387 737 739
12 399 774
455 783 792
538 832 352
317 751 389
365 303 942
468 331 333
209 313 385
121 677 922
394 800 642
168 391 770
749 77 177
345 662 128
597 645 625
817 837 983
640 619 158
550 233 989
777 753 633
499 343 182
178 155 909
52 411 631
399 5 171
813 721 694
480 217 422
149 471 683
437 281 66
56 135 422
642 597 329
521 701 690
463 467 823
363 309 897
433 632 403
762 467 767
440 759 327
66 441 300
457 707 87
441 102 107
700 617 910
717 551 389
38 758 356
417 25 543
859 452 316
7 101 720
865 588 676
803 754 780
767 302 603
853 476 71
567 254 351
403 587 494
245 710 505
24 543 481
515 512 32
101 571 909
431 311 290
396 376 808
442 849 681
345 497 56
33 633 639
203 143 203
101 672 753
427 784 327
151 159 585
215 427 424
79 132 898
559 761 512
41 97 43
667 731 377
537 343 948
832 661 958
25 703 953
137 609 808
200 3 475
485 762 11
1 54 573
745 431 539
271 383 711
471 201 400
133 104 963
741 259 159
137 267 90
581 855 714
709 277 172
416 357 577
725 189 219
813 28 631
701 398 173
223 402 344
335 407 534
567 558 60
13 210 72
603 495 149
121 387 450
781 744 839
63 117 626
485 283 389
50 694 250
7 217 165
473 853 601
428 310 237
569 167 536
741 642 385
147 761 986
728 779 91
545 107 489
599 473 338
245 789 630
675 327 827
15 509 734
281 436 876
313 129 287
441 483 758
36 42 99
255 549 730
851 789 640
366 433 702
543 33 23
519 258 382
601 376 314
1 7 69
465 172 933
632 833 96
693 299 410
569 41 373
863 269 327
326 205 759
832 643 605
267 63 68
843 255 885
544 187 697
229 1 333
172 493 129
838 747 360
519 329 114
25 37 84
540 344 271
245 616 549
550 442 317
21 773 361
729 109 213
259 511 106
835 63 380
191 776 311
683 163 906
811 299 505
196 338 405
365 362 572
37 133 118
703 441 908
562 836 28
240 221 363
585 751 282
45 533 231
313 760 347
669 747 354
377 599 23
419 125 196
750 539 898
129 779 335
89 245 267
644 242 635
229 440 863
16 20 230
489 24 331
769 287 835
103 455 153
642 380 474
199 227 910
437 553 214
707 101 520
245 612 296
651 43 358
695 71 91
26 356 364
401 774 928
156 472 177
99 603 846
193 653 382
639 457 285
448 125 121
591 45 240
113 776 719
39 69 128
155 413 810
693 451 192
691 761 778
523 503 262
222 819 274
470 469 778
764 535 348
325 491 789
377 575 322
178 799 738
563 783 196
196 473 940
17 83 153
453 558 280
500 568 789
537 686 542
361 273 105
191 563 450
531 476 302
839 150 619
248 488 955
73 579 863
363 493 562
463 623 187
499 172 672
737 156 61
643 178 87
153 123 755
794 81 35
329 265 292
113 767 881
797 457 571
383 634 16
225 220 984
128 729 133
571 653 149
89 67 336
109 161 697
857 196 485
107 17 92
120 195 103
736 209 840
9 451 12
853 71 765
211 359 936
413 122 922
63 92 592
84 90 829
179 321 482
169 367 628
567 5 800
487 826 174
263 273 728
139 863 499
385 669 988
230 437 293
310 587 25
765 677 500
699 853 726
493 154 613
55 809 217
384 529 245
640 517 226
853 579 813
595 279 790
451 273 180
221 319 940
728 743 683
47 89 447
387 565 484
29 368 962
413 448 529
184 681 8
224 546 992
435 233 408
23 31 665
827 430 52
590 294 895
723 287 414
503 196 31
365 357 197
339 571 525
844 329 930
681 17 457
747 751 433
177 438 985
619 813 939
819 41 609
731 762 402
127 518 916
281 361 286
413 535 145
624 211 55
637 709 186
392 857 745
829 609 128
193 246 556
359 713 762
679 253 506
23 839 192
25 549 878
253 369 578
729 111 719
682 785 539
147 461 969
544 507 650
481 377 262
437 675 255
771 506 905
225 597 238
263 440 386
673 220 4
865 535 940
75 637 326
47 619 391
97 601 625
725 531 854
717 787 210
743 203 993
583 412 650
677 374 500
603 671 471
112 208 536
79 143 297
742 259 968
123 155 105
660 471 711
628 205 948
95 613 269
269 237 116
154 485 920
135 295 659
800 815 933
563 129 322
335 409 971
165 595 719
100 161 448
334 127 679
91 273 234
502 157 806
281 127 929
103 135 896
39 667 922
521 257 757
708 399 931
175 581 620
557 339 663
803 95 487
244 487 812
429 373 973
468 855 7
696 117 93
539 483 546
32 156 729
43 343 27
653 619 668
277 783 408
791 161 903
543 618 677
757 722 863
71 221 413
489 109 37
193 628 52
653 470 721
65 389 942
661 799 967
505 487 219
239 699 819
81 631 438
844 625 348
773 493 764
15 18 247
363 406 591
273 324 722
693 173 715
497 493 457
219 789 921
29 415 404
55 595 7
297 143 511
77 401 153
411 695 976
125 457 122
101 777 766
599 419 299
792 79 665
695 166 89
725 821 513
149 217 854
109 323 383
189 631 479
827 511 615
328 258 6
271 308 722
453 315 555
503 134 675
315 683 272
107 775 668
62 533 244
565 654 750
46 280 464
693 509 333
847 741 74
54 554 162
577 10 387
11 757 473
259 782 743
585 197 425
210 307 192
783 297 80
235 312 464
297 116 820
603 259 758
326 303 829
1 387 758
633 289 658
115 359 49
127 847 657
757 525 836
661 527 745
809 754 821
65 548 258
483 587 234
509 177 106
527 211 596
309 395 779
593 331 861
823 569 472
255 387 318
231 367 489
182 252 106
764 793 575
675 657 581
208 751 716
703 197 168
393 650 791
675 406 848
243 169 813
601 471 261
557 27 141
208 648 558
851 67 457
737 236 859
609 635 194
309 806 539
805 587 48
829 483 619
100 503 909
612 148 619
866 678 491
239 36 160
287 211 933
800 401 852
177 190 144
313 136 339
679 671 393
655 95 262
486 453 218
61 460 184
750 812 719
122 551 507
106 486 400
297 327 149
23 497 516
742 797 378
195 475 986
859 149 829
213 247 32
69 599 531
273 133 314
367 383 809
673 127 239
442 557 364
626 437 751
523 192 797
381 855 68
96 752 437
708 595 56
339 795 688
269 297 821
835 664 360
179 611 359
55 419 737
821 431 302
741 649 523
349 579 566
752 197 472
497 689 689
230 692 614
547 99 459
655 141 520
632 233 680
637 177 297
505 513 274
341 47 997
331 659 949
355 806 972
189 738 38
37 497 624
171 89 436
726 25 29
820 198 451
648 841 206
7 220 511
423 81 486
678 439 582
553 417 662
643 199 534
833 203 428
521 551 180
432 145 230
275 151 847
528 527 157
185 235 858
367 279 24
255 524 732
855 362 441
607 466 952
253 239 595
857 461 362
283 479 796
5 467 325
565 161 644
183 289 276
396 457 177
372 793 894
790 67 556
645 147 408
330 148 13
147 561 173
243 365 899
723 219 214
531 453 964
139 413 608
688 638 553
83 729 905
217 535 332
473 104 979
209 475 623
838 143 341
249 419 516
375 681 655
139 341 790
467 827 599
219 427 425
417 865 992
655 256 257
679 59 761
452 499 243
109 100 640
509 79 948
695 53 940
753 729 478
264 585 48
569 773 116
843 287 82
776 737 670
293 641 946
721 596 13
777 779 583
545 717 682
68 460 98
345 473 783
146 729 231
443 735 989
557 151 75
647 289 231
201 748 524
64 233 840
317 318 374
791 211 628
125 799 893
165 571 738
685 696 622
353 553 197
465 365 846
289 131 110
502 423 173
187 413 456
198 297 583
330 717 599
635 311 872
301 859 55
469 427 102
704 201 867
42 463 263
583 665 274
136 175 333
267 649 325
291 4 27
280 283 835
545 827 320
20 385 691
861 247 926
87 511 184
46 346 8
397 262 789
589 134 47
125 651 905
413 21 628
1 82 481
230 157 609
271 861 406
335 543 251
203 590 161
83 319 128
383 848 559
29 477 511
93 826 691
636 63 216
423 363 421
119 763 47
109 679 210
391 175 796
327 24 719
122 191 689
503 250 698
61 96 16
219 161 238
189 527 915
107 843 727
91 285 634
87 71 771
511 201 621
150 180 284
532 866 177
302 458 795
473 59 723
285 261 80
721 296 625
205 496 518
378 153 634
775 342 255
341 676 929
711 610 470
369 716 132
731 555 884
295 828 126
481 465 266
147 251 675
697 823 177
59 559 345
526 507 733
183 129 660
11 91 806
415 273 468
127 221 26
734 564 694
3 633 237
311 7 754
613 515 911
65 747 376
219 10 491
561 19 176
669 434 853
445 207 644
174 195 235
865 163 778
191 385 86
390 627 212
409 271 609
373 625 818
76 227 297
775 299 113
185 65 696
697 486 987
615 321 110
306 771 910
578 658 37
785 583 477
375 251 988
550 347 574
828 795 107
140 280 188
19 669 754
699 453 584
551 705 151
109 589 849
161 528 342
227 844 268
695 351 282
447 791 334
54 156 974
105 229 915
515 585 261
747 215 965
155 95 392
387 533 705
21 181 850
266 347 60
565 127 310
327 38 963
809 205 156
637 329 540
163 389 749
119 692 795
3 623 866
673 413 842
305 101 400
721 264 613
429 235 781
23 641 945
435 667 679
794 56 601
515 683 554
232 495 781
855 837 628
401 28 638
621 734 39
165 31 805
199 595 314
723 698 717
561 766 164
385 855 18
856 5 893
793 240 391
13 29 715
301 39 219
179 249 981
321 23 273
421 1 966
345 481 763
302 805 503
540 546 125
313 409 529
794 37 612
373 597 662
151 475 565
235 645 361
499 88 959
235 379 196
417 611 928
505 283 310
801 866 204
153 190 572
616 113 305
163 719 119
357 217 567
145 863 281
575 536 296
569 315 296
181 331 111
153 475 872
215 642 505
696 237 742
487 757 474
587 370 912
802 677 318
857 793 562
443 24 64
276 462 495
127 521 977
423 615 952
405 239 30
473 591 480
493 65 499
119 559 571
111 126 760
131 421 105
26 108 464
296 165 307
735 395 209
865 359 132
437 733 197
349 279 846
785 783 831
391 459 182
183 141 392
555 729 938
569 523 391
231 107 418
828 847 689
236 668 777
335 839 447
259 515 226
719 489 251
494 457 408
240 195 775
800 855 58
509 499 866
423 554 540
111 801 532
203 635 88
30 648 599
487 831 707
230 263 413
631 477 837
319 573 546
289 554 152
112 415 617
736 563 430
209 440 689
92 697 362
161 171 870
492 129 627
3 83 417
786 314 646
513 568 311
743 819 305
417 353 722
533 470 675
159 833 510
826 691 528
446 843 605
399 442 372
777 549 398
101 503 867
474 587 731
644 197 85
466 389 404
177 671 139
854 339 861
698 840 421
573 362 560
479 279 198
715 824 80
523 828 662
398 462 870
459 525 954
99 469 380
347 44 177
121 391 723
484 345 268
815 390 594
742 822 714
415 505 626
430 769 879
165 27 245
537 83 996
745 254 36
754 700 19
237 740 315
790 533 526
67 191 583
827 353 878
752 40 488
273 17 999
673 715 458
752 328 568
373 61 877
715 113 229
381 818 247
856 803 744
113 301 785
486 495 6
145 337 992
219 163 542
33 320 515
234 317 780
707 193 763
521 841 988
749 689 774
191 742 581
32 447 524
289 549 533
703 135 690
69 591 83
59 735 567
279 333 867
387 791 989
311 261 212
219 203 301
243 277 682
131 513 343
641 331 221
801 613 676
591 828 520
539 63 437
651 410 609
745 777 25
342 623 383
577 94 777
490 260 824
233 587 597
201 571 243
467 540 779
219 482 129
805 401 578
303 267 120
327 282 157
509 41 554
350 480 863
83 363 882
519 443 154
813 393 330
516 485 371
607 386 419
449 823 642
242 507 720
65 545 189
301 640 353
545 493 618
835 577 645
763 635 310
666 723 933
545 799 138
352 728 17
517 657 263
2 32 284
651 526 208
27 93 183
505 825 403
483 626 647
589 514 675
571 121 387
167 787 154
528 425 788
365 547 636
643 678 654
191 725 976
137 77 213
367 709 414
625 525 8
709 863 345
230 321 357
21 163 607
715 855 420
458 809 522
83 639 403
814 765 273
471 389 408
9 529 394
485 207 878
194 687 755
572 481 674
117 759 174
761 637 695
623 861 185
521 515 705
548 401 223
233 535 783
11 833 214
732 103 734
33 578 805
695 559 977
32 140 971
471 157 966
5 519 23
654 311 313
515 17 809
200 346 477
351 262 747
101 1 382
554 171 850
805 335 698
664 47 792
575 537 916
631 767 871
423 654 881
627 167 141
12 404 241
429 655 562
495 149 461
351 424 493
703 839 767
541 267 678
627 33 710
44 395 908
43 519 169
355 1 128
537 381 607
60 241 842
281 214 410
287 597 524
443 486 307
683 865 347
378 659 270
121 717 224
156 612 141
312 264 717
391 861 530
727 499 405
639 5 525
141 268 361
199 587 470
47 715 187
717 740 712
796 211 192
537 541 844
637 405 345
13 365 773
313 241 299
217 53 972
41 637 644
794 531 723
145 633 199
153 357 124
459 556 325
503 8 197
519 553 433
819 345 840
379 611 766
284 399 575
38 221 810
414 567 342
467 703 861
39 624 977
68 558 54
225 101 706
109 535 145
519 168 22
301 551 153
33 135 935
641 379 188
399 739 756
206 543 193
435 675 601
329 641 302
121 345 667
555 705 940
155 319 205
725 306 80
501 588 186
475 387 973
216 435 914
157 533 810
142 314 571
513 595 633
641 498 835
754 679 287
634 161 607
659 29 579
586 524 471
588 773 54
671 96 993
850 473 226
61 321 533
655 834 608
757 847 851
493 791 854
429 577 744
210 865 605
267 243 251
443 515 656
225 808 806
271 844 579
528 373 160
341 579 524
666 49 182
749 469 228
153 637 715
812 571 838
679 147 848
38 112 785
11 508 242
337 123 47
489 693 670
468 703 507
643 90 913
197 590 325
258 318 567
250 646 812
50 71 447
553 25 80
433 627 110
592 423 103
97 554 777
452 661 594
439 427 722
340 244 802
323 96 66
211 75 585
851 651 126
432 369 628
599 413 2
81 775 957
738 66 199
658 315 652
253 771 757
67 374 543
781 761 898
375 433 155
447 87 534
205 521 92
73 220 400
282 579 828
229 127 96
53 94 308
357 77 121
198 618 340
277 68 186
367 513 207
533 602 768
130 766 805
349 603 253
179 285 577
143 693 83
23 253 182
813 817 373
356 509 825
5 9 427
841 601 136
1 141 792
499 497 988
47 237 874
285 449 398
637 540 978
22 469 193
455 603 954
418 97 142
735 607 600
185 139 342
508 785 718
93 179 429
444 136 339
193 269 316
614 335 271
235 756 228
229 585 932
170 757 453
217 359 431
225 471 68
733 463 361
180 641 619
355 362 670
239 741 827
189 863 591
817 661 617
493 467 1000
383 353 714
580 700 759
719 335 235
485 71 949
26 212 960
128 311 230
723 361 713
41 655 293
825 19 251
741 441 415
311 95 906
253 143 691
5 390 437
129 378 771
73 181 923
347 837 891
765 821 552
416 852 871
287 639 529
407 491 652
843 602 665
321 350 966
487 607 84
568 73 43
558 765 607
103 356 940
583 482 309
593 476 281
661 391 94
593 95 62
396 859 653
743 775 749
213 315 280
295 119 444
365 677 546
63 567 369
639 138 281
602 832 610
623 280 314
533 682 968
554 801 682
538 122 80
307 135 47
33 145 812
33 619 582
507 439 386
399 855 192
792 413 948
13 839 183
48 841 406
445 595 158
589 726 514
838 621 472
124 388 445
43 193 708
351 512 685
727 308 31
303 493 954
123 847 428
736 275 395
384 321 480
717 75 295
23 551 46
104 148 503
423 688 616
545 447 468
521 177 889
651 761 548
541 86 760
603 773 196
731 689 252
28 34 765
759 145 343
271 719 272
115 787 971
217 479 500
809 499 280
303 471 590
81 249 962
848 301 700
50 273 135
603 527 750
820 262 35
323 240 610
198 393 640
203 281 649
574 274 740
741 22 362
51 320 568
830 193 967
291 139 535
209 138 586
649 737 515
59 189 951
673 681 60
332 425 714
620 411 616
585 401 403
43 619 798
497 151 132
865 18 716
50 467 282
857 661 896
61 1 832
183 101 39
783 793 818
426 855 440
11 398 719
184 222 886
80 17 560
427 706 951
20 288 240
27 741 382
130 363 239
381 357 399
219 100 475
20 204 816
1 184 886
21 849 501
539 135 363
846 109 602
758 352 75
516 161 595
685 725 207
595 355 384
721 211 724
865 241 868
413 298 115
851 526 328
143 567 352
821 25 215
166 691 545
222 612 124
811 272 193
835 771 518
787 699 598
131 174 734
481 391 81
207 488 622
629 845 214
401 297 416
741 787 504
671 84 785
251 559 943
771 67 48
166 40 743
374 214 894
771 388 425
551 691 302
845 519 499
595 612 217
237 229 259
313 416 675
787 520 903
32 226 980
749 809 395
788 541 929
33 808 336
543 828 548
550 371 721
434 643 957
513 627 948
526 141 488
273 407 994
1 187 615
197 94 287
440 443 299
598 701 773
229 39 548
767 761 952
747 825 92
527 501 512
569 589 539
286 755 661
29 835 996
704 31 464
73 119 418
181 681 661
634 436 572
127 749 556
25 691 58
337 541 858
269 716 21
38 363 899
542 561 485
173 311 609
846 167 468
865 219 67
443 244 649
31 781 544
423 142 86
163 731 828
275 737 866
592 715 357
341 151 371
503 91 465
125 360 477
271 349 951
385 228 324
59 841 349
21 33 756
523 275 853
329 417 831
79 111 921
325 31 582
103 107 303
857 499 20
819 415 739
847 659 932
165 258 923
573 561 888
481 841 747
52 282 699
829 27 369
101 309 954
395 197 416
300 259 886
679 817 882
583 88 241
307 653 922
733 102 699
475 460 134
342 476 371
103 600 15
395 196 572
355 757 276
295 336 25
245 177 728
306 772 653
510 272 604
445 226 587
690 356 598
219 531 789
157 769 740
3 15 224
377 432 529
1 228 528
280 607 732
619 453 203
181 421 988
697 831 186
783 179 992
275 407 709
194 647 658
823 283 497
845 849 465
632 567 959
517 213 223
403 565 887
471 698 942
149 395 891
148 461 439
1 532 888
635 462 922
166 417 201
79 859 138
201 288 748
253 187 931
377 341 16
248 397 334
430 508 743
83 518 697
212 113 985
439 547 74
207 249 236
10 12 98
738 68 67
361 521 208
561 27 15
481 363 280
343 750 794
849 511 709
755 445 931
49 217 861
757 113 301
483 454 728
615 413 381
731 99 613
363 805 889
128 821 15
863 845 654
853 150 539
41 77 414
41 390 879
208 100 684
624 711 759
49 539 280
839 431 339
840 379 226
292 306 83
729 265 318
459 7 612
269 722 3
675 230 712
518 289 325
766 165 613
216 167 842
553 771 943
762 479 557
393 247 608
309 159 339
433 642 313
207 347 950
759 395 683
587 2 76
412 698 56
478 439 343
257 57 180
61 342 933
481 592 309
469 497 503
86 172 767
240 399 511
315 409 957
459 505 211
243 647 285
339 155 211
335 223 524
306 551 217
148 219 38
317 309 992
399 448 22
21 86 308
167 521 676
660 331 346
236 127 160
827 650 316
15 486 330
609 340 507
297 392 825
487 219 302
107 614 163
327 433 450
395 215 226
703 313 734
431 641 971
104 83 686
860 371 631
237 422 916
256 837 17
581 310 395
471 341 84
361 69 463
731 483 737
339 524 936
717 381 9
465 133 93
219 795 480
160 255 247
407 687 129
757 155 527
63 432 938
261 119 189
93 591 568
561 411 773
537 496 419
474 153 339
403 471 588
215 741 576
332 437 625
744 27 288
116 338 821
856 176 312
667 21 87
786 309 958
859 213 445
836 171 114
665 825 916
97 122 982
28 547 175
327 193 509
229 240 23
465 99 664
545 804 495
371 381 342
488 467 462
675 624 563
802 760 41
419 630 274
738 521 69
457 235 229
579 753 515
697 39 633
572 219 23
29 683 116
529 779 76
111 359 905
45 561 517
293 561 208
313 261 569
6 92 630
340 864 174
539 443 397
742 523 543
135 323 6
316 377 375
689 223 125
571 750 430
512 308 966
833 376 144
284 285 341
677 863 804
167 191 17
58 485 764
341 349 292
174 285 135
15 613 616
746 563 764
803 776 185
787 281 927
342 282 375
129 357 438
852 111 249
851 88 658
250 506 864
855 655 557
587 729 228
779 448 428
351 589 301
347 463 425
165 695 835
348 323 711
785 853 907
605 773 940
208 609 206
323 446 133
701 720 208
614 555 803
226 263 872
598 831 670
595 159 71
335 706 558
723 321 296
241 860 170
699 795 739
799 543 587
507 149 488
211 859 626
69 657 667
99 771 741
545 99 748
481 1 76
691 353 424
111 192 753
35 231 55
391 5 562
505 548 453
780 545 86
123 103 136
51 221 40
221 23 965
591 853 382
335 400 756
429 363 651
627 707 742
94 606 162
55 514 238
390 743 264
39 95 150
189 448 930
819 53 775
269 341 685
97 523 118
711 656 347
776 276 537
731 815 453
89 503 385
821 257 620
613 509 119
10 406 621
652 595 785
157 352 777
408 523 357
818 355 427
27 479 855
338 384 964
413 61 51
744 694 264
649 815 543
725 317 438
560 393 610
455 846 859
153 10 308
593 719 407
383 613 164
627 229 60
467 601 380
717 523 365
398 682 176
20 143 140
195 118 468
785 373 95
861 475 67
353 437 27
601 635 699
251 321 977
741 774 911
75 181 365
139 275 67
132 189 773
580 705 705
621 159 806
358 590 166
1 236 535
289 215 272
227 178 449
710 16 508
469 249 800
401 71 299
411 813 831
794 341 179
71 501 722
61 91 571
598 643 362
66 64 146
690 133 298
407 851 911
725 597 637
414 479 967
228 473 352
171 285 858
763 857 496
305 39 205
805 246 418
262 687 637
149 49 281
297 45 316
163 864 199
547 7 419
211 761 150
24 70 305
730 345 736
638 431 426
697 790 895
218 388 912
487 19 959
321 79 908
618 391 144
543 271 629
694 460 773
439 866 515
393 779 362
385 177 316
281 131 327
213 557 102
219 445 559
833 814 703
59 543 638
839 305 501
791 494 113
420 717 560
337 486 207
333 459 279
429 817 600
229 843 811
514 373 800
85 57 30
819 251 59
439 280 375
149 513 43
114 863 219
306 679 582
617 141 25
157 64 981
383 711 114
291 711 637
365 787 30
246 403 275
330 579 838
557 239 44
184 593 871
189 135 174
785 69 72
501 207 987
459 741 812
22 543 925
115 261 439
684 424 990
687 307 607
136 176 789
106 429 97
781 755 253
685 153 120
275 798 298
257 306 589
732 47 250
41 16 141
441 73 925
441 720 447
693 488 9
225 533 188
749 55 820
419 823 627
252 837 967
377 737 560
39 209 761
81 141 261
477 575 810
676 104 435
381 755 991
685 524 792
33 777 213
257 79 292
117 807 76
566 543 1
295 474 868
649 39 434
861 89 468
21 41 973
461 61 726
47 155 894
858 175 895
207 121 519
404 544 849
783 2 513
269 749 273
243 425 94
244 341 774
557 533 458
83 131 257
663 118 746
459 674 807
309 855 975
280 581 124
157 759 113
652 197 142
755 773 647
357 65 111
257 115 13
825 193 224
553 320 947
80 525 894
575 417 653
789 33 246
340 763 359
273 814 336
325 659 987
678 403 197
564 371 854
843 514 189
822 589 255
301 749 370
363 262 6
741 813 881
216 499 240
1 131 729
765 155 514
679 752 59
225 365 259
842 751 34
238 517 429
52 365 41
737 292 442
397 595 161
4 334 860
147 756 829
727 13 305
841 306 476
297 201 433
86 563 847
592 645 174
797 211 720
585 794 294
77 441 54
463 677 464
1 106 269
855 295 941
789 779 588
248 454 371
339 381 198
841 123 651
767 361 604
381 265 990
200 321 57
313 463 790
563 775 453
227 188 392
305 841 747
428 477 802
403 559 868
763 317 703
525 797 422
531 644 130
165 657 303
648 710 703
264 212 810
437 257 876
130 222 90
827 759 986
73 650 869
849 103 467
841 640 565
831 162 201
805 354 170
65 593 108
341 632 822
817 288 421
32 94 939
159 295 318
802 510 250
469 509 154
337 469 126
497 244 308
163 499 508
349 711 39
779 591 451
423 424 501
423 602 99
807 353 762
560 739 792
339 229 964
539 658 191
573 651 200
385 453 860
42 11 41
295 331 852
344 553 357
699 228 526
16 654 960
604 355 344
111 715 95
101 351 750
161 470 706
391 802 643
513 242 212
675 83 479
31 477 928
140 236 830
305 3 879
211 549 445
95 843 172
223 811 520
517 611 987
755 1 268
75 273 217
351 85 979
67 434 421
67 835 748
211 819 798
844 737 87
610 499 794
492 121 784
743 271 492
754 74 800
752 497 684
255 123 803
551 862 48
234 648 276
519 97 886
383 705 111
251 859 956
367 405 310
169 337 730
51 587 83
78 92 516
355 285 242
246 697 978
470 401 579
863 310 201
613 185 992
477 237 348
97 669 508
331 595 593
553 663 378
687 349 184
731 625 941
56 679 675
677 38 376
791 694 308
743 700 678
349 703 750
259 5 468
601 728 587
455 768 673
431 689 784
689 368 750
613 805 241
651 305 236
727 692 445
277 201 946
33 666 429
117 791 398
413 431 614
143 225 986
259 647 141
190 204 361
854 865 665
580 359 301
725 549 926
581 481 439
480 549 277
33 659 501
566 586 493
317 172 379
1 8 79
302 41 586
856 689 710
73 45 495
372 594 885
565 360 339
865 629 32
432 825 498
358 631 827
684 736 73
152 1 899
669 123 440
369 663 146
730 827 376
797 364 117
643 777 676
491 237 932
679 807 14
479 443 782
205 175 250
319 361 591
427 788 653
529 60 737
537 743 609
101 719 329
359 85 542
751 804 141
459 555 54
333 777 416
651 355 834
572 373 138
99 353 839
97 177 531
571 499 685
56 159 189
182 305 308
91 528 957
165 273 788
557 87 80
692 597 999
459 86 911
767 362 514
537 249 140
683 241 98
465 797 790
616 120 293
43 553 713
441 329 172
105 131 614
772 338 413
102 489 395
150 308 565
531 88 450
49 350 873
107 219 83
609 173 382
807 71 91
453 797 469
823 751 363
449 15 454
521 571 780
255 639 749
709 261 261
270 57 203
407 592 258
273 620 999
844 310 901
819 353 793
181 319 907
43 583 927
661 453 93
503 224 503
128 489 285
252 305 186
3 605 380
689 645 692
473 833 831
837 163 401
82 291 584
735 38 303
107 225 3
226 652 855
131 227 376
3 509 269
249 795 659
174 475 488
146 454 900
751 19 767
260 205 938
645 11 366
269 507 989
33 66 699
301 795 442
166 467 282
217 345 996
373 287 315
703 178 976
343 472 632
139 167 781
619 583 393
631 93 656
786 598 238
571 688 871
69 198 862
815 755 643
540 647 263
35 74 343
354 321 298
855 517 295
373 635 878
345 232 445
200 717 179
487 390 18
653 13 838
735 481 490
633 83 320
1 552 593
482 849 624
227 408 66
352 746 383
389 651 267
351 29 299
826 825 73
41 703 879
453 301 377
159 765 754
575 856 637
441 517 553
49 17 806
861 737 471
587 846 421
447 307 580
511 583 34
41 702 486
436 89 369
290 505 460
799 768 81
781 187 701
743 336 411
411 640 20
43 73 110
567 618 183
249 39 164
415 646 442
301 51 982
649 753 637
311 111 156
195 824 708
314 25 535
19 705 685
383 854 613
227 783 380
7 211 878
457 81 115
327 521 322
665 644 116
179 213 469
851 449 766
639 291 629
337 191 822
443 91 275
618 575 182
212 502 70
805 612 861
834 341 774
855 13 719
551 337 700
464 511 214
516 633 103
327 464 239
853 687 622
671 750 999
437 604 113
379 393 59
728 605 767
474 373 265
435 521 627
433 789 311
757 695 452
641 439 453
301 760 672
561 281 358
592 79 731
685 543 439
97 259 978
458 495 442
377 616 104
253 211 565
303 578 507
266 91 199
501 145 576
460 509 563
315 837 317
75 171 215
431 319 632
459 251 772
659 473 519
53 304 263
537 13 130
287 497 568
848 153 621
768 759 394
607 388 667
601 593 402
521 383 47
697 693 528
818 301 437
526 659 353
35 436 89
10 691 698
627 416 108
685 464 608
601 429 98
255 590 612
844 205 767
751 627 771
465 261 180
472 595 689
505 603 439
461 205 411
241 179 187
799 487 218
29 101 240
127 250 744
329 809 273
240 62 799
55 640 668
193 811 879
73 707 814
813 487 726
20 830 84
777 164 502
440 804 951
830 811 468
440 477 898
101 495 431
395 1 561
171 336 895
741 798 511
761 697 941
186 786 912
636 801 419
173 553 515
660 73 256
217 589 813
315 377 695
854 495 221
517 401 121
370 662 505
717 838 47
135 396 5
709 129 868
487 303 110
616 843 266
490 781 535
271 784 868
329 145 889
865 313 944
789 475 395
24 437 783
376 31 113
123 483 999
253 451 142
35 675 523
357 164 816
560 781 541
357 615 321
377 182 316
423 471 208
709 577 744
245 837 483
853 17 796
488 136 46
805 799 875
637 254 718
234 147 511
323 291 724
558 445 138
179 420 754
819 639 762
622 283 379
195 188 488
435 503 137
1 29 185
240 509 784
407 787 70
795 391 535
763 407 967
74 675 316
375 431 444
829 306 687
86 503 113
293 341 776
699 158 253
709 435 41
213 681 673
363 362 344
653 113 476
253 183 598
537 375 322
8 133 450
365 376 941
611 731 5
505 843 217
167 447 845
187 491 249
19 51 418
809 143 519
221 533 643
503 542 753
77 847 180
681 45 501
701 122 634
721 601 765
777 208 826
851 549 640
376 795 624
257 311 636
199 463 467
22 137 604
263 185 115
369 786 872
390 477 72
136 129 531
46 549 69
125 421 940
280 293 673
567 763 522
819 561 72
532 192 916
509 156 47
736 393 742
12 152 656
137 239 635
75 106 882
228 423 32
41 672 72
787 663 506
45 155 973
354 213 457
310 829 290
225 293 634
513 629 469
833 641 674
813 569 507
640 485 412
590 89 717
69 336 543
427 491 951
369 801 253
673 303 718
799 119 874
811 260 250
260 333 582
247 222 737
255 209 729
673 463 163
238 118 795
573 406 88
358 818 175
640 743 940
207 143 287
413 104 644
378 431 901
581 536 98
484 653 255
787 30 79
547 171 601
335 591 895
3 185 391
193 86 396
1 45 533
307 515 290
697 6 153
119 809 748
717 248 151
218 437 645
305 598 746
364 11 114
315 532 235
749 666 990
33 849 490
705 708 829
379 477 404
856 746 93
234 109 711
59 583 523
29 775 431
829 15 138
381 365 830
231 213 490
729 520 264
9 553 298
808 430 795
337 5 19
862 124 156
13 77 956
94 370 510
783 19 715
91 858 818
678 837 889
185 661 430
151 158 358
444 772 987
302 4 173
509 359 967
526 241 302
787 725 331
741 730 98
789 209 863
95 189 976
382 180 89
603 25 876
594 663 198
459 411 496
761 729 351
79 799 420
376 27 175
839 254 929
267 30 392
27 324 978
712 822 344
595 265 243
653 327 954
857 15 898
135 663 428
839 403 459
27 183 896
311 319 316
368 675 392
345 453 65
291 802 105
815 864 34
399 9 932
97 157 185
27 40 90
187 712 379
439 293 12
655 203 570
277 23 144
401 757 324
83 101 641
203 205 919
741 558 507
305 385 647
748 391 510
775 571 574
671 67 404
364 714 417
61 493 673
737 671 110
27 78 399
266 548 573
369 279 913
59 374 862
849 146 944
76 633 902
27 398 954
31 50 910
79 810 539
223 227 172
167 302 175
451 34 561
348 652 416
219 136 717
433 597 985
25 30 860
471 633 143
591 585 250
705 464 507
83 623 147
278 209 54
465 843 185
313 829 740
635 469 214
477 131 925
827 749 250
126 675 839
369 822 73
595 327 782
245 161 672
1 11 686
531 97 877
395 843 270
425 781 721
109 609 396
309 475 23
1 203 459
582 375 876
324 425 923
43 228 969
493 313 536
177 510 421
121 599 411
102 641 791
561 827 238
677 195 732
13 667 459
521 342 21
501 575 480
343 639 38
827 168 951
33 57 786
779 313 53
95 537 952
535 845 600
349 442 789
191 485 808
521 780 535
91 591 879
377 89 159
267 309 238
277 69 184
692 181 473
7 638 695
473 443 852
258 65 125
23 866 933
26 94 556
109 380 260
522 512 793
703 723 667
486 551 894
509 821 368
37 169 869
431 693 936
460 594 501
622 596 586
284 831 278
817 317 7
599 83 965
653 534 465
93 637 899
82 389 124
49 351 396
495 673 666
117 719 301
596 773 444
11 305 229
65 849 655
573 261 261
565 148 606
483 744 154
417 284 53
559 331 352
311 331 77
453 149 689
265 123 27
717 532 395
735 697 945
8 266 446
628 619 637
13 167 32
625 163 299
120 847 597
69 663 549
837 249 227
540 677 866
735 754 589
693 267 8
747 349 960
315 853 61
429 285 642
574 817 495
212 657 894
781 402 88
23 643 41
484 805 949
36 649 314
167 695 274
555 418 774
521 535 993
541 846 92
19 507 277
465 683 537
37 73 41
54 695 988
575 153 322
214 701 639
46 144 705
590 349 46
651 545 134
637 215 838
815 360 410
210 499 378
247 565 711
234 123 645
403 815 622
575 188 112
174 681 600
489 295 114
369 263 586
125 155 790
725 670 835
497 516 660
513 764 995
799 563 995
193 521 185
715 39 942
365 257 489
739 733 479
103 555 875
621 570 321
837 175 383
59 422 599
807 145 430
162 818 944
250 28 547
717 631 306
704 849 812
144 844 979
162 66 830
575 814 502
823 506 484
352 825 31
793 743 934
388 732 24
251 461 579
131 418 266
743 361 163
243 865 48
397 257 816
131 447 288
393 236 928
647 237 188
79 49 325
112 470 283
407 387 425
425 205 74
135 351 42
773 170 477
585 305 404
148 515 692
245 295 812
451 485 422
183 687 415
731 53 259
769 525 886
490 153 165
253 353 448
752 171 927
239 539 934
39 751 802
740 339 374
787 621 89
299 200 260
581 84 478
331 726 91
87 286 566
395 417 360
205 851 338
611 105 780
458 129 464
849 343 474
175 250 480
35 633 176
116 344 977
55 257 308
675 105 431
261 213 273
61 196 915
397 391 562
343 175 178
557 451 345
262 310 253
658 681 433
335 214 288
67 857 712
822 351 454
833 511 744
581 838 148
473 365 151
53 367 879
191 213 854
129 493 857
87 531 344
487 477 43
393 457 9
389 801 793
564 537 298
157 285 10
440 62 291
389 773 400
6 689 109
325 667 698
221 745 816
489 637 218
583 425 5
489 485 387
113 31 340
393 597 681
735 111 61
657 531 205
111 215 932
439 151 736
391 844 492
307 425 870
788 741 866
616 28 783
533 638 928
252 446 474
755 671 388
298 655 997
360 453 594
30 271 595
612 5 521
711 678 547
179 741 776
341 448 505
3 282 556
714 197 742
601 31 500
853 329 765
145 787 390
219 752 646
93 759 819
422 359 991
17 672 364
177 747 181
525 613 618
195 203 57
125 705 762
853 717 265
83 341 341
54 84 538
45 805 622
18 215 996
421 225 557
266 680 655
865 767 20
155 619 428
292 755 746
20 424 514
743 755 479
609 401 972
395 639 247
35 604 916
642 481 665
164 643 934
651 291 737
709 506 521
401 383 12
352 457 251
678 229 176
164 367 649
711 433 459
419 57 924
675 489 612
387 615 492
87 337 923
717 151 209
201 362 750
825 275 29
743 670 693
774 25 72
647 58 696
491 518 414
21 845 379
51 521 960
407 145 783
813 600 130
23 533 585
358 554 403
177 429 884
88 21 677
860 1 964
863 617 489
391 619 113
127 837 88
837 507 796
166 449 735
799 43 326
187 327 46
719 31 766
263 56 399
95 81 335
185 513 884
635 233 77
822 135 742
769 129 219
11 851 256
803 765 577
388 317 295
693 162 669
113 529 752
441 308 36
844 149 647
866 39 739
301 581 240
557 789 234
549 557 788
483 606 946
714 699 220
753 487 34
429 256 542
801 615 89
746 660 971
77 407 67
190 213 120
475 371 722
377 313 764
670 83 208
729 359 323
541 861 674
437 493 938
683 558 488
330 335 422
681 183 516
625 411 99
363 448 608
146 560 261
527 379 403
755 723 244
601 147 694
363 3 591
323 457 172
17 347 83
706 807 472
456 128 192
242 501 118
371 309 328
780 52 500
9 709 793
85 289 351
577 585 257
524 842 621
240 843 334
133 631 138
223 762 308
452 341 297
55 355 595
429 145 140
305 674 3
184 355 973
15 738 727
44 241 941
449 652 964
750 775 133
155 86 715
459 483 792
639 817 330
709 813 195
57 466 300
564 401 959
206 355 325
21 149 920
565 305 403
657 246 590
703 1 283
146 330 467
507 127 564
166 701 509
508 115 897
115 228 769
173 779 447
794 68 836
513 145 979
130 529 378
789 315 927
5 209 843
293 381 512
815 278 440
555 381 798
119 768 960
781 825 269
546 53 947
320 225 633
635 659 320
69 256 795
721 521 932
483 651 825
495 19 765
842 91 18
113 402 764
93 713 335
588 125 710
127 435 270
631 387 185
564 621 195
861 565 782
31 150 20
43 469 265
504 353 278
806 705 621
799 297 73
703 33 915
333 841 377
482 393 768
115 707 532
732 326 122
271 116 123
599 567 44
253 797 307
716 546 567
418 289 770
827 733 310
675 698 434
627 629 764
607 195 384
449 429 36
607 647 11
43 311 402
460 687 458
721 699 569
60 497 11
107 323 21
229 129 495
287 448 515
678 305 761
407 721 700
348 351 585
741 335 141
681 131 369
368 619 894
823 531 503
165 790 192
634 832 887
501 643 94
19 567 366
221 650 48
503 559 467
265 466 451
187 61 382
302 165 613
821 435 327
348 585 28
663 463 710
484 78 846
91 681 775
272 474 843
151 226 977
837 357 342
315 471 95
506 281 337
245 65 476
634 440 869
641 843 564
467 683 453
457 711 569
403 485 262
681 163 383
200 293 954
47 861 350
216 766 589
297 516 811
647 423 161
445 489 66
679 555 993
748 595 277
551 283 743
113 439 355
318 498 106
469 317 740
665 281 741
393 304 820
688 11 453
276 43 111
638 825 457
169 329 971
61 121 757
381 833 977
129 195 382
807 468 68
195 461 527
593 683 439
500 115 817
517 645 896
711 165 863
727 814 336
647 441 329
291 477 1000
583 692 868
525 789 629
19 47 722
640 231 421
109 665 581
342 665 233
783 390 654
401 646 449
199 217 828
305 31 86
287 49 580
645 51 438
280 446 904
741 405 716
793 25 153
479 151 207
859 756 501
667 159 106
280 826 765
318 75 62
187 404 764
473 382 129
123 527 361
641 217 966
611 637 907
211 806 340
661 702 198
435 335 892
403 687 277
527 265 395
159 469 699
554 683 888
395 733 286
817 697 897
546 620 56
310 315 887
283 822 103
235 771 928
418 443 746
400 255 792
723 735 528
109 667 66
631 329 604
455 820 868
597 154 936
625 377 164
21 58 627
57 611 972
795 327 721
701 660 662
461 438 147
97 332 651
232 725 117
143 716 728
261 37 540
565 805 640
33 664 831
726 267 1000
434 555 122
243 652 796
793 249 371
435 321 214
687 313 395
835 385 989
521 859 496
319 92 493
237 129 293
321 10 992
311 774 671
866 84 594
605 231 586
541 601 890
702 301 958
609 819 872
549 105 95
418 515 54
105 821 227
847 219 260
673 23 885
184 515 200
153 325 112
471 809 38
525 197 80
827 751 559
357 505 600
595 783 677
592 41 462
283 80 712
741 173 679
104 188 531
105 772 508
509 121 93
537 472 935
109 611 671
785 510 29
387 855 716
235 639 511
373 556 628
9 46 49
520 858 136
595 421 334
173 647 339
532 675 108
221 615 193
391 430 15
767 76 68
394 403 615
579 687 560
329 756 333
9 705 587
637 682 430
434 807 630
54 307 701
589 635 398
305 117 321
55 470 765
391 524 525
637 440 283
446 43 451
361 855 461
391 216 863
683 398 947
51 729 561
43 262 426
138 210 291
794 675 51
378 801 994
180 342 136
175 703 376
121 325 419
581 665 221
695 457 876
42 451 670
640 850 674
843 33 27
415 576 810
489 269 624
75 325 122
605 673 8
407 717 108
267 430 340
684 95 132
769 27 548
640 384 659
67 143 548
261 461 813
835 719 907
376 574 405
75 95 737
797 697 263
865 639 610
72 182 824
34 79 825
361 191 170
645 93 763
497 33 595
117 249 292
227 785 48
66 371 467
232 233 976
293 789 167
393 655 889
197 45 989
175 131 926
748 607 790
530 564 517
311 230 837
31 151 505
515 391 745
499 836 410
752 453 398
375 481 574
571 329 867
75 488 291
581 247 302
636 393 341
505 862 745
571 632 260
9 112 158
336 282 770
816 487 614
403 402 738
545 729 827
15 79 393
581 766 40
145 683 29
161 523 879
433 263 554
614 504 320
803 22 757
362 668 402
601 769 615
217 579 989
348 493 969
847 855 812
179 815 155
809 675 337
588 755 193
641 15 814
831 365 697
93 685 367
723 49 212
850 569 189
261 641 992
392 503 64
453 848 865
500 741 541
379 819 385
409 414 414
691 543 620
761 242 676
407 129 307
465 549 62
851 722 235
11 127 768
806 317 416
85 353 11
593 834 260
715 687 955
357 724 416
144 629 293
383 675 685
453 325 539
16 506 91
225 516 980
259 549 496
151 309 432
663 629 588
713 645 483
263 817 431
440 768 18
61 23 464
399 433 510
107 589 718
157 511 70
543 341 551
79 611 611
397 51 61
52 289 892
199 713 155
340 747 709
562 393 685
16 62 342
15 404 620
183 189 520
162 863 688
485 835 882
589 663 797
310 402 277
73 503 501
749 760 319
33 775 447
25 806 656
743 449 740
157 238 395
188 753 99
854 551 311
404 228 210
193 157 872
469 195 408
325 99 933
155 191 371
554 613 287
601 649 537
608 503 227
37 393 20
167 16 7
259 350 598
482 34 721
850 536 492
49 290 765
4 3 674
43 399 813
636 623 149
288 233 320
681 656 468
407 271 958
314 840 437
545 285 398
409 185 98
651 681 404
640 631 302
793 165 580
463 47 73
45 415 387
67 363 240
325 103 270
165 593 987
411 285 181
415 782 762
143 480 436
105 773 952
609 513 922
711 468 554
173 431 242
797 773 307
107 185 601
58 282 119
99 217 250
638 639 635
851 123 138
482 395 179
228 87 350
180 800 621
298 594 944
475 841 614
31 136 53
355 253 769
149 348 877
123 679 228
241 322 329
441 318 535
50 158 991
601 517 114
422 434 626
401 287 873
838 699 995
391 733 907
613 369 246
787 103 762
517 849 822
533 733 705
12 607 709
362 113 715
705 39 218
587 657 929
323 256 283
735 207 817
259 229 746
93 292 922
276 366 331
123 751 320
631 552 135
264 51 547
817 363 621
331 533 328
199 588 349
657 55 589
696 52 269
258 209 595
629 439 310
95 729 215
515 791 464
286 279 981
77 763 668
691 575 298
699 361 630
736 745 584
135 627 520
33 321 872
267 163 186
623 178 87
574 747 497
550 563 502
481 153 557
44 138 348
326 798 117
707 603 854
728 467 594
222 223 770
687 590 808
267 704 241
79 567 59
259 695 468
695 541 519
293 182 429
263 646 328
608 377 786
650 167 305
449 575 487
270 635 974
461 675 174
136 445 821
640 414 955
85 407 379
824 771 967
331 235 97
417 27 119
833 192 44
224 755 99
767 645 534
590 69 668
228 693 733
106 326 279
182 349 500
351 834 519
87 382 128
587 593 657
815 67 450
601 299 89
41 679 139
645 197 522
365 469 965
609 487 795
4 65 529
369 528 50
237 449 627
413 1 63
754 565 8
84 697 643
222 803 124
268 735 629
429 366 456
421 293 892
188 375 504
573 773 415
709 486 428
681 389 677
376 469 970
739 503 750
611 767 601
109 681 467
311 175 140
498 350 238
717 594 312
381 841 313
485 457 157
79 602 31
727 816 851
69 139 606
154 741 577
247 772 803
533 162 664
215 65 89
542 810 424
747 530 210
91 21 115
373 144 192
369 829 327
197 804 94
577 817 976
406 255 201
70 185 146
545 860 242
820 51 285
535 122 289
709 803 985
5 107 965
409 636 747
20 332 955
1 180 12
441 540 269
821 742 317
643 809 892
85 509 972
163 535 930
22 377 130
24 239 822
295 567 824
86 165 216
131 35 436
449 123 314
222 817 390
786 185 571
521 103 694
77 236 139
401 675 424
577 191 17
283 797 472
443 310 180
247 736 19
255 865 572
381 165 328
579 43 420
793 427 743
212 777 460
686 495 312
515 361 63
363 755 423
95 299 382
1 267 254
113 257 297
779 148 977
827 305 661
616 131 487
657 465 738
659 625 194
44 709 497
201 389 174
165 251 92
147 314 890
325 613 162
94 156 875
826 163 56
75 129 312
482 664 372
789 258 538
624 371 1000
8 616 237
517 607 653
745 406 537
626 409 451
112 198 634
189 447 956
427 837 943
651 227 914
497 441 319
440 481 320
165 15 669
703 361 69
815 111 506
338 33 852
57 689 646
721 284 860
430 445 651
131 760 816
461 493 689
331 769 522
4 51 505
213 85 101
825 415 212
125 179 66
829 74 772
586 295 861
435 551 441
376 719 265
159 688 298
251 558 595
410 731 286
283 539 655
613 77 165
553 377 464
343 29 528
177 416 602
255 377 634
833 705 109
29 679 480
649 402 956
128 270 308
610 255 769
651 405 769
235 299 316
677 267 453
263 71 963
89 326 403
564 43 453
14 607 853
749 289 532
341 53 781
663 708 917
249 7 130
41 770 308
802 727 796
63 151 345
7 791 923
91 785 211
354 476 687
773 690 528
33 113 832
253 237 32
546 100 806
14 72 741
643 43 541
59 734 698
389 590 944
311 775 386
5 810 12
249 599 300
89 427 381
799 101 474
304 745 178
334 545 659
728 855 307
353 524 969
419 779 17
433 215 713
235 449 787
2 14 544
281 532 431
426 847 511
355 783 904
193 287 754
91 520 830
557 616 90
209 377 256
654 782 185
793 360 823
401 586 18
733 643 448
6 764 591
252 313 933
671 433 882
459 113 751
140 666 555
495 779 729
227 231 513
110 531 567
645 351 711
263 741 293
236 143 206
609 856 866
605 519 51
567 553 424
529 346 748
133 66 259
431 787 353
570 119 479
695 266 503
214 744 840
553 503 256
39 221 265
529 302 364
697 603 479
167 441 20
815 97 895
325 56 827
319 45 705
811 597 498
143 534 986
437 29 992
57 327 842
337 353 353
106 13 147
565 746 752
643 613 554
26 143 47
469 566 125
799 218 971
142 778 456
715 479 641
273 845 534
730 94 909
557 827 939
505 683 929
142 839 577
620 721 699
86 419 881
235 200 945
215 749 653
387 137 143
293 353 384
523 43 368
576 445 268
207 477 607
669 495 207
295 821 857
253 769 145
797 218 305
243 695 36
11 133 852
33 430 955
469 664 751
7 167 265
258 611 871
467 731 555
768 764 654
107 458 429
60 745 826
97 724 156
515 245 41
543 485 957
708 349 397
232 190 321
45 621 897
409 511 385
63 448 4
813 809 195
173 772 85
361 166 712
191 711 381
372 477 884
62 80 848
394 43 26
169 249 317
77 168 380
427 661 661
165 528 73
69 659 564
489 465 935
179 687 715
130 389 925
459 405 473
230 149 307
109 167 819
482 683 397
557 731 360
751 239 767
204 584 5
724 721 372
547 317 154
627 441 281
237 159 599
734 669 692
432 299 357
862 825 772
29 765 65
185 619 769
96 159 829
89 76 869
321 701 380
710 530 572
298 163 452
391 25 49
599 619 239
271 463 151
603 665 193
69 44 577
614 698 855
408 823 341
274 379 598
169 47 148
121 643 654
443 399 828
718 141 242
209 347 647
661 746 626
399 418 198
210 25 187
149 221 924
658 7 630
553 672 158
695 433 954
825 261 988
73 849 425
325 529 567
720 407 54
391 668 537
92 270 714
253 108 438
676 557 613
577 373 222
597 857 969
557 189 562
115 1 105
24 594 555
5 841 343
455 609 925
857 708 747
737 179 863
32 263 424
298 697 558
147 551 568
428 566 198
115 271 127
559 660 982
317 757 695
621 457 614
244 749 507
781 631 909
97 21 879
612 541 701
317 295 759
307 458 346
714 273 800
570 55 799
335 497 209
351 365 770
195 815 178
633 604 798
19 350 552
655 821 520
113 158 222
739 619 908
285 592 141
147 864 63
712 295 444
5 335 341
393 91 595
165 645 298
540 348 381
461 837 274
182 686 508
175 19 551
547 641 244
192 200 34
203 314 545
288 267 407
511 275 27
171 523 877
105 640 705
544 744 53
815 13 118
160 157 300
91 289 31
621 629 274
749 513 926
589 385 266
684 212 543
195 69 768
585 41 575
85 127 266
373 705 691
261 3 925
815 3 177
153 473 611
316 620 91
227 77 738
32 859 729
175 447 876
133 585 835
481 611 1000
465 211 158
199 805 880
227 821 155
137 548 429
3 841 549
71 811 133
229 514 724
761 198 902
817 658 88
82 134 137
504 787 370
557 831 434
401 21 741
333 489 459
1 336 487
669 103 64
401 418 220
369 679 972
262 430 928
45 371 310
823 741 246
527 275 184
361 429 653
347 5 343
762 626 657
155 553 47
45 269 921
543 317 534
10 595 376
351 593 161
727 833 308
697 319 541
47 629 793
358 370 777
671 857 317
729 552 581
177 523 564
181 553 502
787 385 887
179 449 49
175 507 383
17 272 124
33 447 555
55 57 137
307 481 743
189 405 442
399 179 578
679 442 616
861 110 227
88 422 531
77 715 770
77 515 428
98 489 351
235 25 328
473 424 362
480 632 246
783 315 495
255 743 964
569 853 640
75 429 674
275 159 959
813 293 731
627 471 668
164 405 213
239 465 661
616 403 96
471 469 855
698 1 679
155 845 525
100 477 684
479 245 663
17 23 210
117 15 75
713 747 603
126 3 223
303 81 529
393 732 275
93 664 50
227 249 159
527 186 615
574 403 150
623 695 589
159 331 383
85 377 432
346 139 204
629 537 3
263 334 151
289 383 888
9 61 183
375 500 140
446 463 160
57 697 667
149 165 205
777 712 647
823 793 973
807 123 91
311 339 791
263 371 1000
589 136 535
347 113 675
347 173 825
658 627 750
164 99 87
221 514 529
107 753 982
599 553 367
334 754 240
135 731 258
417 101 644
423 409 611
689 208 492
679 451 523
299 96 845
229 490 823
703 455 985
177 542 915
703 403 276
411 280 47
326 394 758
521 743 303
702 133 866
816 601 386
179 453 304
231 165 301
299 89 999
433 575 505
367 807 688
173 60 28
111 161 868
849 18 680
101 159 28
388 790 802
43 400 13
233 473 301
544 234 602
104 563 931
759 693 580
747 253 241
451 223 380
303 347 251
567 121 312
157 553 985
490 823 245
267 195 586
33 531 827
465 723 942
358 307 701
197 622 753
315 233 194
89 93 827
297 787 329
262 573 306
628 279 348
602 507 541
705 35 798
741 198 645
801 209 384
799 812 431
707 495 686
798 854 661
831 201 235
845 357 360
655 493 913
384 229 577
783 247 795
43 151 473
397 613 54
117 705 122
81 239 999
619 321 83
203 337 323
579 203 721
409 602 900
52 155 565
829 257 494
287 799 831
66 367 266
495 401 684
735 355 563
331 661 100
96 170 741
707 359 244
156 105 415
73 625 495
343 753 89
135 187 479
63 649 274
641 591 50
291 577 556
615 733 83
711 355 242
243 691 407
368 513 889
710 460 295
498 517 674
558 711 794
861 557 31
682 741 930
400 377 699
725 25 590
689 606 27
37 501 780
339 481 655
545 829 157
759 675 182
327 112 274
523 69 717
701 559 65
335 480 988
503 675 822
764 671 509
113 672 394
863 72 858
191 720 728
799 257 972
247 779 247
471 775 202
103 141 102
378 437 273
516 235 148
321 563 869
469 236 649
436 807 42
1 4 465
437 676 486
513 177 772
379 161 703
823 558 531
484 776 740
137 446 870
283 634 197
622 152 604
299 455 107
399 131 251
273 629 869
681 79 333
45 705 91
442 534 565
533 800 803
240 306 878
699 116 476
61 189 155
597 591 383
45 345 352
239 219 640
789 101 242
748 457 364
277 857 722
278 257 462
557 145 347
129 490 240
249 791 852
687 223 833
659 645 850
461 787 175
433 180 813
516 188 337
610 465 108
91 3 296
642 319 147
169 581 96
121 189 19
337 65 613
386 345 214
376 386 340
327 35 447
41 444 364
31 279 302
861 263 715
191 676 426
853 441 45
295 105 640
371 790 868
107 567 519
863 803 934
159 727 973
584 221 340
340 774 279
453 808 361
171 491 862
463 465 294
476 857 178
267 455 526
845 267 358
837 435 115
631 675 936
29 629 138
815 251 215
507 621 408
141 287 653
329 585 657
337 274 281
546 61 429
788 382 637
41 364 422
551 331 250
691 777 481
643 57 350
173 551 443
676 728 401
287 24 298
563 465 371
370 797 142
221 561 503
591 296 960
565 670 777
565 107 820
697 767 539
151 351 366
479 70 864
402 707 139
677 237 386
582 850 784
29 305 593
511 182 389
257 757 141
207 151 537
493 3 690
445 633 833
531 528 210
441 581 322
91 659 786
699 59 896
375 740 856
753 621 226
430 471 514
96 770 502
655 263 326
828 689 942
813 795 973
457 392 319
837 763 244
513 421 240
595 821 450
669 451 199
809 837 400
657 149 204
3 564 826
542 327 603
709 829 610
247 800 282
617 822 552
401 717 280
825 353 800
357 641 672
641 49 621
499 270 995
795 835 957
739 267 77
667 627 426
738 644 568
404 133 123
119 234 359
852 361 919
821 709 28
293 787 72
224 801 129
150 559 972
189 311 139
404 428 836
332 774 793
699 775 359
703 521 110
17 677 731
799 633 100
382 269 242
306 409 730
584 330 44
191 103 707
727 569 591
140 343 752
355 221 30
731 698 810
435 71 430
36 403 773
5 464 387
471 697 355
497 808 322
754 29 413
29 335 846
339 73 871
114 643 989
407 125 60
481 461 59
363 179 456
533 709 494
552 103 975
809 427 415
524 541 938
615 667 864
417 643 25
835 155 954
755 273 758
631 657 584
797 425 837
808 561 40
537 297 589
733 444 857
497 332 651
632 199 931
181 109 232
343 355 32
269 803 642
725 583 924
198 255 826
689 393 118
418 781 13
295 175 213
333 509 885
541 616 786
239 544 620
580 102 127
507 787 210
127 395 755
824 108 430
441 1 904
421 427 203
445 12 985
13 217 566
55 408 648
93 711 608
95 504 573
561 87 256
177 249 637
46 677 219
103 863 756
399 55 433
519 549 630
409 445 577
465 822 938
587 65 288
843 467 338
623 165 201
150 49 137
581 33 555
166 104 696
555 93 365
288 333 765
301 413 800
33 561 124
90 303 972
332 569 136
530 411 500
347 353 401
805 585 542
611 445 631
749 834 204
549 745 325
553 832 850
7 85 898
729 345 536
93 215 818
477 21 251
289 655 15
147 670 338
346 127 622
203 580 212
519 280 11
695 721 732
227 30 245
767 733 90
169 303 657
33 129 371
56 350 322
334 482 689
759 657 929
402 316 679
823 810 33
452 503 616
327 211 51
765 810 342
729 809 750
329 865 982
458 561 526
807 393 842
376 665 549
371 443 469
107 607 57
613 591 318
84 381 770
547 149 300
201 408 769
227 689 525
347 352 253
243 362 134
839 331 636
11 99 181
371 149 428
8 177 431
729 835 519
430 598 477
865 471 906
36 163 310
12 199 718
101 519 37
739 672 722
757 692 429
31 331 458
39 164 108
393 413 904
155 69 924
15 27 189
245 425 252
624 201 499
441 431 936
233 319 140
531 116 340
743 137 736
209 738 754
199 194 1
716 558 110
276 631 469
793 246 115
405 579 164
493 243 80
721 702 560
851 728 681
615 675 414
786 653 101
262 508 355
145 209 226
634 24 480
277 359 317
243 501 917
105 298 575
613 394 358
275 691 830
390 387 160
453 569 811
306 411 808
514 701 841
486 388 558
833 413 793
253 774 922
245 228 550
193 383 562
665 240 511
305 547 194
674 156 598
625 171 405
507 108 310
573 752 966
130 651 328
241 285 433
614 549 512
753 846 685
143 374 656
341 634 630
149 180 473
607 355 859
752 319 822
555 441 485
133 515 604
645 516 126
57 124 806
629 543 863
79 803 379
753 564 344
285 531 698
535 647 37
699 772 879
183 218 93
96 719 786
353 159 525
833 503 880
263 725 526
442 567 663
217 759 911
629 315 44
407 203 936
425 627 122
359 160 283
245 563 212
51 63 983
77 538 123
444 357 455
19 28 363
305 363 959
775 627 610
15 313 634
263 489 246
546 99 9
703 715 472
90 262 679
368 660 226
351 585 721
806 494 407
101 796 612
641 25 373
584 97 972
346 505 998
449 528 534
303 291 334
238 325 460
117 135 754
11 147 617
619 291 1000
535 194 805
544 582 422
789 358 300
264 309 523
765 316 644
545 751 328
800 337 377
1 473 687
11 685 618
75 849 55
377 60 107
399 75 199
243 287 649
435 157 210
712 446 25
542 828 894
741 478 438
403 67 587
448 577 583
335 754 411
129 549 558
69 513 486
133 277 310
42 124 364
209 427 73
207 549 491
458 357 618
619 333 534
300 834 84
317 267 466
565 323 927
681 679 125
76 323 96
173 668 66
576 259 262
114 627 595
850 117 628
65 665 536
790 833 974
233 744 121
555 606 963
194 206 89
43 63 745
173 439 205
805 557 448
287 25 628
391 367 535
1 340 465
219 35 248
9 25 108
90 109 620
838 465 134
574 329 962
169 33 317
429 540 387
727 822 314
720 404 7
627 551 346
108 277 32
31 221 494
191 147 175
446 805 546
491 729 829
490 765 381
549 353 270
187 443 239
228 673 113
29 26 564
60 308 230
843 51 973
433 98 645
199 59 56
599 21 647
499 26 596
642 229 505
77 275 224
472 185 79
52 82 941
841 790 180
178 264 164
284 784 72
781 303 384
769 257 997
856 129 26
487 397 291
848 851 80
621 271 552
147 119 344
233 522 667
198 273 137
860 519 304
597 695 884
811 791 973
813 327 526
148 260 979
155 819 51
8 36 724
645 301 994
528 850 951
307 543 389
690 145 820
502 177 771
509 635 240
542 345 187
565 291 825
719 213 354
389 363 303
357 617 753
196 151 297
683 859 135
751 857 257
600 399 353
345 33 77
20 663 169
201 167 702
98 303 375
139 197 932
355 207 861
195 778 798
187 655 729
176 311 474
275 477 846
653 177 741
639 628 29
71 339 746
691 445 844
123 440 314
151 188 576
384 740 390
239 455 786
277 303 653
715 663 685
123 38 804
545 77 971
835 531 892
316 51 370
133 211 188
3 251 547
575 19 839
91 467 947
435 451 889
287 297 100
718 61 342
453 439 550
798 579 958
6 358 623
231 117 504
320 99 123
59 761 305
736 794 653
253 175 397
551 557 900
234 539 384
159 55 858
56 41 432
262 401 912
761 9 799
703 799 843
119 151 51
199 607 552
401 447 731
1 679 480
231 39 879
537 123 724
310 193 616
590 62 517
143 325 14
699 317 615
119 785 954
301 147 764
225 77 591
657 661 618
736 497 673
34 39 633
263 17 294
616 117 430
26 202 943
286 294 312
585 28 952
644 145 872
163 728 859
35 111 354
567 759 902
481 458 447
788 267 882
173 487 967
274 855 249
638 531 173
747 695 463
565 313 774
375 115 690
461 65 730
510 594 739
171 789 346
600 318 70
849 501 433
733 101 721
171 331 262
35 261 300
569 846 87
156 276 876
853 51 2
805 530 822
473 767 231
482 667 497
625 89 438
524 87 252
568 20 821
93 778 792
614 423 210
454 353 378
663 51 877
7 38 77
18 21 770
389 287 150
539 725 112
524 121 985
204 302 372
128 216 842
645 532 107
449 299 104
43 357 793
782 87 11
347 229 19
87 116 938
476 567 58
833 485 446
776 790 398
246 310 618
590 337 963
748 85 726
99 522 109
423 277 235
74 230 664
563 700 573
266 153 910
563 425 241
549 123 125
341 261 639
267 621 712
621 153 795
5 325 695
355 615 894
129 135 50
93 683 472
676 616 610
244 301 257
351 831 798
806 291 241
623 179 680
626 686 644
705 507 664
49 782 116
389 111 963
458 209 77
231 449 484
723 577 387
229 329 701
101 391 13
857 32 859
338 573 834
697 815 285
190 507 550
663 49 160
445 274 845
655 608 558
130 264 668
697 138 435
52 664 817
695 275 208
629 831 157
250 409 244
487 636 773
285 74 554
705 487 394
474 190 959
493 617 588
659 103 494
555 623 619
657 435 561
165 35 730
543 301 902
48 398 869
384 211 454
333 394 929
517 609 254
198 798 230
179 325 346
409 395 670
59 521 761
225 297 553
103 118 712
438 271 930
535 259 799
418 171 309
646 329 875
683 833 52
67 232 900
385 43 711
629 91 242
525 604 167
578 599 112
435 703 788
71 772 717
169 824 78
384 305 978
105 645 554
774 322 831
481 583 999
696 147 944
293 289 917
637 469 613
518 39 61
117 85 456
677 386 514
267 540 738
483 359 998
214 713 539
491 656 94
21 421 982
322 85 907
749 537 135
241 333 634
667 459 510
524 598 497
718 826 980
533 409 823
560 394 45
20 275 731
830 545 311
155 603 88
622 651 422
193 211 265
99 115 162
423 298 799
741 700 586
540 25 596
123 99 564
358 243 829
707 209 546
673 622 314
207 599 390
2 813 111
20 299 325
380 271 377
27 205 167
298 473 354
118 403 439
723 742 815
593 413 602
549 581 575
88 606 925
754 345 747
468 535 122
707 678 600
392 139 463
597 814 156
464 810 213
236 389 194
157 124 618
38 100 290
823 217 818
693 129 967
17 335 725
478 539 117
790 515 596
795 405 735
25 85 463
787 531 742
193 305 317
401 39 457
277 488 641
551 811 169
557 282 170
31 625 441
441 481 222
545 387 352
391 143 266
31 683 947
199 788 132
182 835 899
58 229 128
507 501 860
254 258 865
827 700 371
557 619 431
573 453 582
38 93 436
481 646 562
391 784 787
343 797 802
13 555 697
709 179 668
153 262 855
177 79 297
31 79 553
743 143 759
295 442 552
277 850 423
435 389 115
71 167 461
761 15 647
393 371 457
481 98 310
330 683 234
511 168 524
547 765 431
367 839 986
201 435 188
649 703 390
118 417 632
444 107 49
771 812 802
215 89 714
346 206 416
105 28 648
789 43 492
377 493 174
194 412 488
211 361 951
621 78 399
663 206 896
183 807 312
415 775 542
123 45 334
732 773 263
848 499 806
531 745 969
537 621 258
345 547 79
821 669 973
617 834 467
78 22 231
163 313 371
733 709 629
75 197 402
96 621 210
603 181 602
369 584 884
161 238 455
375 392 622
465 221 581
95 234 530
466 535 80
758 141 109
348 237 858
365 518 994
175 718 276
372 464 353
28 293 872
641 726 9
594 405 185
701 685 384
215 559 644
611 280 668
674 114 571
241 801 290
373 764 287
598 570 6
674 800 690
174 785 714
272 765 129
167 492 773
227 684 599
571 197 63
144 248 712
865 851 554
63 795 424
561 267 828
417 697 458
135 279 887
75 414 623
193 426 921
45 335 289
533 571 543
335 443 770
259 261 433
5 605 967
447 209 623
128 239 908
615 851 728
658 726 451
511 757 616
17 414 974
413 723 264
691 609 37
327 666 95
588 607 354
576 4 69
659 111 581
793 672 189
523 495 87
235 348 256
698 859 563
89 520 496
817 589 747
631 680 495
25 175 299
695 55 595
626 189 539
573 471 851
151 834 55
511 659 804
641 599 641
289 583 883
333 270 370
121 115 353
779 787 321
488 477 421
191 803 355
436 471 615
755 679 858
479 240 923
515 88 242
700 455 564
855 149 806
381 47 816
793 833 991
95 617 102
363 101 621
63 417 734
91 301 203
661 259 429
131 85 192
600 613 45
833 315 146
433 579 94
1 24 305
247 535 600
675 99 167
459 547 895
78 530 564
481 716 73
257 500 258
335 353 284
669 839 816
355 629 837
657 589 86
173 30 424
664 797 589
651 751 748
530 808 239
546 791 564
89 829 598
324 804 776
827 280 985
545 184 886
4 819 830
760 832 852
835 257 325
547 652 476
2 219 257
24 126 879
807 695 618
260 357 580
293 319 690
239 384 276
495 704 551
733 456 800
505 201 821
137 681 980
539 603 758
367 97 380
138 759 975
723 665 321
431 543 843
312 51 257
367 494 611
679 852 643
196 281 106
807 681 2
422 113 90
110 509 124
25 512 746
506 753 343
205 294 754
61 787 654
568 48 824
218 603 398
529 781 849
753 439 212
49 76 768
366 229 287
706 428 304
379 343 632
65 459 697
345 794 279
691 768 923
65 464 170
319 310 355
21 64 129
470 629 1000
401 384 770
543 346 920
117 344 756
744 78 903
599 447 449
203 785 488
521 151 931
113 635 646
1 255 695
228 313 503
617 755 113
561 689 992
179 123 288
565 703 906
217 271 108
593 743 110
349 865 458
1 277 310
613 748 697
87 105 320
594 352 768
43 397 951
613 67 885
1 109 958
194 259 650
173 323 719
684 825 942
793 666 889
83 389 984
799 865 43
541 767 877
71 1 705
105 600 634
745 395 907
585 597 511
345 523 135
523 290 347
192 608 781
253 176 799
262 694 696
801 746 914
601 623 758
837 709 565
5 446 123
582 567 11
479 416 658
62 174 296
515 367 606
809 53 619
199 332 400
375 373 161
501 128 361
283 607 425
645 349 413
22 813 903
115 539 574
388 830 121
577 689 367
459 135 768
411 31 243
481 515 3
95 421 7
473 79 122
415 503 953
303 740 769
337 107 379
52 434 912
807 449 115
584 601 933
571 564 213
601 511 633
5 113 692
106 352 754
323 215 758
581 177 948
36 358 965
85 750 95
45 61 845
303 571 626
779 417 337
855 733 98
281 709 459
738 219 950
641 513 742
212 407 116
17 201 602
15 91 254
547 519 661
407 616 766
621 405 731
816 416 737
51 95 295
755 792 546
472 491 543
815 36 222
619 650 918
802 799 903
779 310 404
555 585 11
491 27 942
599 565 158
857 399 183
203 649 487
839 760 724
189 235 203
270 161 797
775 785 631
689 58 657
736 485 372
41 547 218
123 13 95
193 289 556
234 356 390
544 860 255
370 569 4
167 259 892
149 191 808
341 429 868
239 865 133
7 631 886
353 395 835
199 221 307
737 22 610
684 309 13
439 355 962
141 207 855
542 409 818
529 61 931
473 165 296
571 413 453
60 585 639
77 571 372
99 621 4
753 792 997
93 117 697
493 785 35
57 437 776
833 849 574
585 683 766
336 383 994
710 675 708
237 393 433
411 352 984
96 630 671
381 20 518
261 479 965
186 203 46
592 245 894
115 317 498
491 487 469
513 775 15
97 162 71
529 572 111
815 515 998
556 199 929
253 105 20
505 703 629
93 821 52
333 597 830
141 331 478
603 311 736
373 662 407
853 336 407
209 405 819
745 193 483
433 859 865
780 373 879
798 103 26
465 383 522
830 251 194
149 361 287
675 427 428
9 19 998
240 416 53
24 776 857
545 721 248
612 811 38
67 237 171
305 427 578
1 377 490
21 553 216
715 836 570
699 303 658
709 203 195
687 169 908
324 439 113
571 378 17
776 311 596
277 805 961
493 5 150
523 351 461
463 823 201
249 843 546
93 686 550
199 540 711
368 662 351
398 37 641
205 207 904
357 536 930
783 851 255
553 521 19
95 23 170
515 731 906
399 295 66
605 496 169
723 472 547
343 427 554
611 695 6
646 741 39
621 788 861
307 591 884
115 659 76
193 76 19
232 427 241
497 496 100
420 3 393
153 85 71
702 205 367
529 170 979
778 787 675
720 809 399
756 403 71
551 177 194
525 469 901
147 638 579
2 59 574
89 197 724
397 763 692
757 111 551
649 805 139
659 760 30
862 675 433
281 312 379
389 766 420
193 293 121
19 465 673
355 640 180
655 815 290
545 87 202
544 209 823
649 589 137
724 401 431
581 485 31
815 154 704
66 301 1
495 99 460
757 529 660
185 725 957
319 577 976
418 562 881
6 171 702
491 394 851
738 31 417
129 813 644
228 741 794
597 303 531
847 593 218
207 4 577
770 83 404
807 739 223
36 585 321
479 211 499
8 97 638
423 569 431
445 108 243
759 601 268
809 17 206
573 21 668
191 551 19
289 702 564
625 703 204
427 445 733
811 798 483
230 115 681
264 627 866
729 855 85
819 341 282
281 479 108
117 154 940
45 144 333
419 468 531
645 407 184
55 753 852
181 566 371
91 195 521
175 819 603
251 499 308
201 357 205
799 211 379
633 835 64
681 629 488
394 341 982
821 463 90
38 743 821
568 602 497
275 731 274
722 383 785
325 557 445
751 605 221
471 239 127
653 531 709
1 13 557
479 167 249
127 542 925
739 279 758
223 66 819
575 685 16
831 843 584
583 47 17
392 475 976
59 267 821
203 582 126
217 671 174
95 213 207
167 582 878
781 815 141
205 167 247
853 185 590
771 724 63
779 653 189
845 229 509
697 137 944
260 159 494
385 9 663
35 731 25
705 567 847
593 721 628
655 757 144
490 816 709
459 179 88
787 14 3
435 519 784
624 451 300
549 363 361
205 164 304
99 161 745
469 325 174
145 675 458
239 491 891
359 120 222
747 467 390
862 445 759
2 107 466
413 829 95
704 319 874
141 808 293
593 281 10
729 31 720
695 665 162
793 359 150
281 611 667
862 200 908
207 317 584
113 172 534
659 410 724
787 831 616
317 821 328
499 401 225
9 777 337
142 739 380
352 243 250
291 861 740
5 10 175
689 5 28
451 509 876
729 275 979
197 660 618
307 357 695
349 643 475
835 374 618
809 459 682
226 653 678
116 642 618
6 56 59
345 413 321
44 68 158
99 354 135
859 47 187
563 265 259
737 445 327
687 329 865
95 271 739
701 35 11
309 495 942
297 245 115
8 390 558
359 27 257
100 550 845
685 467 230
561 449 511
692 33 207
745 412 474
37 359 175
751 190 351
651 561 136
418 709 903
75 652 552
392 577 315
139 168 721
186 788 434
128 229 934
518 655 725
671 345 360
161 36 285
717 605 947
415 473 384
6 110 111
295 699 385
609 692 987
581 751 41
47 257 416
253 449 833
265 263 987
313 452 714
575 112 265
243 297 28
245 468 142
177 777 144
163 824 956
476 257 15
209 792 994
669 183 165
497 550 106
235 391 80
701 490 782
183 143 276
614 815 70
763 672 111
375 541 472
361 693 184
271 815 427
765 147 777
501 481 358
629 788 612
215 73 680
557 111 34
110 134 657
609 532 148
424 590 844
189 209 7
128 57 995
241 174 415
268 571 56
150 586 770
511 617 188
709 671 343
553 455 882
285 105 58
359 542 235
739 728 828
345 493 466
644 789 443
195 537 914
253 582 556
113 307 181
361 171 2
1 51 902
767 381 278
530 830 942
355 391 10
221 377 815
764 790 303
113 497 826
91 751 694
415 644 84
425 93 516
507 858 174
186 683 572
541 458 57
847 457 672
247 205 806
662 670 408
561 732 253
353 233 274
827 740 533
720 281 322
197 339 162
155 516 797
331 198 596
853 347 82
313 640 498
25 845 551
230 61 211
155 849 105
590 463 316
89 173 957
600 115 862
730 765 204
493 327 893
121 479 524
85 672 496
398 426 613
209 605 789
495 750 299
573 411 295
771 243 313
224 849 980
489 579 82
703 394 159
59 13 202
93 597 488
321 533 182
129 825 569
101 278 129
71 552 388
240 431 988
215 291 983
821 71 331
711 406 632
323 532 154
105 752 421
505 425 304
650 253 566
603 747 661
717 452 398
738 751 630
503 27 557
26 50 548
297 811 857
231 485 806
383 668 649
827 449 589
427 459 259
426 200 591
741 358 632
486 577 702
810 333 488
181 729 917
93 63 447
515 375 362
491 279 732
363 670 883
837 844 322
391 853 812
505 622 983
466 471 868
187 176 557
379 180 336
289 620 323
722 264 297
823 750 354
841 121 400
577 80 654
15 255 87
217 763 602
595 805 913
527 61 15
371 541 308
42 449 23
271 655 414
252 361 160
718 122 83
859 343 592
565 533 453
417 141 539
5 231 270
200 781 616
73 221 950
757 205 342
267 281 946
293 411 415
273 669 813
173 411 771
739 683 231
118 5 964
241 93 601
744 425 180
181 294 479
743 303 450
100 115 502
736 339 253
740 648 373
777 5 114
645 173 425
641 63 871
851 717 948
783 341 304
529 615 466
425 823 829
815 689 81
39 287 136
457 493 549
578 681 42
419 49 467
673 623 676
113 428 505
13 315 425
399 449 633
583 293 43
134 265 388
400 649 76
293 823 996
631 446 345
132 22 299
333 629 936
731 5 516
32 228 847
731 779 494
99 851 573
431 371 971
861 338 285
503 595 75
381 601 250
1 3 370
493 508 729
319 600 26
811 387 933
243 453 562
73 831 899
37 173 888
775 839 391
492 669 549
602 769 344
593 23 851
155 491 57
133 692 547
9 101 387
79 691 536
762 254 787
703 555 319
285 551 246
257 737 266
724 705 187
670 668 818
215 13 233
441 748 88
706 838 666
110 275 668
91 632 438
217 121 343
519 169 857
639 815 511
727 806 814
53 139 51
25 201 578
447 617 755
199 126 48
175 799 906
529 368 978
745 729 758
651 75 147
305 455 152
117 20 33
637 263 968
589 652 130
306 777 125
634 149 42
47 202 66
515 427 743
125 121 746
143 45 277
705 368 622
492 471 590
5 270 739
540 775 458
263 759 322
155 365 601
635 805 858
795 227 185
445 472 271
383 46 235
43 25 907
348 737 8
255 187 422
337 736 321
296 492 835
557 150 277
571 674 652
799 835 952
127 5 676
631 101 427
479 223 523
111 628 338
86 673 636
776 691 866
721 710 252
397 839 7
370 613 82
159 207 111
438 575 925
705 624 291
139 651 742
335 581 329
13 665 495
149 804 469
97 673 872
541 434 950
347 604 572
617 767 507
604 765 690
289 559 495
843 89 564
659 743 765
655 10 850
539 337 283
177 855 182
823 64 617
551 531 233
193 718 171
243 255 840
501 413 352
77 466 851
361 177 984
267 298 1
829 47 293
275 160 126
530 579 786
467 541 967
207 245 519
769 83 340
571 621 663
665 271 182
559 211 110
192 282 535
341 37 155
293 61 545
262 809 312
235 650 632
121 137 5
166 151 789
660 85 537
765 631 73
551 849 380
5 99 445
797 94 589
19 858 741
34 751 220
849 383 426
186 535 49
207 95 462
186 618 866
845 455 755
89 165 190
595 229 853
33 81 631
379 470 489
111 394 365
833 817 813
74 31 466
39 451 339
85 60 240
467 739 422
277 775 377
580 113 49
4 761 811
119 423 542
650 716 752
129 625 35
529 737 577
743 629 896
517 534 248
527 521 350
125 805 809
261 548 902
471 235 406
317 135 467
15 107 298
1 5 59
619 555 639
469 302 945
31 91 492
361 535 142
575 733 746
1 6 489
831 270 441
369 413 11
273 337 634
78 297 444
449 209 438
751 363 296
229 28 363
287 856 250
723 266 779
14 22 759
328 808 213
303 771 895
464 575 536
551 495 590
535 775 895
249 779 887
473 381 752
458 429 444
59 349 584
415 157 789
813 227 974
556 766 478
247 680 921
641 691 839
418 817 514
548 851 186
675 524 640
433 35 688
435 110 354
129 814 302
27 630 980
475 69 790
837 237 109
447 381 558
203 711 538
343 421 477
701 577 927
621 362 579
633 713 715
481 817 237
722 742 773
811 37 686
721 855 413
333 522 247
267 123 958
265 807 908
467 500 144
569 803 676
175 514 359
501 514 964
677 632 201
848 179 795
16 387 213
1 53 507
162 213 52
469 50 426
79 741 890
515 647 411
633 448 606
452 537 757
213 676 575
250 135 375
841 528 515
609 86 63
423 352 230
743 351 637
261 351 172
402 146 355
861 17 780
861 103 71
418 345 540
221 559 492
638 529 890
631 497 445
604 571 498
51 482 786
581 671 281
60 694 133
315 606 836
693 387 635
221 265 950
413 381 51
327 773 567
149 795 215
622 845 236
447 446 105
299 596 709
557 407 750
605 425 112
815 778 930
485 57 200
456 613 413
237 86 622
147 315 201
604 853 82
63 274 369
801 189 874
453 185 294
312 45 644
625 629 4
667 462 473
827 529 591
297 472 639
109 160 867
93 278 832
199 693 187
91 106 274
809 644 350
67 565 241
4 711 309
333 1 93
209 332 654
745 319 108
382 419 204
643 204 429
719 763 50
271 541 289
649 447 789
5 191 583
379 479 989
689 416 895
258 27 845
642 307 366
43 189 71
809 787 499
773 525 26
429 379 192
431 193 424
251 485 137
658 366 483
467 579 343
194 359 503
787 583 16
703 23 360
300 635 592
257 93 866
5 13 331
23 184 964
771 817 825
333 103 934
1 579 105
41 737 885
315 25 815
17 245 276
247 139 447
93 727 830
634 295 820
138 183 459
613 81 145
227 236 487
597 699 144
386 414 977
310 383 987
839 257 163
791 223 331
635 445 306
311 459 737
628 709 504
585 487 136
21 835 601
401 25 151
831 253 63
783 578 941
529 261 88
269 482 949
732 281 7
378 173 763
281 459 654
675 365 148
556 427 740
497 365 518
7 370 688
468 482 671
227 195 716
266 812 687
217 67 704
479 551 614
829 19 242
259 497 51
857 151 757
641 717 110
347 83 531
465 637 648
9 143 206
298 94 166
149 587 800
534 673 601
580 514 844
447 415 401
555 251 692
617 753 988
381 842 932
161 465 77
554 262 799
129 274 390
28 433 154
265 300 343
579 90 569
83 435 295
363 799 47
809 139 79
463 388 380
57 625 1
279 91 920
287 707 268
364 430 65
393 347 171
421 533 796
443 583 285
81 741 659
596 647 714
426 607 414
462 517 22
89 417 658
791 133 127
33 536 820
701 861 242
784 770 575
599 559 966
287 462 572
259 597 84
551 327 57
340 158 603
865 54 100
101 104 108
85 223 365
654 282 924
349 255 248
363 485 802
208 105 486
388 584 113
40 81 521
225 795 949
530 275 660
580 533 201
800 78 92
429 771 757
726 753 601
29 197 514
670 640 65
667 377 168
865 463 206
547 488 685
501 677 59
187 428 249
569 500 15
55 347 398
18 801 624
742 557 57
785 501 216
413 453 493
737 353 531
692 585 914
427 573 469
320 153 617
461 573 449
361 573 467
282 456 339
345 707 58
183 445 75
393 429 459
837 339 608
204 353 924
545 13 208
151 85 614
825 333 258
7 666 331
485 108 824
135 290 529
516 335 396
235 518 741
262 177 681
253 651 4
741 396 914
293 501 118
583 221 473
435 6 690
508 754 152
551 735 57
133 667 77
501 163 482
704 845 355
839 174 535
1 89 917
687 255 547
677 396 206
683 298 447
323 442 977
47 135 409
23 48 204
531 246 587
29 375 499
134 337 980
166 580 187
709 329 214
415 530 893
259 799 962
446 842 760
80 764 881
17 194 891
345 719 508
757 228 933
363 550 661
503 455 471
319 281 562
367 780 722
102 357 451
204 820 597
715 505 777
119 413 26
21 561 484
633 486 294
291 395 421
429 87 532
600 759 723
86 220 85
605 18 173
91 199 951
301 49 292
789 188 337
358 537 221
161 661 353
783 293 590
625 347 536
379 69 561
561 795 884
289 685 254
257 421 22
703 639 913
240 478 661
852 565 623
107 480 225
445 493 149
465 169 98
143 846 863
788 655 917
422 609 645
415 457 473
553 413 401
504 784 528
91 244 472
201 175 1
191 606 836
717 827 47
197 615 809
357 860 193
827 135 971
715 655 545
149 25 512
723 259 796
819 401 131
315 296 841
617 275 221
151 665 81
603 472 425
635 424 360
657 703 930
634 839 766
271 315 92
615 641 694
228 61 417
75 397 357
160 695 612
739 367 915
81 455 436
473 567 184
295 753 717
551 297 159
435 771 86
657 439 918
862 161 968
311 678 516
506 83 268
456 617 846
310 462 55
441 279 764
356 533 612
361 553 688
355 779 473
779 484 963
489 710 814
403 809 236
151 563 726
752 145 457
569 795 757
522 278 593
410 195 731
73 247 302
133 580 347
705 511 306
454 647 560
652 395 665
787 835 456
436 73 154
828 211 183
210 385 204
454 20 886
500 648 890
79 103 375
218 745 991
779 423 750
831 405 712
91 373 432
31 448 971
261 443 189
723 745 738
223 785 864
381 37 529
155 21 827
251 195 277
731 433 705
47 587 162
446 774 862
393 463 173
407 327 618
555 851 806
620 103 209
618 75 998
143 263 431
144 155 849
1 76 600
771 266 383
203 16 271
619 65 346
856 67 43
705 749 263
802 13 953
91 79 494
459 329 548
118 134 324
653 641 770
597 727 865
525 548 531
307 13 420
347 365 355
377 251 457
377 461 792
781 694 259
163 63 764
66 697 83
5 392 484
262 429 124
186 296 424
157 360 120
797 207 971
265 551 918
163 378 131
863 307 170
406 625 989
459 254 313
471 710 726
87 109 642
561 698 12
735 135 282
253 246 619
708 145 808
839 787 221
181 275 802
265 229 819
667 171 342
461 155 1
129 727 995
656 671 615
193 385 889
141 186 358
492 355 509
519 315 580
399 108 696
97 607 164
382 661 397
390 811 40
749 321 822
90 741 640
81 555 298
633 635 668
593 371 972
200 398 984
331 600 184
285 758 370
530 572 482
303 467 540
59 98 458
733 774 100
267 659 482
97 681 436
813 423 695
352 417 778
651 407 775
811 405 67
505 29 794
226 741 959
817 287 459
206 148 356
661 781 824
703 337 406
13 351 826
345 581 189
23 685 355
362 366 232
35 346 563
415 79 924
730 803 547
785 154 759
371 711 799
1 495 389
771 89 778
255 648 758
801 274 10
592 16 278
21 721 93
537 443 221
711 75 337
107 65 336
758 702 263
149 487 317
845 213 324
703 535 256
19 682 721
373 697 705
267 585 628
173 380 686
61 280 169
661 509 835
580 697 717
821 175 254
759 855 133
465 482 421
758 53 97
767 15 13
239 804 239
211 691 715
755 280 94
415 811 220
40 96 511
382 144 766
741 281 724
509 796 852
152 503 445
503 826 293
67 517 681
493 826 761
201 197 173
781 183 350
251 350 981
577 861 880
801 463 461
135 85 425
472 861 278
179 165 386
715 220 862
36 254 138
857 261 403
109 435 218
539 255 764
397 731 188
713 667 140
17 797 869
535 833 654
833 823 715
37 92 778
753 632 850
126 862 350
29 586 717
15 228 477
155 2 734
553 558 494
292 456 691
782 483 961
807 207 182
865 290 90
80 178 157
85 298 589
422 293 871
212 497 357
645 771 208
259 589 320
445 209 711
749 631 695
357 313 750
19 1 614
251 761 274
297 31 29
277 585 594
421 37 796
803 507 830
735 144 320
777 75 41
481 75 910
349 550 904
689 291 524
310 702 130
611 162 602
333 374 753
361 799 781
1 16 205
20 192 59
801 76 677
259 850 112
202 607 942
575 32 534
193 529 564
160 578 407
105 704 511
145 425 494
141 737 578
43 46 986
493 793 22
426 237 914
227 740 395
416 272 511
498 91 902
111 193 755
668 351 897
697 531 540
246 435 375
596 503 155
797 619 724
72 530 487
783 597 696
561 702 366
598 203 596
680 628 286
619 161 285
611 643 958
291 367 805
191 833 533
273 301 429
583 238 341
652 831 795
755 233 384
349 815 710
863 436 119
317 36 215
702 258 1000
575 229 802
93 201 312
625 362 384
113 721 806
82 227 805
246 434 980
381 669 531
319 60 362
369 441 769
631 728 281
631 853 764
33 482 117
271 499 562
845 181 488
355 135 132
57 688 819
43 393 741
524 633 2
791 378 711
113 470 889
115 82 581
673 494 890
331 451 121
721 847 511
397 603 920
105 651 983
515 603 360
245 291 735
33 88 968
829 795 51
271 667 382
388 439 374
317 590 754
593 111 115
794 495 320
741 423 969
788 223 348
541 237 391
401 31 750
455 38 609
450 333 523
768 129 929
217 545 916
361 715 888
310 771 16
409 39 455
741 661 315
587 305 778
793 259 40
589 763 468
631 609 548
5 433 690
304 275 202
725 378 101
502 181 846
515 297 529
845 825 488
347 730 798
837 455 179
329 295 999
253 43 468
429 237 321
170 438 343
195 814 946
503 155 375
135 435 133
455 641 952
399 269 34
135 69 225
377 14 678
579 21 713
5 219 516
713 857 617
565 596 591
216 570 925
483 147 391
613 498 382
420 256 376
589 357 569
427 700 730
181 15 742
481 717 571
343 828 935
107 620 449
453 195 112
711 384 948
491 440 158
361 159 306
17 209 228
843 643 758
430 511 589
424 387 413
739 495 744
101 123 575
687 301 409
195 59 36
707 605 953
126 407 751
676 239 373
125 381 968
129 589 791
639 294 26
427 509 113
517 197 256
663 341 784
119 469 318
260 344 891
735 761 565
405 69 86
527 213 226
604 653 219
147 768 951
275 803 276
672 777 275
287 201 234
853 365 336
337 373 55
79 783 445
655 859 263
77 76 467
18 851 513
181 577 990
252 92 459
513 783 622
789 815 113
498 195 116
570 823 919
521 13 869
406 741 58
336 586 509
442 381 209
483 777 139
240 785 182
225 273 277
2 169 672
771 614 908
109 831 38
243 479 314
461 23 451
99 401 760
177 167 332
589 179 635
463 480 621
539 99 619
67 302 352
609 235 699
504 533 336
661 782 925
459 789 559
563 251 261
607 631 403
209 195 543
342 557 999
592 49 777
503 387 188
495 684 678
457 91 672
583 563 903
356 4 248
60 334 581
121 166 540
247 769 105
99 47 620
183 721 328
15 94 314
406 7 928
417 207 148
665 226 456
343 471 677
205 501 940
271 627 769
103 471 729
591 7 110
693 307 892
257 687 164
843 85 820
683 370 961
53 614 119
37 237 664
66 796 196
807 185 932
381 217 724
91 408 848
181 805 973
316 89 623
295 845 560
679 237 707
791 737 38
486 193 298
190 779 552
31 799 797
134 185 209
563 671 532
372 473 393
352 685 292
199 513 716
276 386 887
577 576 136
836 804 325
632 339 791
25 570 278
493 245 715
429 161 542
763 175 632
337 345 187
451 819 939
568 185 266
601 848 548
735 817 376
408 466 966
749 639 173
720 401 537
59 21 263
275 789 816
97 371 900
19 700 100
809 185 602
759 330 933
276 191 478
333 651 564
855 64 651
453 113 335
251 829 2
823 723 699
807 142 447
193 546 384
718 238 446
239 618 895
281 406 380
699 564 710
247 561 21
571 79 709
853 387 699
501 676 313
443 777 998
126 184 37
573 807 114
602 564 376
681 801 378
383 556 701
261 462 152
162 37 828
785 311 347
275 521 740
194 633 421
173 681 177
744 849 891
310 358 174
785 525 437
107 285 650
213 841 494
667 711 528
369 225 172
129 124 179
455 642 329
415 209 903
768 166 979
210 527 242
198 797 833
243 631 860
692 469 54
857 180 118
381 300 86
731 387 915
65 38 80
649 293 564
379 583 894
23 135 916
733 778 221
547 773 461
108 666 982
854 810 84
335 256 122
529 689 451
279 203 206
735 572 6
750 742 59
779 679 100
644 649 187
151 55 352
386 780 907
291 740 619
114 713 281
599 745 605
339 793 82
264 452 669
373 501 276
231 376 580
97 712 105
471 379 291
315 657 736
385 529 15
539 695 952
704 718 482
401 589 400
591 633 19
7 619 842
700 225 454
635 470 523
579 759 648
729 655 622
229 719 104
443 315 591
556 831 408
121 15 405
215 343 734
865 704 295
220 719 939
863 14 609
211 850 538
239 374 184
201 827 696
602 428 74
439 492 904
331 509 895
751 145 877
180 359 385
581 201 45
89 797 370
571 713 392
37 43 81
2 549 10
225 149 969
551 65 167
758 41 896
453 857 583
701 587 874
275 723 535
837 349 687
477 624 126
836 241 705
530 773 19
334 114 211
518 242 875
817 557 748
721 763 290
643 684 396
447 523 734
193 11 694
403 389 552
833 573 286
627 345 99
345 245 307
842 329 177
813 75 282
439 819 726
759 459 921
142 614 832
651 428 865
61 759 204
804 374 172
332 635 912
673 737 445
855 185 33
576 840 876
433 269 533
377 469 492
116 804 856
101 353 450
697 680 886
657 121 600
329 424 880
553 348 793
4 49 221
256 744 661
677 556 998
181 359 30
273 425 254
294 451 776
506 497 665
37 103 15
709 417 263
673 707 85
533 153 45
108 529 17
619 839 668
750 847 154
337 702 463
183 705 480
3 153 366
788 154 88
21 136 700
765 275 273
363 9 616
95 427 18
77 114 152
742 254 334
199 475 734
120 403 125
675 246 394
307 337 102
833 25 400
833 322 845
245 741 171
283 427 672
92 683 851
150 146 431
55 645 355
467 581 43
199 589 731
487 51 505
289 591 897
823 747 399
726 148 897
71 341 782
57 37 298
239 89 801
545 787 952
795 814 596
649 507 648
445 495 219
309 255 780
701 817 400
524 834 740
337 479 295
147 807 887
553 223 901
730 629 314
807 611 749
837 523 796
845 341 963
767 633 944
438 521 836
45 121 312
433 637 969
753 491 610
110 162 755
217 555 913
719 383 756
297 393 483
15 615 425
507 819 55
679 764 824
323 203 953
523 95 519
528 242 684
51 293 936
206 115 434
751 379 181
857 333 715
574 829 795
282 399 970
396 612 321
55 65 781
467 377 931
415 487 191
397 501 892
191 6 13
297 123 474
229 750 623
197 111 62
259 27 154
399 37 955
665 793 911
793 391 688
256 609 764
401 637 798
45 463 965
573 161 991
619 571 818
550 527 657
156 136 575
321 576 845
135 240 471
83 596 255
449 380 517
519 361 579
265 843 261
25 55 886
37 268 685
675 454 709
460 658 553
625 857 219
513 630 276
171 51 498
243 569 482
149 483 589
687 865 574
423 229 748
703 237 192
11 563 402
28 490 339
621 524 741
639 851 648
451 26 830
175 689 356
209 221 725
213 291 801
79 345 441
595 771 160
788 181 857
495 756 382
441 533 932
479 185 482
379 84 3
699 547 125
709 463 603
549 453 427
496 1 315
668 125 672
31 10 751
810 186 940
146 297 968
165 151 966
719 353 617
285 609 568
465 781 992
389 253 403
683 829 65
323 631 68
291 365 579
160 161 524
436 333 629
816 770 879
405 615 788
351 862 525
427 331 98
737 641 995
727 516 47
399 138 377
244 829 289
107 130 276
17 667 361
236 340 829
499 787 164
163 699 709
609 167 632
64 288 74
53 707 953
109 275 677
321 566 994
654 149 365
534 782 433
515 424 745
510 573 573
515 653 359
77 35 19
155 443 5
740 516 579
539 455 471
255 697 831
55 351 507
275 52 134
533 625 18
297 318 381
157 850 814
515 171 736
271 39 436
91 81 53
669 593 203
513 485 783
286 670 353
764 177 12
84 245 549
413 530 45
385 137 788
162 461 715
61 747 419
16 17 494
593 89 279
695 228 672
674 421 418
641 471 414
191 175 197
21 351 616
106 183 301
184 718 169
381 805 46
187 827 738
26 76 900
433 491 565
193 739 17
226 436 140
296 844 380
445 534 189
28 60 587
521 812 165
379 93 874
476 163 648
162 838 442
269 824 768
753 23 9
48 681 96
807 335 493
52 179 563
25 159 372
592 641 979
129 329 293
178 214 728
761 592 430
285 597 384
497 407 606
197 103 406
673 25 956
121 283 904
684 132 429
17 75 764
532 227 466
133 565 433
491 343 245
114 149 367
660 350 725
220 567 786
585 653 779
233 725 26
383 493 836
645 507 556
357 623 53
84 85 770
355 102 944
530 215 119
620 535 6
519 159 97
370 523 99
679 85 176
859 561 470
244 823 175
589 679 293
785 667 766
851 761 787
791 157 129
248 611 218
16 182 126
577 625 830
579 229 86
105 625 754
284 604 325
788 169 730
321 517 121
218 713 753
92 484 74
861 473 82
457 616 779
635 848 107
281 28 611
212 866 904
46 644 306
76 448 676
528 249 76
285 145 143
799 197 264
259 127 64
815 743 275
767 717 1000
367 32 676
47 791 813
659 81 250
14 543 863
723 606 363
646 854 20
785 283 541
267 15 118
685 787 624
222 410 913
55 146 578
367 308 630
720 154 920
495 710 433
190 273 69
337 595 175
829 747 715
607 573 332
211 200 831
150 235 589
243 381 130
587 461 830
137 666 940
209 43 941
264 865 576
385 79 360
475 108 619
197 603 488
125 403 999
571 3 433
19 743 774
370 530 702
693 417 924
613 593 152
537 99 570
707 631 156
695 564 924
274 284 412
623 269 969
112 703 539
435 369 701
389 735 302
245 532 627
606 851 593
803 143 402
213 650 768
268 807 58
421 501 243
6 93 352
89 496 31
651 403 474
275 571 703
368 27 858
610 205 833
615 796 203
408 759 849
423 787 214
305 349 3
77 621 91
563 463 630
786 847 607
729 231 403
277 459 805
322 546 796
455 212 37
809 265 769
15 112 425
43 162 739
533 617 935
240 491 487
671 99 246
151 803 711
441 628 628
794 45 830
227 253 193
554 448 212
82 87 302
15 612 690
590 711 748
811 181 822
722 197 624
145 464 332
335 605 807
93 102 267
383 761 679
161 834 213
316 493 363
10 292 990
733 835 380
301 71 378
369 517 426
637 222 12
23 615 2
761 452 486
36 737 88
7 756 371
201 303 996
222 221 976
99 509 131
489 52 910
97 202 754
51 485 421
557 185 100
409 249 701
269 195 456
544 593 597
523 635 226
105 567 884
473 677 676
141 311 287
137 537 123
509 773 205
13 577 899
313 42 373
289 803 662
9 273 34
185 310 594
816 77 220
291 423 913
612 395 135
14 411 15
839 785 912
697 755 590
193 429 987
456 55 377
690 725 347
865 831 873
311 249 925
738 213 563
315 479 738
747 855 38
88 457 873
36 500 22
715 509 542
140 682 790
819 520 981
9 332 15
430 214 357
789 301 707
591 257 915
41 303 859
218 323 805
731 289 701
384 753 92
197 72 329
323 860 950
141 295 903
671 532 658
259 145 882
15 377 265
325 23 878
33 1 458
787 160 839
229 334 690
479 272 580
588 739 814
601 690 208
217 151 810
360 698 943
61 859 359
335 108 278
525 593 680
311 45 525
773 859 736
863 753 659
576 74 339
123 491 107
35 67 432
797 835 919
853 865 524
480 721 651
10 781 515
488 199 466
27 293 644
787 5 530
598 721 588
71 580 848
547 75 515
200 384 426
412 666 702
275 359 106
801 689 911
823 205 814
35 355 544
194 710 358
168 245 451
652 435 426
713 321 656
139 115 254
675 3 851
399 255 613
241 64 982
618 95 466
735 180 81
415 408 4
715 441 517
599 465 868
523 628 453
517 780 371
253 198 337
231 608 560
853 281 167
91 274 100
119 269 804
421 198 397
771 35 360
368 4 189
73 102 205
463 739 169
233 3 174
449 109 159
398 787 636
278 19 108
213 311 880
641 777 808
863 210 380
297 277 854
852 569 593
523 237 185
374 456 584
721 517 551
229 215 608
851 427 726
279 439 510
369 737 231
502 604 877
3 39 918
209 430 136
559 385 133
131 785 683
341 495 436
841 231 389
311 533 115
223 170 9
573 31 131
323 422 803
301 103 828
349 89 667
442 253 788
569 843 862
261 256 788
129 762 692
251 366 60
54 453 835
190 242 14
349 269 48
33 605 477
484 128 360
279 355 394
181 780 169
637 574 951
699 731 574
625 613 420
557 674 370
357 403 659
171 593 64
752 403 460
409 825 660
49 143 740
506 345 422
121 526 218
507 667 985
55 189 686
785 407 686
329 401 539
709 1 433
725 163 850
779 163 443
651 225 222
310 43 434
694 709 970
550 42 883
450 225 981
105 635 489
1 2 117
49 226 580
113 395 227
69 24 450
231 236 973
794 107 287
384 25 824
334 45 888
78 827 845
803 692 510
691 280 461
155 376 586
425 799 320
25 814 171
129 656 819
172 622 678
165 683 976
769 569 111
389 699 169
674 321 471
232 53 36
765 522 732
689 651 570
163 465 475
493 15 394
448 695 560
819 789 319
43 848 687
230 494 907
261 660 998
823 551 806
98 331 642
295 35 353
675 143 60
503 835 436
813 853 274
504 359 976
287 611 367
349 239 773
813 650 114
477 167 20
217 393 182
377 749 557
657 864 859
55 230 148
101 11 766
72 679 758
551 403 836
103 238 161
213 309 842
55 451 315
189 157 408
142 171 932
845 6 437
207 471 727
231 586 829
106 278 934
273 429 897
780 153 142
290 297 608
130 587 305
544 241 345
407 115 102
117 284 883
783 725 818
509 806 367
410 827 608
841 667 867
799 559 698
677 347 214
767 373 650
201 261 871
397 455 662
185 687 284
745 166 871
551 599 949
381 114 111
83 523 188
147 284 505
259 569 695
415 465 865
36 645 163
778 760 263
713 711 220
223 164 352
672 632 118
401 213 310
709 391 846
126 565 670
334 264 102
81 515 995
226 415 534
463 191 397
349 551 466
503 756 491
640 537 601
203 11 596
705 161 503
138 407 992
341 621 732
245 91 882
291 103 847
215 528 646
190 695 836
339 257 987
155 225 418
65 91 847
507 534 773
261 113 713
113 681 184
7 847 72
335 854 471
131 499 684
853 607 527
497 745 903
536 710 488
486 151 806
61 316 498
752 390 400
569 545 530
116 142 833
825 739 730
372 677 464
439 590 960
438 409 953
452 55 312
599 837 372
738 26 841
681 793 802
53 576 373
637 442 120
826 721 525
727 65 803
767 119 693
397 539 733
4 569 343
7 400 241
716 253 93
741 805 212
343 181 402
115 107 984
635 639 906
742 529 251
91 243 37
331 22 250
809 207 294
352 833 408
236 195 949
726 375 334
432 491 705
142 541 859
157 227 545
530 357 686
850 405 243
375 437 413
708 833 538
248 787 268
379 605 238
422 675 929
623 461 304
762 491 581
44 481 791
781 849 802
746 573 63
87 645 267
685 112 583
359 380 664
425 482 383
391 269 704
31 251 723
779 99 971
52 120 66
155 72 489
825 15 914
813 337 615
317 692 925
201 552 225
119 824 730
301 812 228
773 290 494
312 809 506
415 425 276
204 716 332
383 517 209
119 593 523
477 569 8
712 363 993
790 828 73
451 367 174
59 301 5
375 527 127
395 691 349
141 833 111
689 346 475
73 487 131
739 501 316
477 513 612
555 373 758
542 349 973
233 359 603
758 335 685
207 203 628
127 741 415
405 127 150
541 636 322
587 289 171
357 127 520
822 573 318
151 389 299
259 207 7
630 77 98
495 220 174
254 292 427
185 267 152
279 671 244
860 269 497
718 45 670
193 217 298
831 49 630
862 15 529
741 448 30
253 488 783
85 132 711
823 197 989
198 843 599
233 633 51
345 763 483
579 690 411
29 45 705
499 547 860
472 514 976
195 795 305
701 21 525
810 257 35
398 839 111
855 373 196
81 495 111
747 450 51
667 842 101
674 343 60
285 111 198
652 195 203
494 505 33
735 65 193
817 667 730
17 367 681
825 179 800
539 321 40
123 564 484
747 44 293
31 35 36
651 417 25
125 128 728
576 198 146
793 57 206
631 616 894
155 513 286
515 781 51
430 60 512
505 435 632
279 365 946
429 772 941
43 17 770
307 71 448
457 3 597
41 110 78
657 511 912
146 478 899
811 256 12
123 367 329
770 613 276
439 47 648
431 678 677
519 520 303
802 361 328
39 652 913
331 105 580
781 415 617
449 493 988
238 438 126
566 393 352
269 155 80
643 389 202
439 10 837
241 595 691
660 715 73
669 864 922
211 743 391
809 706 441
93 865 911
801 7 155
725 217 418
581 237 266
714 609 459
732 297 233
508 559 649
111 785 304
816 44 795
673 375 949
791 198 115
766 629 714
45 807 190
56 542 742
152 547 237
315 227 522
46 360 198
434 38 562
616 511 852
704 292 673
603 584 120
443 87 578
761 279 697
450 135 695
281 848 651
431 599 400
274 690 396
97 130 874
279 343 954
227 296 946
802 741 463
30 413 367
498 790 977
271 465 631
425 161 365
135 631 128
228 504 277
399 597 24
591 120 178
47 38 81
343 205 132
115 730 635
611 139 853
293 619 437
67 749 225
142 545 980
261 8 638
744 699 550
404 472 684
367 411 592
256 328 683
792 127 238
475 203 758
353 857 119
155 545 354
619 285 961
545 453 905
495 661 186
703 193 292
364 37 763
37 565 579
242 502 151
59 372 748
603 201 397
79 238 498
859 727 438
91 749 227
622 600 524
1 591 665
263 595 585
350 597 965
23 467 394
815 389 941
411 171 665
5 471 279
286 535 932
350 863 429
353 423 251
263 295 318
363 742 611
13 67 466
313 823 559
341 861 239
377 361 34
207 665 503
693 676 943
237 675 353
233 699 633
66 273 646
382 462 393
611 21 267
823 120 373
849 321 150
42 487 186
301 336 541
351 693 896
156 462 630
29 548 358
367 307 910
433 824 979
183 450 299
94 408 137
771 347 592
159 413 741
661 351 980
285 431 16
589 819 717
445 97 483
226 265 205
281 213 597
690 193 400
135 398 584
115 635 152
105 589 883
356 510 503
9 100 351
91 719 733
653 526 161
65 649 607
817 185 223
359 677 587
587 789 138
598 304 224
634 643 254
797 291 271
171 260 486
527 735 794
433 112 259
831 312 437
388 709 451
96 282 480
865 783 550
553 51 260
221 795 683
67 435 301
483 559 649
668 745 914
199 265 943
825 349 645
449 565 901
751 303 362
469 333 841
125 395 664
505 73 382
399 557 259
99 213 268
305 561 621
54 843 10
825 605 235
677 428 668
545 5 683
63 315 277
35 181 343
423 493 819
101 757 219
739 795 484
101 379 955
182 224 263
127 689 115
221 473 914
21 355 887
637 375 61
425 353 157
653 363 823
214 364 39
486 748 8
309 709 989
26 392 679
539 120 312
545 693 985
217 556 697
235 723 533
691 557 114
639 448 588
89 217 545
301 444 945
555 864 209
671 427 697
819 213 890
79 367 365
77 87 201
412 271 140
60 415 807
601 339 369
263 810 440
329 206 115
135 142 464
725 625 675
808 119 619
167 11 514
131 775 768
47 97 318
827 661 856
81 641 812
39 296 320
255 313 917
327 271 528
607 710 677
17 789 207
854 860 422
853 101 652
305 382 963
623 631 665
389 819 255
661 847 85
467 445 225
269 277 136
166 712 250
709 799 330
577 185 434
831 567 767
367 548 298
661 429 227
385 129 31
305 577 860
679 313 106
497 861 306
798 345 987
251 420 330
38 447 967
229 227 89
629 514 15
764 459 672
15 125 961
787 452 126
122 185 609
771 51 500
745 561 482
659 658 30
647 409 38
750 773 166
703 65 501
380 302 316
405 111 976
851 804 497
388 177 474
227 624 300
673 680 918
183 299 185
315 721 300
436 535 857
227 851 26
249 722 862
395 847 226
704 245 319
746 37 580
781 345 380
849 742 126
723 457 278
769 97 674
632 649 341
841 109 35
673 27 595
279 95 325
629 318 404
211 333 364
76 513 383
298 72 640
289 481 389
485 797 698
563 195 252
821 693 218
220 650 732
827 551 567
124 92 595
531 521 407
821 163 296
106 245 129
437 624 193
614 318 615
715 281 96
527 433 132
390 488 931
855 684 301
287 434 943
605 669 95
230 369 887
325 793 806
775 5 559
308 235 98
553 73 599
32 65 702
699 661 181
347 543 82
463 419 774
721 477 781
777 656 197
359 377 79
34 588 222
111 320 373
530 423 832
243 543 277
346 446 307
96 189 127
622 483 424
387 163 308
45 41 683
468 377 919
66 378 323
85 727 689
157 91 606
459 299 48
41 728 931
18 103 813
319 595 598
13 147 366
43 841 935
659 365 383
12 387 746
507 512 509
483 583 247
119 369 723
568 107 417
323 265 872
395 68 686
1 372 844
557 301 669
219 316 504
9 213 939
625 848 690
170 194 144
83 154 556
674 111 831
821 147 464
595 581 715
273 585 455
747 682 423
293 325 438
238 411 682
758 540 456
849 639 993
455 795 157
642 627 783
149 13 726
506 797 405
316 759 443
423 241 813
529 808 612
802 64 918
292 481 99
731 377 121
118 608 269
481 215 952
681 61 733
37 111 787
374 369 271
558 689 852
530 253 588
624 204 730
175 24 397
489 183 177
78 778 809
567 529 554
435 590 221
395 773 544
855 530 32
93 357 402
407 553 675
407 563 561
371 138 704
841 497 601
96 638 246
269 864 879
145 781 64
688 575 379
329 402 941
602 747 893
31 225 152
211 560 434
71 196 710
284 651 128
741 859 783
301 275 641
856 322 449
661 392 834
247 329 889
537 657 671
145 803 265
669 539 828
69 78 112
35 757 812
687 839 142
553 793 110
22 693 85
769 431 765
258 570 678
345 829 287
681 258 287
699 663 700
301 304 40
202 452 330
691 781 887
177 270 353
95 5 793
379 125 710
705 211 475
558 319 451
446 525 768
609 833 425
577 814 100
302 197 228
226 207 613
317 362 959
299 809 507
697 552 340
720 777 194
838 283 713
721 669 987
538 429 935
235 852 501
111 15 923
266 749 745
321 450 178
71 653 202
551 661 598
36 225 192
147 437 997
13 743 521
845 206 530
60 625 67
671 635 348
64 118 584
490 280 876
375 618 794
206 261 760
528 839 888
717 87 372
547 770 984
199 417 464
386 502 61
403 127 685
728 480 481
69 38 867
443 673 553
749 393 958
647 598 873
745 74 660
693 282 429
507 243 64
293 310 852
430 708 354
783 855 909
325 401 598
1 331 348
84 323 495
137 63 824
610 844 153
303 747 840
851 197 375
207 843 625
252 272 900
75 72 740
713 397 490
371 115 123
43 764 2
431 333 268
23 667 548
519 512 599
410 321 904
371 723 717
217 399 291
681 201 456
563 681 15
473 863 519
705 689 929
523 485 46
618 423 833
681 388 16
1 356 450
379 742 858
351 47 18
133 584 340
719 861 607
130 55 699
452 622 474
807 433 313
369 637 838
684 127 34
468 53 947
75 55 769
100 609 929
311 57 144
750 743 181
493 379 206
321 147 678
217 164 253
363 447 168
845 96 181
267 655 350
623 281 278
423 811 505
703 635 332
85 709 208
283 347 370
321 50 415
528 129 468
555 691 898
54 171 889
1 44 443
641 484 601
113 41 963
138 322 971
571 137 362
859 333 340
299 378 280
475 147 362
163 17 326
451 258 563
203 34 688
161 591 640
423 447 805
839 409 748
533 29 599
84 109 516
653 429 313
33 69 896
90 667 869
647 357 353
31 303 488
656 584 435
741 17 705
285 460 556
97 161 528
597 817 18
157 156 900
673 441 2
659 57 539
697 265 615
489 599 166
548 750 157
585 733 808
327 107 823
183 555 860
673 377 36
761 359 539
185 673 771
36 761 866
745 653 671
273 485 86
645 685 552
467 47 931
203 489 230
109 277 210
545 577 580
577 41 228
733 215 459
65 862 392
539 791 772
98 297 427
479 391 583
111 751 735
383 801 967
697 385 60
747 170 347
669 203 484
7 579 494
67 327 456
157 538 332
831 559 698
503 293 278
435 567 30
835 495 211
