467 8079 409
93 110 696
303 99 365
456 236 35
248 152 865
407 209 762
34 73 688
378 157 208
404 180 805
106 434 912
23 420 296
252 88 325
366 37 290
187 87 947
214 262 711
201 230 535
384 65 246
339 120 478
355 228 451
34 135 747
11 23 44
76 424 595
436 25 123
235 7 990
193 332 547
162 348 360
181 415 90
190 383 32
151 174 377
44 429 628
367 467 128
170 438 40
243 308 62
253 182 236
95 164 970
104 285 563
278 61 206
238 150 103
136 157 152
303 287 619
213 164 364
124 280 249
392 254 70
49 174 163
68 56 750
219 13 282
95 293 637
154 139 728
175 433 453
373 406 385
49 229 466
129 429 505
92 433 310
391 69 317
377 376 973
332 205 658
435 233 90
121 133 479
344 198 312
416 170 146
445 207 157
379 146 569
191 165 545
377 201 835
302 466 249
274 273 845
43 216 955
140 58 186
461 69 553
184 158 553
422 8 909
198 297 293
363 407 704
91 68 526
464 87 175
260 134 557
428 450 896
277 327 500
1 220 97
455 364 776
416 202 732
330 242 175
244 34 546
312 291 930
110 355 990
61 399 549
340 225 37
353 345 453
156 137 949
69 467 559
130 365 927
135 80 251
337 164 439
271 113 564
94 310 106
416 257 274
185 259 265
305 216 690
110 308 72
127 410 901
101 430 166
366 433 579
148 10 808
271 40 935
219 48 965
375 387 573
347 34 369
350 286 481
350 159 58
442 237 856
117 355 572
204 245 483
242 367 917
168 248 592
71 216 708
380 149 222
221 198 736
177 32 586
390 356 678
80 188 532
465 217 905
327 403 508
461 99 461
399 435 24
406 104 448
240 228 198
8 36 310
41 351 114
41 156 86
118 198 92
280 6 603
260 377 109
52 298 90
399 392 303
147 61 729
179 124 154
419 320 568
359 121 377
458 232 944
237 186 312
132 438 351
455 221 264
81 332 575
450 94 561
289 70 125
378 436 537
10 154 499
56 273 987
198 431 980
29 83 380
250 149 294
27 52 957
75 161 19
194 405 390
427 306 970
129 254 547
380 223 185
44 264 709
304 228 686
231 266 21
126 262 967
200 262 531
271 324 362
61 213 620
236 97 146
147 397 507
260 265 583
345 48 465
212 260 216
355 293 80
260 59 721
27 257 836
341 388 666
179 410 291
68 54 651
252 210 627
137 291 752
274 64 66
359 236 999
256 448 236
209 304 937
55 225 539
436 37 310
360 92 697
399 245 634
271 145 427
114 115 40
402 275 309
51 316 435
338 361 996
380 377 793
34 166 565
464 207 449
13 237 642
376 201 693
288 375 649
388 286 939
349 209 624
82 364 314
13 396 291
112 234 892
81 209 982
279 218 52
269 342 246
175 252 680
373 115 163
386 378 374
63 231 205
49 415 480
241 36 393
122 166 819
75 57 388
155 406 601
405 174 326
310 128 185
458 31 628
399 188 375
399 7 996
9 130 791
367 273 204
311 353 763
4 176 611
417 215 222
315 386 222
234 24 349
385 48 215
100 398 474
315 346 818
362 114 857
259 167 748
74 279 894
378 164 960
391 305 861
150 185 538
145 344 822
150 401 138
68 431 848
181 221 761
187 74 352
280 19 724
155 319 266
437 122 888
271 435 100
459 218 267
264 68 750
309 337 661
276 19 409
40 290 531
262 74 147
106 126 629
213 460 871
188 58 533
73 27 518
214 421 764
136 409 595
213 339 375
384 83 770
182 337 200
76 444 111
325 136 153
255 43 64
358 381 627
223 243 329
421 133 706
54 346 670
116 172 360
427 406 446
46 73 518
3 4 408
155 433 622
302 197 222
113 249 522
72 264 354
232 361 75
371 345 516
97 344 104
383 433 942
358 334 122
261 258 502
413 195 94
454 47 136
1 24 18
139 67 463
196 229 3
317 101 826
214 301 319
58 459 567
347 456 315
146 118 93
29 454 698
437 343 544
288 162 88
204 66 511
350 456 665
363 390 655
453 135 671
13 341 145
103 58 215
427 158 870
106 122 796
306 371 379
313 119 940
461 345 653
338 77 839
336 83 265
223 6 637
239 214 270
319 259 536
184 252 514
139 314 940
249 233 16
254 179 910
322 94 812
299 212 7
407 85 277
359 258 729
354 95 598
95 204 799
267 305 821
261 245 236
188 191 981
225 268 971
191 237 241
289 313 464
227 414 928
422 154 923
444 70 941
1 120 902
300 328 395
72 213 27
417 48 573
226 107 787
286 306 562
124 302 564
3 96 347
24 150 826
91 99 804
386 104 412
36 292 99
413 349 606
256 276 589
94 385 5
358 390 535
91 404 481
15 258 922
439 253 600
305 345 557
330 44 229
205 251 524
318 411 381
74 256 74
444 154 240
312 227 380
133 124 434
385 62 206
370 81 528
342 234 823
439 31 118
163 85 284
151 179 352
100 191 811
230 363 877
329 15 562
224 249 716
229 230 536
395 81 1000
257 12 34
13 439 537
313 70 56
325 348 394
385 23 269
373 332 763
302 342 67
404 97 861
65 276 673
384 297 212
251 465 498
333 396 954
85 426 79
51 170 431
93 369 75
299 127 900
99 449 74
293 411 335
36 287 514
242 265 660
281 47 969
156 368 931
16 85 492
257 260 624
17 224 815
54 138 880
114 324 62
330 465 1
237 161 380
193 78 210
35 69 665
192 316 412
113 366 478
382 202 933
1 189 387
323 306 734
69 122 579
296 293 864
111 151 631
230 187 711
138 100 75
211 387 417
27 83 851
319 122 384
229 434 147
77 159 665
357 281 506
176 91 847
19 137 598
19 424 436
203 174 891
417 458 377
435 441 594
459 60 732
32 82 6
39 84 469
92 328 696
392 39 253
434 221 103
381 87 792
148 177 96
379 214 307
427 297 93
281 232 618
324 311 473
175 388 882
360 352 445
19 327 738
129 384 357
150 462 169
48 246 746
37 98 411
445 247 420
277 213 314
300 261 575
378 194 361
316 166 600
224 287 671
1 312 850
336 432 367
73 17 457
224 348 363
140 241 300
435 218 472
375 141 678
211 431 397
22 131 220
312 357 340
15 30 118
451 295 143
202 428 166
42 31 800
263 343 314
113 399 446
259 307 745
407 248 91
433 19 844
317 148 157
138 261 159
160 454 870
219 145 464
142 306 349
126 349 656
77 158 476
288 279 414
5 144 28
114 142 543
461 312 513
132 312 804
138 313 594
422 56 923
374 148 265
432 451 492
401 287 844
404 254 809
1 153 985
148 180 345
306 100 797
421 451 770
285 357 579
371 112 307
40 50 127
204 408 766
360 206 728
350 264 168
50 48 477
277 274 326
285 213 965
174 106 448
129 364 438
398 442 740
129 295 750
352 303 293
71 368 476
12 239 389
43 71 76
459 102 798
144 30 592
33 330 911
399 384 622
192 265 661
221 200 984
285 102 322
289 161 998
80 400 575
200 143 510
15 348 770
403 441 113
317 258 253
420 220 209
344 173 75
110 84 184
133 223 516
149 453 691
24 99 699
399 65 440
432 329 323
267 235 654
89 117 325
106 58 25
382 101 173
214 362 311
188 202 677
291 293 153
73 105 766
109 409 32
31 2 752
97 438 37
288 43 342
147 198 942
240 107 116
303 52 629
213 428 601
220 466 799
244 306 426
357 59 684
352 113 609
318 424 901
145 213 816
78 312 210
425 380 592
282 97 317
288 46 331
182 5 810
82 34 33
289 286 226
196 357 43
165 35 953
278 346 976
446 278 636
169 175 11
111 133 716
445 272 938
412 398 270
275 338 745
330 125 10
391 86 337
421 324 903
105 192 334
283 108 843
171 35 848
91 104 923
443 194 877
175 54 629
179 136 587
132 212 402
417 258 393
386 66 92
314 59 530
181 364 463
290 302 858
442 281 787
294 124 80
385 208 212
31 354 519
113 104 767
255 320 174
103 80 29
115 310 157
426 77 441
424 274 855
79 363 490
177 359 433
119 211 137
6 364 694
178 125 711
322 10 998
460 278 410
69 91 993
271 365 383
259 464 506
294 321 631
257 399 150
131 316 285
428 364 191
283 193 875
228 383 110
253 238 564
402 424 164
1 72 652
398 299 303
264 409 548
237 92 92
164 152 509
197 76 970
142 361 390
294 229 401
357 241 22
305 197 290
432 296 302
178 295 680
258 213 234
249 372 218
22 40 690
21 240 422
336 265 45
434 293 422
29 53 942
171 267 770
427 224 598
377 61 250
248 379 171
93 222 420
456 306 197
462 339 112
72 339 684
37 460 340
384 381 774
255 315 197
459 94 459
419 378 462
118 287 448
178 83 926
293 194 414
44 211 993
111 274 199
219 455 43
52 56 753
2 452 517
349 171 200
458 19 760
348 160 156
63 95 533
49 11 820
27 277 855
318 143 114
148 438 592
82 17 851
390 166 135
77 18 171
203 322 677
237 95 973
404 227 155
128 235 373
411 387 7
463 423 992
364 205 629
272 229 684
254 391 886
430 276 893
384 102 404
356 447 671
344 42 790
354 309 220
32 153 428
19 368 225
327 70 319
397 38 837
29 378 614
79 33 610
192 271 191
260 246 578
92 403 994
76 25 606
263 100 919
179 452 839
59 408 89
43 45 47
66 127 335
316 89 625
103 253 877
324 188 518
239 2 619
341 72 93
205 463 290
203 3 502
123 61 983
397 136 125
64 288 630
32 308 753
416 426 671
359 19 951
157 39 816
249 38 187
331 390 431
229 24 365
188 43 867
133 175 51
74 107 108
94 381 556
112 66 527
137 416 676
379 177 530
382 155 93
400 98 437
341 143 575
418 246 322
219 405 93
234 93 772
444 428 183
424 374 828
337 203 91
1 90 724
88 433 6
166 186 773
370 327 671
122 147 763
142 399 474
428 143 842
231 351 359
429 90 71
25 178 267
266 163 820
44 355 826
46 341 53
316 97 403
263 106 451
36 300 935
403 160 336
304 321 870
96 208 680
187 413 648
158 342 158
68 168 73
423 55 417
168 232 338
419 220 562
241 270 891
242 28 506
164 263 535
55 278 289
352 83 618
380 56 26
308 266 631
381 1 782
19 297 564
28 401 600
287 385 577
168 436 217
261 66 615
16 33 862
237 424 114
272 105 943
185 201 506
466 154 738
227 181 552
425 292 265
188 237 120
401 141 699
93 232 641
237 45 956
165 193 565
457 218 634
285 165 560
313 332 416
164 38 328
183 258 521
237 18 560
66 44 874
141 319 289
127 285 518
262 187 279
47 269 553
412 99 856
378 124 667
297 239 281
278 245 190
52 58 29
287 299 841
412 372 835
465 261 825
326 257 655
13 358 99
416 86 466
160 382 266
73 186 660
115 420 112
220 358 317
206 296 132
91 427 545
80 343 800
300 210 847
172 91 882
298 1 924
192 458 855
198 237 898
376 375 738
170 225 375
416 271 290
113 314 664
76 163 909
304 381 409
395 164 684
381 311 590
52 256 13
303 37 808
168 439 269
91 452 736
453 245 117
287 226 144
36 260 519
32 142 628
73 453 292
366 442 731
361 207 394
55 8 149
346 371 93
382 157 821
138 240 911
193 174 469
155 187 866
226 382 291
257 316 166
85 157 575
149 461 297
18 136 643
76 20 504
11 304 419
38 102 95
354 235 554
371 137 953
391 462 210
180 218 235
72 320 798
27 267 614
455 413 895
40 35 645
140 104 791
429 205 134
16 25 345
364 197 762
83 28 556
392 403 937
65 84 295
446 203 853
51 227 387
124 439 367
288 25 551
128 216 506
306 357 990
89 353 382
207 61 508
150 218 212
450 11 379
427 312 987
266 108 503
149 59 418
222 27 324
345 182 26
286 62 41
402 166 989
269 412 612
39 167 523
7 371 417
437 277 451
422 208 911
410 454 197
70 169 772
330 193 960
153 365 527
316 438 341
235 142 114
399 366 359
1 259 821
231 128 682
366 274 328
114 326 274
216 428 572
433 389 419
357 225 718
60 238 620
23 63 73
118 304 58
8 78 94
311 203 442
332 253 234
382 156 234
427 113 966
164 216 493
358 374 476
435 378 148
58 419 836
75 146 450
51 441 700
188 51 790
68 328 156
318 232 187
172 257 106
401 50 606
226 410 958
25 84 996
197 69 146
374 61 754
131 337 706
220 159 169
28 263 401
208 336 620
447 339 380
298 127 854
378 231 642
407 185 732
458 349 350
92 231 581
85 249 884
40 37 749
307 177 42
175 148 364
285 162 688
208 449 662
49 67 954
206 444 799
78 140 512
132 323 876
77 172 34
10 3 44
453 76 379
402 368 329
168 184 958
63 405 105
169 4 649
199 326 291
382 7 347
103 63 326
20 156 183
239 333 17
407 392 439
168 290 487
212 409 661
313 208 898
183 273 257
360 161 423
95 447 358
378 414 272
295 29 805
151 208 566
466 77 141
452 8 549
221 45 322
64 326 315
98 321 981
394 57 803
110 129 114
343 286 647
83 254 754
213 314 498
362 252 18
90 458 865
91 400 612
50 438 494
164 130 8
163 307 896
344 384 714
101 377 986
364 230 987
159 166 52
289 381 580
4 132 553
396 354 288
9 124 638
428 135 877
192 107 945
315 189 921
174 347 340
231 163 889
336 166 784
374 373 98
15 403 782
307 355 469
252 140 832
183 244 61
43 415 163
221 288 756
258 401 974
443 172 748
191 210 378
71 212 427
137 181 585
150 304 330
263 409 539
236 50 772
447 304 421
122 148 149
334 349 286
380 323 377
289 347 707
424 253 84
360 301 809
233 303 684
413 421 571
263 382 884
368 188 979
119 219 228
276 253 471
404 71 493
196 370 498
358 35 809
364 40 794
228 443 899
442 211 471
130 232 400
344 161 253
243 74 543
175 443 307
47 343 65
41 257 273
303 40 816
37 135 364
120 440 665
206 81 987
410 178 668
47 352 224
382 394 635
56 10 27
215 268 878
377 239 28
465 355 623
370 280 750
439 413 999
13 269 761
249 277 250
111 134 57
249 417 515
45 398 898
325 282 801
437 441 469
31 138 248
146 334 320
122 335 99
156 304 609
93 104 533
79 249 901
62 432 372
352 425 749
135 389 208
100 213 679
388 30 366
178 26 576
320 326 933
441 395 9
464 351 507
370 362 836
263 274 885
372 408 609
95 62 387
184 97 12
198 161 351
386 412 910
111 454 344
144 235 692
59 49 250
178 275 605
200 275 438
139 264 780
17 243 124
39 259 814
214 303 587
435 240 210
98 86 618
172 277 760
365 356 147
58 144 320
25 444 984
10 30 376
344 186 729
442 313 539
53 346 652
164 52 741
283 138 521
10 86 544
220 215 372
390 43 747
401 233 899
170 381 545
26 334 992
450 232 913
146 134 616
43 8 854
268 117 378
388 74 749
1 321 336
237 147 392
95 128 511
449 217 570
262 257 815
254 382 290
413 422 312
237 451 178
247 241 485
252 393 248
239 48 191
65 55 303
224 278 744
442 203 796
176 334 891
229 258 228
233 331 720
426 169 121
406 113 626
142 148 486
5 349 800
45 425 616
166 384 59
428 98 44
202 194 693
51 390 809
136 152 155
205 357 888
400 28 319
12 273 815
316 424 426
155 256 393
452 151 304
305 159 989
302 74 613
17 130 414
186 443 354
84 90 919
194 371 333
140 170 471
49 115 301
64 449 420
149 95 711
55 399 967
288 10 91
441 352 689
110 344 548
358 103 823
103 289 503
373 84 276
467 321 39
252 76 438
394 396 880
227 301 16
343 78 580
13 329 398
56 110 646
32 124 604
232 399 696
96 358 816
298 113 899
444 300 936
5 206 618
293 103 724
460 448 856
115 286 905
451 1 542
289 400 427
282 92 434
231 108 778
116 80 101
406 20 206
199 349 746
323 1 840
19 290 80
427 79 300
64 174 793
441 62 433
109 461 908
437 379 555
174 340 141
306 1 66
260 95 956
392 21 654
1 310 843
15 289 747
424 138 174
299 301 338
281 38 423
430 17 187
446 76 94
192 330 511
422 22 164
333 41 42
39 112 734
430 189 652
240 221 508
70 433 842
196 276 440
141 448 430
422 438 839
320 354 763
231 431 184
116 26 928
65 437 436
321 351 908
4 406 353
249 134 381
437 141 863
62 402 240
292 229 577
18 19 852
114 267 601
94 358 833
337 32 599
304 313 722
239 281 177
290 446 591
10 36 739
220 399 423
339 128 595
285 392 96
228 71 983
128 138 317
270 335 330
313 404 737
383 321 210
236 158 120
413 425 683
340 17 783
338 384 608
288 28 778
403 12 763
466 364 547
397 216 806
263 10 211
135 263 896
64 314 301
275 413 745
432 242 820
142 442 718
151 114 107
419 252 820
272 66 172
262 338 760
340 74 203
312 32 343
449 251 758
262 292 777
200 283 116
154 280 828
211 154 244
138 95 638
209 396 151
308 116 157
106 291 112
450 333 18
367 297 407
429 420 137
223 4 102
315 203 708
419 277 995
114 310 500
423 439 353
227 408 802
457 167 587
132 244 850
28 85 663
38 166 555
58 213 980
407 462 624
332 446 760
431 203 184
179 262 809
445 123 557
130 255 5
362 424 398
294 458 80
40 262 722
179 383 413
347 90 945
198 404 669
418 106 649
366 157 423
5 297 936
99 296 453
359 117 560
207 64 303
6 361 256
348 45 220
445 383 265
389 244 603
118 70 819
136 177 22
372 173 727
26 391 571
406 120 962
188 55 121
209 124 853
217 37 921
213 387 751
331 149 187
227 451 516
95 331 874
311 231 490
233 196 906
117 39 364
270 108 871
239 370 205
434 226 652
333 223 427
243 2 868
101 253 386
436 145 377
202 331 68
188 118 615
261 467 777
300 22 383
37 14 299
21 257 828
385 317 477
356 137 123
169 236 997
386 416 660
137 185 157
192 345 692
139 260 58
263 9 379
279 413 651
295 194 168
324 356 7
409 321 655
201 197 724
230 123 444
425 460 103
265 6 365
154 56 273
443 138 736
386 442 474
40 167 322
14 269 772
260 203 386
363 385 303
292 164 835
232 293 216
325 336 149
3 416 608
51 184 504
360 103 357
94 350 605
51 326 632
363 435 157
24 278 522
80 125 847
436 254 395
136 432 339
32 331 768
342 167 115
95 215 417
217 360 254
354 169 688
106 96 527
89 208 163
454 32 565
216 286 624
197 51 555
355 37 223
236 375 970
407 288 578
452 287 419
45 375 776
305 229 942
446 427 602
189 337 31
227 75 352
41 296 558
308 184 953
436 306 678
253 407 445
9 361 806
383 241 779
353 132 64
461 143 975
199 462 291
333 165 636
97 262 902
426 400 174
9 85 740
418 227 605
223 224 679
14 409 884
316 335 205
169 63 295
321 386 779
100 83 827
339 440 383
184 303 506
279 162 606
386 43 871
162 335 955
52 179 853
132 7 857
268 276 814
400 183 345
281 301 100
227 462 619
345 214 734
301 171 810
129 276 524
267 338 433
13 25 414
171 139 268
19 17 49
435 167 986
256 350 902
363 238 764
414 404 473
202 32 581
108 288 710
395 117 994
88 420 530
67 112 56
82 83 695
171 159 773
355 366 100
201 259 289
353 390 162
337 350 871
246 338 331
52 286 963
34 413 197
308 169 118
350 143 954
148 338 733
127 275 792
364 422 177
377 152 580
283 152 460
407 41 761
4 166 899
363 229 261
266 443 670
193 323 6
68 5 669
287 173 83
224 305 877
167 379 142
51 382 638
373 97 91
158 216 957
86 298 31
429 156 261
233 290 306
402 74 198
181 83 244
259 43 29
94 316 140
452 165 198
367 130 985
272 280 825
129 76 967
59 359 273
456 389 508
145 270 790
247 305 143
405 180 510
216 391 565
230 131 114
72 93 259
451 148 149
208 138 906
359 142 660
52 291 902
402 18 421
335 428 367
305 452 818
439 317 701
457 184 526
466 142 578
364 84 509
367 353 955
108 111 885
224 1 823
164 141 734
223 115 607
212 154 339
16 177 80
123 306 575
328 402 857
440 65 433
48 330 772
424 33 68
446 230 186
395 390 465
222 427 267
32 68 829
149 25 88
251 414 436
294 311 649
384 424 866
32 131 264
209 210 559
466 331 796
405 135 463
179 445 592
408 20 503
12 26 300
284 120 558
284 390 630
74 300 2
462 405 252
162 414 503
452 355 937
228 284 1
368 46 428
126 148 636
121 141 11
262 61 993
215 224 907
65 117 547
255 156 97
57 319 699
288 127 654
339 409 459
285 383 670
440 283 751
213 322 94
221 156 629
316 454 864
328 385 535
23 360 212
343 66 171
467 378 625
68 41 845
450 360 213
142 374 208
232 422 883
237 88 513
304 270 265
28 411 759
281 351 502
141 462 657
298 62 363
136 311 277
67 80 315
175 300 723
333 444 844
172 301 224
20 327 2
258 159 958
326 196 588
296 294 609
5 310 115
205 399 484
69 230 418
164 261 885
436 109 4
143 367 620
324 243 764
168 338 112
371 438 951
102 180 615
132 404 83
142 81 801
26 149 282
13 235 445
161 59 99
138 265 324
419 226 732
142 62 828
261 82 377
109 433 326
366 409 858
51 208 122
183 407 263
169 305 21
125 216 771
423 201 248
259 369 727
79 309 784
308 417 972
114 82 310
187 319 139
366 254 958
10 348 572
322 123 57
436 6 508
248 235 265
213 316 680
380 253 847
279 311 209
394 308 733
161 60 237
422 258 267
391 431 742
103 48 557
378 161 76
115 348 76
382 327 548
388 169 775
455 84 501
57 242 609
244 433 408
176 283 194
58 429 142
417 114 310
219 351 462
390 128 453
445 390 397
200 73 556
418 295 386
165 6 632
277 47 217
65 151 408
362 274 736
355 318 321
368 199 534
393 150 468
184 33 24
324 322 549
128 242 98
25 388 484
172 194 517
69 412 477
246 32 14
455 218 860
293 364 330
425 358 272
432 387 760
256 313 738
166 198 813
341 383 53
73 354 961
111 186 796
105 372 785
5 18 328
333 159 707
277 111 417
13 240 628
287 228 825
37 50 688
426 137 409
61 58 788
105 306 118
387 298 941
380 122 892
253 255 709
405 227 958
218 306 474
107 12 549
165 145 721
136 443 720
121 294 562
431 352 867
465 425 933
61 243 862
151 446 982
37 89 546
330 115 641
116 452 812
425 153 989
270 51 712
179 342 303
59 65 183
180 210 289
42 97 110
417 100 593
12 348 726
402 460 810
10 415 919
266 67 581
291 447 921
318 397 547
234 36 349
277 113 558
112 297 622
54 78 253
93 245 683
13 148 544
467 359 659
255 147 272
265 202 911
192 129 13
228 43 790
92 393 283
212 258 613
138 153 857
59 216 934
317 261 247
465 144 257
255 97 127
71 436 71
138 256 326
42 367 558
284 298 581
60 324 722
211 389 65
327 456 56
168 259 573
61 440 417
178 151 617
299 241 571
30 129 302
111 95 53
154 107 284
244 418 698
157 372 974
113 438 556
392 369 170
392 68 983
297 99 884
424 71 745
156 242 212
169 200 948
421 446 967
312 147 803
184 144 379
423 79 619
365 467 846
8 143 274
122 234 321
211 359 709
23 190 895
322 291 977
260 256 240
110 444 121
406 367 370
76 152 756
354 405 279
180 381 917
348 333 121
158 206 459
430 327 196
35 122 413
406 5 925
57 340 66
265 385 612
246 97 563
312 58 973
150 463 362
246 172 613
199 379 277
345 329 528
332 165 69
99 265 986
390 34 837
323 449 309
43 211 835
329 121 874
442 261 64
461 356 613
44 370 992
280 177 122
320 397 395
450 73 709
446 357 489
250 175 107
403 264 524
163 71 545
281 459 904
208 429 326
99 433 759
62 196 290
451 85 945
48 177 526
65 5 763
124 430 742
32 200 337
328 3 654
110 168 828
174 73 146
286 383 514
320 312 410
317 42 328
321 15 431
112 94 16
390 54 693
52 466 532
11 308 420
269 197 993
45 77 697
33 18 408
273 82 28
149 69 730
45 448 974
411 192 594
411 381 990
392 346 595
323 112 207
402 69 173
208 126 142
257 217 316
213 257 6
1 117 429
151 375 789
22 173 997
273 40 489
38 238 224
435 50 200
151 88 772
241 387 936
288 37 161
272 1 742
427 349 516
22 121 297
408 163 183
414 276 705
28 78 500
359 461 836
233 15 771
124 46 337
90 160 414
64 18 685
106 440 393
357 366 117
165 153 661
261 207 608
354 459 362
158 397 815
305 236 316
451 47 728
27 69 754
355 298 348
270 197 671
234 146 527
61 396 555
164 236 984
344 394 767
29 398 875
103 274 677
404 25 902
166 188 812
59 444 394
161 288 11
351 395 665
166 170 907
451 314 915
208 197 170
208 118 619
304 310 968
314 241 325
118 286 74
179 188 753
130 230 268
49 112 580
36 174 42
94 292 60
321 170 489
227 81 161
430 83 539
66 421 914
393 36 704
337 354 766
467 87 236
127 138 511
129 304 184
279 48 502
372 234 547
88 319 897
321 206 442
108 122 379
348 204 285
18 8 609
327 227 426
65 8 366
107 236 608
353 352 476
232 138 252
141 203 810
174 84 897
462 286 594
91 323 398
107 374 478
111 99 740
263 43 19
64 147 755
249 57 31
402 272 658
421 222 197
451 37 451
245 13 177
339 397 745
209 205 678
122 270 844
88 169 319
379 327 868
384 287 133
47 115 596
3 118 951
137 457 595
24 166 205
34 304 236
141 27 603
330 127 493
377 461 236
187 179 114
289 361 600
88 284 961
284 133 392
331 242 151
385 313 435
163 226 254
291 362 214
355 187 298
119 340 18
201 449 851
405 291 141
246 104 106
374 460 592
316 241 827
72 273 22
178 440 312
453 185 604
295 45 381
453 374 152
249 291 848
62 224 294
353 371 180
148 104 871
380 423 183
166 256 300
439 185 672
26 463 243
171 96 399
322 240 54
191 123 27
3 461 858
152 422 911
63 267 247
440 220 864
170 283 286
33 245 234
249 36 151
176 346 412
382 205 213
122 171 710
96 92 72
437 231 269
397 141 780
139 350 586
148 350 726
62 84 415
379 215 184
44 160 372
183 438 799
125 304 632
122 82 37
18 138 863
52 285 505
317 371 985
74 446 541
330 358 750
122 39 382
66 363 530
417 91 1
364 172 206
185 146 149
26 229 894
183 192 701
461 366 378
273 375 868
52 44 891
375 180 689
128 427 163
171 39 223
384 466 824
54 434 484
350 19 205
144 286 178
14 193 638
374 232 256
197 112 487
406 106 798
236 52 570
5 362 492
57 30 458
103 352 523
365 290 460
55 463 691
381 195 66
329 449 669
82 439 374
148 113 114
158 240 635
466 422 435
452 326 703
439 19 126
171 160 970
458 167 206
28 325 382
106 1 152
12 41 611
456 285 425
262 10 395
227 3 785
73 379 630
34 152 824
264 112 223
60 262 77
143 180 884
28 465 276
73 319 383
130 305 544
116 47 136
67 337 84
442 301 721
280 90 909
257 8 933
260 124 945
38 418 611
119 80 127
436 232 665
378 189 413
146 182 723
431 366 716
193 463 706
171 390 103
74 414 509
453 134 921
446 221 31
187 333 452
371 295 60
145 293 751
466 112 237
102 85 292
133 298 512
300 202 416
455 203 359
407 217 31
462 428 624
291 299 197
68 117 384
413 72 715
165 48 710
129 182 274
362 429 889
195 158 762
208 132 577
381 418 553
193 423 687
118 101 639
75 273 612
212 391 16
429 311 900
454 9 267
253 9 688
417 293 632
340 52 362
226 164 438
215 451 42
327 166 345
397 254 760
47 147 22
217 77 780
245 279 196
412 120 413
45 409 246
288 351 161
35 199 82
252 308 105
357 190 829
246 461 323
137 420 206
33 344 868
467 144 248
222 434 607
147 88 734
282 339 134
60 354 920
308 367 132
439 449 700
397 403 144
285 243 586
13 375 770
151 147 685
130 73 41
122 151 670
352 5 204
130 191 301
278 273 536
28 337 897
39 349 182
39 23 14
422 431 563
144 111 953
423 1 674
110 261 341
295 11 828
200 27 470
401 29 39
393 11 937
405 395 654
51 95 110
162 411 898
122 253 621
406 246 33
74 439 36
260 243 843
235 126 867
163 291 290
115 283 549
393 379 656
304 239 783
79 436 258
192 292 173
112 33 176
72 463 115
103 7 390
4 340 966
237 250 489
383 102 318
8 445 688
12 364 343
195 454 589
21 10 200
27 130 872
149 235 192
297 80 155
33 117 196
274 100 701
381 205 555
93 383 626
141 231 790
329 167 824
71 123 670
363 188 207
463 122 116
24 13 108
103 328 646
156 34 968
416 76 274
417 313 807
1 26 548
121 116 704
132 125 389
268 66 515
14 420 192
183 193 698
268 26 947
92 452 281
464 242 404
158 232 44
25 448 437
188 308 812
37 386 47
100 38 702
221 262 829
54 88 156
319 15 591
103 303 917
454 428 927
312 15 783
279 195 497
199 406 184
406 145 110
97 49 465
132 327 213
357 320 390
198 370 522
309 437 851
141 64 50
87 30 312
61 339 210
74 34 168
26 162 723
265 34 112
356 311 262
274 370 932
158 237 844
170 7 989
419 444 474
105 354 79
305 207 141
102 51 648
196 405 565
426 14 433
234 305 684
290 111 743
110 291 488
386 120 910
163 3 907
319 28 937
164 367 856
252 300 359
209 189 698
145 238 754
342 90 20
332 101 455
168 180 348
27 344 868
110 332 826
432 422 552
227 172 628
282 398 989
119 2 588
429 85 885
392 135 784
126 311 995
50 90 304
348 27 56
185 85 735
408 50 481
437 86 648
329 98 178
345 361 240
431 123 364
244 1 767
329 138 607
120 327 336
92 173 717
259 199 415
96 53 664
388 157 804
369 319 471
333 445 463
5 304 240
161 137 968
109 94 159
326 66 299
267 50 707
183 202 592
213 368 344
65 397 170
282 302 32
252 203 165
88 65 892
115 177 976
113 131 503
221 101 348
144 53 752
121 81 572
101 385 968
73 129 875
275 70 389
252 22 78
118 85 5
28 30 671
89 374 534
44 356 264
226 116 921
224 258 493
346 295 406
325 105 508
214 59 977
117 106 854
351 452 58
105 392 382
211 246 772
201 345 521
215 375 6
179 89 383
356 53 163
95 362 365
172 81 802
181 196 853
83 251 646
432 187 852
216 124 697
303 249 600
422 12 596
333 198 941
188 348 62
376 309 278
64 400 277
289 186 684
450 129 708
323 30 27
65 207 20
433 340 307
160 205 783
219 211 434
20 231 493
123 355 49
47 80 378
31 49 320
171 418 440
102 93 533
43 345 517
339 113 404
17 242 831
91 171 979
414 335 679
18 103 364
79 231 797
69 441 998
38 108 505
63 381 330
414 137 276
205 121 289
217 252 860
424 249 340
267 48 773
101 185 990
43 312 884
440 90 791
128 349 126
1 400 985
388 84 214
40 104 415
149 371 712
243 341 932
132 381 15
307 394 810
4 185 973
279 56 304
274 369 978
386 59 60
212 86 676
223 21 225
134 68 950
233 327 478
167 279 825
380 421 369
124 426 346
430 67 991
211 38 614
269 320 723
1 81 1
420 290 214
282 301 339
337 181 477
33 163 617
19 352 734
386 250 669
189 39 833
206 50 460
161 120 638
3 440 187
64 222 10
86 111 466
285 322 818
50 400 601
122 329 231
97 1 419
74 146 81
232 387 542
338 445 967
270 412 335
391 151 593
392 309 338
36 157 217
451 416 737
20 132 706
184 437 692
14 351 126
288 262 955
165 24 667
49 466 650
230 359 683
279 88 117
116 131 271
217 71 780
277 275 830
87 3 989
67 75 975
132 194 955
174 66 712
340 92 312
198 58 501
18 322 665
10 169 396
202 246 803
153 272 470
347 272 239
130 389 801
300 67 462
386 79 93
350 259 911
199 242 150
448 13 359
330 176 442
108 337 111
280 175 707
55 86 544
264 204 349
81 248 902
115 323 88
336 384 237
263 240 454
249 202 974
456 230 924
111 26 961
364 78 427
295 158 77
88 15 162
195 393 775
347 388 913
128 323 332
279 73 776
6 56 246
445 255 216
208 84 296
442 427 185
336 172 344
111 427 259
162 376 210
255 155 140
161 29 892
410 313 849
199 223 326
144 344 374
111 297 740
257 236 784
289 244 711
164 438 796
172 371 314
69 112 824
367 285 457
111 447 504
103 298 701
425 6 69
268 39 683
173 68 400
416 427 924
64 418 761
266 442 240
140 12 696
292 348 556
296 420 54
393 432 530
237 86 79
257 83 346
38 283 780
371 14 346
8 224 827
185 58 992
180 202 731
151 393 129
278 260 655
175 201 742
196 443 507
290 72 559
52 7 564
410 464 950
272 13 453
362 83 885
151 426 492
103 159 272
463 83 702
202 170 890
146 99 25
131 343 641
233 126 884
466 12 909
37 352 970
359 6 676
419 227 509
198 355 808
354 126 63
345 287 695
75 371 561
184 260 313
297 45 583
177 82 978
382 198 342
135 352 613
452 422 178
93 317 430
272 248 86
431 269 640
82 108 659
357 172 322
392 203 383
90 240 918
370 88 53
444 64 242
301 358 940
81 464 413
313 124 709
229 73 927
20 128 712
203 92 262
243 349 709
72 187 129
373 409 931
248 68 812
232 268 400
374 228 169
249 11 66
367 62 854
248 318 296
428 20 336
345 270 253
290 355 475
460 153 155
301 333 790
202 198 209
119 161 428
67 88 500
74 448 121
323 171 182
416 261 421
41 154 371
371 89 225
264 67 945
292 313 239
43 349 579
363 33 650
222 458 392
176 258 103
85 228 267
170 137 66
424 178 740
192 54 171
98 198 23
447 159 21
224 21 893
461 263 585
439 250 363
249 405 639
425 282 979
338 108 979
218 342 839
253 392 404
60 376 603
122 131 841
199 310 570
304 341 711
376 233 845
225 64 650
352 56 462
296 196 311
229 10 534
364 212 180
69 257 916
382 100 326
419 418 823
317 428 890
192 69 288
122 278 991
20 213 611
297 162 797
188 460 894
445 232 759
142 389 827
424 102 742
141 233 838
203 270 953
293 357 114
253 346 453
411 309 436
174 291 598
424 284 955
2 41 319
9 49 539
69 232 605
146 370 744
431 344 269
189 325 506
356 151 951
253 235 869
450 271 671
272 281 136
30 257 26
361 22 311
341 389 656
7 304 325
183 386 781
8 264 799
29 157 771
319 415 729
403 220 861
403 118 57
375 266 367
56 173 223
463 191 357
1 136 169
38 56 632
235 328 430
438 64 342
455 154 592
117 360 669
371 304 104
286 60 844
181 461 854
83 347 537
356 375 649
457 26 426
55 76 462
64 90 645
59 141 550
314 466 3
115 388 57
448 391 414
14 412 5
131 66 74
35 139 340
59 285 621
286 86 538
447 3 25
466 148 813
159 435 314
193 198 861
364 280 639
265 340 846
23 387 717
139 426 793
7 210 492
309 370 122
436 360 30
86 367 485
459 142 385
335 421 981
223 345 521
376 74 759
340 405 454
61 344 695
255 20 832
153 193 831
297 323 137
77 117 201
51 87 890
98 376 194
345 226 637
316 12 339
174 313 334
65 176 955
64 402 46
86 281 104
111 38 877
171 413 396
110 126 778
129 156 961
444 325 480
420 262 47
332 152 483
345 31 748
257 125 782
44 255 49
223 54 78
286 28 194
95 126 656
438 362 91
326 385 64
93 158 592
60 88 326
274 143 697
159 371 787
46 314 651
153 296 930
24 320 151
157 247 787
305 195 61
40 272 953
371 424 838
101 257 909
162 436 805
178 216 417
367 448 279
328 271 309
116 332 742
269 275 256
129 385 651
66 175 38
427 114 496
408 206 763
336 212 57
10 105 335
414 286 193
357 254 527
13 184 344
147 396 308
239 455 53
375 457 761
348 84 746
116 338 138
139 346 392
127 144 433
195 281 121
231 34 481
388 441 53
51 127 91
367 1 81
232 125 209
342 313 799
38 88 817
443 303 785
82 84 154
53 378 700
118 113 179
221 37 678
222 148 18
404 233 48
40 401 623
337 122 960
7 381 85
294 295 825
171 325 187
29 336 66
259 94 916
241 75 264
164 282 950
300 203 935
38 24 659
20 196 520
228 437 129
254 372 351
11 53 151
437 311 4
4 364 222
42 361 141
435 2 460
291 465 388
9 256 105
405 261 502
398 15 13
257 224 825
80 307 493
144 308 248
34 175 988
72 257 422
349 228 668
166 86 256
459 262 103
212 381 474
11 183 874
124 174 884
1 146 483
239 114 514
430 322 308
163 64 657
113 253 730
194 18 701
415 16 79
295 445 987
249 430 887
33 277 575
234 446 72
139 175 217
444 36 426
265 284 708
69 201 104
213 299 774
421 455 924
118 233 298
90 269 293
105 8 698
86 410 595
213 132 210
140 148 28
10 270 344
282 345 308
233 145 530
287 391 463
142 1 525
253 319 280
154 335 127
273 445 936
130 192 893
320 416 73
408 358 282
311 12 214
421 35 819
321 335 61
196 222 902
91 125 975
160 410 569
280 123 32
355 67 352
231 69 435
139 122 57
321 461 67
106 341 440
339 126 523
270 336 941
281 354 358
56 166 582
9 42 509
89 349 362
221 228 129
1 229 678
422 193 495
159 289 96
28 463 294
431 380 737
257 278 676
246 316 404
20 330 44
206 414 773
98 114 768
62 443 362
423 462 980
183 326 9
27 87 523
43 252 946
277 390 974
150 115 919
457 212 728
300 397 660
299 327 412
165 348 143
95 401 595
420 120 994
149 273 960
313 396 792
383 208 951
434 186 471
178 221 527
321 382 196
250 291 135
231 466 590
100 94 571
49 183 610
25 445 2
271 105 434
175 208 406
336 444 912
452 330 948
1 2 218
160 282 671
452 150 830
121 201 357
316 170 573
142 418 609
55 145 726
360 342 384
447 281 839
105 451 317
250 287 462
40 61 461
66 303 142
51 403 629
263 256 395
134 449 459
326 50 554
286 440 773
324 11 11
28 128 895
346 204 97
270 462 476
53 242 251
258 29 89
389 286 887
59 119 659
168 255 43
28 146 686
293 121 194
113 452 386
308 357 80
144 241 451
296 375 696
181 257 220
420 401 376
230 319 727
375 158 713
123 51 647
84 447 624
308 284 478
148 71 706
52 112 718
174 138 897
429 117 327
357 77 805
290 204 564
175 10 712
403 97 466
308 167 672
76 139 954
462 16 4
400 155 890
92 212 462
67 248 533
31 212 16
221 120 815
156 214 165
133 10 912
370 286 671
417 281 718
292 151 120
185 151 255
348 219 424
285 289 892
128 34 976
215 426 529
265 2 142
296 247 927
296 104 877
219 212 63
130 224 48
38 300 19
362 279 160
270 289 586
365 151 244
153 300 511
14 271 343
462 281 381
182 106 855
245 419 586
184 14 688
295 150 733
395 318 329
381 316 505
405 283 112
24 122 307
281 153 914
154 64 292
3 80 738
287 463 630
329 414 844
363 19 296
140 173 859
421 385 319
37 223 281
188 163 504
375 131 601
260 302 218
134 441 518
333 462 43
416 356 64
7 133 105
387 57 502
374 183 748
263 306 221
21 278 112
319 460 182
282 328 229
399 206 359
53 83 525
364 13 738
11 178 320
55 70 348
109 173 121
157 1 205
37 164 337
421 399 500
115 88 688
437 282 525
255 305 30
282 104 330
360 130 894
199 424 568
103 426 653
455 419 967
324 128 161
133 55 146
114 319 56
102 280 521
320 408 690
404 18 550
422 399 187
381 386 181
431 140 304
132 34 642
191 113 941
259 238 314
245 334 267
86 219 45
51 349 728
420 77 361
346 218 721
169 320 435
457 319 701
324 145 804
371 444 910
410 321 504
154 2 18
267 115 987
277 94 846
326 9 586
157 94 67
374 298 71
260 438 567
461 191 505
39 34 52
309 87 904
284 303 650
86 38 670
105 371 844
28 210 91
74 367 127
255 364 937
456 433 507
20 75 42
293 452 472
154 328 285
387 448 403
168 457 273
229 245 806
436 388 823
433 247 288
390 47 763
130 291 976
418 51 175
28 91 292
66 211 616
126 358 673
74 451 757
373 326 208
253 168 838
18 358 234
260 93 990
441 466 976
225 342 495
209 277 293
109 228 974
324 217 787
328 431 38
426 106 932
49 448 660
309 220 699
39 271 74
80 288 493
253 210 39
259 47 178
417 132 364
347 277 702
320 97 400
133 117 472
341 309 336
105 106 262
343 102 164
182 6 217
20 73 886
226 12 579
338 227 343
116 401 188
127 45 748
127 461 766
358 298 149
41 188 600
454 464 225
223 295 586
335 163 786
378 45 860
37 439 545
89 167 496
451 262 950
144 223 183
85 231 644
90 62 436
103 160 78
59 352 980
129 121 637
50 154 534
286 337 869
134 105 409
155 69 773
269 27 367
163 215 116
32 229 16
190 194 147
426 262 951
106 336 370
166 436 857
175 176 956
361 108 100
149 50 479
122 214 16
390 149 573
310 403 324
8 382 522
454 177 918
328 412 226
96 311 917
83 134 179
215 7 352
431 447 568
119 46 383
391 281 64
250 407 598
335 19 900
86 47 873
373 296 44
361 370 581
67 455 354
114 19 776
1 51 97
389 429 441
460 309 800
337 184 124
6 118 715
462 261 435
461 386 758
448 255 970
130 80 400
316 324 580
145 135 107
268 18 388
418 380 281
23 214 932
335 312 867
57 60 265
168 181 374
56 286 917
315 254 827
239 325 522
438 290 532
259 246 618
12 97 318
77 116 941
188 216 603
85 397 418
260 158 893
436 308 234
278 95 834
303 194 923
247 252 208
219 457 527
247 117 49
317 52 542
166 282 884
181 395 910
2 281 637
170 287 660
106 342 625
219 439 197
200 331 871
19 45 790
438 446 378
50 89 577
382 165 604
170 89 627
258 139 814
92 220 287
316 47 860
211 367 384
263 166 918
60 250 980
240 242 360
294 120 354
226 425 956
200 157 939
259 374 510
402 203 64
206 77 615
397 115 791
67 431 879
87 158 962
86 236 584
314 203 877
227 67 709
435 109 16
54 263 368
65 281 942
12 451 479
115 209 152
51 69 613
415 198 292
379 64 53
295 236 922
13 174 714
183 405 79
190 144 456
121 204 319
34 391 4
193 185 869
69 109 791
3 7 136
107 3 295
214 246 148
261 17 340
124 277 788
129 444 48
17 180 928
140 34 386
287 268 986
393 182 965
237 331 99
41 158 768
107 149 182
63 446 275
87 6 695
406 114 715
393 289 196
459 295 503
79 24 719
461 296 991
251 169 906
189 439 991
195 200 695
367 452 875
91 122 441
267 295 967
421 151 590
347 386 5
392 157 759
297 242 435
230 88 273
438 447 633
115 44 22
452 144 664
73 458 167
198 327 301
93 394 680
183 439 568
197 388 239
1 8 487
140 27 665
15 151 748
171 308 993
104 100 245
23 82 602
235 325 482
19 391 633
325 369 362
316 225 446
84 23 445
151 312 23
433 183 84
29 312 445
5 24 435
226 376 628
291 460 921
122 142 845
90 217 895
378 377 84
142 272 573
421 122 232
463 135 507
338 438 541
5 109 510
311 288 922
465 172 632
269 459 458
157 19 229
375 369 319
1 403 894
160 466 983
80 308 726
332 367 614
233 280 676
172 300 590
248 240 211
97 355 768
199 346 810
67 438 125
198 80 602
139 125 161
115 41 256
345 436 914
433 226 821
185 366 827
138 221 27
241 288 95
23 410 431
246 440 663
199 395 163
272 149 819
93 404 639
193 318 549
463 349 31
261 84 497
419 353 202
415 204 748
380 448 717
190 199 724
137 202 268
168 39 527
277 212 812
309 77 55
232 170 669
131 380 377
120 357 365
363 146 286
310 182 722
381 80 760
367 232 271
46 70 383
238 349 42
268 363 770
201 341 907
337 96 737
107 73 424
445 426 637
46 67 256
287 153 879
95 5 302
47 444 454
42 232 342
2 424 334
415 412 837
85 439 56
276 138 221
161 152 745
329 406 144
422 407 442
422 237 339
250 204 947
143 207 716
412 228 657
229 6 514
155 282 131
447 449 544
85 323 531
139 397 339
459 7 762
363 413 992
203 88 188
322 105 284
26 33 405
372 426 947
272 39 730
45 163 271
107 187 114
171 381 269
16 45 995
202 429 17
174 200 547
223 425 88
321 355 810
248 192 907
376 328 448
201 292 959
199 455 629
121 174 699
330 241 671
427 131 429
178 336 978
234 39 828
200 295 393
359 206 30
118 218 592
444 337 597
273 62 665
379 122 230
181 375 681
37 416 28
334 336 976
322 71 390
139 163 196
445 184 671
96 394 965
35 114 236
345 224 531
56 200 131
339 265 953
191 227 891
132 452 550
175 331 611
41 86 445
393 192 996
218 91 352
148 35 242
119 293 261
207 296 952
20 164 676
278 196 492
60 294 443
259 22 804
390 308 361
59 422 419
177 64 608
44 232 819
369 32 749
116 255 66
198 111 897
374 247 265
274 125 466
51 355 769
394 198 172
372 47 442
160 35 455
268 323 665
424 451 622
87 352 486
164 22 693
84 376 174
98 158 438
416 83 978
257 428 482
158 458 744
237 104 702
350 455 894
349 130 734
220 228 637
239 84 157
419 338 920
179 10 136
172 152 34
305 304 8
375 7 675
236 319 627
192 172 251
428 392 419
223 18 853
77 405 73
185 393 330
58 282 844
453 327 843
63 33 555
270 421 804
183 238 870
303 395 830
405 363 170
183 162 903
228 454 716
53 139 930
294 401 768
103 434 995
413 328 40
55 443 377
101 39 505
179 229 531
61 288 227
315 240 302
223 346 641
98 319 286
127 394 797
128 415 124
392 41 478
151 6 165
29 379 97
113 105 101
433 219 845
262 75 372
317 405 935
343 318 55
106 49 43
314 81 207
12 192 306
129 374 813
251 319 647
35 243 281
56 412 876
343 364 391
70 218 77
201 380 427
63 398 366
122 19 456
177 452 340
370 360 93
4 453 506
283 320 90
450 191 862
113 174 492
165 77 710
134 311 398
117 419 790
396 386 292
5 73 127
111 160 979
303 69 703
129 459 132
365 297 221
26 387 801
91 260 113
308 9 736
107 364 546
419 12 506
436 100 667
93 306 920
342 375 866
276 265 682
333 288 476
296 332 255
407 208 275
156 6 121
189 150 442
217 133 686
158 390 474
415 104 610
352 292 23
200 320 875
429 315 867
218 254 276
262 296 326
47 171 551
223 244 624
319 224 17
419 414 927
59 57 663
227 257 373
231 439 58
377 347 345
365 32 586
121 311 671
280 388 147
244 155 561
228 129 202
394 204 923
335 232 442
162 334 486
98 372 97
348 245 885
296 25 612
180 348 803
68 30 688
165 113 432
64 125 169
259 313 63
282 243 538
363 406 723
402 42 592
131 350 464
84 316 654
210 452 435
331 398 248
411 71 205
144 222 43
104 461 222
143 261 650
91 347 831
412 407 312
186 385 42
150 274 90
74 90 467
274 135 588
123 121 522
116 160 168
456 275 350
74 48 536
315 317 18
55 262 256
287 77 571
222 95 775
142 282 508
60 150 421
332 413 424
239 270 447
243 202 996
358 465 843
423 414 271
303 453 243
188 260 577
147 317 262
212 269 338
440 174 648
108 434 803
380 48 479
429 323 335
161 245 704
130 95 538
332 358 442
431 201 312
276 174 62
31 317 921
317 422 959
79 156 663
403 238 601
44 64 628
160 290 552
294 248 674
17 425 410
173 360 66
68 44 498
347 12 526
223 404 394
410 64 658
30 44 585
259 229 163
167 262 306
130 433 896
56 307 605
34 123 925
344 294 470
98 199 281
406 243 132
134 87 354
266 425 983
165 324 846
346 407 594
57 411 84
332 229 681
288 226 388
338 17 197
158 39 210
52 15 638
255 203 81
366 426 708
107 52 60
246 445 498
206 320 626
4 43 639
339 445 755
16 450 402
351 2 580
52 124 871
94 276 483
404 440 803
85 101 44
261 424 234
253 17 877
419 282 945
176 377 342
27 188 76
272 113 417
273 145 294
39 449 863
356 406 373
442 49 253
455 349 691
216 22 719
142 317 379
162 132 353
364 234 523
348 181 368
156 125 375
149 91 399
86 177 673
383 275 873
424 47 532
403 219 316
464 303 555
419 104 931
272 26 428
25 6 850
78 198 997
133 160 357
176 348 239
328 352 108
81 388 255
28 9 151
206 31 156
151 177 454
4 241 949
229 16 824
413 387 31
20 80 671
240 102 194
75 346 129
366 325 811
423 138 803
192 25 709
64 5 858
31 116 772
451 8 572
340 100 188
147 436 858
362 122 90
404 115 782
248 22 707
248 80 928
271 259 787
21 254 619
37 389 458
237 431 743
87 180 573
267 163 244
444 131 587
346 37 475
259 255 619
223 93 599
84 263 412
230 467 250
10 342 794
367 33 813
155 444 811
407 436 117
208 233 401
194 255 141
248 121 58
433 138 670
146 317 929
324 190 808
459 56 882
68 410 981
214 238 869
8 287 703
41 316 40
40 324 16
141 219 114
187 91 293
373 86 185
362 79 159
320 160 983
148 89 689
398 190 295
139 105 42
130 175 386
465 373 256
183 99 467
262 352 292
417 416 184
461 153 682
250 198 339
34 58 390
205 96 249
464 179 906
168 411 931
1 380 274
258 215 276
20 72 812
446 153 180
51 140 855
29 362 866
230 133 101
258 316 959
357 142 89
167 85 923
29 331 240
5 340 849
266 350 782
380 314 876
403 427 899
278 203 459
203 190 763
318 118 784
4 61 777
307 370 563
392 138 588
196 315 833
45 312 233
364 315 842
406 96 448
357 93 266
243 452 617
9 138 511
308 21 402
331 153 276
385 258 712
318 308 612
143 77 630
98 35 898
272 102 201
277 201 258
156 376 835
65 197 417
126 115 546
225 78 596
401 117 461
348 401 342
125 17 208
23 448 790
407 75 880
261 287 459
414 71 597
393 268 788
157 344 213
101 351 15
461 216 667
112 155 166
431 376 924
243 47 538
122 9 557
77 289 821
263 422 864
156 383 350
191 336 194
446 4 805
80 23 899
435 130 288
27 49 246
48 162 67
348 113 802
53 95 669
86 361 356
423 68 399
139 421 545
81 385 34
419 47 39
416 134 358
434 411 659
66 84 690
54 189 162
369 283 446
391 304 812
434 432 605
85 86 416
458 151 335
257 221 268
20 331 654
342 379 671
165 301 410
183 201 374
49 61 780
177 203 639
194 206 420
221 447 742
120 43 81
353 147 734
283 275 507
331 21 274
370 174 354
376 102 552
124 455 412
57 73 687
320 431 147
242 29 857
276 320 114
264 46 698
436 146 823
365 52 507
6 446 712
196 396 526
57 381 689
409 47 189
340 124 805
5 84 863
207 178 709
34 207 414
154 276 171
264 74 965
434 117 835
364 186 634
68 387 13
420 317 41
411 236 496
429 24 920
438 75 560
143 157 567
83 87 255
165 142 91
149 339 309
130 43 704
252 269 197
161 19 704
310 260 671
232 79 464
86 84 43
69 410 815
314 104 322
301 137 789
462 144 549
467 313 908
7 387 34
104 376 187
111 405 216
460 160 909
307 397 263
56 356 97
28 25 825
208 433 685
103 428 273
394 64 625
151 238 851
379 49 934
256 425 94
146 321 812
90 189 276
92 388 876
430 37 72
371 71 103
209 360 830
424 399 648
453 17 309
39 152 143
206 40 200
453 25 810
169 221 774
326 427 594
370 324 227
268 153 870
275 276 346
317 288 95
9 148 633
457 178 232
348 37 606
320 360 47
437 127 304
355 282 470
20 99 619
171 305 363
193 391 661
162 40 349
103 106 524
411 170 847
446 259 148
14 73 476
168 155 182
107 212 355
378 99 369
216 459 10
123 79 688
157 432 396
408 308 917
48 358 320
344 444 12
101 63 330
354 334 400
318 187 8
419 57 557
148 130 817
393 424 725
139 205 197
100 197 918
129 272 674
103 35 150
170 236 499
350 2 614
37 45 793
38 198 143
378 147 553
228 45 82
141 306 289
175 401 585
306 457 560
196 110 713
73 431 515
179 59 330
402 175 701
20 32 210
445 464 117
71 73 680
110 248 861
366 51 50
358 466 773
319 119 782
275 109 555
43 439 326
308 128 783
292 284 490
437 76 466
268 67 763
197 335 158
93 143 719
93 399 499
240 125 176
13 408 364
161 200 833
381 447 762
282 192 154
131 118 392
325 23 79
168 369 371
335 149 265
97 459 283
83 432 616
421 425 503
307 234 536
463 429 791
121 37 157
28 420 577
322 159 519
461 37 329
168 163 770
340 261 994
435 264 705
223 96 844
230 350 852
182 465 330
10 94 570
109 50 803
457 22 820
441 391 386
6 258 41
276 163 918
168 99 547
325 46 13
339 272 661
100 414 787
41 111 71
293 97 103
99 224 225
122 279 94
374 452 615
18 266 667
266 298 187
237 390 536
420 422 434
445 228 395
235 392 594
79 146 121
176 409 547
292 202 606
176 204 855
186 57 1
100 166 856
247 322 10
296 305 107
264 130 498
101 189 705
33 24 153
328 179 465
183 437 471
403 26 396
153 389 998
397 150 945
243 433 685
239 250 703
71 185 504
55 263 323
176 467 344
186 228 910
338 366 638
324 34 735
173 163 430
91 299 407
87 276 716
15 102 275
113 380 21
378 185 372
151 319 481
263 365 396
205 181 229
20 172 570
312 172 822
88 301 371
103 336 926
344 285 811
36 6 537
77 219 614
315 158 906
192 404 78
126 263 66
53 400 142
237 78 649
11 356 881
181 312 567
47 458 936
430 175 324
46 431 838
288 57 271
279 8 518
405 250 217
289 457 51
210 438 511
400 23 494
122 85 211
24 303 272
4 239 323
40 361 362
26 73 490
309 418 421
186 276 42
337 132 356
96 77 123
228 405 456
387 435 786
122 407 624
276 429 677
86 253 164
421 253 239
43 220 494
205 260 521
92 387 865
167 98 640
407 467 135
150 247 981
96 196 593
29 39 385
121 27 382
283 293 983
20 398 759
453 413 144
123 19 9
246 391 372
31 66 850
343 140 901
261 243 224
143 15 531
161 372 181
205 282 827
298 289 684
449 147 479
346 36 227
30 410 387
46 348 795
156 202 91
454 186 590
449 423 595
285 337 581
158 66 608
49 294 101
323 426 806
447 369 917
356 167 77
455 58 114
457 2 977
379 6 386
280 319 892
11 122 507
96 33 779
25 132 557
286 386 91
375 251 428
303 112 483
268 161 963
363 208 552
130 348 323
334 32 15
71 206 548
373 185 763
311 276 259
134 175 94
293 53 888
253 22 302
30 187 94
467 109 857
148 95 939
394 17 704
150 64 513
100 357 874
289 206 613
133 460 857
294 417 465
325 458 964
34 40 963
339 241 587
446 398 31
69 331 712
245 184 243
71 455 588
304 361 254
396 142 106
54 382 641
233 424 358
5 380 967
301 77 180
151 193 954
337 7 286
150 250 140
290 54 92
56 283 999
407 276 563
445 337 792
250 440 525
156 252 25
183 8 56
215 24 981
197 357 824
213 373 921
278 77 811
224 326 923
417 274 782
447 189 497
179 293 340
130 321 753
209 251 467
83 233 615
37 325 349
170 77 977
200 325 10
372 424 460
434 63 58
359 349 122
21 89 752
120 248 719
30 117 775
62 321 649
188 219 658
104 320 964
255 251 880
216 356 627
226 40 405
462 67 14
51 267 868
454 337 218
131 69 51
409 291 551
243 268 620
349 319 503
382 436 692
15 369 781
177 375 544
76 391 673
132 151 6
234 102 417
393 171 755
361 14 121
238 289 101
281 343 766
271 58 939
423 267 469
69 188 567
19 420 198
67 77 69
95 123 54
48 260 137
78 394 784
92 289 616
178 364 907
54 37 871
245 124 379
107 266 424
18 336 766
381 77 253
22 6 937
136 459 896
424 183 133
183 263 134
49 416 330
419 268 654
359 222 932
270 110 896
426 446 464
186 180 318
210 272 773
394 393 767
72 305 963
102 368 583
263 19 379
284 212 685
458 432 211
288 272 217
65 288 183
74 382 611
61 259 23
236 44 172
435 134 649
56 224 713
290 35 735
406 203 434
269 382 329
277 34 305
1 129 993
167 287 788
151 274 196
366 36 971
181 253 18
20 180 147
115 465 290
124 281 767
408 276 632
74 429 597
277 388 196
349 16 901
50 125 822
269 333 827
229 462 390
126 340 816
200 287 132
272 30 84
233 127 993
301 263 66
268 229 655
18 155 322
369 400 948
414 330 902
221 271 908
324 332 698
181 426 165
411 102 960
323 116 377
285 108 64
173 258 659
436 111 976
448 124 5
349 100 624
45 124 213
190 320 924
103 209 415
247 299 399
7 34 598
211 323 475
15 340 133
448 195 672
340 353 879
146 299 205
153 392 613
151 13 46
354 358 847
56 386 435
405 110 326
127 202 300
417 6 88
462 294 126
187 458 707
51 360 676
365 393 751
312 262 729
423 443 233
11 35 760
388 377 514
196 23 391
241 28 421
436 272 624
286 451 799
217 391 434
231 427 21
35 95 364
25 61 768
243 65 506
244 188 188
368 210 717
143 171 120
451 154 314
450 247 915
259 391 881
460 288 222
458 227 337
113 88 501
397 12 232
92 375 621
401 214 438
345 160 354
25 369 56
31 292 443
77 8 776
339 284 883
73 289 980
54 358 735
217 205 914
55 64 782
142 156 252
7 360 263
1 15 550
107 390 484
219 3 510
431 428 804
39 165 757
93 24 53
165 203 224
408 228 469
374 79 146
319 398 309
273 157 442
202 173 78
215 103 871
383 196 466
77 148 11
24 3 122
334 154 856
237 47 58
317 368 925
412 289 348
330 238 170
463 64 431
173 457 955
418 112 494
364 389 957
431 277 604
222 363 219
115 363 199
220 153 810
314 305 748
417 247 847
434 233 638
222 304 14
180 150 91
400 297 401
375 464 888
158 425 555
201 204 518
441 151 197
101 451 580
219 311 301
239 90 651
454 331 198
248 209 849
426 248 265
251 80 683
81 260 625
287 18 131
269 169 353
357 275 759
151 345 943
152 344 819
391 357 508
80 78 179
270 350 384
210 22 332
198 464 645
74 355 200
217 437 657
345 1 598
100 219 301
66 255 728
175 442 4
175 261 520
154 313 389
228 315 670
455 418 258
317 358 421
465 288 971
164 345 242
356 378 61
28 169 20
338 78 460
407 304 997
438 273 892
178 182 966
36 294 144
276 346 865
371 116 71
195 23 458
165 221 451
198 63 988
311 49 387
233 293 983
433 186 858
236 275 625
12 6 510
345 292 706
58 190 844
329 440 905
207 279 841
204 28 544
183 17 802
367 277 726
30 132 959
46 153 447
62 106 312
303 254 559
65 194 323
260 196 928
220 140 678
457 217 455
326 426 374
87 287 367
209 264 145
291 313 33
216 94 710
62 320 120
4 347 691
412 205 719
221 49 477
55 10 969
121 343 804
296 64 34
147 273 640
64 206 941
263 108 160
309 245 202
460 217 282
239 293 20
172 433 591
191 350 859
353 399 597
295 202 804
107 176 260
331 168 153
247 443 732
84 358 611
451 143 453
29 21 999
392 158 117
299 42 91
453 136 880
6 38 795
169 38 474
333 283 852
118 407 908
197 50 355
380 75 120
70 64 155
440 336 616
29 48 360
204 15 753
406 101 187
237 221 96
32 340 93
12 122 365
309 124 955
397 268 883
33 223 751
105 172 428
322 325 336
366 166 952
376 82 111
101 165 35
421 8 303
86 456 152
9 460 825
356 331 121
418 32 864
338 34 512
373 435 139
408 433 446
129 220 747
353 223 313
135 109 303
178 347 483
58 53 365
370 38 331
217 67 462
414 316 871
293 281 75
361 118 165
34 317 307
66 151 589
42 255 288
101 399 43
118 267 266
449 267 505
319 216 441
106 239 30
446 68 519
177 77 461
200 42 371
110 263 28
74 412 613
166 383 545
217 176 121
305 291 487
460 227 966
303 160 709
149 242 710
335 391 221
201 194 35
197 88 393
415 170 893
232 231 243
162 153 430
326 405 301
34 399 451
232 332 30
339 450 761
291 44 994
171 411 38
187 430 110
410 236 486
379 391 457
400 249 107
167 63 392
11 17 562
355 274 288
27 114 971
371 463 131
294 459 157
397 233 673
67 253 497
233 330 948
178 252 224
71 152 797
214 100 494
201 303 807
414 181 204
154 112 858
230 389 312
107 242 343
410 54 647
177 95 326
253 234 677
162 46 468
41 118 32
1 74 611
78 166 312
5 7 649
13 286 564
398 367 800
328 291 358
464 199 759
428 12 230
221 394 611
365 85 135
379 111 923
215 51 895
434 386 221
164 221 274
44 407 251
410 394 726
354 143 136
130 326 744
436 190 874
205 467 712
441 157 744
243 250 816
261 226 182
465 233 575
7 404 712
74 114 489
340 421 672
92 454 843
165 395 892
232 348 408
285 182 319
250 254 371
173 308 878
355 417 805
284 371 867
105 40 91
124 194 884
198 341 506
340 347 948
236 276 276
232 425 84
318 389 518
219 28 444
244 215 85
266 186 90
253 262 235
44 240 985
221 431 689
352 29 706
267 283 798
361 348 998
66 96 747
305 228 619
408 280 635
181 322 215
213 286 521
223 213 196
96 38 716
281 385 33
233 58 396
130 13 20
32 307 547
281 121 655
415 349 114
272 437 348
152 43 443
400 194 391
15 249 467
83 153 118
373 87 110
409 434 46
228 411 771
64 305 692
58 246 59
257 168 797
208 107 859
218 53 967
365 377 895
454 396 459
248 418 918
324 210 19
397 243 1
303 102 544
52 386 909
117 208 938
422 87 657
76 124 40
223 424 889
175 448 16
23 364 124
25 90 284
378 426 987
141 376 921
141 60 715
321 113 869
233 40 336
245 95 45
176 292 398
113 149 960
342 157 723
97 264 658
164 63 953
183 290 952
343 455 264
345 77 33
224 318 218
29 8 855
168 234 851
461 81 202
175 177 452
329 399 330
70 150 690
53 210 491
248 227 351
373 219 767
345 444 681
454 40 497
70 265 744
409 230 322
48 123 933
185 323 660
377 358 500
422 112 312
279 40 202
444 416 86
8 52 687
236 40 883
187 347 518
247 399 780
97 100 495
131 232 346
95 161 797
385 430 942
103 283 974
326 459 97
446 70 712
201 237 485
376 348 110
408 303 521
162 42 599
294 431 427
441 319 260
11 212 788
103 405 691
43 412 322
113 448 503
95 207 954
207 455 456
440 206 373
45 419 912
155 260 258
323 315 315
9 377 396
178 232 288
449 456 36
10 20 532
157 154 287
245 165 395
4 78 152
1 55 546
261 330 140
303 398 217
370 14 351
111 157 534
440 271 687
41 147 271
443 396 444
367 167 481
225 152 206
337 25 506
206 369 729
443 250 549
203 133 556
19 225 828
254 376 552
347 127 9
443 99 491
25 196 768
420 408 422
213 298 529
22 124 924
295 317 337
403 198 576
119 103 100
222 388 275
329 209 587
98 201 407
30 138 378
455 102 579
362 12 927
310 101 661
428 396 715
19 313 495
310 427 704
85 113 807
17 65 682
429 281 892
279 39 94
361 151 486
161 277 339
126 398 138
54 1 835
423 30 446
336 7 53
214 352 782
156 200 823
345 168 874
398 50 141
27 275 759
388 371 113
265 290 521
250 238 104
190 139 791
395 462 348
463 57 535
77 407 762
384 35 128
341 80 154
254 91 407
62 384 43
322 34 296
251 50 528
462 412 928
172 239 723
157 211 999
11 382 750
4 202 580
70 10 899
338 75 838
256 333 852
5 66 247
150 396 462
18 434 3
29 68 181
89 345 668
439 83 370
112 280 582
188 67 67
111 304 535
47 10 989
292 56 668
286 400 160
17 81 629
220 347 291
98 395 895
315 176 432
190 454 925
33 309 180
341 9 568
155 156 402
287 459 48
450 377 739
332 25 56
318 138 598
456 12 1000
116 201 677
266 159 583
135 354 806
299 274 565
16 188 748
33 15 87
272 422 111
275 156 283
256 385 432
87 17 303
439 53 284
236 307 426
315 82 662
406 98 713
201 126 540
168 196 850
216 430 863
89 393 543
203 443 190
208 92 159
290 285 106
221 155 437
431 449 233
84 72 67
220 56 638
248 171 987
462 189 397
380 457 374
116 151 583
239 373 755
22 45 694
176 10 457
439 36 88
137 143 961
364 421 981
442 262 688
127 168 697
27 218 482
51 334 590
179 312 682
195 325 239
274 343 323
2 442 541
311 327 778
143 169 1
409 143 213
141 125 375
137 100 664
183 425 478
163 368 486
322 450 139
423 36 554
330 440 471
377 361 903
440 128 548
264 288 815
69 104 829
284 260 562
83 260 867
228 424 462
219 146 599
464 337 573
461 252 530
362 236 409
361 437 874
370 371 629
282 56 38
366 210 909
392 467 122
118 349 147
197 126 168
202 297 62
399 305 277
282 361 129
142 94 5
30 218 815
459 347 364
457 125 402
364 285 865
58 382 352
449 430 954
317 138 386
353 264 597
215 131 286
164 275 214
395 352 56
267 447 333
190 181 553
195 323 851
197 135 249
42 45 191
107 31 417
416 180 717
159 31 971
407 1 973
25 429 498
67 113 359
3 188 864
1 250 398
281 433 217
267 227 304
296 264 487
40 32 877
396 71 573
98 420 347
181 5 568
174 154 386
181 111 660
362 243 634
30 407 881
61 88 457
378 15 823
347 5 820
142 66 908
320 291 815
324 440 862
261 326 70
11 43 943
191 146 701
92 406 194
436 178 208
158 266 784
421 138 407
113 466 378
266 141 773
328 10 688
265 411 51
212 394 898
267 420 276
113 126 723
223 303 137
445 238 632
42 108 431
62 30 190
47 421 907
195 396 895
305 14 656
456 239 268
216 442 48
448 64 467
118 201 600
1 274 531
114 315 754
405 97 515
1 356 8
332 68 501
249 53 695
461 106 817
161 82 679
103 264 890
47 72 918
244 206 188
93 26 810
163 78 688
160 169 208
288 150 514
271 189 510
309 317 750
412 406 945
129 291 312
239 463 760
108 56 46
433 91 987
375 373 207
355 296 597
254 59 223
184 172 605
320 381 241
343 356 817
397 16 638
245 406 14
243 102 419
418 351 957
447 205 516
360 399 517
326 305 398
82 50 861
174 344 395
394 207 799
270 423 720
251 245 589
209 344 508
329 123 409
284 393 510
319 359 974
123 177 260
367 464 945
244 140 25
197 211 576
325 430 458
392 350 994
431 342 976
132 332 354
245 350 452
17 62 337
387 333 25
98 12 803
149 277 835
272 79 472
9 217 354
395 105 851
456 237 869
58 462 961
450 58 734
190 319 308
268 401 281
153 378 662
119 371 973
232 382 123
148 92 602
1 91 345
334 160 168
253 164 254
311 120 686
453 444 754
7 18 670
254 210 422
65 210 581
34 408 624
103 45 143
147 339 526
276 104 398
177 59 691
33 397 658
285 188 9
395 315 344
1 16 233
84 120 200
217 76 954
440 170 558
456 73 167
379 452 509
421 246 184
373 109 933
138 176 224
379 250 659
274 304 160
70 335 551
170 379 261
220 348 272
321 104 947
76 434 912
82 175 205
35 415 793
165 196 32
396 204 594
36 85 690
201 433 708
42 58 285
438 383 513
117 38 906
171 192 131
299 442 821
339 304 438
214 17 687
432 353 654
275 439 80
65 388 904
407 270 377
401 464 877
182 8 863
56 163 203
57 418 504
239 432 512
344 361 647
29 125 583
177 387 793
214 281 471
290 454 928
1 389 334
226 84 543
456 351 860
353 415 892
248 215 901
398 168 908
318 398 256
395 446 190
376 145 686
82 30 110
155 275 197
378 321 96
125 365 702
63 70 111
51 396 283
418 235 829
51 132 724
421 181 789
20 339 795
163 406 329
447 8 96
186 362 124
12 17 235
38 319 250
354 276 862
201 146 455
108 12 699
401 251 480
14 171 354
185 94 315
431 373 482
337 415 932
220 199 918
416 462 894
220 258 832
364 454 924
311 122 921
313 29 641
414 203 249
149 117 900
347 322 694
239 335 61
462 456 237
222 250 799
51 77 571
419 376 214
242 281 924
274 414 824
391 242 685
24 254 961
148 467 441
176 213 923
436 78 667
378 271 491
10 252 482
69 339 740
133 297 911
118 280 147
397 209 939
126 267 327
49 331 560
385 167 93
11 176 31
256 151 400
185 435 872
417 183 854
460 83 813
328 52 413
249 247 110
87 93 246
119 377 496
281 46 240
9 293 634
278 459 751
91 162 465
102 282 740
178 250 327
361 277 845
319 382 412
69 386 985
377 193 32
335 95 321
296 455 484
19 210 439
42 87 141
73 259 146
429 143 856
29 158 864
298 309 4
1 110 863
445 1 633
160 82 239
392 222 300
2 425 86
297 373 492
174 217 463
71 225 47
125 127 121
183 420 961
90 197 137
306 206 385
280 446 221
345 113 752
358 22 195
1 3 802
97 78 541
93 217 45
264 153 675
403 152 958
57 293 291
83 264 134
320 210 398
235 217 756
401 434 146
48 429 347
13 172 855
296 248 828
81 105 417
326 318 628
354 248 60
151 360 79
44 445 42
11 323 710
355 170 674
205 188 451
105 86 910
409 48 268
186 76 162
147 9 576
88 62 548
59 200 965
49 456 280
210 165 444
427 375 720
405 206 804
62 247 655
190 434 776
144 279 947
180 270 673
267 121 762
394 95 232
290 208 497
51 367 510
259 235 57
25 42 130
205 358 866
275 102 985
108 313 560
211 355 817
197 167 285
165 315 101
190 277 672
290 424 353
55 206 282
250 252 633
62 43 494
372 12 673
177 360 836
63 94 793
352 65 442
218 223 872
81 97 147
422 205 45
75 259 432
459 389 767
363 151 555
142 43 469
256 444 419
399 378 413
393 51 645
205 101 577
126 236 570
330 213 699
387 199 63
24 44 989
92 362 859
74 53 708
192 321 71
54 453 882
72 2 346
373 204 977
358 323 390
81 404 608
33 154 950
350 189 326
411 303 333
83 241 396
60 288 970
275 34 407
114 291 792
216 462 534
466 19 155
233 138 628
374 381 82
267 363 952
136 244 589
135 95 615
59 164 192
134 1 597
460 186 188
387 302 854
113 234 465
125 255 516
438 370 71
368 164 691
349 49 244
222 306 54
457 265 609
168 254 325
438 18 505
86 453 56
34 146 413
125 98 960
205 183 27
191 349 514
130 190 50
286 114 778
391 275 105
29 104 523
102 126 778
431 138 873
315 448 363
225 141 988
198 171 59
166 222 822
444 139 677
306 313 968
170 130 155
22 92 29
293 373 754
109 80 66
57 38 573
11 238 520
203 289 393
69 225 782
319 263 644
116 5 321
248 377 952
293 52 217
425 362 20
306 303 97
321 80 68
124 177 55
363 269 367
257 234 200
51 80 148
130 221 213
64 424 36
182 230 771
53 113 663
296 407 69
32 306 1000
368 410 76
453 11 789
421 406 684
460 444 818
289 464 710
50 460 410
230 216 907
283 299 937
237 196 835
109 223 22
359 170 789
359 329 90
87 315 114
344 419 572
418 82 194
2 421 74
332 5 481
30 463 757
110 250 22
83 25 708
431 22 423
344 98 818
29 81 959
448 271 219
258 255 910
290 313 359
136 460 133
375 302 877
153 63 648
291 394 226
5 121 623
291 156 124
211 441 800
377 187 967
361 459 181
348 378 2
42 416 830
30 166 916
76 165 115
439 239 151
54 132 636
446 67 431
110 442 709
300 271 160
415 54 618
398 286 301
73 76 106
313 389 554
368 236 847
384 461 883
5 127 46
126 216 196
10 141 980
395 210 966
327 260 377
267 54 388
386 187 85
251 417 925
283 11 733
136 204 447
218 418 34
228 460 172
452 406 302
173 268 46
465 412 611
386 97 449
290 415 71
243 118 90
35 386 2
169 103 987
75 68 467
46 123 419
236 130 818
188 117 72
257 25 799
205 186 113
221 266 299
147 234 36
67 269 402
443 73 681
288 293 876
180 423 211
371 432 895
1 34 915
14 63 730
306 290 883
428 49 452
39 427 698
370 312 503
21 118 767
411 187 501
150 233 528
216 171 833
229 91 36
356 452 756
247 97 66
172 285 855
318 157 445
114 386 975
246 118 462
190 204 328
276 210 570
396 181 370
330 92 767
322 102 548
421 121 695
186 79 64
78 358 182
78 261 701
248 310 388
85 7 497
340 450 458
445 97 805
115 412 279
393 154 206
439 62 202
34 42 914
343 225 95
8 9 856
114 453 380
164 321 721
268 17 460
32 115 959
344 370 808
173 354 233
179 461 505
22 464 167
462 4 891
67 444 660
398 128 821
261 120 548
276 391 410
363 349 188
18 426 768
45 30 764
359 454 630
36 88 776
399 433 704
324 419 540
156 229 509
420 89 653
425 116 124
36 359 339
252 445 298
249 147 653
165 213 280
2 102 649
94 242 297
27 227 54
19 82 283
453 333 795
454 450 71
235 306 78
73 440 237
116 450 659
7 19 881
438 276 702
291 398 428
443 33 245
168 139 636
98 79 937
417 454 97
424 35 474
234 354 129
173 374 247
320 268 843
287 126 119
312 378 847
225 231 230
14 235 159
467 201 296
43 336 141
208 459 263
1 439 170
59 45 403
155 76 15
163 138 219
391 416 65
81 157 925
142 332 351
273 431 955
152 4 286
424 417 4
205 35 814
63 8 695
202 48 987
207 130 183
292 80 247
166 312 988
68 375 804
139 161 236
306 438 820
194 161 376
238 103 453
346 98 469
234 201 719
423 422 448
146 342 209
121 79 436
216 26 666
361 195 423
360 307 779
159 118 430
384 23 31
37 315 921
204 244 605
328 346 700
5 13 834
111 170 85
47 303 138
115 27 764
407 269 418
248 288 701
156 132 97
3 358 749
96 114 59
243 419 473
256 152 256
146 27 147
196 293 313
351 416 123
40 437 794
254 174 912
118 283 368
309 459 448
13 27 723
128 298 281
281 37 190
386 325 18
301 3 440
216 341 246
392 247 739
368 244 645
466 202 935
461 275 72
163 128 38
356 214 298
50 316 666
257 23 770
377 324 383
197 379 614
315 262 663
147 274 931
356 320 459
222 105 659
74 149 867
421 328 829
21 195 661
173 440 95
75 139 244
380 230 196
239 340 391
132 77 418
322 370 711
3 93 581
232 229 614
309 373 407
335 372 396
401 6 688
353 255 456
280 52 464
11 331 265
192 456 615
163 106 123
167 463 970
214 216 657
198 253 385
337 72 929
421 305 346
206 27 745
95 171 685
111 124 698
183 450 950
116 418 458
355 420 218
156 217 342
139 381 477
339 155 904
360 346 572
71 338 883
58 461 26
231 201 810
67 274 7
73 222 701
430 158 466
127 52 28
24 162 79
2 410 296
226 388 288
247 319 619
291 441 500
33 62 337
203 216 574
365 364 567
443 200 137
68 152 286
376 209 254
151 129 632
125 420 559
287 362 376
443 349 300
396 361 392
143 413 46
85 56 220
228 188 17
300 163 999
240 191 453
440 92 840
142 110 84
229 341 670
35 228 841
228 216 392
258 309 510
292 127 467
318 396 288
416 81 367
69 3 141
221 7 370
109 97 775
8 456 558
431 259 905
104 48 196
120 19 558
285 394 559
14 323 418
148 295 389
1 11 937
121 368 97
204 70 132
401 327 201
100 88 819
292 218 957
4 80 674
300 50 313
374 384 989
222 156 797
1 21 521
224 186 415
67 132 490
83 378 633
202 348 690
260 358 785
159 87 26
72 199 263
270 88 574
248 236 385
4 206 779
376 289 421
143 66 600
143 192 521
358 427 568
258 54 951
326 14 857
132 384 586
10 371 735
305 95 757
40 205 346
165 266 929
401 413 675
341 188 835
161 302 22
109 257 363
323 392 421
70 79 156
279 371 264
199 149 367
49 454 178
41 232 684
131 293 951
3 38 495
9 405 219
423 279 308
464 386 787
36 433 25
454 467 50
141 436 976
435 312 26
356 254 392
150 129 251
2 365 801
266 340 278
156 338 421
417 18 890
4 28 434
296 101 520
162 118 905
150 375 933
432 138 470
213 108 991
252 153 539
43 285 537
381 266 184
244 173 121
66 206 772
37 88 650
207 270 365
404 359 148
440 350 575
291 459 810
223 409 541
109 300 576
14 152 682
40 325 558
386 23 357
37 269 146
199 97 321
164 46 368
298 364 419
75 118 455
338 342 968
466 259 505
187 113 351
202 445 894
159 196 167
50 116 702
20 162 369
60 75 55
109 389 923
422 460 88
270 120 142
3 460 266
125 201 730
124 420 245
173 410 232
7 367 411
68 88 738
459 394 825
63 449 881
242 228 683
180 19 109
4 103 613
162 127 434
152 305 444
132 339 76
226 21 458
214 39 178
388 414 822
239 249 761
142 423 966
335 238 885
89 30 232
240 156 254
57 230 375
388 43 821
358 45 447
264 335 9
444 39 498
165 278 526
54 372 402
394 290 69
106 38 166
277 188 126
155 386 366
295 450 168
225 23 50
237 58 478
272 185 650
215 462 230
50 266 294
105 185 907
291 173 511
411 48 299
163 137 846
142 76 836
33 48 388
425 287 433
382 35 900
348 402 77
374 457 151
199 336 590
341 86 360
423 140 73
434 102 508
320 396 45
200 49 725
223 287 868
71 297 218
428 351 357
61 84 303
354 152 81
450 243 283
283 346 427
386 284 164
324 328 680
412 297 765
241 386 676
217 75 733
189 94 823
255 191 383
167 208 870
336 229 437
402 221 553
97 21 552
218 236 633
105 169 299
64 87 627
119 357 20
221 252 165
82 191 898
96 12 264
324 434 749
377 258 209
166 353 599
364 238 90
1 33 216
68 216 792
311 55 452
291 93 54
44 451 768
416 449 776
95 234 672
17 395 616
403 84 202
102 130 738
300 440 110
239 195 968
132 252 223
115 438 232
183 100 609
382 19 576
331 301 932
127 441 938
80 77 666
345 465 834
238 80 9
91 350 754
162 440 293
372 110 91
164 420 733
162 363 341
160 292 496
145 121 858
282 85 513
13 223 174
231 302 261
374 230 446
305 342 70
272 352 603
283 91 481
360 154 848
392 289 940
343 457 985
265 407 693
96 151 120
2 24 442
275 74 398
15 29 65
427 233 60
358 441 775
422 128 972
60 55 523
443 1 452
41 7 402
18 58 370
65 100 423
44 423 672
117 333 365
70 396 459
269 48 682
68 270 922
69 34 704
273 390 687
30 106 768
406 166 881
247 200 622
167 423 198
22 387 458
151 307 60
47 294 565
190 294 241
18 452 772
109 304 626
241 284 859
450 394 863
358 292 984
323 209 989
178 229 69
142 419 461
23 424 119
444 48 934
400 245 744
113 124 186
112 151 851
23 52 573
355 172 680
155 166 757
283 281 183
455 47 897
174 400 386
1 10 706
365 270 850
60 213 215
308 232 887
317 11 582
123 320 823
38 58 264
106 361 537
206 279 152
438 430 831
101 366 258
6 104 979
354 72 126
122 44 314
189 5 669
170 196 929
364 60 443
212 238 694
272 289 21
311 151 931
186 32 636
292 455 396
380 136 473
419 152 728
455 59 322
237 369 500
333 45 467
23 459 431
369 104 348
127 235 450
311 222 242
163 422 116
53 128 604
12 295 711
10 35 477
8 308 22
201 378 64
421 162 797
127 205 843
264 314 999
330 27 59
4 86 554
224 267 768
403 147 368
406 467 336
269 221 127
431 369 164
148 150 839
188 101 915
183 44 505
399 453 426
407 292 655
408 29 287
465 357 48
89 22 465
443 459 611
432 188 985
412 333 909
378 212 66
179 269 106
20 378 48
463 46 760
188 208 349
303 71 884
263 276 423
428 266 713
287 112 616
456 298 626
414 318 827
292 329 860
210 335 360
174 328 31
207 140 104
345 338 330
439 131 729
351 30 573
185 431 603
75 21 264
107 87 207
284 407 556
422 465 624
431 388 629
172 104 817
201 452 651
42 171 437
320 192 260
312 301 607
270 440 555
249 196 933
60 6 48
401 467 712
124 33 933
45 306 417
455 290 682
347 246 765
265 436 299
83 152 586
400 186 832
40 164 950
357 255 999
36 14 221
145 140 212
197 164 465
230 247 936
263 119 623
276 387 395
395 85 683
255 233 212
288 88 316
238 106 808
388 364 796
190 45 329
141 122 73
362 401 809
138 277 213
240 16 110
274 233 764
122 408 248
281 422 500
351 402 6
374 111 83
16 202 419
317 67 150
431 245 923
276 405 672
401 423 813
101 166 942
45 433 250
335 351 673
221 93 579
59 210 202
372 307 223
255 312 252
381 415 86
368 8 711
313 349 301
82 193 110
198 109 516
28 33 580
20 413 689
137 136 520
4 452 873
223 233 839
21 46 688
331 57 920
175 156 320
116 33 40
129 266 3
227 329 602
60 285 260
6 365 652
411 364 688
394 283 509
263 367 53
77 61 533
51 41 870
127 336 687
448 345 786
146 316 241
459 415 908
457 27 421
391 228 993
264 172 500
280 352 161
9 108 583
238 246 743
216 89 560
333 162 991
392 108 218
346 38 992
300 292 777
74 314 186
404 326 915
223 197 605
312 254 148
22 141 446
36 291 980
416 437 967
414 221 130
354 395 84
88 227 942
148 206 574
64 279 478
314 80 610
452 34 437
167 171 515
10 80 420
147 58 345
35 341 990
109 61 260
368 344 928
455 253 727
348 395 723
64 205 646
22 215 380
2 257 456
425 210 531
170 16 479
93 263 380
45 339 154
172 432 752
326 260 651
196 105 33
223 19 667
270 381 861
339 141 181
139 112 443
153 170 695
418 354 224
158 170 89
108 287 723
72 113 887
93 411 429
1 170 500
186 68 298
96 318 59
130 290 255
28 100 899
295 382 776
31 187 705
438 435 769
281 315 928
206 456 174
14 455 438
78 295 628
36 388 640
234 346 784
336 414 533
425 106 71
195 440 618
130 184 445
13 112 219
139 365 675
412 6 854
438 464 519
384 176 877
444 1 371
392 131 810
19 204 348
180 234 810
385 298 779
246 287 553
340 396 463
203 409 727
255 332 368
21 144 379
89 361 339
179 16 605
134 284 501
464 308 832
149 315 972
167 164 85
76 235 865
118 292 514
409 369 59
66 101 58
332 173 341
312 463 611
431 459 60
191 93 599
11 409 836
376 287 518
264 200 933
166 1 896
379 44 107
9 48 493
171 380 808
366 276 343
396 179 115
309 393 730
17 57 395
387 235 447
180 239 928
370 9 758
452 135 401
302 79 703
215 189 718
272 97 583
176 109 734
332 163 99
413 258 876
94 119 471
356 242 786
52 390 401
113 6 776
132 112 774
442 171 565
462 90 883
370 40 224
394 50 722
67 78 961
427 3 641
387 3 111
300 47 565
22 416 932
389 277 177
359 336 324
181 84 992
337 112 881
50 77 372
387 75 420
1 135 213
192 346 22
8 12 541
161 314 111
10 37 637
334 198 994
77 304 691
102 260 93
251 106 517
345 199 522
352 265 672
53 376 231
209 463 505
95 342 402
448 267 354
326 132 657
464 218 493
70 4 586
59 355 489
50 319 794
132 32 671
91 416 649
182 269 428
420 153 842
274 161 181
88 391 433
207 240 334
300 464 758
389 173 303
364 137 125
127 402 55
149 424 267
353 293 561
2 413 572
386 377 311
6 260 925
278 230 650
345 341 105
293 223 351
223 444 766
385 88 614
33 98 649
88 181 739
396 141 577
238 343 153
320 31 410
278 240 422
272 216 319
63 350 490
235 195 917
42 221 735
1 63 727
312 244 685
80 45 690
11 262 509
225 370 627
174 417 814
1 61 336
419 336 922
216 293 996
344 351 914
162 444 333
432 250 261
110 116 297
76 218 107
437 168 297
49 57 257
383 203 121
308 109 792
383 34 6
235 151 125
83 409 664
448 92 341
159 205 967
436 76 994
155 330 81
430 402 168
203 263 806
34 280 866
296 448 228
467 448 613
150 415 261
270 456 763
134 63 851
318 331 524
446 342 56
277 294 217
389 373 722
268 231 946
211 109 445
461 257 775
380 156 783
119 414 841
157 284 705
172 293 642
115 238 804
101 171 215
431 72 352
387 458 158
92 13 607
7 300 588
128 379 370
66 357 233
383 222 372
176 188 195
314 132 233
169 239 412
149 210 64
123 450 831
102 325 993
417 165 730
321 48 508
4 10 743
252 97 230
172 267 991
63 354 154
273 119 477
2 334 127
407 63 664
220 227 41
119 81 91
326 250 472
453 252 10
438 126 20
305 379 632
467 193 847
27 195 631
257 46 740
206 358 281
74 305 800
156 396 77
106 179 450
34 327 92
126 221 282
290 319 679
263 266 131
416 381 705
45 346 112
61 68 251
122 391 6
402 373 957
139 347 780
302 249 835
217 137 939
449 360 790
350 181 338
211 235 124
115 168 778
91 72 366
222 314 689
390 456 744
293 407 151
258 279 793
68 206 34
349 249 25
234 441 763
145 210 366
244 234 770
467 362 441
267 427 712
248 242 732
214 15 611
267 7 357
184 372 868
55 351 892
303 162 229
82 163 248
24 351 837
463 253 430
276 242 175
41 342 50
302 139 541
139 394 889
368 294 381
264 414 787
339 302 956
61 107 697
48 159 7
450 160 144
459 339 22
28 330 545
218 253 932
199 341 131
342 118 278
169 162 627
76 333 655
360 9 499
289 188 226
171 195 653
31 319 892
336 101 69
427 106 984
249 49 26
229 59 659
96 322 621
121 326 240
209 63 107
56 226 106
326 159 505
155 384 42
97 237 962
136 58 899
348 369 626
309 312 461
126 314 505
374 15 418
66 77 972
148 309 651
324 215 439
293 286 567
277 397 317
285 314 343
74 245 896
226 25 456
23 242 282
379 84 302
32 330 200
159 287 764
338 294 391
170 242 778
43 85 637
65 180 38
132 225 291
12 389 477
223 232 654
49 1 726
68 84 776
65 321 99
109 285 386
404 415 214
165 184 797
158 262 957
379 270 923
280 274 665
181 239 83
220 31 714
6 310 212
344 49 919
428 95 557
305 361 773
16 201 20
435 392 250
78 434 188
443 89 351
312 308 835
102 257 263
40 278 434
156 333 762
387 250 150
351 205 698
405 373 944
453 419 944
283 264 990
145 407 440
332 448 664
301 453 766
450 207 135
75 385 499
40 21 8
244 69 135
4 192 910
40 48 261
81 300 252
310 168 447
219 422 966
205 323 765
426 185 800
467 149 402
59 114 949
165 82 317
219 247 491
416 124 726
71 24 476
291 413 200
352 419 585
437 104 814
27 82 310
80 366 765
219 342 607
107 150 850
62 347 145
174 161 700
56 139 680
126 163 407
39 343 915
193 392 733
148 291 528
191 430 85
314 320 22
424 383 574
101 397 785
118 168 194
180 354 392
406 57 359
164 200 780
436 438 33
244 419 776
147 226 393
407 435 443
373 400 787
88 8 185
102 14 453
173 376 503
93 238 570
245 77 876
72 248 462
428 421 617
218 196 656
439 6 797
178 52 778
444 56 600
375 283 416
8 254 887
58 293 917
286 280 403
39 178 5
94 274 150
222 221 961
20 208 4
180 430 323
215 344 897
80 85 449
449 82 857
356 227 278
214 51 74
213 371 30
92 80 71
399 76 894
2 50 70
160 175 651
16 60 955
55 429 284
407 282 922
310 33 573
271 411 104
59 238 24
280 369 318
395 443 989
152 191 674
140 286 958
34 287 305
128 2 525
385 422 995
129 259 967
33 432 107
291 76 405
9 395 198
464 27 732
285 7 960
323 263 573
148 144 992
204 460 24
448 180 376
435 374 532
294 100 254
351 171 544
13 81 732
325 407 198
204 423 597
179 118 863
395 109 594
202 427 547
212 150 562
302 226 466
72 74 692
244 116 329
333 305 587
147 54 460
392 400 933
62 451 643
467 456 426
220 52 956
229 421 376
223 264 634
65 446 154
448 56 665
364 196 568
268 93 125
317 99 432
46 381 739
273 289 144
340 380 425
338 137 175
121 310 390
419 328 104
4 303 134
465 101 287
57 118 309
409 192 670
382 203 196
47 127 612
350 31 432
412 381 128
94 264 995
169 274 772
446 200 62
112 283 559
265 196 781
308 74 25
217 118 908
1 22 881
97 187 187
443 333 826
8 352 43
107 277 80
68 160 143
12 181 221
395 258 328
345 415 64
188 11 945
323 7 752
382 462 332
253 169 31
169 197 780
127 183 19
168 176 278
247 295 758
43 281 476
237 372 550
418 407 43
190 289 728
243 231 762
151 453 150
141 112 746
359 234 480
171 161 817
161 321 372
411 354 956
155 279 119
255 41 393
280 174 273
295 278 54
391 4 356
242 409 296
154 324 108
97 121 768
311 440 20
377 108 491
316 431 121
395 406 431
124 275 421
152 7 637
459 187 88
177 315 975
429 61 481
75 292 305
212 80 768
462 237 204
460 462 47
69 334 683
344 41 917
332 257 373
107 17 272
264 426 42
250 418 26
291 388 609
378 252 493
308 106 738
105 290 433
417 381 190
235 339 496
76 108 37
453 126 967
32 118 239
363 249 581
136 463 546
252 451 787
191 458 837
310 455 331
81 129 528
178 87 560
1 59 106
95 75 495
240 23 883
453 455 649
168 90 287
21 54 887
144 410 74
142 150 448
49 298 336
450 81 709
127 291 785
48 62 544
193 118 83
211 37 202
191 437 587
140 352 838
174 28 480
425 314 38
269 319 392
13 461 305
230 371 962
356 448 349
32 367 990
422 149 524
398 333 462
236 3 811
247 465 422
189 177 658
366 179 110
66 320 677
64 104 507
83 267 26
456 209 140
6 368 174
198 125 268
283 286 927
402 437 44
182 170 172
286 205 569
467 319 868
381 394 501
421 116 516
320 165 721
48 116 866
238 1 112
456 56 950
213 457 353
385 396 964
153 179 475
173 286 19
26 140 319
304 255 620
192 85 624
131 457 867
54 158 936
179 300 142
160 65 378
467 242 333
94 427 316
144 315 799
451 165 606
141 57 255
194 383 88
239 327 788
315 161 976
194 458 378
130 76 285
60 301 694
128 116 178
277 238 790
28 287 677
57 391 617
427 228 182
431 295 270
400 329 335
297 299 604
298 63 557
345 46 478
13 176 704
100 408 562
251 440 365
272 446 371
250 459 963
458 104 291
342 361 688
287 341 769
225 466 966
85 262 801
222 131 296
125 423 464
446 338 525
359 428 569
223 319 499
433 121 793
204 300 339
284 435 896
24 26 715
199 4 57
357 54 332
92 432 6
430 231 776
25 102 726
283 145 690
416 388 64
261 38 518
389 339 804
376 61 377
402 142 754
382 235 668
132 154 279
434 252 410
357 216 574
110 73 578
205 169 60
345 239 677
462 85 514
391 93 820
389 171 306
422 171 575
303 183 263
279 345 185
435 7 554
55 348 251
446 189 608
396 101 120
8 86 549
258 133 732
407 434 180
430 172 112
6 335 192
369 94 715
114 125 196
437 442 83
227 44 498
76 26 308
190 409 363
199 186 304
66 449 982
201 134 503
99 371 599
84 151 856
336 276 377
310 83 647
439 140 722
136 159 199
312 56 82
372 174 718
194 83 763
85 438 841
76 177 261
397 31 666
157 282 69
447 42 668
316 100 982
406 445 605
33 53 837
50 208 954
280 66 315
365 46 146
334 116 255
196 136 579
282 344 797
201 142 644
1 404 881
143 418 501
92 300 153
145 275 637
261 380 445
25 425 991
408 115 700
85 453 276
125 174 700
304 51 685
105 216 328
388 381 997
291 254 509
152 133 968
364 61 468
182 248 252
145 160 797
385 336 731
119 207 949
404 409 549
283 47 542
126 246 24
261 45 160
302 415 602
226 177 458
313 346 644
324 349 412
254 158 867
271 143 512
265 80 186
108 242 916
439 399 236
260 442 960
131 189 585
274 28 271
441 190 189
319 225 24
29 275 687
457 70 885
111 210 165
70 98 899
281 289 874
375 243 221
418 124 449
72 325 219
432 12 281
42 1 276
322 152 348
267 10 652
309 456 625
452 426 213
180 120 937
410 346 789
190 208 189
382 358 530
201 321 165
275 365 955
126 326 990
82 145 692
82 244 586
404 315 128
256 438 657
265 386 624
186 66 517
211 457 610
404 156 48
130 250 962
168 12 882
385 215 597
218 111 156
235 9 496
254 408 546
262 243 322
340 195 303
170 31 672
2 48 397
454 36 917
390 164 193
113 361 598
63 335 983
370 427 650
444 353 813
87 1 430
18 391 953
154 184 694
160 105 754
104 124 566
81 368 121
291 335 92
447 66 947
408 95 540
222 162 402
357 287 59
141 43 373
442 47 27
258 178 415
418 255 293
453 7 761
83 95 869
321 416 40
365 334 439
314 331 818
75 6 522
54 89 699
41 313 374
68 104 4
163 369 833
264 64 644
94 148 452
225 386 411
63 439 555
308 322 40
4 450 390
311 41 745
127 223 507
16 312 124
159 367 926
140 125 969
1 163 774
32 74 206
84 343 917
23 45 627
438 420 870
162 458 818
109 250 42
284 153 372
217 43 265
361 452 767
455 162 749
149 8 749
318 179 164
393 282 395
353 378 609
453 423 749
439 52 983
57 107 813
32 253 740
7 218 167
55 462 382
19 367 394
403 404 451
386 157 301
41 360 302
223 157 309
420 107 756
463 366 22
110 240 883
157 402 384
315 57 931
446 350 738
332 130 689
12 90 60
430 118 755
50 330 297
125 30 130
452 323 744
252 257 597
8 74 347
150 167 505
262 340 314
130 195 2
168 23 194
269 432 552
145 195 83
143 45 945
276 293 683
115 391 932
430 126 982
222 346 391
295 159 138
150 367 534
49 462 264
50 264 323
317 446 886
437 270 24
38 332 485
264 454 909
119 52 406
95 441 529
238 69 72
309 307 941
166 227 621
190 282 880
6 369 231
323 386 217
179 116 381
64 290 297
324 202 499
413 347 22
193 13 648
466 164 949
228 1 707
266 255 355
457 37 433
147 457 268
116 34 647
303 193 69
284 280 8
368 363 452
307 43 206
50 437 574
259 217 418
282 77 31
237 77 271
41 225 259
85 239 842
158 46 935
207 383 171
400 385 295
351 271 812
228 160 945
99 204 937
404 424 966
111 180 836
387 145 945
122 384 172
246 87 192
464 57 461
384 441 880
250 357 803
170 344 400
390 309 281
393 390 828
154 415 500
273 8 393
144 142 962
134 18 80
195 219 36
43 275 380
188 379 769
71 130 657
429 319 390
347 39 820
305 103 668
49 63 148
441 284 843
43 347 231
458 58 505
193 43 285
218 246 873
57 166 640
100 51 313
430 162 164
214 283 128
454 324 798
193 362 256
76 206 514
32 333 242
282 94 850
247 114 271
147 385 920
454 303 787
90 98 592
224 88 909
349 186 405
361 183 153
41 137 983
416 161 430
278 106 284
359 433 608
417 317 64
167 92 667
3 91 694
281 137 349
236 1 941
179 329 700
396 118 691
139 80 811
8 296 993
172 61 865
332 42 350
178 372 7
203 93 950
75 31 138
181 355 749
209 183 207
38 66 11
13 44 411
82 419 250
51 438 707
226 124 645
174 355 706
267 368 987
435 299 986
140 146 244
389 36 850
147 77 974
84 81 35
48 196 273
318 146 646
265 162 712
106 197 123
119 62 83
167 134 61
167 378 738
68 443 801
367 315 30
208 400 486
10 449 996
63 375 413
325 232 78
294 56 569
403 2 442
450 22 893
221 329 514
453 406 672
307 116 796
373 144 138
66 347 959
59 249 485
370 199 843
376 227 740
122 15 309
335 252 813
153 360 186
91 316 342
377 333 779
129 440 79
1 239 861
212 216 418
210 294 692
146 310 571
43 167 722
328 241 749
454 199 182
368 429 965
162 145 999
447 290 372
348 213 462
365 241 154
397 366 933
77 191 296
203 242 803
326 402 918
100 318 901
312 177 757
210 37 902
129 248 456
261 464 931
295 181 291
183 25 779
124 121 322
231 384 19
154 312 418
77 392 859
250 331 800
69 106 149
176 84 202
237 408 404
156 30 227
99 117 422
388 403 484
383 421 949
292 311 325
347 201 208
210 354 62
256 466 890
396 316 47
347 92 716
308 435 592
114 307 891
261 351 987
18 161 901
58 316 510
383 277 263
58 89 874
280 362 99
376 144 733
109 276 964
434 146 187
171 455 310
317 61 446
153 314 388
10 454 420
465 139 532
337 338 727
81 167 590
413 61 26
140 37 42
210 285 320
312 109 107
295 172 582
437 381 45
51 428 318
428 417 37
249 102 184
78 161 591
271 263 41
117 75 512
331 410 636
4 124 160
228 18 900
63 160 255
22 139 424
262 354 831
269 282 511
11 13 338
194 102 51
401 201 440
155 351 861
464 51 833
154 314 720
269 234 624
9 381 785
437 241 484
430 348 932
465 454 169
460 465 557
373 152 79
382 76 11
90 332 562
349 25 858
430 366 657
454 321 86
93 345 150
433 336 913
240 35 227
227 237 581
384 354 827
131 401 75
405 401 139
375 264 713
44 140 632
46 159 639
18 146 771
346 352 62
125 75 185
54 251 164
56 368 687
158 459 721
451 423 359
162 296 84
352 337 922
156 377 64
429 317 92
3 75 899
118 434 548
456 415 671
19 431 748
43 279 706
265 26 185
247 329 427
317 319 936
342 427 381
130 166 603
58 420 341
396 6 187
411 206 167
84 52 75
21 44 102
263 413 402
151 308 955
71 253 641
253 21 917
319 333 466
74 313 60
242 452 940
224 234 652
235 358 957
274 333 738
64 80 751
50 352 811
82 59 322
334 40 257
67 339 924
334 76 386
461 197 464
312 252 783
417 359 839
2 5 102
32 162 116
353 448 876
131 463 48
355 429 106
262 317 923
208 108 863
22 272 277
134 315 601
335 429 638
325 162 885
28 61 414
192 308 492
82 138 331
265 142 882
19 75 670
112 35 544
364 130 27
424 281 320
305 42 541
366 336 103
307 10 670
155 428 910
396 140 751
377 37 907
416 203 826
33 37 136
149 190 817
313 116 7
165 379 24
263 167 841
351 78 400
35 346 350
197 326 155
429 411 678
48 141 90
436 375 33
402 139 815
3 369 683
219 127 791
311 208 780
347 48 15
194 262 778
165 256 362
404 240 652
389 85 163
94 175 462
268 272 658
435 390 545
336 108 710
212 241 480
15 69 635
382 39 481
295 67 382
436 218 761
8 225 690
7 416 249
409 344 400
243 42 386
90 236 858
280 261 408
16 266 586
331 156 882
8 166 55
325 196 193
144 276 776
214 104 627
247 63 11
200 330 353
377 298 431
332 303 626
351 355 39
62 300 446
402 207 863
452 255 464
424 16 317
89 261 640
361 418 978
338 19 705
40 58 819
334 6 527
286 184 942
122 195 511
238 95 567
103 292 4
17 194 679
367 191 781
211 423 354
439 417 732
373 460 603
282 139 577
192 174 584
36 459 222
49 186 494
118 30 120
74 226 409
80 383 69
404 196 921
318 63 145
345 384 797
242 35 363
9 424 126
382 66 883
397 351 697
466 132 823
205 461 757
262 249 467
332 174 957
227 173 667
381 223 385
4 336 31
378 282 149
49 269 755
169 228 181
65 206 287
207 145 961
402 169 52
396 298 679
55 374 863
73 264 307
122 88 912
151 271 27
97 195 186
57 188 815
109 462 242
350 357 624
218 427 177
84 369 847
216 106 67
94 283 565
439 199 561
223 80 712
138 235 519
438 223 782
102 1 53
79 430 220
114 260 794
175 317 304
390 340 216
269 229 242
409 442 103
243 249 528
100 184 264
180 396 424
5 20 149
246 137 918
36 330 589
117 145 721
357 238 157
46 326 33
113 373 310
303 335 897
2 116 995
128 420 294
374 156 597
264 340 652
80 11 414
296 314 384
229 391 81
192 134 537
425 173 938
164 134 712
330 411 110
278 37 302
292 438 433
425 115 816
166 65 140
403 365 846
447 199 895
362 24 142
305 233 48
105 144 414
12 349 475
243 110 78
76 384 634
404 344 203
140 67 285
233 446 672
240 123 106
415 256 35
274 152 9
375 70 921
434 145 827
10 274 252
66 197 849
159 294 57
313 232 98
5 255 477
181 371 843
9 3 713
148 186 265
102 182 427
319 95 85
302 40 398
413 445 931
46 408 395
121 460 872
440 48 174
91 262 554
339 411 594
1 311 319
180 250 940
221 285 205
398 225 996
241 243 463
248 362 241
7 97 779
371 358 824
258 57 396
406 372 995
428 383 432
464 262 371
322 184 455
66 389 56
344 262 530
210 434 280
156 197 995
1 60 2
79 252 885
335 289 954
87 218 788
122 78 81
56 375 569
290 320 246
131 370 569
285 408 693
168 89 73
76 72 99
240 260 761
410 191 333
38 54 112
297 227 264
51 131 918
103 151 398
232 337 836
218 41 791
34 59 907
35 20 751
212 62 741
174 436 408
407 157 371
95 186 472
28 451 66
67 416 478
124 283 495
33 459 680
144 266 937
230 443 674
462 361 610
217 431 844
272 302 61
390 269 26
364 195 666
338 165 488
297 36 240
412 457 507
25 173 108
120 179 693
96 175 489
70 25 804
176 221 180
370 209 303
199 361 37
70 52 437
333 4 196
336 309 248
49 135 995
191 207 885
152 432 799
180 398 876
355 403 971
423 150 856
27 371 754
38 172 716
100 149 416
175 23 386
176 99 289
414 344 569
12 455 974
339 37 905
434 394 529
107 35 331
125 220 632
109 445 921
331 340 49
207 250 468
377 259 930
91 402 501
131 209 74
57 28 530
76 464 38
85 346 181
385 360 366
167 388 624
447 55 958
282 148 476
413 193 316
449 307 254
272 414 644
337 247 644
442 323 292
21 374 414
166 191 324
114 173 851
34 46 748
25 247 374
367 35 793
439 235 408
135 280 151
273 207 28
356 302 975
147 29 226
33 274 243
317 312 241
267 252 513
413 102 144
198 6 666
63 45 84
377 296 698
25 299 301
32 48 497
44 389 364
294 404 487
351 195 183
345 20 710
25 312 368
389 283 910
290 68 525
44 394 98
177 446 208
92 361 651
159 199 716
94 89 692
165 441 694
217 403 62
92 427 858
295 342 210
257 204 121
314 242 418
167 358 136
111 319 553
160 34 894
12 14 676
228 295 671
368 275 898
243 393 384
149 109 525
116 7 485
200 29 402
106 24 931
71 74 10
111 208 763
277 217 64
83 390 389
380 371 506
332 281 43
438 46 763
148 445 137
185 169 335
120 253 508
306 251 14
1 79 938
1 31 788
298 371 30
34 112 462
14 241 577
428 341 852
100 165 121
279 106 653
387 198 667
49 32 415
298 382 445
350 154 121
256 297 536
388 391 224
348 249 56
251 26 297
382 70 602
221 265 395
78 223 13
402 51 298
16 269 135
131 19 736
122 233 522
357 406 115
182 313 829
169 463 676
178 462 276
82 271 230
457 127 65
92 267 81
304 185 132
356 274 198
203 369 299
299 401 736
361 212 797
87 365 221
144 264 454
154 252 771
343 261 668
395 289 249
410 421 751
313 43 815
187 268 489
270 419 640
354 32 854
377 142 169
318 42 978
410 139 899
371 439 765
94 327 756
21 67 78
263 336 552
101 7 354
322 36 154
287 461 996
83 35 649
115 441 937
151 249 479
441 251 679
373 24 972
379 371 818
124 390 402
285 260 884
374 205 436
415 174 179
51 7 82
286 448 506
157 251 745
229 172 249
6 222 297
344 120 306
422 259 823
28 230 144
19 28 557
394 218 707
205 253 47
82 321 279
391 209 469
196 252 815
315 18 821
62 176 779
316 412 147
400 387 313
194 153 517
359 73 776
116 90 948
99 397 383
79 41 321
316 362 2
414 39 308
238 312 328
427 417 7
376 79 592
329 23 958
37 18 34
413 333 171
56 433 497
56 104 317
424 446 932
184 113 966
111 273 416
214 334 319
91 341 624
166 173 859
425 75 647
96 382 485
262 168 815
97 138 441
208 451 771
80 304 486
317 186 727
279 65 833
440 117 578
340 315 13
34 354 631
321 296 704
393 245 122
32 148 209
80 96 662
360 325 442
347 240 340
150 299 459
453 189 583
139 121 509
66 102 115
82 326 817
379 356 631
320 191 504
5 6 205
466 250 840
93 144 128
130 384 973
147 190 941
133 67 130
365 453 992
156 188 494
336 78 94
148 305 348
403 239 813
19 29 72
74 75 826
160 32 991
40 43 655
300 60 363
57 385 127
132 158 707
292 441 226
138 334 778
68 353 642
245 44 431
193 433 595
228 318 979
371 110 300
459 317 136
281 432 82
406 83 809
286 316 645
20 401 450
83 385 506
411 414 191
403 368 283
70 380 956
296 376 430
169 434 9
164 56 340
93 272 428
164 331 563
230 80 525
78 462 350
142 280 803
377 232 982
141 53 349
148 238 468
77 438 160
163 247 319
322 408 497
354 131 425
344 402 486
32 67 575
271 447 563
467 59 120
347 375 519
199 89 725
366 24 554
170 262 263
278 352 448
378 243 749
187 193 393
380 441 974
379 325 738
84 406 273
238 323 643
264 159 745
332 445 876
298 59 453
147 79 474
214 25 662
347 41 320
403 359 269
331 213 402
154 102 310
226 15 414
198 358 884
16 333 838
232 316 252
415 259 575
410 270 224
395 126 973
219 116 500
220 283 514
209 72 435
335 343 37
78 91 868
77 167 781
312 222 373
210 188 448
369 403 639
130 343 412
449 377 784
395 319 904
206 199 423
434 215 965
328 428 325
276 126 931
22 47 635
434 205 718
125 399 96
396 234 927
448 330 486
329 223 317
266 309 825
354 132 234
179 350 901
189 193 648
331 326 361
420 378 258
325 116 266
127 243 225
179 267 654
315 430 190
92 32 411
155 66 863
236 55 844
217 145 334
69 134 732
66 237 931
311 74 646
220 18 595
275 274 872
263 290 948
404 217 671
4 179 140
440 36 845
428 456 823
65 165 836
276 117 777
421 431 28
43 204 506
304 74 538
308 13 80
379 129 922
179 360 338
397 299 724
384 410 784
261 130 82
46 432 882
39 80 538
176 206 487
265 129 129
193 418 504
435 440 674
51 454 199
271 15 250
3 414 509
156 89 121
259 345 748
138 296 88
137 422 92
248 162 430
394 237 590
344 246 435
91 63 886
167 69 176
246 232 58
127 362 623
210 195 410
275 305 764
100 394 565
289 78 31
140 389 169
285 46 238
241 462 803
464 3 612
236 268 708
172 147 245
118 374 472
387 465 841
415 182 396
61 121 820
205 359 559
231 260 989
220 423 213
20 387 131
287 397 711
9 192 138
9 70 336
277 105 867
324 388 723
48 262 844
349 107 791
242 352 391
277 189 679
234 325 834
7 113 961
229 281 344
394 117 769
315 233 672
93 381 231
235 441 846
30 375 330
315 116 781
414 1 543
321 43 939
273 412 121
244 218 730
128 105 157
339 99 446
83 59 375
55 190 201
398 143 378
168 79 893
465 145 663
212 456 527
177 28 560
255 165 654
164 43 91
239 272 231
185 326 132
1 114 965
425 52 866
292 55 438
441 44 961
31 377 977
432 297 766
111 243 604
67 193 813
209 233 503
359 324 540
65 204 441
362 190 195
121 214 601
412 147 767
343 326 449
399 140 372
222 75 662
359 312 215
361 262 980
245 62 821
279 369 164
80 417 225
304 459 212
385 211 923
134 153 727
37 117 145
35 4 957
24 449 158
455 368 653
333 423 360
186 45 711
334 213 592
153 223 577
94 252 935
314 137 840
424 394 943
366 302 420
161 167 414
443 32 314
89 317 989
358 122 262
4 127 796
222 33 905
463 457 619
205 231 328
6 184 225
9 76 234
413 247 303
187 361 712
157 213 425
426 143 597
10 435 245
316 153 21
450 459 412
114 288 958
367 40 31
261 291 571
150 347 508
34 44 21
429 82 27
27 210 317
233 261 196
280 297 797
13 63 320
278 302 149
176 82 847
445 186 551
35 224 483
38 13 729
124 145 839
114 33 563
312 72 942
452 193 510
452 246 117
44 190 575
257 171 227
92 86 109
34 349 711
464 155 368
116 153 892
294 316 674
34 63 245
444 209 349
53 146 377
174 227 417
303 213 981
116 410 553
224 242 608
326 228 954
151 161 409
320 92 994
323 216 593
288 431 618
206 145 934
338 41 733
33 178 822
109 92 406
241 308 674
140 247 605
125 191 734
231 429 697
364 258 914
131 286 979
428 9 33
65 72 418
339 124 240
178 279 490
23 143 147
168 410 806
188 217 886
304 462 115
376 152 599
