475 7219 449
41 99 385
341 338 197
148 31 832
129 282 115
463 16 15
131 31 647
253 290 507
366 200 893
443 97 637
191 271 799
104 298 315
260 11 709
191 65 368
380 163 369
281 273 426
54 14 601
469 150 947
128 386 76
209 375 352
134 263 531
120 151 499
294 176 5
106 47 981
96 220 896
230 442 140
366 111 385
255 24 376
308 401 770
226 221 371
94 170 61
443 301 472
432 470 426
91 419 627
272 198 450
221 126 343
326 178 168
25 309 919
131 367 253
373 358 188
241 268 998
301 143 956
396 58 709
103 142 692
452 300 149
391 336 661
65 24 671
438 344 926
470 256 24
182 16 487
321 207 288
46 94 427
61 111 567
419 351 437
41 445 565
173 301 633
42 379 588
298 106 194
119 379 597
210 306 318
286 146 94
345 40 273
426 394 748
412 140 178
307 269 135
335 445 591
31 311 555
101 291 243
115 195 215
221 76 370
51 141 642
258 345 246
450 311 787
298 148 780
120 463 433
309 176 635
305 276 864
321 445 215
379 323 927
406 128 355
313 7 287
474 393 630
267 176 333
64 94 73
244 169 672
435 298 821
304 385 836
391 124 4
226 460 565
88 187 76
81 93 281
224 456 981
284 280 851
409 33 89
331 311 56
416 156 941
400 109 928
24 282 547
410 383 951
381 312 467
217 129 694
201 181 299
338 236 272
316 195 559
299 245 875
251 406 512
58 224 12
205 174 275
86 56 708
79 456 719
156 222 321
337 421 411
292 406 543
306 228 162
4 233 103
6 360 868
346 51 362
400 63 347
17 147 979
176 413 862
360 94 770
248 272 205
453 156 428
104 26 638
91 357 473
325 194 773
250 301 371
50 331 849
245 236 787
96 158 797
1 219 981
141 168 235
244 23 202
25 295 167
459 19 8
221 203 786
173 113 534
97 80 588
315 418 390
54 451 25
381 149 692
401 353 392
350 359 443
100 238 576
344 246 603
31 121 901
166 221 394
381 239 671
153 316 313
254 132 243
293 180 561
371 336 757
404 256 803
41 423 32
233 376 938
228 116 843
242 79 548
304 306 811
181 69 486
96 109 773
186 146 352
101 221 675
417 276 896
171 111 46
430 250 491
159 251 969
60 76 117
371 116 369
83 404 692
452 415 473
196 304 420
296 406 580
176 123 981
181 385 986
292 61 289
86 211 109
28 76 934
303 111 696
310 41 910
101 471 622
129 351 354
90 286 269
126 343 555
221 309 20
11 257 920
384 51 38
276 424 615
272 111 430
196 72 820
221 243 219
271 137 601
346 101 363
161 426 917
433 458 545
202 21 853
395 245 680
394 248 469
236 344 228
286 211 277
81 171 529
445 191 934
13 464 666
336 312 860
209 283 916
104 381 899
413 270 783
70 407 261
181 304 53
179 223 659
238 184 427
295 323 261
303 6 141
396 329 472
231 106 713
10 401 339
264 135 764
306 263 33
321 385 736
375 451 171
139 266 517
313 101 190
301 38 546
16 197 321
157 426 54
411 402 435
5 60 802
370 81 914
178 418 198
201 270 200
81 142 1
166 222 570
466 409 269
314 198 499
61 343 693
346 186 373
109 271 290
61 138 924
16 51 597
436 444 169
231 325 231
390 255 559
376 159 6
171 232 962
452 233 932
176 316 810
466 227 399
325 131 700
103 431 883
279 456 712
172 31 670
80 216 223
454 437 500
364 371 716
41 207 871
225 76 658
406 18 58
121 91 512
71 305 875
39 343 48
282 244 944
419 96 907
51 246 874
58 309 484
12 55 373
361 366 284
84 324 116
305 382 531
322 133 240
13 268 691
216 298 773
13 139 228
324 288 248
369 381 68
473 451 374
45 352 436
40 19 977
284 148 667
279 221 678
71 456 829
183 245 52
353 226 181
469 171 417
329 69 294
329 460 60
126 77 609
455 96 805
1 264 31
318 6 372
243 242 413
21 276 220
130 399 131
271 106 542
356 81 966
50 51 967
401 408 915
181 191 408
146 23 844
105 145 525
361 291 811
107 127 586
326 461 991
336 366 188
155 301 58
58 451 490
417 423 278
216 209 507
467 19 10
141 278 542
132 51 498
6 332 435
365 351 323
327 153 727
26 46 320
328 324 581
281 391 815
60 304 155
82 259 240
305 235 489
391 210 264
310 311 773
370 71 58
251 433 329
346 336 943
471 292 898
161 391 910
286 119 929
21 162 162
121 258 720
288 54 385
379 1 542
304 282 595
20 202 429
125 254 772
470 344 247
54 410 689
17 21 125
360 432 939
77 29 408
288 205 920
6 116 173
296 290 915
438 91 84
58 357 188
121 177 146
198 292 668
217 473 803
20 400 121
223 331 28
63 125 134
161 194 596
96 438 587
267 153 816
449 141 24
206 473 720
156 251 173
238 457 198
405 426 429
467 61 941
75 465 934
111 369 438
307 450 775
225 250 822
204 339 172
468 295 150
441 391 137
20 457 891
286 101 552
265 454 101
441 234 455
154 196 115
301 263 306
358 56 697
11 54 686
393 148 574
115 431 833
374 299 327
118 432 418
261 305 749
286 305 456
251 221 201
404 381 973
221 47 332
122 286 638
461 391 843
412 142 542
142 266 947
301 122 415
459 405 910
461 436 369
161 86 715
124 364 343
151 225 470
121 158 535
71 311 49
397 225 739
182 58 414
319 11 347
290 194 589
110 62 489
210 97 147
41 254 885
286 6 695
269 361 216
135 428 223
241 381 734
71 139 380
281 114 74
115 361 71
141 79 420
194 7 122
132 226 968
87 26 478
218 418 596
216 301 431
26 419 461
270 85 974
445 262 502
391 266 592
216 82 169
111 327 784
9 268 733
1 6 494
421 391 910
233 76 508
458 142 843
239 441 938
199 77 397
278 401 164
100 357 818
381 33 343
197 376 746
49 191 774
231 464 948
40 104 247
437 342 603
39 270 140
16 341 141
245 196 513
276 97 136
419 418 959
306 425 180
210 289 653
289 18 711
249 426 945
472 46 995
76 420 160
36 222 503
465 468 109
392 120 449
230 71 270
434 257 841
330 261 851
139 186 679
67 426 53
325 70 561
117 176 24
304 387 533
423 38 238
46 163 153
321 157 626
437 294 122
11 416 685
343 198 976
421 426 275
93 122 17
136 135 900
401 186 326
449 284 120
26 377 142
296 316 512
285 31 647
166 456 353
412 276 860
83 452 104
406 162 647
260 262 968
82 431 323
401 360 318
45 356 622
233 41 932
415 176 584
70 32 627
71 107 744
264 328 421
144 390 521
175 111 698
196 401 628
7 26 270
259 291 96
92 402 727
95 282 924
252 360 308
203 375 988
232 292 678
383 324 236
299 352 724
119 308 121
456 286 818
241 344 151
367 121 116
371 229 130
440 206 450
406 379 642
36 465 397
92 419 279
23 341 271
268 211 644
76 257 194
236 92 886
163 271 233
136 375 78
404 356 907
351 448 766
323 235 340
113 119 97
14 188 88
207 351 730
15 11 266
468 256 850
217 332 281
30 381 677
461 268 215
294 142 528
26 266 998
442 51 301
247 53 919
39 95 993
207 276 974
447 146 947
306 161 191
205 247 751
84 251 360
10 149 655
451 430 928
1 151 563
451 166 16
134 166 912
467 310 977
109 347 475
321 11 552
229 449 147
96 282 767
256 111 541
381 343 279
87 338 508
368 419 117
473 210 26
3 239 726
76 79 934
321 279 126
248 112 370
166 251 873
184 437 81
376 157 542
80 189 693
285 400 766
116 109 102
359 260 532
233 324 118
367 46 663
242 276 835
288 128 244
390 245 704
205 244 369
34 241 421
242 96 82
221 329 258
169 9 917
463 357 889
128 312 81
402 290 820
20 243 254
277 38 726
54 88 311
296 416 84
86 376 76
172 7 979
108 180 698
130 86 561
56 401 491
164 361 916
307 426 177
45 464 741
121 25 642
276 227 767
350 426 581
9 33 52
321 371 961
317 214 589
191 403 175
51 180 888
361 186 206
32 450 784
339 469 232
132 90 494
41 49 937
291 182 292
299 368 575
232 11 982
11 469 587
146 369 999
1 121 469
73 236 265
111 119 789
145 226 398
191 20 788
423 248 189
300 36 104
446 379 8
381 46 853
451 86 641
58 324 819
73 336 616
334 362 850
204 26 920
96 264 967
39 170 850
246 23 236
66 60 144
15 50 217
108 267 116
437 168 37
39 216 987
168 182 804
266 366 450
115 274 442
193 416 512
316 191 143
69 177 283
63 10 606
216 256 394
89 1 295
372 166 685
25 31 62
355 283 303
57 375 931
345 392 95
442 472 653
426 117 742
54 110 953
397 247 76
404 6 384
279 13 110
77 433 429
260 449 130
305 430 107
126 190 269
44 40 8
374 391 101
362 322 442
65 133 414
376 210 447
407 401 193
314 284 839
306 331 505
216 273 434
291 41 142
64 307 191
436 404 56
205 270 344
183 77 569
296 391 901
260 166 561
166 10 91
158 433 46
283 396 809
153 224 332
446 223 735
410 469 905
189 226 891
223 151 37
9 269 993
6 392 321
399 340 125
216 100 717
426 91 320
471 52 709
226 140 442
131 77 560
354 329 704
81 307 949
161 125 164
432 448 215
404 226 845
346 473 485
28 126 830
217 244 939
87 77 859
417 21 828
139 231 827
34 310 329
17 122 182
126 271 481
94 407 719
410 396 956
402 120 806
397 409 840
68 96 693
460 177 657
353 359 534
151 85 73
411 284 20
125 229 773
463 326 376
6 312 541
71 83 940
317 107 120
262 402 772
158 254 763
215 389 879
73 172 967
5 52 779
344 361 478
87 311 400
230 46 805
242 468 887
330 240 816
1 2 795
343 130 191
336 89 621
205 51 131
151 421 732
1 128 440
52 6 576
457 322 506
103 383 852
12 184 459
301 221 53
176 179 477
111 131 726
451 6 490
308 72 946
472 4 999
151 387 86
198 267 56
385 364 35
111 83 185
368 347 725
391 379 881
159 81 347
18 30 856
155 10 975
316 161 73
466 306 734
28 440 428
210 440 178
299 75 348
13 261 330
124 294 164
4 368 46
316 14 570
181 452 43
272 50 330
326 312 316
294 210 405
471 266 730
85 215 285
362 54 619
151 426 354
229 123 225
3 7 27
371 449 952
182 66 947
42 394 868
63 386 240
186 396 670
282 122 397
189 332 683
185 212 361
475 80 406
217 285 469
297 256 888
75 112 709
171 343 815
128 385 868
206 296 855
161 371 197
101 384 559
83 101 914
26 442 213
10 109 664
24 86 428
240 204 791
96 263 230
438 68 362
268 101 22
273 284 147
124 329 127
436 4 618
463 126 875
313 285 333
162 104 498
43 434 215
363 452 447
98 422 53
416 1 479
16 143 509
231 474 882
212 231 715
426 158 817
420 395 834
221 187 943
122 90 259
196 286 519
249 58 199
344 109 20
57 404 744
363 388 206
332 248 836
88 416 632
176 246 480
234 271 855
394 365 608
15 250 318
116 201 975
101 2 67
251 192 818
47 15 324
286 346 494
444 456 532
424 366 461
291 126 4
436 209 495
386 181 828
400 191 421
301 368 318
56 231 738
367 305 239
190 419 676
426 107 365
311 50 335
186 318 713
465 392 23
2 216 324
302 52 533
473 351 647
182 272 360
171 191 738
366 238 504
421 56 636
134 433 56
442 283 522
186 226 929
89 344 857
405 461 442
166 108 623
77 352 650
85 371 223
392 80 947
242 102 728
217 96 180
406 324 990
304 452 925
108 190 919
181 226 343
17 84 953
111 1 684
180 196 702
93 266 837
262 1 890
1 26 767
280 262 290
181 105 987
38 281 428
431 412 6
29 276 571
98 201 479
52 185 956
289 337 381
85 22 650
27 431 355
318 351 772
245 410 222
419 121 380
381 51 51
134 162 101
266 400 771
269 137 782
354 151 750
39 55 145
77 209 654
23 30 768
86 276 846
166 212 831
206 234 278
181 471 69
14 279 788
116 437 390
205 460 696
189 401 769
36 470 93
210 185 455
131 448 962
58 286 362
362 105 808
238 76 802
20 100 513
46 467 735
37 39 190
68 397 417
367 178 609
441 70 969
176 93 911
406 301 24
78 314 356
376 10 393
362 271 542
241 249 750
224 358 355
83 163 765
214 4 615
163 295 64
451 416 498
437 295 14
96 60 39
473 173 661
341 238 943
398 97 430
37 193 146
182 8 441
124 235 807
53 366 718
332 245 155
314 149 237
377 388 601
382 33 818
378 302 341
403 450 456
437 281 936
425 195 900
379 151 667
199 124 277
216 433 545
291 212 438
165 248 190
290 131 582
217 295 135
131 182 775
170 447 2
349 419 249
120 265 110
299 117 72
5 55 991
53 89 990
302 191 697
71 222 64
369 202 214
407 346 372
96 385 502
91 42 513
461 191 140
269 149 187
474 381 25
333 369 783
126 133 578
256 268 822
11 20 177
419 203 424
277 324 536
329 309 790
4 39 318
101 112 179
196 118 816
252 77 68
189 475 848
54 343 332
214 446 619
372 464 418
53 284 893
56 66 775
258 177 940
267 185 324
282 357 108
133 398 738
300 125 32
71 20 715
304 262 125
401 11 547
84 171 728
76 404 133
106 245 690
406 1 356
465 306 900
416 278 489
248 20 10
38 472 225
9 450 823
316 48 76
474 400 342
79 335 477
45 141 748
61 418 987
441 459 361
177 296 720
266 236 450
411 100 601
239 308 332
153 443 455
303 84 31
4 331 286
49 356 622
143 448 671
275 439 770
321 75 982
172 267 578
346 263 324
218 60 294
24 76 814
57 165 310
190 342 126
467 376 849
439 362 398
361 293 401
34 199 532
286 106 961
406 134 993
16 41 82
169 471 340
431 5 257
69 257 147
46 179 902
406 36 808
144 341 740
428 195 13
275 405 423
119 38 698
301 130 288
472 102 969
24 457 969
201 192 147
303 389 664
253 7 720
166 332 968
352 256 773
435 126 814
19 426 510
136 457 906
83 332 927
6 84 745
97 199 640
89 198 439
215 459 494
215 153 749
381 315 901
333 376 683
302 207 144
338 162 264
111 71 123
136 475 215
166 379 451
168 7 154
324 60 464
91 5 820
96 303 776
213 457 680
330 331 611
243 196 517
94 171 323
351 11 956
1 125 547
289 313 886
283 423 275
243 22 162
432 26 35
57 158 234
20 121 421
280 276 297
152 286 480
385 198 632
178 52 172
467 324 754
426 343 330
324 231 354
265 424 373
173 401 505
362 409 655
29 45 743
361 151 825
120 106 158
423 282 85
307 221 40
250 67 917
71 471 694
299 201 736
153 393 216
189 96 275
1 368 141
383 356 309
214 282 315
462 51 833
198 316 984
79 133 990
195 240 366
419 38 238
256 46 577
149 139 328
125 278 379
175 259 989
161 277 352
232 84 741
171 9 454
379 15 217
276 391 101
172 286 801
226 250 553
361 166 519
315 446 102
270 139 958
423 88 941
449 136 741
171 385 396
333 408 867
361 95 846
39 191 125
276 66 963
6 117 957
301 438 365
29 42 726
91 450 106
221 103 415
146 173 141
72 44 499
288 384 811
323 361 234
381 202 849
96 211 968
67 286 366
436 66 478
68 400 18
181 391 879
415 436 20
98 136 426
322 154 226
83 1 751
160 410 967
367 249 751
301 70 191
121 231 719
308 408 432
391 436 386
209 457 795
193 241 588
313 150 139
324 96 237
418 346 575
214 464 494
296 202 953
53 435 397
258 451 700
283 444 84
50 135 960
5 37 17
103 104 980
46 435 624
16 40 780
292 205 499
181 205 931
15 466 926
246 91 392
274 326 144
316 265 424
21 178 526
366 442 246
15 46 948
58 26 958
71 133 993
115 6 945
245 406 660
77 260 78
186 475 789
207 155 291
222 400 799
338 131 980
114 128 594
286 116 954
424 15 746
215 41 828
446 161 474
294 389 564
326 443 611
286 2 808
338 237 836
420 155 497
354 21 987
351 37 470
336 373 540
224 134 142
366 381 282
68 425 364
231 1 107
201 151 926
187 156 767
75 470 525
176 188 398
272 71 880
371 334 1
426 265 816
19 297 695
340 127 29
421 466 790
49 324 681
337 202 580
42 351 382
312 95 335
308 91 326
431 106 518
292 455 813
40 161 726
182 258 860
5 267 548
301 101 600
383 266 435
89 238 433
456 362 996
216 246 917
54 243 975
206 475 905
235 9 613
37 281 53
183 414 365
312 174 57
434 301 35
456 461 643
176 297 568
38 59 904
115 197 990
425 206 683
57 319 562
58 355 122
45 381 139
33 66 623
276 302 182
221 313 124
246 286 971
407 415 316
432 116 417
36 306 819
149 119 651
316 136 96
115 204 287
298 1 583
171 396 228
240 387 772
361 180 984
202 416 478
51 306 115
150 64 824
187 404 415
130 58 238
213 336 237
103 388 577
64 285 809
224 46 73
472 134 765
18 209 626
68 362 551
106 108 802
363 68 831
186 312 317
341 172 887
257 147 356
115 151 139
306 20 535
68 171 660
33 443 186
89 251 873
160 195 609
115 1 747
229 200 602
443 335 813
473 170 588
76 377 326
73 457 567
422 250 58
366 154 698
277 407 657
239 362 997
438 210 271
104 339 232
431 53 520
311 41 76
348 135 841
472 419 681
10 303 957
289 134 635
251 378 886
446 361 363
396 126 501
4 20 116
31 421 482
90 393 353
223 24 515
192 240 152
22 25 40
57 281 981
401 22 829
210 431 304
121 411 230
63 156 681
351 200 308
156 266 974
410 46 359
15 104 481
407 221 515
167 89 37
21 208 615
454 307 901
326 316 133
76 96 205
1 327 74
326 89 559
252 321 286
96 157 683
126 308 881
29 357 241
382 451 434
301 1 119
240 244 515
252 279 748
53 460 982
1 447 398
469 143 533
379 304 268
301 257 265
40 254 301
115 189 718
106 228 581
126 326 75
337 14 568
355 226 14
136 48 862
112 162 365
431 201 391
172 255 171
40 437 372
23 306 312
335 78 872
398 470 504
229 392 812
321 101 371
189 137 470
309 306 667
148 101 628
148 216 490
449 342 979
229 103 848
36 165 39
363 156 146
376 273 59
472 377 301
151 154 84
226 208 342
401 340 859
258 31 607
126 145 446
261 191 239
396 32 752
101 473 581
67 39 364
209 458 564
262 40 728
153 51 231
425 152 387
466 184 465
191 244 464
248 153 665
189 330 266
380 232 955
106 39 612
436 311 363
364 41 766
77 116 613
67 193 319
266 153 722
322 346 670
331 254 689
441 127 541
456 248 262
86 438 763
322 114 278
163 154 145
351 121 427
216 251 76
19 23 709
233 281 363
118 246 357
278 270 175
87 405 817
271 308 607
57 26 568
426 26 763
32 404 245
372 13 187
219 159 918
351 430 395
202 357 434
192 117 961
414 330 787
111 122 573
385 469 461
87 115 448
315 376 862
168 209 7
391 283 382
368 465 433
1 23 444
394 428 323
116 16 223
61 311 601
136 43 676
189 253 6
264 401 299
130 378 222
19 276 603
130 346 840
36 176 993
267 203 432
51 282 468
380 51 651
380 343 665
291 205 127
451 220 147
425 46 619
58 20 849
132 374 7
248 174 142
257 22 935
49 106 382
216 346 806
394 418 16
254 226 110
159 291 632
120 169 232
117 425 702
162 456 682
351 407 481
37 86 651
235 308 569
153 121 630
1 246 212
381 331 48
371 181 673
176 291 269
16 18 958
297 29 292
101 408 74
66 35 894
361 7 883
136 153 245
271 276 656
224 185 976
71 209 726
264 154 729
173 316 322
367 157 177
39 442 886
281 216 905
42 377 2
13 46 960
113 246 698
20 56 80
7 457 360
433 261 100
1 451 48
241 188 469
286 48 613
233 341 846
395 343 997
206 363 967
352 308 363
276 48 40
76 161 557
52 132 427
437 365 866
126 119 958
182 249 286
215 331 515
433 109 615
302 253 164
285 7 853
18 40 635
246 63 668
400 120 158
255 226 225
170 88 984
206 474 623
83 250 90
316 448 648
394 321 254
288 367 628
168 351 329
30 203 53
268 381 18
6 39 360
58 5 171
204 236 72
393 223 322
51 176 359
101 17 462
52 381 295
197 189 531
153 218 625
122 96 409
65 171 942
466 368 941
461 446 903
413 345 385
440 426 595
89 316 205
436 301 530
216 38 983
27 44 154
87 210 92
156 227 284
370 350 112
216 331 671
159 350 621
100 224 115
150 206 417
91 270 209
391 472 84
169 338 182
425 411 808
168 363 400
471 306 14
408 54 88
214 232 360
438 21 848
120 346 609
27 190 733
281 336 395
452 21 23
231 20 650
136 339 684
303 101 998
466 267 830
188 128 445
58 437 459
379 436 771
38 126 477
459 211 832
355 344 657
446 232 90
17 400 823
51 201 765
143 194 312
381 110 657
5 134 851
1 252 526
373 316 393
266 286 624
176 138 423
388 138 79
231 236 855
101 431 69
307 196 973
426 133 617
121 446 145
16 351 108
220 95 300
160 322 805
61 82 563
342 458 421
116 321 110
53 85 788
437 272 400
109 4 477
437 205 467
169 131 455
417 22 243
232 81 240
379 37 806
456 304 24
137 452 365
279 209 628
373 251 673
81 328 455
291 276 594
446 184 520
316 18 835
24 227 739
173 190 582
89 376 581
162 305 927
228 276 584
202 3 873
176 298 691
74 202 286
11 264 532
96 14 666
381 11 263
369 311 136
271 231 42
351 286 703
333 160 218
362 218 767
196 375 564
81 377 165
110 180 919
273 161 879
347 3 141
13 142 995
88 288 824
171 268 739
203 201 565
241 18 553
281 286 150
440 430 303
236 460 622
96 349 2
221 281 335
217 424 975
387 105 459
186 387 342
81 315 566
475 443 138
201 41 595
423 244 490
277 176 158
325 427 136
251 449 620
351 296 316
353 214 78
150 184 842
20 361 105
467 408 42
241 53 373
63 320 484
399 41 753
426 286 903
201 400 806
390 61 875
201 147 328
318 87 486
454 421 460
113 389 712
383 436 393
465 6 653
113 356 612
62 51 91
468 246 381
97 438 440
236 450 641
208 196 901
345 351 38
14 421 859
240 12 263
284 198 253
50 466 767
195 471 992
224 406 862
126 282 599
115 438 900
306 63 293
350 227 215
58 376 688
276 336 440
157 74 500
133 274 379
261 307 35
123 184 288
442 131 67
245 29 23
430 401 44
144 457 500
153 112 517
147 142 992
58 389 443
226 190 606
51 426 625
437 41 378
426 451 195
53 420 504
1 459 842
16 411 884
96 362 527
276 185 987
25 362 854
354 296 762
387 37 254
35 38 411
384 199 697
376 454 98
252 455 35
430 381 546
1 461 322
223 255 740
206 446 723
281 301 146
388 59 26
3 59 634
92 286 473
266 138 256
452 361 644
1 3 865
372 127 755
56 329 796
204 282 921
85 263 171
66 303 932
239 465 455
45 258 965
364 327 217
237 457 556
372 181 419
27 331 175
400 313 415
15 17 48
471 14 973
87 16 579
215 101 559
475 83 901
251 331 494
223 192 954
155 1 71
284 469 83
387 256 888
335 337 665
105 95 126
275 13 779
227 326 979
351 293 602
92 143 443
371 274 133
308 51 902
461 270 149
354 300 31
215 96 161
166 233 10
399 384 564
236 452 653
411 311 458
23 427 348
22 111 695
158 24 306
303 315 897
75 336 211
97 423 436
261 1 492
97 77 940
286 110 817
394 115 815
361 121 558
136 422 736
65 136 640
420 201 144
226 171 891
403 161 665
216 289 412
472 42 110
194 413 251
233 19 468
4 309 352
140 171 242
129 290 17
151 31 633
150 116 627
44 56 632
208 360 627
303 135 193
423 103 594
144 96 340
366 181 1
301 222 584
424 431 851
271 156 373
316 384 228
363 90 721
197 106 619
158 122 653
26 286 280
15 144 959
168 111 499
343 76 877
415 381 66
246 27 83
359 229 127
56 207 677
248 179 572
389 332 983
151 328 761
202 249 980
229 202 403
90 267 184
472 28 333
266 311 989
146 47 474
91 451 869
256 119 987
20 453 672
397 420 164
151 462 568
364 126 656
85 358 178
217 159 684
24 191 152
92 116 684
65 124 86
54 62 970
70 48 311
239 275 41
371 337 887
426 359 849
141 448 145
226 157 153
216 475 610
16 417 799
269 213 46
256 102 892
377 313 996
126 238 38
290 186 521
143 367 735
5 11 127
251 51 271
156 400 103
21 83 646
466 1 920
433 151 837
243 401 22
217 322 695
467 59 379
296 444 560
253 362 779
354 70 960
394 456 34
131 409 77
210 358 288
241 213 725
52 11 451
435 382 927
429 371 734
327 334 529
382 203 228
317 407 177
188 356 816
48 246 71
138 14 389
271 209 878
461 137 512
108 231 527
311 106 575
143 329 116
458 109 43
354 416 289
295 439 936
62 121 955
301 196 180
159 134 673
85 14 139
58 356 37
222 1 550
115 166 622
469 61 395
348 131 141
14 416 103
206 337 925
153 289 900
251 183 462
308 86 395
257 162 7
96 1 619
148 436 900
304 368 837
362 405 793
118 64 798
181 374 145
58 10 574
74 341 700
379 221 122
226 202 831
400 75 147
115 359 280
56 206 919
339 184 542
463 464 596
306 133 534
77 457 321
211 184 957
49 346 153
197 119 452
381 115 787
441 462 909
373 78 195
85 420 792
58 2 893
386 229 637
151 72 599
283 148 629
372 341 794
466 233 26
86 103 162
57 326 719
443 377 270
384 365 97
387 30 248
176 126 197
134 115 752
121 16 544
79 296 300
393 164 644
381 60 249
406 108 591
420 392 400
16 96 55
464 22 565
271 341 955
190 447 506
407 374 737
144 434 729
248 108 189
302 349 541
201 96 676
121 80 31
382 399 196
441 351 981
461 308 388
60 113 577
316 141 185
146 381 105
230 245 804
326 136 770
244 126 864
32 271 556
74 206 208
250 68 617
41 433 131
356 36 375
151 316 765
381 174 274
276 281 68
193 100 158
410 312 664
279 461 738
66 441 499
76 329 502
309 56 414
178 201 79
89 125 904
94 221 384
286 190 325
204 57 138
419 213 968
318 151 644
321 160 695
363 16 72
236 415 546
425 366 210
363 173 747
366 305 684
78 66 328
327 326 242
370 82 838
81 126 911
51 455 975
99 91 827
271 398 976
461 276 403
271 99 22
206 393 411
31 207 174
63 364 580
160 268 321
183 417 593
141 54 674
365 267 91
202 5 302
377 280 462
171 395 573
304 209 62
223 369 841
354 404 118
198 383 875
402 228 56
127 69 15
81 305 543
98 128 514
292 91 142
276 31 515
194 160 469
7 1 364
177 25 979
130 231 15
373 474 411
12 260 778
451 157 331
303 127 266
8 176 505
267 351 681
397 220 902
201 44 196
159 185 326
434 21 757
69 116 917
30 402 809
110 23 330
390 466 748
449 471 341
108 401 151
442 226 73
398 1 405
102 127 143
175 343 127
291 456 879
201 8 126
398 356 525
115 176 461
223 388 100
345 144 797
19 63 504
76 71 564
432 463 623
98 56 890
51 212 762
113 249 603
31 88 795
173 71 324
369 169 176
224 149 550
106 321 401
58 288 138
245 175 921
373 9 485
222 431 875
471 20 507
244 36 565
231 204 947
386 173 376
296 446 115
451 26 51
45 67 605
316 370 909
176 376 441
205 239 983
11 475 27
126 351 121
95 316 969
405 293 116
196 2 840
266 215 960
199 323 862
200 93 452
383 430 60
433 298 821
261 324 132
113 123 861
122 278 853
183 203 358
205 441 834
56 446 622
301 361 545
214 361 609
406 126 318
39 425 797
21 99 127
81 199 591
370 1 68
345 141 832
267 23 57
281 128 21
401 351 159
40 55 316
76 451 630
68 381 324
178 251 866
376 267 276
286 83 712
286 63 577
397 390 455
396 331 931
276 51 95
51 119 548
215 89 684
347 308 311
201 288 276
196 344 492
324 256 52
227 254 637
291 326 933
90 204 847
259 349 322
56 363 879
20 176 878
73 20 503
151 28 348
170 293 397
471 326 769
99 88 789
148 153 745
338 100 60
92 137 363
180 151 832
458 129 422
146 139 763
221 11 597
249 16 454
367 269 522
47 383 745
305 67 263
426 387 261
106 358 788
316 97 605
77 345 573
189 192 70
226 151 893
96 116 438
7 236 393
142 228 344
325 233 770
124 224 981
271 252 419
131 412 786
98 83 458
131 115 186
34 219 80
442 127 739
199 326 511
240 299 123
229 241 459
244 8 568
334 381 496
178 265 621
80 27 1000
378 366 662
135 20 602
54 170 549
360 170 283
113 367 217
167 270 908
92 55 144
334 141 662
188 381 470
385 26 329
454 391 303
158 378 28
242 117 513
76 120 777
98 432 222
4 10 498
179 322 371
165 116 561
34 170 318
1 8 290
356 111 485
101 183 568
250 242 813
407 31 587
273 72 253
216 206 248
400 445 904
225 369 657
96 169 805
193 214 937
458 105 919
86 475 7
185 318 641
4 341 551
111 273 362
451 137 873
317 191 311
28 281 177
128 272 262
260 438 802
380 379 781
308 58 598
1 215 721
310 117 621
135 402 646
278 471 281
269 56 81
265 279 581
76 436 845
210 119 859
440 392 601
376 261 933
156 201 31
58 163 636
81 122 62
283 351 745
73 293 264
105 201 154
10 264 203
121 227 225
381 158 160
270 80 340
397 389 389
362 159 330
228 349 185
437 69 281
16 328 423
26 29 956
305 279 216
118 115 141
313 157 914
369 8 478
351 240 53
423 381 267
426 86 87
1 239 919
452 291 20
211 7 3
177 260 465
336 401 543
287 426 319
153 106 250
75 126 315
276 122 143
406 276 297
103 105 300
191 1 267
92 256 804
43 176 270
381 356 981
266 465 14
161 101 432
331 417 73
321 409 633
465 141 496
381 261 819
21 134 986
256 371 957
87 321 483
299 180 529
127 24 192
85 134 266
385 388 950
400 176 395
37 140 426
120 10 167
409 331 160
321 38 894
271 198 965
112 25 199
24 381 857
208 198 187
33 72 629
310 128 479
445 322 479
29 237 117
226 76 932
231 334 856
70 118 793
116 391 920
216 145 52
224 4 639
159 127 860
361 51 956
158 357 766
435 81 399
207 125 738
58 170 234
196 270 21
193 144 902
153 56 824
303 146 995
269 311 283
400 294 677
319 458 251
309 224 163
362 175 320
472 81 285
1 340 231
90 41 925
381 372 594
272 167 783
369 407 769
377 466 226
126 267 891
339 280 446
126 34 639
79 468 463
381 455 371
121 331 254
46 376 34
39 186 155
111 174 672
411 31 190
200 362 798
6 215 879
429 62 242
416 454 880
183 88 643
199 1 238
101 311 548
36 20 594
257 226 261
442 266 161
100 472 311
150 281 152
466 231 727
245 461 296
239 366 439
70 345 763
205 176 120
213 249 798
390 377 801
31 331 323
17 32 745
441 389 276
200 264 504
239 16 210
327 231 875
169 230 191
416 376 827
435 336 102
225 64 418
117 326 479
329 371 473
462 296 857
458 455 415
472 333 688
384 415 286
76 412 972
156 248 772
318 252 403
228 229 103
166 78 669
16 66 137
1 9 244
281 366 881
216 207 127
369 340 321
205 381 217
65 28 766
66 407 901
81 198 182
356 416 705
407 400 261
414 305 43
396 347 362
72 373 862
11 406 145
176 365 982
183 426 798
352 305 721
84 141 295
49 54 665
431 340 403
172 419 767
194 446 79
46 171 17
83 81 829
109 175 279
1 101 464
4 75 228
29 185 716
378 161 204
368 240 508
221 433 918
84 166 329
248 351 864
41 226 379
225 438 695
9 64 7
441 207 255
410 229 565
88 266 153
372 419 299
395 15 243
50 1 431
193 237 825
187 25 225
150 324 413
398 176 776
247 200 132
71 447 549
197 301 876
38 55 553
40 185 863
216 25 479
389 271 801
332 418 395
268 128 203
393 438 691
388 34 953
461 426 122
322 411 858
456 142 96
11 399 26
326 280 863
305 11 288
321 21 246
20 9 49
35 432 973
216 169 604
350 214 791
268 442 644
321 283 383
455 1 132
116 356 887
323 217 417
226 256 547
113 458 206
74 115 973
13 208 265
20 143 637
101 91 186
447 20 803
350 71 888
311 420 157
356 231 271
423 416 166
379 343 268
155 333 610
405 331 105
263 341 180
404 122 417
239 176 388
6 174 726
247 465 566
290 370 157
261 275 549
8 404 884
331 324 824
353 146 234
93 354 611
219 416 257
381 124 708
187 373 525
216 452 48
11 296 606
151 87 893
119 414 636
105 313 629
75 324 379
45 122 274
246 61 661
96 247 252
231 366 825
348 1 762
62 346 393
370 255 448
455 282 123
411 263 17
92 298 763
136 165 189
41 77 568
418 1 10
76 198 784
20 462 173
318 332 355
223 351 811
342 419 792
403 381 230
184 222 964
388 176 536
44 286 258
278 358 22
341 189 717
305 268 826
202 177 946
34 91 668
422 335 498
237 16 795
255 336 718
369 261 476
94 471 195
471 453 830
101 51 749
135 287 424
174 96 888
324 423 163
436 32 434
36 433 545
438 451 307
445 441 615
66 425 784
407 453 884
104 419 596
153 338 423
20 2 574
174 400 166
50 281 922
322 78 547
212 229 35
231 467 852
75 256 946
451 242 380
30 160 367
299 47 718
400 171 700
431 328 244
28 6 858
346 390 632
441 161 888
1 257 601
306 96 886
398 41 670
1 396 159
263 151 371
203 318 585
72 93 238
21 339 370
313 146 272
463 276 462
46 134 351
327 395 369
156 36 574
24 186 740
440 81 724
267 122 346
151 32 194
227 291 714
56 385 840
1 420 262
216 262 522
311 431 892
109 37 639
123 290 402
127 171 891
322 118 214
32 265 991
12 238 579
27 293 92
336 155 123
91 340 613
21 111 13
451 371 851
44 384 769
226 153 574
1 237 435
76 156 662
261 414 129
24 26 62
211 75 420
132 378 888
171 121 331
77 157 547
267 315 510
31 303 539
182 33 943
366 246 20
70 287 133
307 191 629
248 68 535
416 359 447
118 293 865
435 16 514
165 2 278
335 387 98
150 452 61
66 262 132
61 76 858
41 228 914
399 367 384
132 101 532
41 293 506
171 42 561
319 352 267
10 332 618
457 206 401
438 333 331
361 436 840
421 326 495
154 115 250
256 176 542
206 63 346
96 132 339
421 64 304
13 176 598
351 4 588
151 186 189
10 86 611
469 418 367
343 295 428
181 267 566
461 286 777
88 256 23
51 76 878
411 251 333
321 6 14
291 105 19
43 73 807
352 248 697
288 118 764
187 347 342
381 78 800
80 353 756
72 204 678
272 281 712
369 301 198
152 198 504
419 224 225
376 373 867
77 93 849
422 73 697
111 296 720
326 165 608
344 257 611
457 247 487
305 347 48
262 273 750
180 435 116
326 153 231
48 228 870
362 376 638
214 297 858
243 92 372
53 430 583
353 221 382
438 262 104
203 105 820
308 206 826
285 56 470
11 21 682
113 418 713
220 295 803
317 222 912
402 369 170
276 292 988
141 41 219
268 81 580
221 153 511
300 76 642
271 357 89
407 331 887
431 278 594
442 143 124
475 18 220
152 285 469
391 443 833
319 397 724
449 231 639
271 26 29
136 4 265
191 406 404
381 44 752
86 249 989
357 299 207
111 283 947
83 197 506
121 195 123
339 381 2
194 127 846
114 172 347
143 96 802
386 178 884
285 438 838
166 435 254
56 123 40
470 461 493
176 198 483
153 109 614
426 370 961
115 126 68
459 264 700
372 426 247
20 41 880
265 290 862
81 193 664
249 92 335
284 241 618
273 441 790
379 51 972
346 118 557
225 286 243
123 79 862
455 164 480
77 1 194
38 402 857
201 445 414
61 309 723
405 74 501
277 51 622
81 156 688
390 258 317
401 432 118
6 243 648
71 196 766
30 275 260
200 325 799
253 325 924
17 282 421
296 376 528
284 432 252
211 6 932
67 180 887
151 271 872
176 76 358
139 361 113
455 48 96
1 326 236
386 414 559
45 349 827
59 393 412
285 153 686
257 232 689
222 139 980
398 320 388
65 167 261
195 328 40
327 343 959
308 77 576
406 460 661
191 333 933
5 376 40
93 162 933
205 285 166
431 31 582
217 97 921
401 188 838
375 424 700
6 171 528
406 116 545
127 144 268
176 236 440
55 216 431
438 446 853
134 39 142
376 271 887
24 358 491
176 362 637
379 288 397
115 337 791
452 276 290
378 38 150
70 414 789
5 326 851
161 89 328
224 413 613
205 341 983
302 210 579
90 298 41
316 463 295
187 94 944
31 437 255
347 102 572
153 201 316
260 116 165
144 161 360
429 424 93
174 191 815
10 312 767
225 129 407
151 331 939
251 210 664
316 111 998
88 101 568
460 351 355
260 63 362
254 161 163
160 224 3
70 111 117
459 301 284
355 44 520
140 343 311
51 91 833
76 453 922
166 475 163
336 25 984
115 380 174
346 237 291
207 383 442
315 101 299
202 69 852
329 68 146
349 420 927
136 318 529
19 341 593
126 456 174
141 227 469
68 81 896
268 170 908
104 343 807
443 439 375
135 366 166
443 123 934
326 267 822
71 125 236
252 299 292
331 437 133
237 466 382
58 409 437
456 414 12
96 115 117
243 126 666
210 150 877
131 122 807
312 146 398
94 466 760
385 393 936
309 471 134
229 475 332
100 387 948
321 425 217
104 450 317
77 229 38
184 328 73
11 348 90
149 107 39
174 256 579
223 36 116
217 384 585
363 470 802
50 435 191
389 1 652
467 179 641
286 462 289
161 229 821
176 9 344
61 256 261
294 417 24
377 171 780
248 387 114
161 61 607
99 129 234
128 126 774
299 412 176
407 61 538
106 217 326
239 48 105
147 116 561
401 63 665
440 382 879
218 20 315
375 286 298
201 86 414
320 423 561
411 59 66
23 461 918
421 286 154
228 449 873
186 372 519
415 29 426
296 85 910
346 210 139
134 424 14
92 191 391
438 435 699
429 435 622
91 269 316
306 41 333
407 273 10
400 118 205
148 356 220
286 431 42
438 216 471
225 26 522
432 210 781
451 190 990
1 365 228
281 294 941
366 219 975
53 393 504
468 214 63
295 70 330
56 45 40
20 253 836
324 263 799
204 191 987
172 352 312
53 346 808
152 311 995
1 414 649
371 443 806
363 130 170
173 248 497
121 416 997
196 26 352
191 34 341
241 38 841
241 115 540
128 293 540
136 226 677
202 66 73
472 236 311
161 251 280
407 54 931
23 129 985
462 210 260
407 36 237
153 462 65
409 390 326
468 426 760
181 294 939
235 416 50
45 78 1000
391 348 130
221 86 832
426 37 839
201 250 790
378 113 586
324 44 57
171 26 146
353 262 648
1 250 517
114 136 243
442 276 196
56 97 54
66 18 499
376 305 89
449 362 105
274 112 515
201 342 952
55 350 21
377 25 42
439 297 700
351 164 847
126 313 695
356 271 828
317 429 261
2 313 365
356 447 644
450 105 136
81 448 871
253 146 921
119 115 834
296 450 939
388 306 500
166 387 451
171 281 422
416 186 365
163 310 466
86 192 379
411 231 490
11 422 620
232 306 301
11 26 157
361 72 36
205 305 131
88 84 948
309 324 798
216 317 15
213 230 564
220 369 324
262 337 295
274 452 692
76 246 876
172 459 794
449 211 347
88 193 106
6 386 59
157 120 567
310 259 281
192 176 913
419 193 725
416 382 557
269 471 592
336 262 402
381 297 196
451 12 745
132 75 997
201 200 947
181 84 253
286 454 557
75 2 417
1 281 703
12 445 198
282 71 302
472 156 782
1 397 798
397 309 385
172 134 200
177 42 79
101 199 824
31 160 881
273 275 29
84 241 541
307 354 893
451 89 410
229 338 917
414 110 381
5 336 60
385 10 233
234 81 325
295 376 987
65 296 362
141 111 129
333 303 733
393 17 974
226 20 290
333 126 122
300 256 75
461 188 5
129 62 950
225 77 123
461 416 454
396 362 784
351 372 698
53 261 129
21 447 152
387 76 135
301 141 551
81 376 148
306 246 488
386 101 558
97 393 118
156 39 501
237 402 545
436 460 189
160 96 372
166 86 654
268 91 286
424 236 547
52 146 10
75 215 241
183 446 118
463 241 993
1 210 713
206 346 431
401 16 405
221 456 300
471 156 56
349 343 305
201 158 983
217 414 240
312 333 379
100 371 377
162 421 201
4 429 594
60 234 381
438 346 943
364 23 509
326 43 490
165 131 719
198 250 393
44 134 147
135 364 483
341 441 407
277 375 151
351 215 945
420 71 274
159 289 280
80 317 401
421 183 774
56 271 475
396 75 317
11 428 253
95 254 681
101 455 337
231 167 94
449 212 494
347 224 235
92 329 831
425 301 158
350 376 610
110 160 120
133 113 2
229 124 592
63 271 198
357 439 499
11 47 993
269 301 565
9 191 453
231 321 188
265 317 654
328 248 136
142 251 872
22 443 167
308 66 132
123 292 103
376 361 836
204 61 458
448 30 357
94 109 176
229 319 225
152 362 910
372 201 827
144 351 245
362 246 721
420 189 907
96 291 593
230 61 42
379 175 961
200 152 543
335 41 863
219 26 966
91 456 185
373 77 293
266 310 119
181 239 351
66 253 550
321 301 707
226 410 158
163 216 968
467 217 751
452 209 161
462 49 964
313 413 38
178 238 120
183 360 194
406 286 815
394 419 528
426 83 845
445 210 469
438 2 535
394 16 25
250 129 479
95 415 881
376 144 295
188 435 967
251 56 380
393 329 845
355 91 862
223 73 498
432 81 257
253 451 303
341 12 720
298 467 752
309 241 459
313 15 465
386 266 952
309 226 822
168 334 178
362 384 839
261 359 297
186 16 217
206 106 212
126 151 554
210 186 288
75 210 72
306 172 453
267 301 532
282 386 873
172 236 908
197 408 748
326 9 519
126 421 434
269 419 200
134 191 299
468 375 528
400 343 603
466 132 562
190 326 244
362 51 702
66 352 778
340 67 811
423 190 588
130 164 146
233 51 759
381 361 697
333 233 142
153 440 755
185 463 393
395 79 581
390 97 608
327 357 563
366 202 650
344 472 841
261 99 490
161 325 651
243 31 26
365 385 289
379 274 967
184 273 139
45 466 678
475 324 376
202 265 396
23 312 306
313 436 211
78 431 476
471 113 604
308 369 350
91 373 506
381 181 13
84 25 609
5 31 837
471 191 507
241 109 733
308 3 942
408 134 359
220 357 368
415 227 886
143 193 225
66 252 439
56 200 865
70 248 608
34 343 150
119 444 208
223 291 488
206 2 280
113 335 524
316 439 891
107 47 108
191 32 145
71 352 541
416 21 632
173 16 633
123 459 973
362 344 921
473 51 683
197 66 554
131 423 39
85 43 92
286 46 501
429 94 791
298 325 212
361 175 53
36 253 769
322 65 746
161 388 426
114 301 88
56 7 887
271 288 966
312 337 313
301 326 982
376 30 949
242 20 322
214 227 291
82 178 891
1 19 755
97 362 112
227 96 877
392 246 530
217 339 871
30 286 998
296 389 504
426 5 834
248 221 282
265 351 175
270 71 642
396 46 736
126 379 660
41 132 684
264 170 478
320 82 242
375 42 791
195 461 275
351 181 957
66 199 434
301 439 172
197 157 722
58 96 456
77 338 576
61 331 328
264 436 5
76 111 876
210 443 966
185 56 873
434 216 250
331 408 423
466 384 702
382 235 844
93 179 855
314 256 882
151 397 9
119 246 343
228 328 687
466 296 636
459 311 287
205 273 16
469 223 768
155 8 236
335 115 536
467 158 404
132 14 352
301 131 789
373 4 315
115 34 689
90 61 807
112 351 949
468 171 893
115 93 877
59 166 194
361 229 797
465 379 737
184 104 940
77 105 964
85 353 379
66 412 13
367 457 955
71 463 666
88 404 202
225 296 235
248 400 769
64 271 83
141 335 452
49 168 741
281 256 215
438 429 702
330 267 217
324 326 121
189 394 420
239 299 910
175 104 514
461 116 296
342 77 238
48 407 840
121 336 376
426 424 354
71 344 317
320 74 267
1 190 800
472 456 850
397 294 869
142 370 453
51 468 826
413 198 684
356 171 634
254 294 358
245 421 534
111 86 238
126 116 97
76 293 117
316 13 236
259 466 923
154 141 483
442 346 191
14 375 649
83 390 786
39 468 551
291 404 98
239 435 329
216 130 341
56 406 734
136 398 129
181 176 139
54 319 273
32 56 639
47 61 962
213 197 47
379 176 182
265 346 455
80 347 567
231 352 25
88 248 8
76 236 293
142 342 320
43 228 331
439 140 310
163 420 979
114 99 731
410 291 959
84 327 40
218 179 354
385 145 684
227 246 535
128 246 980
305 105 592
276 6 606
134 344 444
383 351 490
226 423 574
366 434 461
208 185 461
68 378 730
154 327 854
1 429 986
398 306 681
1 146 7
201 343 243
338 85 64
367 92 16
156 448 403
31 189 539
30 106 649
316 368 45
137 34 350
198 359 446
347 410 148
264 435 501
196 317 291
352 3 200
270 37 658
448 361 176
407 162 97
291 408 940
1 364 977
110 384 518
26 49 400
333 61 361
114 244 786
171 273 710
57 475 475
52 332 659
324 401 912
1 92 507
171 113 854
446 49 334
355 52 72
409 199 619
388 271 316
362 460 841
278 326 21
116 214 906
1 251 405
254 291 660
303 416 487
372 387 190
416 400 142
127 456 785
304 62 820
388 295 936
137 124 82
379 470 178
286 455 745
68 431 617
371 219 371
337 436 225
50 407 137
106 59 10
351 81 962
76 286 709
45 142 221
145 197 229
221 320 647
438 374 341
214 422 98
47 115 769
474 360 60
307 401 382
186 2 8
336 392 334
264 422 301
36 83 381
393 155 240
45 441 745
287 101 353
207 419 568
7 13 86
370 51 693
96 256 929
251 141 920
21 36 753
275 282 639
81 63 922
287 29 450
286 189 631
182 165 617
51 239 101
331 22 734
49 313 838
298 83 240
215 230 222
446 471 214
258 401 432
286 165 690
44 409 194
216 253 309
165 350 201
104 149 954
50 176 476
24 222 864
176 373 448
83 247 117
201 472 345
371 406 967
370 411 661
12 94 965
317 362 197
201 11 666
78 199 483
55 394 697
101 64 539
191 190 619
459 390 892
141 92 21
240 129 829
433 191 210
272 475 985
326 449 418
3 341 812
339 332 149
356 85 284
247 76 847
266 284 519
22 79 107
370 286 970
45 306 685
286 201 582
432 87 409
54 44 933
280 259 175
461 202 11
159 167 302
407 450 78
371 136 162
400 385 110
370 179 858
35 147 754
391 153 407
265 142 666
276 425 15
120 251 746
325 125 247
446 35 81
361 444 808
151 42 716
101 169 899
288 213 603
75 17 308
47 80 507
259 442 170
284 260 306
249 471 307
311 341 211
379 447 873
276 456 975
390 139 279
26 472 418
314 178 716
215 66 562
413 186 643
292 394 538
334 219 952
469 31 357
363 129 874
261 210 613
126 391 572
67 389 542
119 455 470
397 466 519
149 171 317
295 435 271
36 327 332
192 153 972
7 206 297
440 326 944
248 278 565
253 150 233
220 313 495
222 171 826
101 393 250
19 300 929
145 9 927
401 238 669
163 381 205
215 205 885
398 248 768
317 151 490
286 244 273
37 17 392
411 292 189
65 434 163
216 364 170
295 221 791
347 382 211
234 153 985
241 377 414
47 177 800
315 79 354
381 384 866
247 348 377
259 201 489
94 450 348
375 304 305
247 363 991
274 126 292
106 443 708
115 308 799
106 371 128
78 181 984
75 401 438
359 132 860
9 115 198
71 321 13
373 115 651
315 316 268
341 239 991
355 213 105
338 401 388
202 9 748
270 368 292
203 210 537
224 137 416
64 267 698
207 395 305
37 31 996
31 208 285
377 211 148
34 183 412
365 180 419
399 121 423
421 439 590
305 85 307
386 376 728
22 94 559
242 226 840
1 452 22
100 210 868
56 36 244
324 400 600
269 219 889
85 327 41
143 4 764
257 470 848
191 56 971
212 192 555
311 27 208
56 12 750
43 355 973
96 194 200
371 396 994
306 416 213
243 416 193
118 238 530
27 308 617
90 1 760
73 84 518
183 299 991
131 391 912
468 239 881
100 41 16
419 226 278
451 207 599
286 309 500
249 212 145
287 157 831
275 265 414
380 60 732
201 458 109
448 225 893
365 464 578
301 226 579
43 321 398
314 163 5
96 353 915
276 347 717
318 26 44
405 241 380
27 192 373
125 461 45
15 196 615
188 441 30
94 36 254
301 354 129
197 74 490
288 375 79
172 436 917
176 29 223
19 38 436
299 367 146
45 265 236
76 274 1000
325 440 28
268 96 219
449 143 610
353 183 668
14 398 933
299 461 925
101 172 786
189 246 617
117 119 595
16 381 589
267 101 289
138 225 251
411 58 359
101 69 12
224 276 738
73 7 172
149 151 547
381 89 343
1 48 825
274 89 361
368 416 535
381 26 988
174 201 244
300 1 524
175 212 352
191 376 924
451 55 347
194 404 242
82 244 843
134 391 359
32 415 809
73 272 100
148 67 907
242 77 115
307 226 88
141 228 444
87 186 867
76 297 665
151 289 951
162 343 912
191 58 479
156 425 213
57 112 860
464 25 413
214 64 635
396 51 726
404 240 488
58 397 701
322 256 269
42 368 334
7 37 151
229 41 192
206 248 509
70 96 996
381 157 443
451 450 206
326 212 608
182 416 836
172 391 844
111 226 254
75 368 679
111 386 61
107 402 588
261 218 562
177 381 770
366 101 868
409 463 572
111 75 460
81 107 301
99 364 242
1 471 594
307 359 815
412 18 414
191 251 50
471 79 683
311 241 143
138 283 243
414 373 344
286 245 824
196 109 572
241 306 652
257 258 271
4 352 843
135 380 309
444 198 469
122 66 509
129 186 740
460 261 763
188 326 738
172 210 616
204 343 254
468 456 977
51 432 40
95 78 214
48 94 936
444 58 543
419 48 387
117 459 414
46 180 509
320 76 630
394 107 746
83 258 375
462 269 805
294 122 307
306 131 712
323 273 419
11 43 55
171 449 798
369 1 357
355 443 593
359 393 815
276 358 835
318 440 797
416 25 105
440 278 299
343 370 767
26 13 503
6 378 513
142 21 426
384 25 566
8 276 883
134 244 98
87 359 327
321 144 411
201 272 178
276 141 312
58 132 624
326 336 984
276 169 186
82 25 719
1 421 249
56 6 147
191 63 868
215 434 316
374 41 79
366 421 147
121 162 340
231 423 667
107 121 179
376 47 18
191 401 308
445 341 734
248 343 931
124 416 323
15 415 460
26 256 818
265 27 826
3 290 900
120 344 856
321 401 524
467 415 202
172 299 767
446 314 837
77 201 146
236 386 718
306 170 836
201 118 501
410 461 380
251 21 827
306 299 609
144 296 253
61 220 780
10 12 52
187 223 488
246 196 489
421 213 847
140 374 320
321 33 879
332 15 921
83 113 176
47 174 165
6 344 725
343 47 582
136 391 555
176 167 54
189 206 647
391 393 53
105 16 421
226 109 633
155 316 326
116 403 928
333 165 590
401 320 173
112 316 298
99 288 52
36 288 656
240 309 990
96 436 813
160 181 573
117 345 973
117 464 128
223 301 919
425 392 327
376 269 625
151 21 81
207 126 410
194 444 589
104 1 281
93 136 837
256 115 825
267 51 734
156 351 357
421 80 29
204 448 121
316 400 821
291 138 379
216 244 468
13 294 202
34 50 644
471 66 961
461 8 839
241 111 941
1 109 276
362 471 291
29 131 851
381 346 873
12 426 635
147 206 555
71 94 613
466 182 187
392 133 117
185 409 179
387 103 515
245 178 199
208 115 805
457 176 315
101 81 406
113 438 951
414 124 301
359 434 463
221 196 344
131 153 91
207 298 715
395 52 651
115 472 693
162 291 690
415 339 826
126 41 59
246 363 864
23 81 161
297 383 960
60 271 511
78 385 466
329 100 926
5 237 613
6 41 737
381 195 155
392 151 989
134 286 351
406 141 801
128 419 962
42 27 80
332 319 9
316 436 616
133 58 383
70 317 515
474 384 740
471 315 940
266 248 6
301 353 431
1 218 918
129 26 771
118 116 963
353 469 563
231 188 457
469 336 534
22 201 985
262 366 197
9 37 551
16 22 978
134 369 341
115 249 483
449 210 379
114 271 179
309 144 445
184 329 739
176 227 809
52 100 571
455 54 408
222 188 921
26 244 618
140 236 384
13 461 318
243 391 899
71 137 283
276 430 433
165 96 533
221 41 713
79 354 841
44 102 623
90 327 762
20 1 451
177 76 887
361 387 111
320 224 221
427 208 907
416 229 208
114 368 510
189 51 639
160 148 687
338 135 108
211 411 51
436 328 403
347 154 903
132 83 941
446 449 103
41 430 613
301 230 123
408 136 889
190 17 964
446 301 342
358 158 727
260 475 515
368 394 325
449 280 869
15 95 330
440 475 128
12 191 312
248 375 172
68 451 423
169 219 474
274 220 517
56 28 464
225 439 892
183 376 811
460 272 922
48 266 52
285 251 573
48 160 871
126 262 116
61 381 298
140 444 489
71 449 765
25 221 726
104 377 960
102 212 942
74 96 338
418 415 452
47 386 711
447 226 100
259 147 35
400 108 622
391 25 94
120 219 247
137 96 773
1 457 675
130 362 709
354 51 341
449 155 890
326 290 464
305 450 913
266 257 53
396 173 661
204 16 808
219 130 808
86 264 918
210 231 451
286 151 174
230 289 797
1 135 789
394 135 9
104 141 919
47 415 507
364 48 210
217 410 945
274 149 980
334 444 329
340 101 898
361 209 921
394 330 426
1 240 388
106 328 974
346 45 585
305 230 781
228 376 206
166 406 100
132 401 782
61 126 518
46 241 838
341 381 182
111 156 71
277 151 634
186 111 777
279 36 793
269 251 79
181 125 711
260 231 395
330 327 974
72 418 723
392 248 368
406 6 202
448 71 568
49 285 838
53 308 518
348 137 720
228 211 741
217 226 230
432 441 322
186 302 232
151 270 854
1 224 695
66 472 257
427 25 200
77 121 331
71 278 34
40 26 206
39 416 628
20 106 690
36 5 586
178 381 968
302 229 163
456 201 384
319 203 330
161 153 96
119 196 190
366 426 617
352 200 62
22 204 473
88 233 733
84 208 786
58 101 699
30 467 537
183 315 418
183 267 701
311 56 231
28 335 544
203 311 297
459 240 253
98 296 355
75 457 792
361 388 800
277 21 671
184 116 323
426 28 208
55 289 606
194 195 36
111 81 32
107 67 197
319 356 717
448 277 197
266 285 888
225 97 172
390 134 496
472 438 757
449 77 482
169 400 655
389 287 984
439 451 277
281 36 602
179 435 373
62 447 237
363 52 360
380 129 608
381 364 244
270 250 6
252 10 761
2 315 717
75 153 657
440 240 504
26 165 198
387 327 214
368 51 962
275 276 566
305 146 994
222 261 124
432 126 573
415 129 976
35 165 238
395 394 386
292 223 582
78 36 233
151 39 587
36 460 44
136 224 305
8 12 557
259 359 395
451 201 498
294 425 649
126 420 397
304 275 307
218 255 345
140 193 722
330 4 228
175 26 984
371 58 836
153 152 585
276 71 930
211 305 104
415 16 484
75 91 550
206 141 513
385 147 310
208 313 855
428 207 934
288 151 474
4 250 248
79 42 72
228 44 677
175 153 582
288 460 365
300 248 60
33 35 722
250 329 345
136 51 604
254 398 69
62 462 577
245 158 971
246 56 672
58 202 504
82 419 946
246 324 74
61 98 24
196 47 593
167 71 859
473 120 931
222 147 229
404 21 923
400 393 185
169 267 562
254 54 865
451 191 372
164 103 947
331 293 402
332 286 603
171 136 485
399 31 343
127 178 871
313 50 639
127 254 799
446 148 878
399 474 604
197 70 129
51 89 172
154 361 510
215 116 628
317 422 776
401 105 632
245 472 226
167 229 269
350 164 244
111 354 784
354 280 946
13 53 66
22 104 524
396 148 307
127 396 158
134 331 481
414 180 946
419 42 566
226 177 202
93 249 679
457 138 962
396 34 880
76 471 604
58 248 155
269 103 375
424 427 463
287 103 355
409 151 510
123 169 155
222 354 591
73 407 563
381 352 129
417 194 519
396 219 999
330 466 367
430 167 62
351 321 411
43 186 61
405 198 524
97 408 888
344 396 47
297 34 779
431 456 580
298 36 830
65 425 684
444 181 102
302 289 21
398 141 917
221 54 265
94 343 621
319 215 326
175 121 464
150 52 94
127 204 162
151 458 306
4 248 664
181 28 202
220 42 309
286 52 664
286 111 553
205 373 563
451 328 393
209 324 151
20 426 148
159 49 809
406 372 971
236 16 248
22 326 34
179 219 596
444 236 337
409 322 773
251 98 174
109 43 299
469 324 83
346 409 310
360 426 231
219 41 166
44 151 248
429 444 884
276 211 183
12 17 602
472 402 96
155 400 774
76 251 509
376 289 739
53 278 30
129 396 872
400 363 726
67 468 942
395 233 697
98 15 500
176 65 566
243 474 416
248 349 804
31 46 93
471 267 562
23 201 553
212 401 678
1 426 640
1 241 338
364 466 204
356 100 101
350 455 305
54 308 376
255 33 501
401 41 449
252 475 129
299 336 537
356 451 409
151 214 675
278 23 213
118 216 132
251 381 650
286 175 159
170 463 300
229 412 809
42 90 159
128 219 950
271 406 150
461 330 45
178 116 737
213 155 456
20 436 621
41 151 522
93 27 42
393 294 81
356 102 871
45 151 174
301 260 586
4 14 864
92 223 558
86 217 173
230 20 884
245 358 646
147 458 486
423 306 650
91 307 432
16 47 785
152 409 562
13 99 425
12 36 635
320 16 967
155 419 505
295 187 522
374 24 384
351 276 130
65 117 186
47 311 767
171 150 396
219 237 46
278 343 20
367 396 228
464 26 7
265 181 573
169 257 318
205 463 800
37 275 557
442 294 135
79 363 997
21 231 695
168 44 24
305 303 429
146 126 551
56 245 144
460 437 71
79 280 925
451 421 710
441 147 60
431 446 153
101 202 157
8 311 665
11 398 977
242 46 848
427 111 363
166 219 289
230 126 17
366 143 63
119 76 490
134 321 244
66 475 192
236 273 273
91 127 97
198 454 393
158 446 794
28 321 454
76 299 192
347 386 412
399 68 185
382 96 852
126 446 535
141 261 15
343 428 744
186 225 265
63 324 430
345 35 699
251 18 264
136 231 978
330 372 544
11 315 406
212 141 574
443 67 9
400 395 784
1 354 26
163 320 681
291 1 832
46 66 762
391 233 124
13 338 188
367 138 224
215 64 874
371 152 821
206 241 299
249 232 396
188 191 539
167 278 213
393 175 163
471 112 62
305 157 611
326 142 256
291 124 870
81 421 603
190 221 507
117 401 502
55 1 844
324 6 989
257 101 81
86 347 611
36 359 950
278 469 601
2 169 769
457 236 31
471 384 68
310 389 623
38 441 45
273 305 761
121 13 433
62 251 152
433 386 714
202 71 602
430 411 512
126 53 688
471 422 71
218 359 792
105 248 709
248 368 151
79 438 464
34 315 453
183 129 665
366 396 96
373 448 285
19 45 734
187 303 452
79 56 267
244 441 931
276 364 64
303 1 425
63 243 155
187 66 750
78 112 430
316 186 28
134 41 716
101 416 518
286 247 75
289 71 323
13 246 901
145 175 473
151 250 522
4 74 533
380 283 156
5 61 431
207 288 344
396 450 371
296 401 554
88 216 31
241 426 565
471 319 450
59 283 704
392 310 620
274 38 119
179 201 533
94 134 102
364 26 826
78 14 261
176 286 934
265 451 80
116 56 345
253 1 338
166 400 822
51 150 5
245 119 964
157 181 829
229 438 728
271 400 881
473 256 370
164 76 58
15 262 27
205 241 29
113 183 757
14 185 489
220 238 689
180 394 972
166 246 778
193 242 5
291 183 55
247 181 205
312 214 857
406 7 78
78 268 955
51 326 4
390 5 412
327 331 246
104 332 909
107 155 907
309 336 2
318 51 783
355 441 729
298 442 62
247 341 942
186 167 994
106 418 279
308 222 61
34 305 404
31 246 12
326 310 686
341 116 436
9 223 555
264 307 533
473 127 774
10 468 476
239 325 744
1 46 375
231 397 13
446 427 508
67 92 275
391 451 269
321 469 760
138 390 305
18 20 808
59 110 802
17 36 65
157 350 780
401 456 900
399 59 902
440 197 839
243 386 621
131 195 737
272 240 780
396 363 651
161 67 14
79 189 572
6 340 732
220 456 945
96 361 127
252 195 908
222 351 715
290 401 947
314 359 500
99 301 964
405 467 83
160 348 64
134 405 991
161 422 435
152 348 422
191 230 27
399 381 457
424 26 102
440 305 852
273 66 587
103 201 797
407 454 301
205 41 737
405 212 26
291 175 545
375 343 803
155 416 186
296 199 278
121 365 632
326 96 112
381 320 258
461 63 925
426 62 515
76 149 741
440 286 285
93 231 873
175 168 290
318 191 471
365 235 204
118 341 960
190 267 975
191 167 140
362 21 322
61 426 304
92 224 605
138 153 989
460 206 405
255 196 656
326 353 289
205 143 92
40 242 502
270 314 544
154 441 909
456 455 909
192 389 417
224 265 491
252 96 589
1 292 492
196 456 229
205 91 84
410 127 613
154 173 362
277 440 760
243 286 179
226 326 928
279 292 612
61 301 414
199 375 25
286 141 914
58 107 243
314 400 278
42 81 579
248 116 545
111 6 287
113 93 896
317 337 806
397 406 628
17 13 721
236 332 630
136 238 232
279 44 258
426 349 736
183 181 997
158 86 546
431 355 146
400 475 361
216 29 905
296 67 519
107 115 987
206 262 997
438 101 191
139 333 24
323 212 515
19 64 881
51 422 356
474 103 449
341 416 399
71 451 2
26 70 915
23 339 269
160 316 648
196 241 532
355 215 266
226 70 68
54 191 672
227 324 261
55 419 483
295 455 789
456 20 655
233 449 102
451 380 935
40 88 493
174 86 398
26 68 180
55 254 147
92 339 413
111 77 297
438 447 540
464 192 796
130 133 574
46 421 593
29 279 5
326 120 266
362 361 770
198 307 572
457 401 217
247 253 649
3 93 176
271 246 850
153 180 388
384 456 612
38 410 379
69 160 421
79 101 800
277 405 28
229 266 95
309 182 604
313 154 576
9 372 789
10 43 379
343 313 559
269 413 758
378 340 688
400 163 586
243 162 525
266 196 228
67 134 792
320 108 873
185 376 432
221 212 489
245 402 216
380 153 528
221 381 44
56 111 858
287 267 677
31 362 899
460 458 299
197 203 77
141 217 773
162 398 209
471 385 990
79 170 901
206 386 362
453 118 34
188 443 443
166 310 667
194 157 957
312 435 733
309 93 365
1 425 403
98 269 556
227 158 607
232 353 496
22 282 474
348 421 788
225 326 59
201 233 236
46 184 338
271 347 807
102 55 557
233 355 901
177 269 406
391 371 822
110 191 658
316 115 756
310 75 553
9 93 679
101 353 898
19 419 493
336 122 321
398 422 394
51 298 801
19 101 305
106 281 326
156 25 53
263 17 820
416 3 205
117 206 909
471 451 976
224 420 464
306 461 764
3 114 567
171 406 553
105 100 411
330 211 903
282 429 189
267 26 666
371 294 872
24 125 909
225 453 627
252 52 93
38 324 6
213 456 337
259 326 643
209 204 804
291 50 649
21 259 927
283 464 745
150 106 559
193 383 156
391 250 230
91 7 968
217 91 708
326 118 612
162 119 64
159 25 109
295 31 605
144 427 230
297 101 481
186 196 457
16 379 538
324 208 175
301 242 391
407 191 552
427 456 582
131 364 635
441 440 497
276 301 998
457 6 285
99 156 387
182 414 704
202 211 866
151 211 586
84 68 664
194 120 653
307 273 711
197 93 881
329 52 591
143 305 539
204 416 745
162 297 634
100 157 970
129 342 869
51 440 191
432 110 443
76 151 710
99 404 317
151 152 348
60 18 968
438 255 662
275 60 323
265 466 399
92 226 630
191 241 159
248 263 615
50 362 496
121 194 478
386 247 29
191 45 279
461 321 155
35 186 137
320 26 374
2 66 561
408 96 483
433 223 251
71 105 884
245 100 43
391 101 276
240 297 305
88 1 979
187 196 351
324 51 520
446 389 253
291 351 545
244 63 51
39 144 322
8 261 857
166 362 568
325 361 895
105 106 801
362 85 124
151 16 422
51 427 68
392 416 980
412 474 769
288 433 114
213 211 588
351 83 195
259 266 103
164 199 249
424 209 528
101 76 68
45 388 249
151 134 9
186 143 202
106 29 562
80 248 87
109 385 925
96 233 984
308 201 160
115 98 857
208 322 716
76 218 906
61 129 693
261 241 797
192 386 989
465 401 695
362 423 845
210 450 742
472 268 64
469 163 412
412 21 879
283 386 84
389 258 721
305 120 332
400 457 601
153 141 1
86 379 148
383 276 243
176 276 100
465 112 355
402 60 859
19 267 806
401 247 301
330 155 174
306 376 874
472 51 130
439 278 844
310 398 122
37 415 949
36 63 232
191 393 344
101 466 853
305 452 112
251 475 527
368 341 544
230 217 676
252 248 319
341 266 6
163 141 405
131 236 418
266 416 483
434 116 260
355 376 651
356 28 895
51 17 676
10 205 12
404 1 818
321 458 908
371 153 772
85 445 295
171 431 319
175 43 160
59 343 327
457 32 957
350 356 575
1 56 2
276 162 959
1 5 630
175 353 725
68 359 414
153 438 28
67 366 826
126 136 960
259 382 135
51 236 881
180 126 320
31 165 9
430 61 334
126 365 457
47 171 465
200 198 800
223 431 739
40 216 519
301 428 615
327 401 842
173 78 630
391 413 311
202 264 287
121 126 344
235 372 599
52 81 904
122 285 237
332 459 615
454 175 476
250 222 28
202 401 104
6 246 767
115 426 349
314 93 657
430 229 767
220 175 258
62 72 57
374 386 138
122 191 85
286 258 301
76 376 82
20 219 145
332 89 169
43 83 679
271 291 244
102 291 230
99 416 839
410 39 986
404 249 88
124 261 268
223 133 434
461 51 833
160 55 398
182 116 555
429 120 618
53 41 49
11 210 716
124 90 869
276 151 348
1 12 409
276 373 293
130 70 245
339 300 653
45 190 912
422 95 366
239 34 770
380 1 389
73 333 153
91 171 171
270 252 163
234 248 611
326 442 815
378 133 601
233 228 431
261 56 743
247 151 804
64 191 911
126 275 374
55 141 173
159 296 74
123 146 381
139 461 234
47 266 453
306 287 661
426 166 335
16 395 245
80 87 746
371 436 959
33 69 432
381 335 397
272 58 685
87 271 777
161 210 632
308 97 164
416 26 292
34 376 198
313 172 734
141 331 505
235 470 123
330 23 775
144 75 911
33 439 892
121 444 285
287 134 104
17 267 129
157 415 673
58 441 490
394 196 286
180 135 871
172 164 530
378 260 795
421 215 332
360 115 64
191 25 328
116 1 192
124 60 20
334 241 611
362 326 124
148 300 694
145 96 255
3 69 453
371 80 625
147 176 86
371 197 453
1 203 544
354 236 881
326 436 987
116 251 972
349 418 665
446 393 475
437 196 378
256 344 146
348 245 461
191 432 20
473 32 270
425 183 929
132 76 637
401 119 211
200 1 639
343 408 689
189 210 694
56 199 245
31 149 313
221 189 184
137 352 115
18 140 867
58 432 950
266 296 260
461 389 426
152 224 839
411 472 765
40 364 276
275 350 12
208 38 97
39 420 173
20 433 823
1 226 114
20 31 394
147 339 988
345 363 735
253 361 901
104 334 701
204 387 347
2 133 944
287 393 37
356 308 149
266 243 12
124 158 207
436 405 627
134 37 791
137 339 202
136 436 227
245 233 976
124 331 971
96 195 618
59 236 211
283 16 43
1 315 574
444 330 809
206 349 386
297 400 12
225 299 947
201 306 546
324 252 516
235 167 877
255 335 762
301 36 348
220 416 935
311 346 454
343 332 611
228 202 826
451 469 146
417 36 719
62 71 608
127 260 1000
114 276 503
166 1 886
437 3 788
443 429 235
169 85 9
351 111 130
306 318 567
119 146 970
259 312 775
83 317 348
11 284 69
210 29 880
77 447 148
5 331 889
356 347 577
293 338 632
2 417 62
110 457 633
174 187 908
451 156 902
35 413 625
259 355 347
270 88 976
446 255 792
289 452 489
60 79 712
364 395 344
423 39 312
182 172 21
154 25 923
271 381 29
166 51 90
330 106 813
236 435 288
112 371 350
269 41 948
94 378 565
225 464 711
335 270 96
301 258 518
419 464 862
366 332 473
66 350 804
160 438 551
81 311 890
64 376 223
25 352 413
256 17 61
365 316 606
398 164 581
272 151 89
211 310 981
368 277 411
177 417 250
241 266 500
231 141 470
352 191 843
16 321 63
30 392 312
35 445 540
90 154 329
31 35 851
11 139 202
353 46 153
229 419 521
205 269 552
217 43 156
73 76 438
84 11 259
431 3 464
357 65 345
179 19 200
285 137 674
203 262 41
416 471 349
286 219 366
241 80 484
371 471 150
321 226 22
103 152 523
219 448 992
333 340 183
114 246 765
200 15 212
265 340 836
155 411 948
446 181 503
464 403 127
215 49 11
167 77 717
241 116 141
344 210 884
339 186 198
88 148 371
82 136 772
328 181 503
101 412 931
306 89 19
351 281 433
80 265 275
429 35 633
337 386 16
176 426 684
457 384 152
60 184 53
226 471 778
20 37 782
75 453 340
351 396 137
104 385 302
158 431 753
39 390 224
296 241 852
113 450 796
431 284 114
8 71 305
177 234 21
272 433 331
331 449 560
412 321 290
426 96 664
424 79 913
87 409 362
314 16 999
173 330 912
34 426 884
280 414 790
50 106 238
468 127 1
167 73 62
474 102 315
127 108 310
362 39 384
139 113 524
101 174 891
313 87 291
443 440 498
201 113 438
396 245 88
157 351 768
14 473 209
386 473 845
388 31 359
469 257 150
81 240 474
165 276 806
276 267 224
153 386 252
148 367 240
231 401 824
172 211 650
391 417 267
55 136 126
311 396 922
381 401 413
436 194 821
46 263 910
73 113 319
211 232 713
353 431 236
443 306 347
471 365 83
161 424 839
419 381 674
134 438 366
66 58 677
227 1 149
471 369 316
450 221 162
240 383 808
276 201 157
451 256 227
188 405 219
381 390 475
446 90 2
55 346 72
87 401 800
113 1 634
185 372 87
142 49 325
411 399 925
446 224 380
151 176 162
169 304 147
246 437 382
425 93 45
291 380 637
256 466 570
21 133 788
183 41 139
382 242 405
290 314 157
314 310 240
221 422 518
156 160 952
265 167 782
376 131 589
191 324 695
316 301 50
226 126 706
142 101 857
48 359 705
98 381 787
344 250 578
363 78 841
316 23 421
136 31 248
116 416 538
226 360 430
123 2 730
86 311 601
279 422 79
426 226 665
456 61 485
398 428 888
263 446 800
238 331 70
37 101 616
323 362 285
161 433 744
351 416 298
168 387 338
431 162 135
474 327 440
123 13 610
409 364 833
424 240 506
341 340 328
226 372 220
309 52 329
474 260 589
406 293 723
133 5 49
291 143 979
414 69 681
272 100 958
43 347 904
77 367 441
76 191 69
160 89 881
65 349 622
230 131 576
474 47 572
191 15 348
173 119 204
173 438 155
419 433 27
199 6 879
216 351 485
306 178 999
151 96 514
329 364 124
227 269 349
227 220 440
153 162 580
436 137 308
396 405 39
475 305 525
125 234 259
33 327 287
167 134 580
397 141 861
177 393 168
77 284 408
114 151 862
5 294 508
335 230 448
369 446 791
353 458 397
400 170 826
54 18 846
255 238 213
11 61 286
229 156 684
226 85 710
289 305 249
396 76 443
351 349 940
346 403 187
97 351 815
91 267 579
191 431 591
376 322 386
308 415 772
145 426 6
35 115 500
151 266 821
429 413 764
45 305 768
130 354 123
103 175 875
64 456 917
263 196 149
219 436 106
471 332 597
97 86 586
27 71 76
27 174 206
306 256 605
77 361 777
211 110 460
4 319 397
334 197 362
280 301 427
456 317 992
287 4 599
408 87 634
376 432 180
249 40 438
364 447 918
300 447 377
191 77 822
115 108 959
16 248 817
305 434 871
96 450 30
184 282 489
475 213 107
339 101 348
161 457 592
177 300 694
14 426 186
309 414 924
370 120 757
420 307 561
454 83 408
146 36 91
266 200 860
79 355 126
131 113 14
350 185 573
16 251 900
187 226 394
226 206 507
20 95 811
362 386 199
260 226 964
21 221 896
362 382 865
239 346 820
263 95 403
61 242 700
1 53 17
363 286 897
466 176 890
304 310 137
91 136 843
148 176 523
256 225 176
178 96 379
146 335 56
269 345 359
327 351 371
81 43 305
15 320 884
456 301 624
13 406 608
216 166 643
217 341 271
1 171 618
411 475 105
91 465 906
467 285 681
105 80 427
448 466 654
80 306 40
191 381 789
400 186 984
179 188 85
206 235 181
272 3 836
9 243 128
454 399 707
329 429 428
201 191 931
44 130 816
357 61 291
214 437 40
403 4 83
221 202 157
231 62 599
441 24 965
246 3 244
253 316 411
2 124 6
425 21 104
44 447 137
121 207 622
399 48 238
386 465 219
96 121 164
379 473 25
210 451 760
246 121 887
93 460 164
139 165 901
69 1 852
60 290 411
374 336 302
32 397 22
325 98 890
226 379 94
69 14 881
62 386 347
446 236 875
124 339 775
20 32 350
399 255 137
149 356 738
376 133 46
32 446 281
251 326 117
206 312 450
351 324 46
153 57 621
409 132 876
126 210 467
467 57 235
134 54 973
333 166 130
381 85 553
170 151 75
329 233 205
34 323 31
17 369 496
26 92 994
186 331 162
185 82 152
113 422 754
126 66 567
437 244 759
255 72 329
51 424 573
206 48 302
335 442 244
275 194 999
111 26 590
256 1 945
111 106 910
197 57 198
229 85 466
11 86 708
1 126 29
461 16 873
351 162 573
407 278 334
442 155 299
256 180 663
151 191 274
359 460 383
286 115 587
83 410 814
456 109 815
123 147 680
234 260 234
314 161 365
286 215 374
226 205 294
180 472 723
414 103 288
202 200 286
419 408 986
58 326 976
304 46 707
371 215 985
36 371 507
428 37 73
145 277 888
445 261 690
251 163 673
125 362 656
198 473 121
134 146 361
66 144 609
441 370 828
347 302 173
354 115 971
241 201 73
87 301 800
111 473 464
376 351 605
261 201 265
343 246 81
75 20 617
65 369 439
56 308 36
335 251 496
349 226 539
311 359 111
172 285 887
188 70 799
318 474 698
55 296 527
88 139 676
250 171 178
443 374 737
287 320 632
226 450 440
389 79 422
9 187 99
211 39 169
96 323 227
195 459 36
385 66 806
154 401 971
301 286 364
360 365 84
9 180 48
215 379 802
140 276 37
439 432 48
396 292 750
289 66 295
54 363 627
411 326 463
140 407 765
132 418 998
326 426 676
210 118 645
192 388 844
16 142 80
51 402 902
337 474 251
324 77 53
1 339 715
14 288 178
260 192 993
366 316 780
339 276 675
2 347 863
386 446 254
290 276 999
326 332 178
127 293 405
76 314 906
131 17 937
35 242 495
311 233 617
166 164 111
171 58 810
64 96 382
134 281 532
112 135 376
155 109 775
362 62 834
169 271 249
387 226 648
2 193 766
247 302 220
367 357 662
443 322 739
391 107 355
441 388 311
208 336 501
91 133 845
115 161 307
297 373 241
280 464 564
322 40 457
356 382 982
393 399 934
226 28 573
229 76 434
151 351 235
414 198 23
474 100 537
386 154 528
95 16 978
370 326 792
248 436 47
341 309 127
68 295 51
251 424 180
314 86 396
394 376 523
206 148 573
154 94 369
365 388 939
110 95 456
416 216 407
416 126 992
184 94 590
467 261 244
209 227 925
406 243 490
399 122 876
26 457 252
412 377 692
301 181 656
249 436 436
2 447 10
36 250 267
80 24 884
306 353 392
116 27 739
77 356 737
171 446 168
79 362 481
101 244 570
351 380 174
87 385 375
361 274 361
259 404 257
330 291 647
426 270 824
312 241 997
53 419 633
176 251 959
471 473 703
27 424 540
378 18 614
361 1 759
292 257 353
176 343 587
67 204 30
27 75 191
145 31 958
241 35 251
420 177 51
399 72 724
471 201 664
362 103 928
191 161 502
383 156 341
367 190 654
386 143 179
400 301 846
42 397 714
249 371 232
354 25 632
232 103 107
280 460 552
219 459 416
115 84 298
261 303 534
196 194 752
172 230 99
277 229 234
105 471 257
123 43 530
9 441 295
372 241 923
300 170 754
49 34 172
438 7 501
379 28 309
10 377 376
163 269 570
125 67 715
21 51 882
258 279 726
176 419 199
119 53 127
137 121 705
214 171 186
44 166 692
376 410 34
153 64 822
242 211 342
426 355 658
28 42 991
206 297 910
292 296 620
127 451 919
41 101 739
137 130 631
241 403 893
42 68 803
183 334 942
461 226 539
170 224 353
210 115 665
60 216 260
406 133 992
176 310 417
258 287 278
414 262 791
269 126 946
251 465 964
468 261 260
345 100 413
188 412 54
117 276 669
132 211 194
42 60 62
102 305 965
248 301 723
305 125 589
73 385 466
402 382 238
7 28 720
339 116 342
461 473 376
348 149 772
217 314 995
21 298 865
178 324 828
321 336 160
363 143 181
161 105 519
446 470 451
440 462 873
468 284 284
83 456 524
168 356 371
148 220 681
200 466 48
428 441 990
156 278 732
259 96 217
177 450 887
19 445 242
49 227 365
422 201 86
201 435 176
56 461 68
443 30 645
341 457 435
96 65 178
275 96 81
13 15 50
208 156 380
121 332 379
452 332 819
311 300 477
174 188 203
7 14 526
29 79 760
430 431 822
75 151 719
291 100 146
465 210 898
366 386 877
348 5 730
250 213 820
186 440 46
223 320 55
234 338 958
431 215 998
299 436 504
288 105 990
394 328 373
442 332 638
48 141 275
42 429 538
414 301 326
441 86 452
336 419 460
376 422 204
435 207 373
1 186 26
126 352 1000
471 9 542
301 290 228
31 8 622
316 381 425
426 198 536
51 218 719
21 284 912
155 413 755
442 47 516
184 242 173
207 252 446
406 46 222
379 426 629
108 446 135
22 281 137
260 433 953
255 50 396
68 87 819
321 421 526
417 267 294
326 53 388
156 232 198
35 140 122
461 53 904
327 46 553
206 249 154
22 229 604
166 83 292
278 80 228
324 386 571
448 306 146
165 386 959
428 464 356
392 391 796
151 218 663
453 45 777
249 236 955
135 67 368
178 284 258
40 143 785
43 435 361
141 394 416
254 277 643
52 301 51
70 190 272
331 424 643
305 77 818
241 437 750
445 136 136
85 74 292
77 427 795
351 214 119
234 176 905
324 297 4
263 174 647
355 276 450
258 325 692
431 180 982
66 406 650
24 116 767
405 348 358
350 201 349
178 200 822
96 167 352
154 210 558
97 344 127
136 426 617
367 155 771
160 404 291
172 67 730
199 334 78
190 2 562
346 136 466
436 166 377
304 176 206
7 65 229
185 471 527
260 331 342
174 292 850
155 306 719
126 131 670
226 264 438
251 144 878
46 466 16
78 153 676
232 324 638
246 181 928
441 261 19
202 207 890
396 115 253
14 241 512
34 88 367
122 431 393
187 365 561
400 241 746
59 400 353
205 462 875
66 444 298
190 175 509
154 376 588
87 47 257
250 20 916
141 3 288
470 205 581
454 1 593
373 190 13
124 471 511
279 121 880
261 401 270
436 50 851
428 1 628
386 456 928
406 254 52
324 91 347
91 62 749
331 297 304
253 196 991
321 69 474
301 335 87
13 186 496
417 437 739
381 289 439
366 475 17
316 298 858
101 135 290
459 351 590
201 474 16
292 207 918
370 83 687
161 265 415
158 432 268
164 341 686
398 146 722
176 463 567
256 39 214
129 354 121
106 273 163
194 234 314
177 128 838
103 205 410
235 289 535
326 262 317
279 226 954
466 42 222
286 358 991
92 260 143
126 227 293
6 442 586
242 460 300
464 286 420
218 388 650
362 446 550
436 38 487
332 94 47
292 451 901
77 251 286
102 350 159
67 70 352
446 82 137
474 457 786
149 437 31
446 13 615
231 417 731
5 454 809
212 154 711
387 1 856
276 256 586
415 408 238
386 427 253
38 459 301
41 241 376
351 317 505
226 215 512
161 239 424
344 326 35
1 248 231
81 382 852
473 78 978
280 224 298
26 229 742
371 301 204
419 199 916
104 24 553
80 381 628
291 437 39
48 138 613
153 446 804
258 324 978
241 236 268
131 91 294
120 73 19
279 238 475
415 226 602
31 219 68
418 117 640
315 193 977
136 416 408
364 262 488
55 437 542
189 264 772
446 306 595
110 11 25
426 351 218
231 176 134
421 121 548
374 351 382
299 438 485
173 221 363
143 281 657
6 285 37
326 191 461
106 373 936
340 201 465
374 357 931
158 44 134
216 26 960
262 226 956
306 134 704
249 355 273
276 386 544
15 223 42
218 438 392
468 26 979
197 263 285
146 276 749
28 231 975
141 26 644
123 228 496
1 352 149
371 101 698
19 346 623
81 190 342
374 115 578
293 191 570
63 301 366
436 394 546
39 102 143
323 223 936
30 21 322
328 156 809
203 104 85
350 267 537
251 131 382
439 269 613
37 385 998
396 118 966
383 208 141
305 110 557
413 135 454
236 71 920
452 436 763
289 301 872
22 96 61
434 16 157
391 169 738
451 336 298
173 214 478
351 309 567
431 251 298
98 54 950
371 96 430
449 257 254
296 411 781
185 359 351
421 105 247
200 465 51
246 74 725
193 26 270
74 17 956
378 181 359
44 211 974
366 293 541
359 18 468
238 449 724
176 306 571
26 270 499
317 140 876
321 19 54
194 224 725
351 246 211
286 452 407
210 164 890
326 80 631
264 457 134
446 91 61
101 61 628
429 304 427
338 80 375
472 433 451
324 343 107
375 56 63
89 454 207
391 437 900
211 284 452
73 79 369
48 415 982
290 267 304
176 130 613
399 176 107
161 102 120
246 158 803
381 246 459
76 187 272
461 82 312
281 78 799
245 261 877
282 430 441
62 248 600
310 143 328
96 36 758
77 174 446
139 311 496
407 236 345
220 276 275
296 440 146
5 451 782
86 300 935
92 40 378
90 451 581
238 243 161
303 138 988
158 39 889
19 55 306
314 279 413
164 459 368
127 332 124
449 12 152
347 177 198
120 225 106
235 475 433
126 31 233
432 351 188
157 293 654
136 237 571
106 21 455
208 150 657
472 267 723
248 337 307
82 425 313
259 282 206
131 441 739
139 256 174
61 14 270
171 374 767
249 265 453
416 106 769
452 54 477
199 279 550
27 96 732
35 401 507
394 76 142
67 201 81
208 135 63
38 270 238
415 7 301
305 321 997
156 115 795
79 150 628
96 363 296
161 177 745
434 375 667
159 163 719
292 138 728
371 218 848
289 109 637
160 440 564
419 113 168
148 169 891
296 163 544
266 147 354
69 343 414
134 475 885
248 136 649
75 181 928
63 214 566
451 83 159
91 322 573
224 123 95
197 286 704
265 388 453
69 417 658
320 345 652
136 243 457
114 446 341
389 302 306
191 266 512
244 283 228
379 20 671
62 136 301
441 98 858
276 381 376
359 82 150
390 368 658
126 443 712
401 25 122
329 313 756
451 389 34
354 52 839
90 304 461
171 98 112
302 404 220
470 171 390
331 164 876
324 140 488
395 44 758
390 412 177
406 138 113
56 324 591
16 419 203
90 20 9
340 116 812
156 246 787
405 376 74
229 304 977
222 264 281
76 166 929
60 309 7
180 448 99
11 306 173
142 211 424
149 301 162
34 427 236
51 111 373
286 318 719
131 449 405
326 256 681
340 281 853
311 248 848
127 121 285
70 126 326
423 62 793
367 223 196
391 39 367
247 461 819
205 131 740
129 307 148
159 195 917
51 57 609
5 65 94
151 203 759
325 375 499
198 462 296
181 108 691
189 112 130
101 145 498
389 164 178
145 136 774
104 263 614
4 162 107
140 411 417
139 35 129
131 38 531
169 360 810
248 235 716
253 132 674
284 438 544
277 285 890
343 466 928
61 326 266
240 286 343
393 205 988
55 186 486
26 399 26
169 68 805
186 281 258
37 133 76
260 321 950
169 221 277
405 168 138
76 284 446
388 282 101
192 451 144
289 158 271
266 18 775
439 401 139
175 71 340
412 192 604
20 76 484
298 120 502
101 74 944
287 311 207
187 340 917
229 426 994
344 383 544
312 392 833
21 317 785
239 386 73
218 322 493
454 246 752
65 138 788
182 220 611
202 396 740
10 51 892
130 232 314
426 303 430
333 351 378
366 1 819
432 415 626
326 112 359
134 195 571
126 305 587
400 336 438
210 406 128
115 279 8
426 71 986
380 197 294
108 371 858
191 246 556
54 70 222
159 136 653
36 393 439
151 141 253
380 210 563
38 162 80
373 431 574
461 33 300
451 316 976
35 68 458
422 94 767
300 2 219
64 82 288
279 234 624
25 67 45
14 44 819
277 334 908
221 451 335
471 296 682
375 133 138
161 263 636
6 24 968
96 41 724
221 316 5
24 111 586
351 105 867
473 82 579
411 1 392
371 348 767
413 451 734
126 24 458
365 347 201
366 337 339
246 416 976
9 27 964
397 43 652
241 435 88
316 73 420
261 91 579
362 470 914
360 195 138
106 376 284
151 140 364
51 199 154
13 264 447
46 409 832
386 359 629
412 136 643
418 256 100
81 442 603
148 379 863
418 166 87
147 261 948
426 261 630
401 470 711
436 232 836
328 287 613
220 40 548
383 118 262
439 146 119
19 203 393
113 32 5
278 301 456
256 211 976
229 329 98
251 154 274
440 328 861
93 103 35
326 448 349
470 51 481
255 46 626
421 16 785
166 392 377
51 459 343
302 101 875
419 10 512
196 351 837
171 270 840
209 390 333
46 151 553
112 356 688
93 207 707
184 448 463
69 451 11
178 431 652
82 246 171
324 156 888
148 472 603
469 431 305
468 314 825
320 333 393
250 349 795
152 272 302
106 408 51
428 58 273
26 203 866
416 188 797
343 341 900
438 176 324
59 282 78
331 304 572
141 412 838
109 432 240
395 191 590
141 189 906
148 303 245
397 79 718
451 366 290
77 205 724
179 169 104
198 115 33
82 141 175
301 377 50
93 94 764
191 175 376
179 326 474
439 73 302
360 459 183
338 261 734
354 347 125
1 384 451
382 383 574
115 417 592
34 124 805
411 288 584
332 93 844
331 231 238
180 321 134
31 98 893
79 457 739
248 388 949
2 176 235
58 269 639
301 473 98
416 284 851
400 26 292
41 426 95
391 314 131
381 150 719
88 172 262
288 106 26
207 375 116
402 181 509
315 210 414
26 388 720
475 453 424
133 275 902
51 250 823
421 20 107
18 381 288
39 11 631
207 111 503
56 472 1
416 196 204
311 283 889
276 343 317
46 126 987
456 226 392
308 400 585
103 371 328
255 412 996
127 330 204
91 441 741
266 251 746
56 352 85
186 419 898
119 131 794
256 218 130
41 273 468
441 191 676
256 172 107
266 332 988
392 354 320
48 395 396
431 331 450
123 382 457
90 291 386
18 450 869
166 395 750
54 56 188
226 166 931
191 214 139
459 356 868
1 4 120
58 109 56
276 423 652
107 354 715
426 162 279
258 366 918
132 325 729
132 136 456
265 389 274
180 438 875
408 210 244
218 314 111
241 156 629
274 420 106
65 266 909
341 336 312
461 2 627
465 422 709
129 356 82
286 164 519
166 465 806
130 198 839
463 133 495
421 161 450
142 258 771
243 246 896
81 252 810
11 76 32
475 351 476
221 311 297
26 220 422
282 338 642
82 16 637
321 266 878
171 386 388
1 311 912
294 369 421
84 437 435
296 264 923
381 101 897
172 52 81
51 240 454
221 411 335
139 62 874
441 216 684
106 12 550
60 296 830
424 394 554
396 81 589
296 20 654
311 176 87
429 348 999
6 258 837
201 275 472
240 388 997
287 237 8
161 412 106
275 210 251
241 411 491
385 292 269
25 346 380
101 370 383
152 39 852
256 5 53
237 372 1
135 58 883
86 287 415
171 166 725
443 256 254
392 422 257
108 410 74
339 432 861
21 41 140
187 201 812
82 451 486
51 235 254
80 208 492
80 363 924
41 210 393
268 15 575
347 248 99
15 302 299
294 286 956
322 151 997
391 24 983
305 54 764
322 281 516
96 391 531
379 227 493
271 173 609
133 328 686
210 196 387
361 146 370
286 255 23
465 341 176
226 341 111
211 225 437
24 327 643
15 353 264
81 58 808
210 341 70
136 183 756
309 101 311
369 283 209
326 381 121
386 267 187
51 63 239
379 338 879
377 369 416
418 448 390
294 96 362
58 426 335
112 130 524
245 400 793
273 378 488
96 331 367
178 207 925
205 170 916
81 169 699
251 300 333
196 207 243
217 260 286
364 408 702
229 399 717
302 140 701
191 341 708
315 402 174
445 135 729
356 175 451
85 351 887
43 380 999
74 262 219
156 141 943
296 239 963
131 286 796
276 270 707
92 424 976
455 257 971
406 121 664
121 184 787
248 148 599
343 113 767
221 183 529
176 408 703
167 339 512
66 131 445
331 10 12
334 323 372
174 301 129
456 206 786
30 26 222
422 346 631
111 138 950
87 71 752
221 114 375
178 474 999
109 258 406
419 247 583
316 371 656
189 456 727
193 251 833
76 80 500
369 161 215
257 383 423
279 102 727
386 205 562
116 227 722
248 446 25
152 445 940
459 31 713
417 466 365
339 289 417
11 454 967
61 444 529
27 233 722
424 131 452
373 267 992
431 6 717
235 64 389
61 151 680
223 263 840
319 204 887
48 109 793
151 230 552
140 474 487
223 111 635
141 74 74
32 218 377
310 424 301
437 302 453
107 95 461
416 22 834
20 354 651
5 356 523
329 366 38
335 475 292
66 173 58
177 356 897
26 441 311
62 201 743
265 397 526
61 375 120
125 464 475
241 401 618
195 68 225
218 120 808
249 103 795
342 451 261
400 454 174
337 84 228
313 55 11
40 79 366
458 414 84
435 467 391
259 192 153
326 208 126
34 341 10
102 200 718
146 219 698
222 104 402
236 146 982
205 453 776
442 115 462
214 209 681
139 276 257
163 369 153
279 298 126
371 231 102
439 96 354
66 298 964
223 196 820
284 433 346
105 346 532
390 279 51
13 373 659
178 126 644
458 436 862
294 336 392
49 151 638
90 302 718
372 31 550
329 439 754
271 76 800
381 56 911
295 53 669
361 165 124
52 246 71
51 206 292
359 43 956
450 377 940
178 467 679
185 348 32
7 428 830
236 438 668
39 68 564
246 326 808
326 307 283
84 226 746
1 16 668
17 161 539
212 217 813
92 139 420
134 376 535
271 448 223
401 429 35
409 290 526
264 347 115
156 444 155
348 212 147
242 51 723
424 360 170
155 12 314
148 120 892
248 111 227
127 167 211
247 296 200
288 263 184
427 168 567
221 421 349
283 406 893
58 159 43
149 331 398
270 306 979
349 83 629
93 187 1
394 255 901
16 201 701
5 235 660
260 68 642
22 304 809
26 231 383
173 335 692
462 3 415
11 400 574
336 291 774
38 210 673
281 376 393
147 1 717
336 452 569
450 58 219
23 221 129
31 247 902
299 212 341
1 76 449
31 95 254
96 301 736
18 457 230
278 1 528
135 351 1000
354 201 861
201 362 822
466 353 680
445 440 270
95 137 343
89 475 91
206 332 964
274 265 438
85 190 902
17 58 838
461 24 590
66 263 529
146 438 11
128 439 522
416 260 57
112 10 921
426 346 393
16 134 884
134 188 899
433 165 247
261 253 956
254 149 282
267 246 307
60 91 639
434 235 684
303 81 132
447 76 426
131 138 972
317 181 524
131 60 373
170 145 594
86 324 268
414 47 800
353 116 353
374 402 309
461 35 917
313 68 185
375 234 39
396 205 213
376 96 863
354 459 756
394 473 974
277 345 855
216 58 419
115 235 173
174 83 869
58 229 538
472 1 872
271 217 502
169 283 247
141 381 10
466 375 517
215 403 730
210 31 42
241 16 300
266 283 290
417 1 482
177 437 556
306 294 458
98 6 661
147 281 991
136 29 689
457 308 503
206 430 922
345 88 835
31 34 838
59 333 344
284 301 547
123 467 488
378 196 380
345 254 958
26 189 777
91 223 204
351 301 136
202 451 620
242 325 70
267 421 273
201 296 736
108 74 442
463 261 593
251 164 179
337 81 274
249 207 22
336 41 405
411 314 680
17 48 173
191 33 482
221 1 477
348 161 365
467 199 659
342 325 661
83 357 220
37 68 696
102 227 757
203 211 768
421 419 674
111 299 75
263 81 205
306 238 252
256 464 3
368 449 973
221 385 201
284 1 188
324 353 467
399 13 641
457 16 385
185 61 956
475 172 519
381 96 448
10 290 970
311 113 485
125 315 189
290 448 360
194 134 408
19 14 858
411 443 396
292 263 606
187 240 526
454 123 545
445 18 373
440 136 58
170 214 515
12 120 60
181 240 828
473 211 351
126 91 687
237 11 307
190 21 21
304 160 283
354 445 411
75 438 409
451 141 408
106 189 516
227 6 119
179 228 297
173 76 997
82 429 121
191 132 812
37 245 838
221 141 87
223 266 988
332 141 945
248 218 788
309 19 544
202 305 637
367 278 121
313 320 345
96 71 255
373 275 463
451 456 485
111 451 588
465 192 936
146 60 941
244 86 230
44 451 585
94 16 944
437 232 826
367 388 122
305 323 444
452 226 240
37 376 880
423 96 446
10 226 97
128 265 169
383 401 153
122 19 286
85 416 86
136 8 214
24 367 354
1 43 539
161 96 151
364 342 375
121 437 341
25 106 570
88 335 879
51 169 327
121 144 259
406 395 920
119 376 218
466 324 26
374 451 363
76 252 967
43 361 113
431 236 902
11 329 52
371 241 944
228 388 70
356 395 311
446 401 145
358 58 234
81 178 910
5 118 387
46 345 941
367 456 331
375 107 503
79 2 971
201 460 71
96 409 381
147 304 763
44 236 747
472 121 704
158 315 719
397 109 683
67 313 263
59 13 110
151 178 283
54 316 692
314 34 986
46 136 130
196 126 341
425 266 118
95 239 39
373 33 574
166 211 417
16 50 32
450 300 792
306 431 84
381 211 825
278 430 260
277 172 950
360 417 492
275 279 728
116 229 843
166 351 303
252 379 199
337 401 117
254 326 722
111 90 783
106 230 618
282 76 618
118 101 941
163 406 5
112 181 194
117 381 537
42 198 130
279 76 917
241 353 56
392 428 54
301 39 567
146 415 751
236 381 811
463 405 951
343 255 593
441 374 901
182 242 520
193 256 813
177 39 662
38 115 904
230 356 388
249 336 73
394 468 803
460 446 166
356 303 204
256 475 839
436 240 784
193 55 607
18 117 45
103 122 888
451 51 754
333 51 855
243 287 295
241 71 738
426 240 641
319 457 178
84 38 501
356 104 210
403 30 94
37 213 780
241 105 95
164 301 385
324 22 250
161 321 632
352 301 519
84 195 350
92 451 96
23 266 502
43 96 780
110 176 664
58 153 725
89 411 319
255 320 970
380 450 920
411 151 253
299 20 544
344 435 775
381 349 335
245 146 684
356 39 701
299 1 521
58 236 759
320 406 504
321 415 717
430 326 761
124 446 18
273 473 287
194 226 240
16 292 960
446 147 985
344 142 83
278 398 578
266 331 299
270 397 307
258 381 893
251 408 422
246 215 127
431 466 167
268 51 985
117 271 14
126 21 92
330 241 11
116 455 350
51 456 902
209 96 491
471 411 629
100 473 71
101 30 951
90 203 857
226 383 513
51 227 898
341 411 768
318 429 331
148 353 875
101 131 787
333 281 180
295 248 830
279 95 262
443 370 712
153 383 942
6 371 560
206 71 140
77 12 511
296 438 318
401 109 898
426 454 385
330 329 56
137 473 695
445 251 165
86 226 64
313 115 528
155 96 889
366 385 349
18 351 424
51 316 72
127 233 294
175 378 270
301 213 495
97 370 626
118 473 534
246 339 256
70 166 202
50 184 189
446 328 772
354 31 831
429 91 414
36 229 320
30 136 337
330 91 474
274 400 808
131 241 155
144 362 819
451 178 950
462 228 985
221 303 699
1 74 288
400 196 275
136 305 714
279 90 704
324 195 805
328 464 819
200 260 733
335 424 896
317 122 861
214 309 599
87 343 8
388 286 834
38 356 923
455 461 283
69 89 842
214 29 191
16 227 722
438 416 934
290 371 764
335 96 724
182 399 459
36 80 36
382 459 583
472 75 730
275 301 564
201 46 819
456 47 525
76 431 261
149 306 187
424 401 432
33 284 861
132 1 873
216 383 59
220 382 973
437 426 919
199 393 207
115 371 888
126 378 930
397 37 899
298 355 167
341 86 944
