903 8283 309
404 575 344
400 472 750
358 310 733
596 763 695
775 16 35
527 64 960
641 634 990
463 855 58
734 861 178
469 744 953
560 173 385
499 430 818
426 679 844
722 17 769
403 643 551
337 894 333
425 791 696
862 574 703
437 814 230
400 813 986
673 862 267
7 358 613
235 595 991
874 506 148
23 865 696
385 712 826
337 598 121
794 712 643
49 157 957
786 621 574
835 199 958
659 813 872
713 40 120
316 439 344
715 28 451
25 619 246
42 886 662
155 616 64
10 32 235
421 837 97
127 769 370
658 746 524
124 600 996
141 681 714
618 527 860
579 704 939
325 567 401
860 690 656
211 70 249
106 766 58
235 614 393
223 794 15
157 390 7
507 823 735
678 785 113
213 34 767
756 232 525
196 420 357
34 619 237
785 259 874
182 404 422
171 517 36
489 483 18
580 666 304
562 139 129
676 472 984
148 612 799
474 241 601
181 643 785
529 714 957
589 791 289
376 58 191
505 621 963
652 295 198
371 751 380
278 479 51
725 234 272
61 855 760
373 889 784
227 463 922
823 805 350
46 431 636
10 220 278
453 79 704
625 624 302
129 211 593
469 742 830
880 178 203
49 800 91
7 449 110
788 786 391
729 58 875
517 297 924
523 654 350
778 896 636
700 424 727
528 870 166
550 265 533
570 882 435
345 596 41
407 505 812
253 871 663
647 673 327
848 196 61
290 516 42
1 8 972
554 872 794
52 259 306
508 552 901
603 112 15
703 382 602
898 328 673
246 847 623
176 65 819
450 883 993
253 323 973
126 692 639
119 292 974
200 151 22
121 865 70
861 822 806
295 443 99
427 58 795
739 565 261
100 799 863
771 434 562
309 248 919
86 289 74
839 732 682
32 651 889
206 810 921
602 574 128
322 699 307
727 421 739
97 253 931
214 634 211
535 765 347
412 219 873
625 544 404
421 680 235
716 853 728
53 365 17
596 464 164
563 708 232
127 827 347
495 708 17
204 271 555
205 481 26
680 333 661
890 50 202
742 772 973
790 665 761
826 768 738
599 846 366
259 841 565
793 253 931
145 835 798
232 70 253
145 832 377
547 510 59
218 272 785
33 81 977
523 52 727
760 13 704
246 827 992
843 421 270
254 304 90
862 295 924
267 712 275
35 87 963
232 558 279
18 53 878
410 622 886
892 25 612
721 346 185
386 671 705
874 324 458
875 190 673
417 871 885
309 81 344
694 163 166
491 886 130
809 852 376
805 702 451
673 519 612
419 606 989
161 401 727
676 19 63
491 643 441
445 695 533
196 731 929
351 528 179
184 802 240
324 376 757
259 844 226
162 202 894
789 78 744
458 448 877
682 786 199
121 603 267
625 76 879
680 338 332
718 191 397
342 187 553
383 91 668
773 15 175
726 774 787
488 292 977
184 418 548
1 694 260
33 132 813
493 280 694
690 737 111
603 316 140
199 607 329
805 532 96
867 757 810
526 775 73
28 69 209
868 862 119
823 316 661
751 482 44
472 841 900
458 735 708
176 586 465
645 736 216
757 343 702
457 228 103
574 832 597
79 644 707
415 618 59
102 652 86
262 331 868
463 821 103
554 474 640
728 421 861
379 895 520
331 491 615
256 455 497
57 131 716
327 295 866
872 805 285
156 289 72
410 872 122
665 637 606
343 391 149
202 460 334
316 44 434
767 628 369
592 129 756
127 401 848
7 109 838
130 616 484
544 666 959
758 217 21
562 541 706
174 253 539
733 433 378
376 482 342
93 641 19
106 573 739
430 185 444
808 567 876
355 760 11
487 810 607
568 687 429
775 406 798
99 700 685
15 358 47
757 64 369
176 446 250
718 323 369
826 708 315
679 134 283
147 406 303
686 137 954
869 365 920
464 764 603
144 560 304
355 451 984
553 428 981
358 328 208
560 673 386
715 4 245
674 664 91
745 379 982
139 124 427
808 41 10
559 736 192
246 610 292
700 238 239
403 809 608
449 609 518
799 752 297
280 754 265
98 222 449
694 627 118
315 804 494
376 216 566
151 452 188
823 505 8
176 230 407
490 310 384
397 280 168
71 599 457
1 111 822
601 775 54
484 855 800
108 250 476
792 46 479
121 8 555
806 577 46
559 446 998
877 79 629
448 523 472
709 474 642
513 28 822
502 793 349
760 423 663
106 556 243
433 43 815
898 796 43
31 190 395
322 757 121
205 10 434
1 710 11
211 352 245
105 199 592
308 217 80
400 595 516
287 337 546
732 832 814
840 605 319
43 447 232
367 35 646
700 599 122
379 288 509
717 165 501
617 373 778
47 251 550
412 212 855
274 351 288
90 389 809
721 640 701
516 121 426
240 836 251
751 732 661
297 803 615
214 793 170
673 573 827
703 14 678
341 136 804
783 361 452
358 130 745
861 646 714
213 435 87
85 489 148
853 544 861
200 43 243
416 120 411
88 506 826
466 205 741
106 841 247
44 652 289
114 706 54
316 562 875
353 666 190
43 616 24
463 751 344
633 877 950
433 832 834
792 186 374
672 55 794
244 477 68
116 800 195
438 211 811
785 343 926
737 642 336
442 322 414
592 833 32
13 1 786
589 148 714
618 419 828
813 92 878
817 742 805
28 646 544
820 372 11
7 151 319
409 879 472
394 406 653
608 295 90
655 605 661
33 127 347
177 526 448
877 11 82
607 698 620
443 557 441
256 793 901
57 67 574
358 309 447
836 750 492
829 559 830
892 692 489
565 265 725
73 19 184
140 445 392
216 829 250
338 352 21
720 253 817
757 367 179
865 738 99
251 235 38
370 372 477
103 598 839
239 668 874
773 280 427
591 666 231
176 843 616
409 120 5
337 370 910
714 357 379
505 442 722
288 273 25
580 175 874
682 637 290
544 745 946
318 547 372
251 898 96
488 772 864
618 458 403
756 287 762
532 143 747
90 836 138
4 367 835
748 526 914
190 355 337
30 48 76
617 185 362
36 627 914
255 310 755
406 841 75
284 811 106
124 469 989
15 848 64
261 207 206
328 463 563
869 892 985
381 177 199
718 551 745
484 105 171
778 280 319
778 799 234
367 687 995
218 281 939
22 57 693
775 161 368
749 505 957
276 512 578
375 706 344
172 640 287
842 530 866
727 586 9
743 524 127
793 196 59
889 253 125
449 85 687
902 671 189
739 668 224
823 593 675
128 97 613
489 267 536
217 481 220
857 262 329
750 581 472
141 421 264
483 381 819
252 646 92
485 115 778
373 22 735
886 385 718
405 709 16
364 94 447
183 372 487
642 352 946
433 499 604
159 496 703
407 792 144
769 659 239
302 451 309
148 808 714
82 635 131
106 703 42
329 615 143
190 685 876
82 814 446
566 586 300
517 97 950
358 850 142
891 872 297
24 254 683
196 379 342
418 631 310
218 568 869
99 638 403
444 663 868
388 295 667
901 142 10
491 192 294
45 691 412
59 493 906
121 268 106
310 99 293
703 15 371
70 903 715
673 694 945
715 334 983
165 778 646
259 7 944
277 179 837
38 289 364
102 852 959
1 358 759
553 423 772
22 157 494
1 448 550
253 751 692
448 277 902
547 19 170
445 679 768
109 243 987
505 458 129
76 847 291
754 148 595
778 890 148
577 25 75
295 406 73
386 153 636
484 586 108
51 687 220
707 862 764
263 237 596
131 84 903
130 342 483
890 862 14
166 792 793
456 32 278
114 805 38
547 719 564
43 838 716
1 337 125
517 574 635
514 27 404
226 298 181
43 331 147
349 406 213
312 346 57
455 558 97
176 391 678
304 406 86
723 166 147
28 474 391
185 721 38
239 340 483
700 66 906
547 739 109
501 131 357
250 316 720
426 40 780
894 509 231
225 529 247
670 638 792
375 413 781
610 492 234
210 884 253
438 896 660
673 687 750
820 464 920
687 121 468
634 137 16
478 386 187
811 457 568
577 523 239
828 115 807
805 773 799
495 660 902
168 250 345
274 216 305
182 267 425
344 4 949
251 227 584
73 790 994
4 40 492
538 330 284
775 493 146
589 739 61
667 739 669
277 782 712
769 43 695
35 211 776
796 641 856
857 694 911
63 85 566
24 630 532
548 764 181
534 586 68
748 319 974
310 124 838
734 369 153
203 462 49
217 129 651
700 416 35
409 453 633
109 163 108
896 427 810
741 397 30
70 858 771
288 271 706
96 358 850
862 853 808
848 109 573
37 862 429
390 443 694
322 526 29
309 1 248
218 1 572
211 157 190
364 469 474
379 133 1
566 695 393
35 141 452
38 228 623
729 602 413
352 243 587
59 210 576
703 604 150
160 427 80
736 877 1
837 445 613
43 349 620
512 458 656
202 41 129
256 101 221
371 493 159
418 776 964
329 857 402
323 388 896
597 358 385
176 596 324
138 190 833
686 349 190
432 188 384
718 652 760
231 810 16
669 709 821
729 114 1000
740 1 239
259 868 34
722 15 80
701 431 238
100 712 604
52 180 293
527 127 450
503 605 46
17 222 345
372 74 828
612 173 823
721 162 264
628 645 876
423 662 89
430 529 251
412 786 20
690 80 473
571 828 769
58 100 606
137 499 355
418 403 523
865 663 671
247 266 82
215 180 362
421 510 241
400 625 181
568 250 925
860 514 604
417 284 522
73 493 346
697 861 309
626 439 121
244 222 69
89 463 105
460 274 761
869 200 774
665 99 462
41 193 713
463 443 42
148 350 237
191 466 326
415 790 859
554 698 882
12 105 398
532 115 248
1 381 545
67 464 497
496 355 455
68 624 600
584 54 232
523 190 264
627 881 501
267 371 933
631 274 292
183 665 487
787 610 855
189 413 88
175 25 303
586 732 646
193 242 946
196 66 681
155 645 208
22 102 36
267 689 14
458 475 124
790 487 879
181 624 206
201 875 411
741 851 839
625 106 106
1 388 111
286 577 795
277 128 814
739 87 561
767 848 359
53 619 981
736 352 155
370 244 739
385 524 493
125 375 751
415 568 812
362 255 440
215 686 684
490 821 376
657 505 102
273 847 799
533 653 762
903 576 164
346 820 213
76 435 407
715 505 976
731 160 792
584 541 336
142 750 551
546 679 408
492 818 707
484 614 571
751 490 102
199 811 420
879 468 383
855 664 283
499 229 86
66 144 73
364 478 721
456 161 45
668 565 471
867 184 893
638 392 350
292 514 841
775 511 195
113 10 913
85 234 137
407 403 668
708 37 967
670 588 388
765 878 668
175 449 214
92 736 881
624 826 86
820 76 999
421 136 743
64 487 360
340 379 569
532 640 432
46 805 870
718 451 479
602 460 364
64 393 633
13 655 359
184 700 180
834 361 440
775 367 832
735 485 619
788 282 419
1 473 875
463 423 429
555 841 39
19 562 784
211 148 152
130 688 748
388 770 826
883 196 597
454 832 961
371 436 250
556 672 508
432 612 48
5 333 928
875 307 972
362 477 739
437 217 384
22 28 172
1 386 471
53 607 588
601 531 682
422 585 108
446 332 62
554 559 946
380 398 252
46 586 375
205 406 632
343 112 217
610 213 173
505 306 332
752 757 804
730 800 957
120 650 30
406 358 994
583 818 733
614 708 595
85 157 348
200 505 838
299 751 322
733 22 916
125 85 782
28 529 373
1 356 135
155 127 451
450 165 571
337 862 885
638 143 788
176 655 426
438 495 310
903 184 264
775 403 100
218 656 438
455 650 553
762 157 310
442 597 782
847 823 508
894 823 285
135 153 441
600 550 952
274 450 657
120 204 799
509 34 196
287 488 254
862 492 687
142 762 999
50 331 439
82 463 857
637 88 295
172 41 671
44 548 681
887 778 128
411 274 195
155 96 744
295 130 414
369 384 240
688 231 398
379 655 80
715 160 876
211 610 523
211 346 304
181 219 818
709 53 135
59 477 814
540 740 766
240 295 805
10 418 922
83 92 601
149 644 783
292 695 151
304 779 96
339 259 244
868 43 971
631 475 430
711 61 163
107 339 39
519 374 480
21 501 562
319 374 751
178 518 430
686 49 502
712 388 913
730 463 445
718 70 126
314 130 30
785 814 634
142 662 885
673 511 421
510 301 34
775 739 778
520 538 546
448 634 489
370 79 687
445 685 222
13 285 93
1 340 943
476 448 825
526 589 930
86 149 724
843 886 434
199 92 278
720 459 580
199 185 402
415 300 567
850 661 232
589 814 97
350 468 392
55 247 927
265 349 288
83 410 113
634 371 1
775 693 488
23 35 358
595 460 895
346 730 924
526 341 186
26 490 69
706 427 760
204 457 113
611 205 940
853 445 822
449 67 522
288 131 571
593 592 904
409 308 166
868 757 994
9 50 974
45 412 227
127 1 649
307 682 74
170 242 524
325 484 101
477 893 780
173 460 455
698 886 954
862 388 386
259 638 295
559 655 484
9 439 78
58 190 589
94 23 345
382 514 200
2 811 792
259 330 472
744 655 790
431 290 90
853 341 943
256 827 79
694 456 240
491 473 583
1 66 959
853 496 465
686 826 6
543 583 826
806 270 661
19 880 895
729 516 617
778 199 761
304 781 146
360 550 810
589 694 53
764 421 41
349 774 163
673 189 328
13 91 360
604 108 819
1 225 880
382 603 573
408 455 796
671 178 935
556 22 444
781 302 605
624 463 166
393 763 529
700 380 258
610 388 230
253 456 504
556 843 630
453 511 359
241 641 486
418 456 754
343 50 725
64 235 815
94 726 71
183 217 615
740 880 861
216 412 554
363 789 493
768 673 195
764 451 306
38 678 509
190 329 244
268 495 635
463 778 289
272 449 515
421 580 749
393 492 368
256 8 869
597 463 835
563 616 406
556 189 152
660 325 447
688 736 745
482 23 457
1 236 547
559 482 962
879 337 64
273 40 15
51 182 986
88 553 303
211 262 60
741 852 994
135 595 102
19 294 959
421 10 605
259 419 238
850 483 456
706 213 452
766 8 21
400 86 636
728 436 335
683 113 568
278 890 495
70 484 485
167 823 773
3 11 934
505 733 483
828 889 904
807 481 437
592 751 959
37 543 10
5 898 567
471 129 562
386 322 675
749 685 267
589 282 538
757 94 565
386 522 516
693 742 407
375 519 490
157 427 507
375 862 551
388 491 965
337 324 94
132 156 57
565 691 218
53 61 783
736 69 854
542 589 117
796 901 82
330 181 865
703 387 167
134 125 758
176 208 644
689 663 65
748 850 897
46 649 626
821 835 748
841 767 1
1 619 237
306 540 479
767 463 598
847 162 124
166 99 148
365 40 5
119 310 930
67 781 328
64 806 144
328 329 579
399 432 365
480 343 15
304 415 720
313 430 115
187 192 475
311 559 25
370 119 186
154 597 673
816 321 591
724 474 333
1 427 211
618 744 970
502 833 890
855 72 918
739 204 837
196 575 461
216 514 786
156 790 712
536 763 250
565 524 135
33 593 158
16 162 35
787 420 101
30 106 689
78 446 453
602 388 429
603 73 644
199 244 243
806 229 178
655 8 277
107 299 480
190 309 229
337 388 839
670 458 146
36 829 177
634 274 643
162 665 830
232 304 221
751 610 574
390 818 284
384 894 321
280 66 774
59 545 10
891 542 166
235 898 672
781 706 46
1 446 302
436 458 725
234 786 403
151 310 462
658 668 719
793 445 21
121 771 250
127 639 584
235 600 753
565 400 544
678 667 346
849 443 705
286 829 959
371 316 817
469 893 43
367 345 494
407 424 653
49 88 436
322 547 426
388 794 590
660 199 742
400 44 702
52 436 30
314 363 566
442 526 469
537 232 509
400 562 810
226 694 153
481 544 355
205 846 637
661 274 879
526 635 143
811 152 126
36 729 113
279 653 58
578 374 870
209 329 888
173 376 789
603 138 763
55 865 675
95 270 358
28 789 800
244 440 256
605 541 269
160 818 400
302 136 51
535 215 805
143 837 391
199 511 681
63 351 402
507 340 768
117 295 671
175 614 700
126 616 687
432 313 143
574 496 105
374 134 989
183 1 243
76 112 613
500 784 50
173 868 759
523 532 98
659 600 618
720 389 137
1 341 776
662 225 467
580 828 473
351 889 23
691 699 745
761 813 722
127 167 94
106 211 368
157 237 986
106 74 495
541 313 319
214 652 964
589 73 684
277 637 51
870 694 400
584 731 410
382 187 485
123 361 612
295 415 664
82 520 239
82 106 742
224 390 772
162 298 893
1 417 912
304 646 157
393 286 667
34 174 445
888 133 574
167 796 140
820 171 44
620 248 653
59 147 987
447 223 629
260 133 910
128 689 526
120 169 540
424 372 684
271 301 887
589 381 296
403 769 754
841 755 615
680 316 949
260 503 825
196 424 166
291 33 930
388 597 701
661 832 418
712 772 24
595 176 894
887 307 829
124 843 69
637 162 680
675 256 966
49 587 915
829 589 662
250 665 96
173 124 904
852 450 240
809 274 175
644 124 369
485 2 822
379 454 753
413 414 405
376 108 680
446 637 965
428 151 850
61 835 249
601 365 571
463 490 507
493 403 129
316 204 78
318 272 956
235 505 127
47 145 764
784 323 222
736 589 784
627 772 668
553 196 669
376 646 110
596 304 740
646 160 643
91 175 100
567 570 95
277 841 908
826 463 877
421 415 852
532 121 487
301 403 792
466 553 66
693 278 703
305 379 828
163 401 607
144 168 536
127 292 280
193 890 949
121 841 239
853 622 973
79 897 973
28 598 833
469 814 795
340 285 420
37 451 78
58 895 807
351 641 127
126 136 312
813 466 820
500 416 113
355 561 255
627 521 831
704 862 404
181 344 379
173 483 93
427 373 372
259 142 753
694 130 10
8 12 370
882 340 384
225 709 102
274 520 61
536 828 171
148 53 385
144 722 81
456 862 585
64 43 992
223 162 420
30 124 467
514 728 20
246 294 716
848 186 747
311 361 246
635 886 623
439 486 427
590 137 38
178 397 142
725 463 503
430 162 452
207 848 864
328 667 282
769 425 260
162 127 550
638 751 758
313 391 135
677 292 785
417 529 651
251 313 628
373 637 396
676 673 238
508 671 44
788 553 804
331 664 965
668 538 736
718 742 434
361 392 510
589 346 675
778 211 787
760 886 760
73 610 15
413 196 933
765 775 5
631 841 193
350 566 286
398 575 918
316 381 121
632 28 208
536 242 380
17 850 512
127 26 844
63 139 147
263 789 387
60 834 593
433 211 577
745 43 171
852 222 197
859 69 873
104 634 547
685 267 13
16 31 865
313 183 919
520 236 359
74 155 439
79 184 861
39 743 523
649 762 515
285 607 811
25 74 995
84 366 73
794 799 926
455 603 678
663 680 273
578 301 79
496 471 949
1 21 785
189 513 498
765 887 522
298 712 987
617 153 414
316 472 872
343 454 161
3 169 165
293 151 459
601 160 388
802 472 481
885 348 138
751 438 148
687 456 300
517 127 411
535 736 537
388 772 809
662 568 442
487 686 493
543 376 110
427 603 595
197 69 684
899 181 638
688 189 63
538 349 566
178 246 302
388 557 139
510 89 653
621 678 44
871 273 548
650 78 89
640 856 555
593 508 638
631 596 195
627 124 867
162 52 34
463 352 850
137 735 346
16 290 841
676 190 457
598 667 668
364 163 281
743 251 951
412 51 171
428 625 47
766 219 625
646 187 322
299 309 285
92 871 701
83 725 625
715 393 571
675 220 384
193 785 83
215 250 807
280 178 955
864 524 697
868 40 993
655 814 798
267 151 23
181 646 775
447 879 687
465 722 602
631 244 927
690 15 179
643 193 929
151 861 96
233 432 48
49 185 233
473 787 855
8 851 41
97 811 87
881 316 365
263 74 82
890 775 386
631 452 292
427 45 61
645 709 963
463 460 138
106 327 961
400 502 977
697 482 381
506 591 587
706 540 886
393 186 229
73 72 8
512 559 173
472 18 897
304 331 393
883 517 417
835 479 758
115 439 152
854 433 256
518 563 968
410 833 604
737 490 338
446 761 836
200 620 866
780 292 826
234 466 438
601 477 713
736 360 295
424 503 602
555 633 215
339 827 193
7 23 43
470 313 932
380 574 74
67 819 349
112 25 520
277 380 210
528 805 463
667 367 455
544 696 572
218 437 406
424 430 453
40 389 851
25 551 1
205 818 129
830 251 671
582 50 781
371 455 195
637 53 360
544 808 237
373 806 215
253 40 779
88 19 128
235 307 849
736 866 196
98 460 689
496 751 916
490 772 693
211 209 755
130 718 570
249 295 79
374 232 321
902 91 901
604 802 923
9 313 50
561 784 148
865 814 734
122 635 878
209 316 619
316 741 746
889 165 216
1 237 31
44 278 66
25 612 568
742 42 611
28 388 229
226 346 430
295 407 266
369 422 149
148 302 715
901 689 692
187 818 270
849 727 926
547 148 543
674 1 155
534 283 767
61 106 585
259 209 668
321 691 806
484 471 750
625 356 801
89 902 613
525 479 931
715 15 283
314 832 103
285 400 125
64 207 780
190 556 645
353 220 69
667 826 724
883 895 548
456 125 509
84 446 416
659 46 543
187 376 458
295 211 809
427 388 28
46 208 389
328 881 235
289 329 449
160 890 441
128 665 396
709 578 745
826 318 522
624 103 823
154 727 214
733 519 72
836 616 182
55 196 986
721 88 105
496 337 837
271 721 827
580 429 445
454 148 884
449 161 20
811 689 762
722 340 71
54 358 86
367 388 68
526 283 979
160 344 363
130 668 278
228 580 588
61 721 231
157 596 865
805 394 927
883 686 379
543 691 34
526 734 776
319 444 708
224 342 113
361 568 770
393 1 256
445 44 689
16 309 418
309 61 549
517 724 494
469 383 278
589 178 671
247 508 964
588 514 38
867 775 334
646 614 262
130 799 423
91 574 441
794 355 377
879 587 616
396 139 197
211 903 734
722 903 269
1 450 766
355 248 845
79 496 783
16 277 293
736 216 735
387 383 174
553 244 31
750 787 30
875 443 533
127 242 383
366 349 684
752 118 944
358 519 34
506 848 562
863 91 850
315 847 76
58 688 516
408 609 185
712 877 682
843 23 751
145 224 153
204 70 765
173 426 36
121 12 719
323 664 236
683 69 318
694 835 696
274 633 618
293 421 396
843 482 811
396 634 676
885 408 174
409 241 630
310 225 218
646 113 652
245 493 49
775 106 391
585 365 378
29 259 37
127 478 733
732 165 530
683 892 277
304 804 739
160 554 389
646 364 380
139 372 936
544 40 136
357 424 68
604 865 751
313 394 547
220 855 289
355 897 182
331 461 124
583 397 17
739 859 932
603 220 656
4 314 821
513 568 575
176 628 275
589 643 661
688 755 441
418 841 606
892 796 136
27 385 328
610 1 327
852 825 356
330 857 448
589 698 362
652 241 366
355 23 669
662 725 661
483 92 948
374 428 884
860 631 419
173 424 85
225 883 865
178 862 934
436 180 787
412 39 683
229 424 211
245 603 739
136 238 33
162 838 370
152 573 650
130 273 594
208 603 934
871 274 332
790 239 572
720 486 988
898 109 536
547 16 399
209 190 93
631 605 240
391 852 368
690 388 13
25 63 291
3 502 426
148 706 796
286 334 806
661 65 576
453 813 874
859 414 650
369 269 341
37 520 617
247 83 19
39 231 793
179 774 20
339 526 722
279 736 889
94 778 789
782 232 715
118 401 80
364 4 5
686 285 321
121 836 141
640 135 766
372 277 983
114 709 513
106 323 502
291 793 925
253 130 611
807 241 826
880 655 446
272 505 35
309 154 688
204 501 662
52 403 858
94 111 655
242 584 404
386 775 359
44 40 518
139 300 567
610 501 537
162 308 708
820 327 168
406 259 714
494 859 263
232 295 662
298 36 999
517 667 847
775 184 843
544 739 399
280 134 113
681 813 282
246 622 978
241 265 371
483 484 969
82 562 671
409 340 114
808 778 529
229 435 360
522 729 204
798 151 471
775 863 349
52 130 948
197 250 134
784 622 86
865 570 835
298 59 881
338 55 41
820 145 644
249 646 145
799 751 531
790 773 742
111 430 382
34 431 10
526 28 890
843 865 243
871 103 850
10 682 575
4 493 635
28 718 653
364 694 800
495 145 854
301 334 415
863 16 454
388 403 995
603 583 426
302 785 380
415 607 39
202 502 220
302 343 541
638 610 485
694 370 931
803 584 258
715 261 294
434 541 597
689 259 572
685 9 141
139 175 14
559 727 947
883 38 104
675 394 435
229 613 537
159 195 949
299 247 41
673 211 844
676 813 504
130 483 912
853 798 243
501 246 921
232 294 356
499 271 694
457 440 88
592 827 169
13 19 173
691 92 814
121 184 265
543 241 298
169 301 7
484 71 57
93 757 74
311 383 935
165 326 887
505 190 107
734 173 657
337 852 563
886 304 128
1 682 236
142 442 61
589 36 967
183 9 110
295 532 579
730 157 527
871 97 974
163 419 197
790 721 32
263 45 933
799 478 762
478 22 920
273 521 295
826 796 779
822 677 524
304 83 116
187 20 102
3 4 630
478 322 769
793 10 156
784 619 161
14 391 417
814 631 36
178 437 919
202 523 837
327 306 511
556 442 304
870 598 689
278 594 117
361 824 966
655 109 888
95 40 599
37 298 869
150 381 844
43 358 84
102 757 813
715 439 954
419 83 27
454 73 362
119 351 70
568 99 196
661 343 420
267 397 382
721 337 769
490 289 755
361 487 952
697 744 611
38 138 245
307 519 938
608 793 287
604 149 821
896 523 384
663 286 960
416 250 641
781 196 263
553 378 247
697 886 715
599 452 618
336 182 777
709 109 847
739 895 59
649 792 472
779 684 640
561 330 740
216 439 654
418 475 697
418 209 416
381 459 595
553 181 907
469 547 352
190 784 606
841 676 382
786 184 13
604 172 34
370 73 358
215 244 344
770 199 667
320 4 890
280 546 42
205 109 413
769 556 438
423 331 599
730 327 955
225 502 221
771 264 375
208 324 699
206 852 941
415 850 358
398 842 842
562 757 192
490 253 208
832 286 44
87 139 135
841 99 821
136 295 130
556 342 861
610 658 906
1 241 925
871 836 298
832 35 710
442 571 927
547 407 280
668 861 622
860 703 640
589 175 213
820 444 838
317 235 748
151 726 717
8 310 59
283 768 756
232 57 584
811 185 573
761 155 997
47 592 639
98 173 207
76 302 809
196 587 225
75 16 386
113 226 937
475 493 899
697 775 524
62 313 563
685 388 860
820 198 744
467 431 202
429 826 690
565 824 578
199 130 555
828 151 96
754 378 365
19 613 467
9 549 191
176 470 162
778 903 621
391 887 229
554 319 633
425 809 680
631 1 428
832 333 17
193 241 744
43 40 617
820 316 742
94 277 908
589 837 958
31 447 162
895 96 8
565 645 17
735 274 74
302 459 984
820 96 528
481 512 25
598 328 798
377 134 224
290 374 592
400 352 401
139 862 194
127 860 774
802 227 787
285 386 110
352 91 697
726 785 851
538 1 385
166 764 68
487 204 854
511 174 414
61 796 215
532 400 155
617 4 430
124 191 456
85 161 931
643 526 36
95 240 60
477 93 684
19 358 73
766 568 592
94 793 83
589 673 640
28 543 842
661 685 234
196 347 722
37 95 782
430 295 981
208 485 885
898 730 267
871 213 562
717 130 669
561 431 906
190 559 419
838 270 22
637 125 851
764 899 756
55 157 443
673 412 954
330 1 886
129 130 652
42 346 296
834 358 144
139 99 936
519 132 33
523 160 381
674 449 738
408 286 2
31 442 84
33 474 83
313 201 257
778 212 2
316 479 122
562 614 745
81 210 291
79 799 805
748 806 112
15 799 241
7 478 409
773 880 633
8 63 102
572 682 797
526 710 314
64 322 719
544 1 855
355 25 227
459 86 772
147 653 654
582 215 454
43 724 228
316 442 345
169 57 298
714 237 177
738 596 896
772 380 465
393 514 686
640 490 402
302 289 120
563 55 880
243 424 832
537 625 843
455 460 12
870 509 992
44 48 816
830 630 887
259 193 21
680 852 133
636 582 94
414 13 311
748 582 899
478 638 306
160 309 403
322 272 171
605 409 160
325 717 411
554 64 196
847 499 135
661 830 208
773 851 507
265 633 998
71 496 49
442 40 772
87 106 120
613 664 583
848 335 5
570 193 812
179 685 151
428 824 401
324 799 707
596 190 559
208 85 392
799 76 140
641 470 405
373 295 825
1 3 198
21 55 834
214 303 187
811 283 270
150 763 342
229 579 436
56 864 899
148 179 747
343 196 575
57 175 241
55 171 488
848 425 411
321 519 942
328 173 85
28 127 40
418 632 732
157 274 365
850 766 715
477 507 291
622 403 73
508 599 531
241 150 235
312 171 907
749 358 986
499 746 629
646 78 47
38 43 300
108 214 892
18 316 940
234 450 177
652 118 265
91 286 284
10 610 844
813 255 404
280 652 222
382 22 131
7 18 246
430 311 91
265 584 347
374 804 615
43 79 970
401 862 130
227 566 360
162 302 884
741 364 151
893 498 904
27 512 268
139 428 950
733 224 141
505 181 670
751 43 835
746 610 412
180 265 987
328 1 278
645 816 59
205 224 140
838 641 983
484 224 620
547 61 440
523 121 596
782 285 347
183 190 726
322 85 326
511 835 932
797 829 552
94 896 906
367 751 104
483 822 525
34 457 332
322 319 849
162 865 535
479 56 117
421 615 905
142 734 83
810 424 996
457 22 196
365 463 438
19 20 699
599 91 926
160 811 795
280 505 288
310 808 759
833 883 246
655 695 350
36 115 53
687 586 268
150 533 43
55 795 776
498 295 954
43 130 150
856 502 290
118 586 428
259 361 591
252 742 100
92 1 896
70 800 91
40 716 602
802 643 751
861 748 848
834 142 656
820 575 244
470 868 31
427 729 749
859 291 646
897 743 448
197 442 142
652 775 516
579 143 245
574 661 360
484 103 51
793 582 525
868 284 982
385 86 913
22 598 909
464 229 991
13 502 731
98 529 449
304 283 293
454 85 847
134 442 179
388 494 938
233 404 696
268 580 922
881 379 427
157 319 808
223 412 145
1 890 692
405 487 867
666 463 930
166 409 383
162 27 376
722 233 6
470 554 781
755 830 491
805 817 680
685 726 377
169 688 324
121 407 385
306 376 941
395 694 210
227 494 632
767 512 71
57 574 985
721 431 6
198 250 779
840 724 78
74 188 447
320 688 679
820 606 52
418 334 971
487 127 866
463 672 415
176 286 988
874 524 349
737 375 312
813 374 910
439 232 288
333 207 237
544 799 833
171 416 145
837 568 127
736 739 274
722 676 517
408 220 340
712 266 897
386 265 612
835 369 426
374 127 266
166 319 914
399 816 917
652 253 203
198 676 550
553 373 121
79 85 399
265 870 628
442 590 143
792 37 307
359 626 256
599 652 894
719 424 599
883 162 896
337 360 451
761 197 902
180 838 330
732 553 815
445 582 232
257 286 343
674 752 481
814 199 480
145 52 283
678 738 849
763 607 593
271 639 442
286 284 931
813 143 5
684 753 706
62 273 704
841 551 309
153 611 491
293 288 52
289 399 256
451 546 877
359 211 138
622 575 8
293 284 853
197 698 210
141 862 187
216 101 451
830 811 573
169 568 463
162 439 521
1 84 178
295 412 171
163 10 415
35 829 162
843 49 553
283 733 782
619 61 499
237 654 804
750 613 19
393 259 987
288 257 722
207 341 672
246 535 659
247 430 780
220 826 889
259 603 481
287 373 429
148 680 470
330 484 30
771 751 786
326 484 252
169 190 42
499 48 434
673 322 487
666 482 606
183 542 11
180 198 207
151 706 797
256 162 769
56 660 310
757 305 751
592 499 421
838 379 385
106 390 222
337 197 74
838 286 258
667 310 493
787 790 912
805 605 333
352 604 391
136 594 690
409 323 568
518 813 523
450 244 642
512 497 572
490 809 701
39 549 717
37 341 492
437 523 119
435 697 620
624 616 751
544 127 626
753 1 167
149 643 623
577 232 787
246 358 900
400 75 648
451 708 933
628 363 626
349 878 2
505 154 719
160 380 907
289 422 205
560 347 594
812 553 468
554 454 553
532 286 173
142 452 212
416 463 341
556 400 883
805 7 952
232 841 706
856 348 937
827 586 141
44 775 189
680 811 507
211 256 345
387 264 423
241 642 12
218 715 492
139 302 665
85 382 733
395 425 983
673 733 736
115 161 879
407 322 5
337 627 170
64 442 932
571 453 719
133 377 113
435 832 234
307 652 752
578 682 700
781 421 409
205 673 937
712 361 948
227 259 958
381 702 820
749 185 985
267 469 448
175 218 69
653 679 29
242 414 601
713 447 257
841 110 487
190 702 778
773 743 751
693 543 419
247 835 769
190 352 818
463 628 405
793 877 840
862 640 239
232 614 546
686 429 764
489 292 245
20 449 249
751 205 851
225 598 844
645 324 43
746 575 686
1 10 201
365 133 329
271 190 402
421 724 897
517 588 517
638 778 94
637 200 294
325 385 667
510 337 840
78 54 316
387 379 800
740 769 430
386 786 341
509 820 561
664 419 458
64 525 346
226 671 707
736 316 774
598 533 936
367 879 417
153 659 416
563 709 558
331 82 802
547 47 294
148 101 952
287 190 667
454 355 687
483 824 922
514 456 478
589 895 105
324 4 601
424 655 697
1 849 5
752 773 740
831 442 715
488 280 273
22 71 590
756 379 853
37 680 352
711 742 688
207 608 582
275 771 504
385 551 505
155 272 958
868 133 465
193 33 141
777 171 629
636 132 802
666 298 314
721 743 352
732 634 23
440 246 645
571 217 404
799 550 163
554 809 551
701 795 562
322 734 1000
346 427 795
498 305 4
260 179 322
340 580 862
601 845 276
130 634 880
865 478 180
583 448 488
185 148 829
35 378 858
415 432 574
313 625 640
665 427 423
223 148 748
446 143 394
250 337 175
164 446 417
794 858 209
720 312 970
342 751 704
613 691 681
148 115 998
304 395 426
294 2 140
475 110 111
121 826 53
121 556 588
840 588 622
348 250 944
232 828 164
112 249 58
89 135 896
876 46 781
783 120 544
79 121 656
617 319 634
116 170 716
227 537 60
450 568 845
163 322 768
565 675 486
756 568 405
127 490 326
120 627 339
19 10 42
316 799 12
658 120 443
166 526 901
13 17 455
445 721 962
589 748 561
823 260 18
484 685 555
106 496 698
65 177 68
732 862 882
184 448 209
673 442 802
427 353 163
631 760 570
226 683 656
649 327 626
398 517 80
152 737 1000
883 31 791
673 407 62
631 85 912
99 385 81
794 757 812
229 382 227
799 612 684
484 528 122
514 314 135
229 790 339
52 365 837
103 309 12
803 217 981
90 886 582
1 893 769
398 529 200
722 643 549
850 797 222
220 386 610
554 452 22
29 93 166
476 805 767
636 875 861
804 846 394
554 533 335
121 191 454
243 295 69
721 302 402
758 171 86
389 457 827
128 170 203
542 436 831
226 513 522
70 840 718
407 898 858
106 867 146
597 445 983
331 517 373
634 875 970
843 359 982
179 505 730
339 807 45
673 472 196
34 398 643
425 582 543
576 220 803
302 799 592
504 519 668
155 299 161
159 274 852
243 733 778
413 50 987
130 61 948
169 517 152
841 288 216
652 71 686
766 340 709
559 884 599
542 267 787
775 253 928
256 337 51
484 269 567
397 376 288
121 288 62
73 616 200
694 408 78
694 705 44
821 484 431
226 484 680
153 325 397
519 755 257
763 116 936
11 774 757
347 799 317
861 625 274
22 694 869
595 883 61
362 358 924
298 471 411
25 400 58
506 432 284
376 823 122
348 94 503
883 459 842
553 218 367
246 48 704
651 869 830
140 418 924
589 491 81
451 562 235
82 811 576
781 150 616
724 648 400
160 722 546
854 757 473
14 27 525
261 133 586
610 127 115
157 367 801
685 403 190
736 706 385
780 205 104
444 19 379
113 197 727
456 795 233
140 832 354
613 43 722
178 836 987
148 823 898
151 550 102
43 341 5
483 572 278
523 72 442
763 361 709
775 357 8
676 228 171
1 652 922
37 101 182
673 542 678
485 775 431
640 133 735
523 97 763
611 898 479
459 778 589
400 449 13
115 445 376
823 379 180
862 828 205
337 205 969
524 869 209
391 616 243
147 218 337
850 173 609
357 358 205
199 550 454
84 261 257
82 214 706
658 135 762
22 628 973
379 694 948
262 373 452
838 1 400
727 103 438
421 862 392
895 430 693
751 138 694
671 806 297
442 454 215
151 502 140
506 781 249
412 570 17
622 709 686
352 442 484
248 132 992
676 802 319
510 340 627
175 778 802
719 61 572
692 52 111
77 389 246
24 26 172
326 403 144
263 364 263
391 649 439
791 409 898
736 208 318
603 463 879
641 246 583
823 817 254
676 566 553
883 780 241
214 610 359
674 731 149
183 473 786
1 722 51
121 295 622
879 219 622
133 239 566
552 628 154
799 225 869
262 724 581
523 861 476
521 227 385
145 187 324
505 856 673
710 183 137
693 435 702
11 340 165
886 681 708
170 865 556
193 561 250
871 175 946
615 820 546
347 285 114
392 841 535
273 314 721
826 115 827
901 547 966
536 818 333
281 400 918
475 477 490
577 196 145
6 505 522
209 674 484
229 29 447
557 210 137
421 73 470
757 394 344
366 791 349
188 298 219
148 340 144
449 566 688
686 71 837
302 621 340
838 400 602
347 400 135
318 344 178
112 881 820
315 602 13
202 863 295
268 610 707
493 707 656
526 319 862
421 85 761
85 429 975
561 302 714
445 94 517
605 535 66
861 723 3
350 322 579
109 460 776
825 474 630
701 253 554
727 729 363
331 412 592
658 877 244
583 379 835
442 208 233
478 70 599
493 700 92
496 603 523
582 792 955
634 680 614
536 301 880
199 265 530
43 820 224
415 1 769
856 715 68
216 804 406
631 181 68
817 388 419
586 316 766
142 432 803
631 874 108
477 45 493
1 375 303
847 777 876
545 340 950
632 138 446
457 320 9
147 603 63
562 180 494
146 835 450
455 675 247
118 691 119
670 889 437
742 235 10
492 686 215
130 374 835
27 90 763
753 400 626
85 199 556
143 578 325
217 460 482
763 747 694
674 784 310
293 346 312
175 437 417
564 47 268
808 142 226
603 80 298
553 628 315
162 676 869
57 883 982
480 478 32
688 801 51
274 898 970
517 330 339
141 223 195
88 802 232
379 236 340
186 568 745
646 902 677
792 403 952
229 757 877
517 803 449
304 93 391
802 603 5
216 484 113
64 82 629
757 474 998
490 709 320
503 644 18
355 373 583
746 858 467
578 442 911
785 495 291
62 707 501
347 811 870
44 130 115
229 682 762
856 838 869
626 738 321
781 64 401
119 842 93
256 841 5
771 718 463
302 657 534
732 499 403
363 346 793
315 668 408
844 123 377
514 309 1000
393 571 123
595 322 545
138 418 103
38 172 862
376 672 75
120 70 104
612 205 109
144 758 22
64 351 376
442 728 908
785 212 404
248 352 525
895 322 172
641 765 193
36 1 764
799 834 96
683 162 631
673 400 919
595 73 420
550 111 196
28 199 413
13 207 478
768 96 572
267 468 601
732 702 550
780 379 193
29 59 509
182 382 180
449 883 746
840 553 527
832 505 607
802 778 7
148 442 650
289 897 399
413 481 1
190 484 489
281 574 118
24 466 526
445 66 199
444 643 640
371 1 1000
243 315 180
655 596 422
876 86 177
568 562 485
67 838 276
437 758 967
154 370 582
22 895 534
232 787 206
280 19 340
777 268 795
267 148 432
361 277 302
724 791 482
210 178 687
456 603 991
182 408 354
721 510 836
15 75 972
442 418 434
785 403 90
337 393 552
194 769 723
348 524 488
512 304 2
525 113 608
694 422 125
874 645 731
433 670 454
152 788 130
409 689 649
561 74 704
279 869 458
457 386 687
178 506 287
610 652 834
1 286 24
806 869 850
769 31 2
260 572 699
849 673 511
253 280 788
391 628 67
36 379 653
588 892 855
775 862 189
448 681 422
166 358 359
302 673 107
596 295 281
247 447 734
862 239 250
898 404 169
616 280 247
664 742 293
31 316 456
358 560 148
683 319 791
121 722 417
645 706 219
125 330 219
124 247 165
351 385 513
288 487 344
344 232 420
697 708 418
385 889 446
34 599 692
432 593 273
130 411 154
112 901 391
140 423 275
400 442 642
862 81 586
109 742 800
879 516 962
423 427 733
393 888 157
77 504 663
256 130 338
670 460 643
346 695 517
564 652 697
875 477 743
59 370 367
731 75 134
13 33 641
529 592 28
578 398 662
722 433 324
202 227 296
102 388 47
43 694 679
678 839 973
40 645 477
466 618 435
774 226 774
148 877 740
248 189 530
102 265 685
492 69 392
232 383 23
19 702 563
651 418 63
298 616 441
347 322 461
105 170 64
689 585 400
29 592 62
708 847 259
136 414 45
573 677 271
484 397 188
673 540 120
55 320 378
542 746 619
519 141 819
611 65 60
22 626 474
629 453 335
848 739 402
667 717 886
810 871 970
106 694 832
897 232 228
546 64 626
123 400 568
172 121 147
220 516 260
439 304 684
127 893 693
57 281 596
28 8 280
822 169 8
2 689 115
514 855 524
544 779 780
571 27 45
575 456 209
358 485 164
48 140 499
820 469 772
677 205 985
307 695 155
541 418 995
898 659 577
529 862 571
4 52 739
224 448 188
491 759 280
364 673 279
17 547 165
367 638 254
397 263 64
217 364 931
268 810 351
516 736 789
83 743 607
886 797 595
648 148 305
827 891 649
768 865 189
670 838 373
10 708 366
330 775 368
274 518 66
10 898 427
154 211 772
43 302 564
29 441 878
73 41 867
1 2 609
144 346 234
78 502 379
583 592 682
463 861 647
238 105 353
640 88 278
402 371 355
212 883 120
346 148 673
55 530 455
388 545 324
24 684 962
574 318 139
517 850 351
7 588 953
74 122 536
250 345 815
4 167 801
230 814 145
827 568 394
130 631 742
537 14 97
769 241 288
547 646 90
853 292 618
902 796 561
77 337 657
561 497 580
886 189 725
827 757 405
583 883 953
589 891 243
607 43 985
29 30 171
112 607 116
867 364 55
389 698 577
37 53 520
17 477 88
286 694 937
162 157 1000
317 760 650
897 440 661
154 673 825
682 211 7
18 33 144
673 216 88
8 407 475
421 244 293
4 215 503
844 769 590
1 169 552
771 878 372
762 484 161
162 750 437
190 427 21
616 645 525
239 355 262
79 287 746
652 814 375
461 768 232
775 651 978
42 527 659
823 684 735
519 102 6
879 756 645
838 712 47
141 161 348
901 710 17
533 826 506
211 310 410
871 463 521
606 881 429
430 145 339
44 722 121
561 526 510
178 796 838
133 433 749
298 367 673
306 895 412
697 190 738
823 520 411
871 687 80
523 694 574
706 316 405
520 275 35
484 655 99
568 594 567
218 456 111
769 645 346
574 680 416
802 1 241
875 67 80
814 209 856
624 211 463
487 148 905
862 87 76
13 131 702
778 66 18
16 792 149
611 130 54
695 854 346
466 73 242
322 633 358
307 41 750
218 304 400
50 620 315
842 41 430
373 460 648
535 367 377
638 720 323
273 324 747
883 826 201
736 580 632
28 243 550
889 686 911
153 164 736
719 832 282
318 902 839
24 877 292
83 502 934
855 787 394
365 550 171
703 740 920
199 193 299
477 508 201
153 257 122
823 104 733
792 165 512
197 272 652
91 704 352
4 302 737
429 380 98
203 208 56
302 52 786
190 630 90
35 410 285
434 646 120
677 388 638
526 731 654
697 29 479
890 97 146
544 45 936
50 727 39
91 244 258
731 126 677
763 705 712
169 658 671
282 87 292
43 372 373
253 22 497
550 751 918
27 645 81
563 448 396
102 345 294
557 685 807
235 751 948
475 268 86
651 517 673
241 85 354
661 61 157
622 673 209
94 565 154
205 484 47
532 653 593
175 875 558
844 325 527
251 853 516
675 286 886
519 271 190
547 302 264
505 526 906
568 483 406
192 37 79
592 604 692
645 175 999
259 727 22
394 687 465
124 142 63
427 170 618
64 861 31
283 651 681
57 420 199
276 372 322
295 202 170
66 85 746
448 781 851
643 531 956
279 497 118
772 114 487
613 397 436
896 664 58
512 739 388
558 590 496
622 324 310
82 367 673
373 36 11
748 301 681
249 330 229
799 361 593
81 779 937
54 778 708
680 295 151
91 130 567
851 238 538
435 385 106
140 357 50
864 548 498
638 635 135
397 517 319
246 409 879
281 190 172
219 764 942
794 901 489
405 442 350
330 582 537
149 42 350
730 547 245
355 121 689
895 214 76
208 655 933
156 206 287
355 832 12
247 206 295
564 163 112
619 712 39
315 727 487
755 210 862
664 661 859
619 373 158
88 558 938
304 253 432
328 550 353
531 257 178
122 214 35
711 606 675
84 225 11
93 129 63
595 44 752
580 659 561
638 373 768
902 783 972
259 639 217
646 772 410
281 626 47
751 25 984
317 565 636
212 267 753
894 672 302
219 64 101
859 766 436
519 25 532
760 393 544
699 366 275
389 134 283
19 607 667
711 770 768
449 584 772
890 706 134
247 289 519
331 679 672
125 820 632
560 43 981
112 345 299
359 613 582
553 519 510
546 333 436
617 781 923
243 787 995
504 121 693
176 484 821
558 821 369
81 178 627
733 631 559
358 137 918
80 36 64
672 236 398
652 844 260
1 903 27
848 577 316
261 281 239
838 778 926
368 536 503
154 445 347
167 215 138
92 566 146
556 868 413
517 412 934
112 727 326
52 25 36
351 1 481
802 148 205
330 446 18
704 456 648
195 306 968
68 622 621
252 415 601
802 634 21
44 260 653
880 526 661
765 157 690
871 601 644
16 34 560
370 733 261
107 205 947
866 211 624
202 512 600
411 379 523
38 194 77
735 457 318
37 666 770
32 691 728
621 229 905
319 446 741
86 436 78
515 235 198
215 277 930
125 127 504
766 217 846
475 796 12
208 72 288
32 186 577
556 233 538
505 109 136
651 806 497
430 883 661
421 248 788
449 167 976
166 130 919
75 642 434
38 487 768
282 439 895
566 621 328
571 853 472
169 283 556
610 517 732
79 442 495
759 601 116
575 134 667
181 431 832
64 363 200
202 533 63
169 321 397
658 869 648
499 39 572
893 883 972
134 238 135
799 845 419
550 40 167
568 790 855
316 270 307
546 659 975
900 465 684
754 322 548
31 617 97
455 484 187
22 476 737
32 306 30
511 740 612
148 313 101
699 785 576
409 720 878
489 677 643
421 385 288
823 739 172
656 25 637
529 738 673
569 768 431
496 517 569
196 503 392
645 724 300
554 505 693
879 288 911
498 407 310
139 466 719
764 748 890
225 39 49
189 787 451
692 384 427
208 209 1
45 603 129
148 621 613
353 1 805
106 354 50
99 820 81
84 298 506
900 363 733
104 676 886
514 443 402
550 149 21
681 455 893
54 222 890
298 223 144
823 638 888
217 609 922
505 433 159
901 666 516
398 199 507
433 687 60
654 679 167
127 883 998
97 526 212
101 780 464
198 91 464
781 225 389
324 643 775
813 46 830
667 5 425
1 119 671
726 895 416
512 476 488
302 83 591
178 245 124
333 582 101
814 285 627
499 464 624
369 733 571
121 465 418
582 239 799
76 373 419
466 678 182
37 787 805
763 472 365
349 847 391
118 255 725
253 595 407
370 898 31
37 727 481
529 853 685
588 230 356
466 37 147
650 889 901
775 73 144
699 892 746
174 398 905
738 80 158
625 486 841
553 802 86
703 689 103
127 457 381
728 673 308
883 211 512
414 334 633
727 887 491
750 345 494
394 280 543
78 187 343
50 115 236
168 612 782
834 130 655
272 616 433
644 467 628
771 636 803
547 370 462
222 354 41
613 796 809
715 379 954
561 213 782
787 45 174
425 280 886
659 127 37
73 307 363
111 423 642
392 591 754
502 514 897
555 340 568
402 218 148
171 219 445
73 870 506
214 248 773
473 124 194
264 388 40
19 439 358
595 221 791
110 480 959
145 645 661
1 206 612
433 485 74
310 660 803
182 748 586
262 433 871
134 439 994
703 295 550
795 608 12
343 529 18
181 440 976
148 257 219
310 523 507
470 666 996
25 854 767
358 295 341
202 403 662
192 252 958
481 309 615
446 334 538
508 724 1000
889 121 682
426 741 658
128 217 502
158 340 652
640 103 656
553 149 274
685 169 40
686 717 843
164 810 753
103 368 710
496 645 346
703 445 716
627 526 880
547 305 733
100 535 140
533 28 525
637 148 527
501 847 619
382 31 850
546 695 726
106 882 615
523 848 238
856 9 475
253 79 2
219 323 547
373 607 522
784 160 300
138 778 752
41 51 869
333 86 105
426 790 108
322 151 73
883 437 451
561 463 403
334 859 55
418 469 762
406 544 593
521 575 934
93 722 859
187 568 385
259 505 955
736 778 131
657 817 452
274 332 929
352 523 734
254 57 465
559 535 768
422 323 65
790 253 969
664 67 121
6 381 813
544 256 579
250 132 412
796 69 45
715 85 669
2 171 968
859 490 836
796 462 615
74 78 600
770 196 756
552 35 220
556 620 730
149 445 904
329 439 559
666 393 692
652 400 597
565 603 679
694 584 413
377 316 649
232 166 1
305 538 150
253 673 420
120 432 957
871 869 326
748 893 717
187 591 226
338 219 639
820 281 122
1 39 380
689 141 372
281 160 950
799 171 495
238 668 698
724 231 39
619 139 256
714 697 100
37 114 940
522 396 235
99 358 621
271 496 18
735 504 573
706 786 930
397 79 492
45 721 295
254 451 763
161 632 204
760 233 420
153 106 439
513 167 25
130 721 901
58 92 189
150 726 634
193 35 694
670 421 854
505 553 285
536 902 969
883 640 364
616 691 192
78 298 94
646 455 462
771 778 952
85 775 767
204 52 751
697 505 144
745 343 550
484 128 230
17 876 29
701 346 13
788 343 710
683 680 790
47 53 192
687 755 110
503 711 333
646 319 187
190 862 199
778 818 513
387 652 801
484 721 908
679 673 184
721 379 535
832 250 525
622 298 177
703 884 610
640 232 894
675 808 553
399 750 753
265 799 993
298 107 144
238 315 396
22 533 69
457 416 626
739 259 149
352 221 742
575 764 731
33 389 185
377 298 877
133 603 190
364 407 931
704 151 642
366 568 300
193 214 680
268 449 776
505 742 371
870 757 677
211 754 771
247 421 95
785 819 884
97 279 1000
158 336 415
247 196 728
58 345 64
105 836 897
682 358 394
421 757 848
833 304 337
67 263 751
253 811 68
219 649 338
581 526 669
221 386 338
726 646 598
160 628 751
164 316 795
613 384 754
281 805 288
553 152 898
230 238 599
835 208 909
704 658 224
109 118 577
901 656 36
274 649 383
291 304 835
871 367 492
229 141 511
286 471 910
680 678 564
114 557 878
764 177 123
43 162 280
354 750 285
368 551 876
285 424 669
80 813 943
29 554 627
391 767 179
367 496 830
876 28 79
701 560 866
435 140 986
637 802 432
519 379 447
784 278 534
723 253 793
254 412 193
233 285 754
85 229 410
583 73 59
851 645 869
535 844 862
216 52 38
440 518 261
660 188 187
712 208 590
491 614 439
52 457 392
331 719 496
599 321 407
468 199 168
771 541 418
265 568 523
834 58 784
560 856 371
775 418 724
137 763 142
430 587 497
582 87 1
352 766 90
701 709 577
800 541 661
260 748 851
43 72 230
590 194 930
36 612 772
292 636 553
76 183 404
496 40 442
57 231 532
859 519 208
596 273 161
690 438 401
332 230 763
619 151 799
648 491 730
733 57 99
145 70 157
72 163 39
598 802 90
604 317 741
664 735 173
652 709 821
302 100 253
273 806 721
56 110 846
308 668 914
295 535 795
448 479 155
559 368 790
135 117 74
262 412 158
52 544 100
14 619 184
118 148 210
806 307 761
688 105 346
7 173 19
442 724 781
470 744 449
578 493 195
523 886 377
235 571 64
157 156 309
514 191 134
227 393 45
462 69 455
97 76 391
837 826 808
127 16 222
820 598 461
564 700 352
43 24 193
712 646 618
827 743 540
388 778 576
305 730 387
6 596 710
743 369 437
34 879 772
72 239 914
397 109 459
58 31 184
193 172 614
115 271 951
9 618 242
703 794 411
642 91 423
565 736 391
855 130 302
342 897 129
25 45 449
302 480 137
507 889 485
482 757 642
601 886 763
718 819 539
802 303 550
286 467 737
801 268 302
826 612 383
236 887 835
733 787 816
520 692 103
351 604 330
1 6 557
267 288 127
296 408 236
43 597 222
409 769 524
161 236 744
383 528 493
682 433 153
200 642 548
500 675 452
323 745 348
169 115 712
433 226 336
487 579 203
467 31 220
674 219 308
870 247 142
331 455 287
150 254 584
379 883 984
299 496 957
814 727 887
55 802 938
648 407 617
408 118 522
74 565 154
226 394 182
528 56 922
613 22 948
414 249 491
544 22 423
192 444 159
623 28 216
216 616 162
541 627 741
346 374 956
466 211 344
309 70 920
441 259 953
162 403 140
676 251 505
278 547 780
165 57 905
367 309 998
345 645 871
420 438 617
478 672 310
120 212 873
216 229 464
646 673 728
79 715 686
688 375 484
424 250 802
607 219 23
66 775 407
70 665 900
193 656 616
695 387 1000
98 691 404
223 322 555
210 388 421
410 142 159
400 110 548
109 718 223
269 709 222
370 800 9
795 661 251
841 82 354
25 857 130
106 351 331
172 535 302
81 502 672
442 544 187
273 330 850
9 13 486
2 76 456
382 567 161
26 817 964
718 757 6
568 540 391
58 614 600
214 356 704
85 163 247
545 670 415
535 378 933
772 592 559
388 482 900
242 772 452
565 370 889
31 613 349
329 646 997
315 290 443
680 768 20
797 343 772
442 623 872
640 652 592
133 632 610
595 66 810
631 340 587
59 358 208
118 617 749
244 148 626
60 897 847
67 1 79
98 356 855
1 15 127
1 643 949
250 506 761
627 641 424
799 595 839
180 467 782
148 833 699
703 484 289
5 44 249
135 28 413
418 388 587
616 425 172
400 24 282
192 895 300
100 253 867
869 40 807
115 178 53
874 801 646
395 727 780
702 771 417
33 657 564
14 548 943
896 355 869
697 448 823
314 167 491
364 427 222
302 722 345
142 126 977
832 880 733
699 130 51
40 696 222
218 581 178
337 111 856
688 567 808
545 421 623
655 275 786
196 301 114
453 554 263
646 894 166
490 95 676
51 258 180
283 775 988
22 581 841
771 619 245
625 622 263
283 10 650
736 302 273
566 882 241
318 757 751
703 28 695
412 505 789
466 415 190
800 205 49
283 637 467
315 523 188
468 337 709
382 435 758
591 253 288
556 259 621
229 174 491
84 409 862
811 54 533
208 685 492
451 403 231
5 440 64
595 625 234
132 214 780
785 40 279
879 673 945
237 363 232
577 630 691
430 437 311
181 391 93
556 859 429
227 734 49
706 339 786
146 318 851
413 779 146
59 622 326
185 490 469
889 52 858
425 184 141
47 253 725
218 658 824
1 787 23
213 545 306
856 621 214
134 293 521
521 106 99
171 601 572
184 61 925
359 822 880
100 489 505
364 729 70
675 812 813
877 220 493
802 19 558
660 12 52
277 833 4
232 38 839
239 193 770
157 489 631
463 324 706
561 544 153
306 106 367
73 664 854
232 262 115
771 651 333
700 820 680
370 97 143
14 60 215
155 460 175
16 200 574
813 225 639
40 556 875
286 271 709
574 764 565
847 645 476
317 173 145
857 700 920
529 190 783
589 463 518
145 661 174
706 118 634
452 772 435
670 264 592
190 781 639
568 667 852
193 699 927
76 308 745
658 632 97
329 568 312
149 353 306
202 482 554
313 832 171
43 85 564
15 38 160
289 222 34
221 737 973
239 64 332
698 890 661
197 171 151
61 439 661
370 396 448
436 517 877
8 134 500
67 203 556
180 100 144
493 228 32
193 387 153
451 512 707
312 799 973
583 640 859
30 465 226
166 787 321
739 669 153
388 618 705
860 508 189
204 358 955
473 316 600
262 448 543
655 391 452
16 316 891
319 286 446
319 697 552
137 185 254
254 514 582
153 604 314
876 61 415
709 616 396
67 29 590
850 176 135
168 533 991
221 596 835
211 626 914
808 735 785
41 279 530
337 429 690
183 391 117
544 292 330
358 820 65
94 73 666
824 148 160
871 827 153
484 219 160
867 235 451
55 160 345
176 610 742
208 696 651
253 840 104
820 229 278
785 394 439
140 764 556
402 46 969
196 787 252
404 50 900
793 52 789
669 782 140
799 299 963
140 22 580
150 338 851
770 737 25
113 757 964
613 589 1000
463 400 145
540 304 19
139 691 757
343 10 88
97 335 74
517 580 833
340 155 938
44 110 379
643 658 585
216 406 502
37 345 294
335 799 338
442 644 296
584 603 606
838 610 262
20 516 612
517 619 889
358 837 739
59 874 657
891 801 472
130 352 900
211 122 746
553 269 74
664 556 235
613 861 579
349 306 775
241 782 868
124 400 943
898 484 974
518 519 661
722 315 121
357 797 91
843 553 879
157 11 681
245 287 504
205 382 667
64 248 833
557 303 209
263 715 431
154 468 305
679 131 794
387 776 304
636 17 431
519 408 814
211 539 663
497 638 760
44 565 114
326 201 880
551 593 317
463 40 649
286 673 670
570 799 213
134 727 288
551 892 891
541 309 286
659 756 920
14 16 765
111 166 881
295 349 386
679 1 393
90 480 66
7 642 702
178 631 124
449 445 479
578 359 233
244 616 956
212 220 999
754 277 237
830 176 912
379 8 753
227 598 39
445 499 31
35 66 175
43 825 871
547 1 423
742 271 273
443 355 435
146 891 638
455 857 977
290 43 570
600 145 114
43 775 549
169 773 429
65 400 579
658 897 216
8 727 169
625 301 845
85 190 332
619 676 471
850 89 336
715 709 136
851 582 323
442 306 195
574 379 199
841 701 61
7 550 141
788 470 525
182 566 135
406 139 619
337 653 918
379 531 196
95 468 57
407 406 234
344 547 385
529 470 494
775 769 159
201 31 654
503 519 812
600 871 569
679 704 620
511 565 957
524 899 612
111 661 740
295 463 307
784 169 575
578 880 895
109 829 960
415 256 1000
394 824 740
355 766 750
568 659 102
536 796 172
707 144 265
8 43 535
232 781 206
98 154 863
870 288 57
514 724 960
15 643 358
628 393 666
180 575 272
577 6 239
379 484 353
635 301 370
36 765 523
213 369 103
673 172 797
537 39 278
34 553 40
644 652 936
234 443 802
479 217 744
180 837 194
817 326 842
679 176 936
304 832 950
437 406 281
345 258 892
505 804 579
656 238 459
834 84 993
757 154 364
217 701 346
43 553 579
461 568 457
703 520 237
374 831 728
54 242 58
204 82 264
157 395 724
397 378 611
754 587 153
532 277 395
43 734 133
613 505 831
171 496 597
77 474 441
328 856 823
848 79 411
210 862 498
32 364 27
550 649 556
202 520 653
548 679 704
157 525 855
303 511 2
452 309 726
859 587 658
612 720 252
446 351 706
7 741 911
834 114 280
358 612 656
612 639 266
898 511 170
118 681 904
66 380 922
703 153 41
487 106 170
460 262 807
470 676 867
862 730 130
105 711 450
225 855 356
67 275 960
680 162 940
8 532 860
709 229 297
130 150 556
519 176 95
732 87 945
193 229 241
10 844 594
484 1 987
832 463 422
577 457 849
289 232 141
91 265 742
327 111 412
148 716 771
463 267 723
720 829 880
312 365 578
39 674 851
501 868 812
21 874 458
718 500 824
127 270 648
589 820 404
433 388 967
721 628 724
526 345 788
844 814 82
511 631 780
800 292 319
496 385 190
297 354 466
216 32 407
895 874 451
361 750 688
458 752 468
117 320 371
696 130 288
640 716 88
405 477 248
443 703 953
242 126 190
678 511 186
157 307 285
229 127 616
603 154 581
378 454 782
504 706 461
288 50 365
291 297 979
20 268 218
886 274 574
592 248 845
806 208 837
63 521 470
710 881 178
883 250 443
546 36 360
831 509 334
357 541 157
500 367 181
358 94 942
93 253 729
685 586 948
77 526 686
892 258 396
39 99 643
616 473 806
817 61 11
462 717 612
772 708 775
778 190 31
646 898 583
792 610 820
193 883 377
194 665 548
818 385 85
57 424 99
126 550 343
534 1 764
730 799 516
817 505 299
535 643 82
673 902 90
82 139 241
560 268 23
52 488 184
603 640 50
421 901 299
857 709 832
29 280 437
709 428 370
292 58 748
196 880 329
680 228 200
604 568 967
836 883 337
65 802 269
800 899 692
244 448 231
282 530 280
106 309 370
319 64 197
177 148 513
19 277 413
125 313 956
400 540 740
593 318 225
565 259 517
447 588 114
526 751 260
307 320 462
210 118 95
463 890 501
505 10 800
700 256 536
1 634 364
215 233 473
868 79 762
257 314 356
355 692 774
29 488 675
758 519 742
484 874 31
310 105 801
1 533 766
709 426 990
463 723 621
382 323 323
634 301 425
63 187 21
131 48 437
709 522 351
824 498 294
164 500 401
520 677 798
394 223 383
286 208 22
568 405 251
27 42 642
74 606 186
193 868 53
61 98 496
407 799 914
700 64 269
802 883 331
820 345 387
410 547 120
130 523 840
284 530 563
262 491 331
55 217 966
755 442 514
85 127 204
455 475 553
646 106 481
303 127 567
365 504 824
316 825 640
618 64 533
448 100 17
69 861 999
284 385 472
783 209 147
214 162 302
292 342 401
587 582 592
488 765 520
855 418 842
622 574 226
220 778 540
267 127 156
15 583 270
97 181 629
166 407 171
25 31 14
26 87 615
609 388 316
517 337 513
105 754 82
177 807 201
218 705 947
351 316 174
169 816 278
312 189 568
566 851 516
517 420 829
577 24 92
584 571 179
427 886 353
512 540 846
34 118 863
763 358 197
792 92 908
376 811 542
513 875 116
293 564 118
179 183 985
463 813 134
805 106 843
352 781 544
55 516 554
438 827 894
557 843 153
897 328 858
806 85 832
634 734 560
100 438 184
421 116 111
899 509 763
442 633 505
301 620 693
397 365 883
174 712 563
376 720 730
388 223 225
778 694 395
903 222 490
664 690 186
838 169 268
100 547 677
334 487 485
205 623 463
164 114 299
540 570 45
139 519 852
400 246 387
697 647 131
409 262 690
712 358 624
724 505 542
413 635 466
166 46 649
101 624 775
427 888 259
679 583 54
345 812 940
124 774 934
260 576 95
862 706 378
295 464 146
686 823 761
835 789 344
155 463 254
112 492 231
287 64 628
414 28 597
785 629 267
9 571 858
95 143 784
388 886 895
283 352 443
271 295 6
799 26 634
146 134 501
337 778 60
427 507 152
205 878 310
173 172 818
335 447 9
201 1 815
196 610 177
369 694 492
162 369 614
845 67 725
880 460 440
86 26 232
123 459 308
14 381 416
432 847 491
145 15 364
358 248 82
477 679 512
127 375 181
132 532 669
484 232 98
499 502 495
897 648 642
817 274 525
723 552 399
298 811 227
853 772 839
616 115 885
532 167 85
8 456 17
527 235 494
76 107 126
91 417 898
196 649 515
832 610 542
176 268 300
678 742 599
165 253 195
293 662 785
379 554 814
198 550 48
391 44 743
633 470 879
481 543 71
373 841 399
267 304 90
187 803 336
377 91 112
328 577 312
10 117 409
745 159 674
197 598 777
276 568 592
658 899 832
646 729 385
334 212 424
337 802 145
481 733 177
88 154 878
745 22 739
132 856 689
829 74 470
201 266 41
142 772 660
480 37 96
486 470 535
393 174 592
436 486 959
444 891 782
388 591 442
16 459 867
701 725 494
47 409 57
346 475 83
490 345 206
654 404 688
289 339 837
283 643 674
510 439 587
683 554 240
475 53 618
13 273 443
667 780 673
792 874 618
665 855 129
132 64 305
411 610 919
679 873 358
230 120 560
217 223 792
263 814 903
156 442 698
697 763 786
87 196 28
253 271 532
427 616 583
95 608 467
830 820 23
267 457 282
385 494 572
773 130 468
515 881 70
19 525 126
400 307 675
595 740 463
876 339 531
800 379 313
320 778 651
470 574 168
817 898 786
351 248 641
238 305 804
430 122 78
94 550 625
309 631 393
92 793 801
559 521 137
153 275 881
759 294 588
24 73 548
267 168 233
325 274 558
798 610 700
76 337 659
787 638 933
603 784 261
190 199 506
825 792 528
39 382 356
385 139 192
404 894 217
539 268 576
199 427 600
364 466 502
237 535 547
667 313 656
38 158 620
160 790 279
191 205 877
162 79 185
654 775 967
218 617 948
653 666 177
274 592 17
409 736 303
662 16 374
149 216 828
141 169 588
445 778 75
17 405 438
397 94 14
547 834 372
115 799 282
661 151 373
495 216 833
144 218 174
286 64 723
732 240 647
783 130 782
736 22 289
667 688 640
671 841 664
415 24 784
44 757 64
259 679 153
760 814 66
488 48 393
774 168 893
568 64 410
789 184 923
620 502 353
391 72 172
29 43 841
511 106 591
493 142 155
543 722 249
353 224 434
415 700 515
330 386 756
848 22 900
827 362 431
762 604 755
11 631 104
347 901 362
455 110 355
215 127 535
490 464 649
97 789 453
130 90 778
739 64 569
715 34 461
653 42 811
297 134 725
379 834 468
805 575 149
350 124 782
377 579 131
556 394 996
442 372 212
338 744 997
719 32 249
106 876 468
899 829 979
661 683 148
732 577 428
5 14 51
280 827 818
148 592 25
580 705 146
170 734 277
628 445 733
319 811 314
370 226 727
456 130 522
112 547 45
108 487 209
533 799 635
753 310 754
61 406 277
120 386 362
125 547 751
304 889 316
355 490 925
568 7 199
520 361 551
457 274 36
146 268 262
421 444 137
298 730 570
178 367 435
134 264 830
505 457 735
66 578 85
495 650 325
859 778 774
286 802 307
142 260 397
709 514 571
71 865 686
741 216 27
139 712 641
141 463 298
614 529 100
298 656 61
61 828 514
126 127 331
385 852 305
341 26 758
317 214 832
406 214 141
741 812 626
142 38 422
673 403 328
204 299 83
238 739 837
388 836 713
737 27 587
29 862 208
274 806 851
240 160 188
582 21 539
463 838 428
325 747 356
486 239 33
119 746 393
382 424 310
248 612 537
99 719 500
253 148 448
544 455 299
295 667 565
65 359 94
783 259 656
830 794 622
11 517 977
592 57 33
193 1 377
524 157 684
781 766 632
437 196 12
58 64 192
713 859 217
260 703 387
514 226 811
232 580 224
275 807 972
268 755 142
269 861 769
139 360 836
580 140 232
796 218 428
229 805 653
487 835 136
3 9 929
19 537 179
648 834 970
547 376 185
24 49 646
596 826 851
340 603 231
16 546 312
463 57 289
680 809 540
97 46 220
896 814 458
835 378 696
290 534 265
760 484 772
283 143 928
177 885 986
535 106 58
304 7 128
301 78 487
63 657 908
597 793 31
63 303 364
93 526 186
121 74 992
761 560 65
148 814 939
181 456 828
367 777 759
902 377 285
718 415 904
114 373 491
793 609 798
148 201 973
15 775 782
276 691 999
680 771 963
261 148 77
292 736 665
549 281 754
767 800 504
814 7 977
310 796 555
334 745 845
556 815 379
899 689 647
789 158 481
754 227 815
136 364 550
591 747 894
652 693 423
673 303 25
169 237 547
371 802 813
784 475 570
18 80 993
694 68 57
190 646 115
793 715 953
95 70 628
463 571 849
761 718 495
624 472 973
78 470 766
775 484 800
247 462 687
514 346 864
535 380 907
115 259 295
421 548 360
484 535 618
541 127 567
56 556 811
37 96 524
897 280 406
355 479 145
610 233 930
22 265 587
127 709 17
424 603 714
778 659 596
764 855 733
420 23 366
294 634 643
17 121 871
268 47 766
431 99 577
25 740 456
779 220 986
31 857 78
306 264 695
435 614 832
235 684 967
39 623 914
892 547 543
69 692 153
630 895 608
724 16 557
643 619 763
176 106 513
82 272 85
194 64 624
475 435 567
826 653 577
703 543 983
561 832 109
525 353 236
415 32 220
778 875 19
843 673 331
308 256 895
687 589 333
658 865 249
179 458 450
235 387 585
267 862 708
348 782 26
254 474 705
109 4 187
274 887 414
85 178 508
688 347 26
576 798 207
727 141 564
169 871 984
172 901 177
285 820 958
334 667 877
853 685 800
425 172 97
694 568 185
598 1 950
222 267 180
106 280 576
56 548 641
106 651 640
729 827 700
642 870 944
577 595 666
673 395 462
202 361 720
8 854 905
684 610 284
76 217 412
463 24 539
826 505 199
322 265 863
428 163 120
582 313 562
1 216 229
182 512 860
446 844 741
718 475 255
568 1 308
118 113 685
397 43 483
421 379 177
559 65 701
304 550 215
869 552 191
798 637 861
827 16 103
817 44 992
64 755 883
391 335 834
634 331 704
253 733 629
895 575 644
769 259 549
251 679 518
697 778 470
357 818 793
15 400 514
886 316 116
470 891 11
264 274 721
849 232 406
694 640 419
791 145 140
47 536 311
397 133 437
346 638 715
29 219 712
16 784 339
299 695 766
196 871 556
802 807 485
413 86 777
613 859 230
225 199 686
202 503 970
889 888 384
523 74 182
646 697 652
712 605 201
685 232 509
89 547 708
295 858 275
524 481 975
220 58 508
713 414 21
319 501 606
63 434 580
166 673 668
296 365 287
312 830 555
480 234 558
1 458 63
43 451 692
71 471 826
186 670 513
324 9 242
274 353 14
637 827 322
370 106 513
173 523 145
259 460 487
604 394 684
11 168 115
64 281 167
660 766 234
379 835 109
898 330 532
514 99 771
862 690 59
370 655 104
269 293 987
247 227 557
448 259 869
681 137 341
91 810 777
850 316 184
819 294 516
721 301 261
258 468 85
5 7 72
727 482 333
448 189 592
287 631 65
142 405 271
8 86 148
837 456 420
355 649 232
427 150 407
709 661 64
61 107 991
260 377 692
349 115 123
188 254 770
13 37 887
121 43 243
403 834 903
652 514 684
193 852 734
420 393 870
9 137 703
1 32 696
253 397 98
204 532 679
706 127 283
790 148 789
85 594 732
667 474 792
144 778 651
769 157 339
331 469 819
897 676 229
754 334 523
28 478 351
240 50 378
122 22 327
529 8 209
814 862 431
844 214 481
346 302 707
109 656 831
225 37 761
466 876 444
321 12 334
862 575 271
67 549 872
477 48 641
659 869 690
722 36 768
763 685 484
410 148 102
7 54 606
375 394 559
574 809 203
258 488 555
680 343 766
33 903 481
810 373 347
142 85 61
373 802 432
22 97 925
598 275 700
711 579 895
325 755 412
438 664 68
130 442 448
49 29 845
3 769 794
12 94 774
1 383 103
456 430 572
555 442 502
261 621 70
88 76 689
373 141 185
859 4 178
288 609 618
312 303 959
220 232 701
448 749 436
157 646 76
800 873 943
596 185 535
197 64 19
537 447 751
500 431 595
547 266 678
476 731 888
805 897 469
269 447 830
605 481 722
643 295 767
25 807 48
281 888 717
701 19 387
304 15 191
721 239 287
571 473 134
198 102 709
1 316 575
169 193 891
526 483 634
226 838 535
58 175 339
139 74 209
431 202 836
778 301 498
772 778 622
832 57 223
596 547 100
1 435 108
346 255 615
19 841 671
27 484 774
613 20 140
797 175 47
193 769 721
390 389 795
400 159 950
758 768 846
603 758 102
105 17 927
476 233 889
586 190 520
461 121 96
541 119 415
337 652 475
354 844 280
79 814 291
221 848 329
596 286 464
442 818 434
165 194 520
192 155 398
688 723 495
313 524 94
229 311 869
277 783 597
420 156 447
97 781 718
505 387 178
811 547 273
344 743 180
894 203 519
43 170 930
785 655 100
275 357 802
470 459 279
869 526 943
687 140 631
345 148 136
783 538 594
652 721 764
1 4 739
194 485 520
472 521 73
177 416 175
384 710 722
827 331 619
127 685 548
216 900 720
564 634 356
563 652 388
304 397 791
136 463 649
160 603 677
633 667 857
478 556 801
850 211 199
589 39 772
329 156 881
265 571 175
895 553 605
892 505 361
444 652 518
746 299 595
636 574 761
751 512 449
217 81 189
898 302 966
883 691 923
862 595 838
171 298 283
352 430 244
409 639 369
191 778 768
658 47 352
871 781 464
353 846 425
28 154 474
559 868 559
413 1 20
892 694 749
722 13 946
817 745 537
822 58 721
341 91 301
329 668 659
559 248 308
883 1 650
730 13 879
196 163 570
337 236 428
567 436 360
385 561 657
787 781 152
70 757 4
128 538 446
145 545 602
283 92 753
736 418 748
866 223 12
222 319 196
589 406 56
808 667 717
109 883 65
469 379 365
130 736 925
51 167 903
1 56 386
65 826 13
48 294 415
428 127 319
81 301 879
299 597 82
601 13 237
700 43 751
589 809 959
211 264 525
743 830 438
250 90 815
534 512 986
603 105 122
673 190 603
18 358 496
235 709 293
232 724 520
40 119 343
784 316 802
744 265 834
388 887 423
325 247 354
149 223 710
219 588 976
66 616 331
205 815 833
814 467 48
560 876 480
167 35 729
640 688 526
163 369 474
70 667 188
716 61 141
355 337 193
764 862 203
677 43 462
514 80 954
253 787 771
94 532 651
427 883 892
889 573 407
42 58 14
322 209 629
493 806 312
183 835 671
85 316 891
756 115 277
281 462 653
118 806 408
715 100 534
593 466 356
775 598 674
61 148 725
533 147 997
345 700 85
42 336 77
650 464 926
631 303 622
82 660 165
137 269 69
388 652 969
390 784 295
128 542 145
17 143 877
252 596 40
889 225 364
589 505 796
657 253 265
845 442 132
808 292 499
774 470 637
79 149 567
676 826 60
782 259 293
267 676 280
389 547 286
260 681 801
263 323 861
886 540 742
896 351 775
612 889 571
400 177 236
295 421 392
98 490 39
688 466 541
88 228 835
121 762 666
895 260 188
153 169 611
623 561 782
828 775 239
886 173 569
406 55 128
344 148 361
80 312 780
289 655 115
521 328 973
826 340 387
588 63 965
603 52 936
124 412 914
784 494 775
22 248 894
118 869 683
869 617 630
742 474 89
680 232 579
28 719 722
325 589 318
778 526 344
664 884 646
757 535 647
250 77 285
771 611 860
547 816 917
646 443 157
280 676 434
487 789 427
297 244 27
192 685 837
646 589 47
799 633 580
767 121 724
214 586 873
715 169 775
746 508 259
412 65 23
620 503 222
78 562 234
628 157 631
80 526 856
109 876 285
412 838 130
847 124 362
825 337 384
676 88 600
262 426 294
7 71 119
489 523 619
890 403 593
722 376 558
32 488 580
53 202 521
300 865 918
115 337 861
418 60 729
733 48 220
408 553 414
34 544 500
179 239 738
857 352 521
880 267 212
785 136 929
471 720 188
373 178 351
259 359 30
64 120 13
691 785 931
312 480 297
140 114 170
261 251 149
532 397 369
883 85 900
898 355 272
670 769 140
877 121 428
283 731 854
344 841 330
841 673 261
603 82 11
843 118 775
877 855 25
778 455 391
523 120 212
1 445 684
852 40 890
286 402 641
113 22 69
604 208 869
644 859 350
49 459 365
225 257 140
559 361 285
536 875 153
757 415 978
696 855 683
302 99 137
543 253 245
528 679 478
83 227 724
184 295 810
637 128 593
175 253 74
309 337 781
274 260 805
699 538 19
396 148 836
82 769 547
370 475 830
469 583 545
674 386 769
212 879 294
354 12 702
879 890 301
600 649 216
817 234 292
666 366 231
70 424 523
238 709 996
97 585 12
688 393 716
43 169 664
646 169 185
431 669 409
250 79 237
470 403 160
1 59 951
684 379 51
253 697 378
616 160 879
652 414 333
533 119 393
141 685 549
772 151 777
792 408 397
177 187 953
127 767 565
666 11 801
307 348 641
197 890 700
418 205 619
361 859 570
436 560 90
532 679 407
751 57 338
674 892 862
88 184 964
508 395 278
307 335 42
561 898 431
306 759 330
103 83 599
699 603 894
422 472 208
169 225 651
347 490 730
354 901 74
498 573 387
890 219 633
663 561 183
518 505 650
23 840 452
67 36 276
37 775 98
619 698 283
414 645 665
200 172 537
463 837 879
722 617 451
552 854 49
390 426 509
59 89 274
487 433 312
316 357 389
550 678 526
43 129 694
855 346 899
307 515 302
1 72 97
208 464 32
79 112 774
101 589 887
309 32 77
806 22 775
575 755 814
855 274 994
124 495 981
30 2 693
226 270 277
14 522 644
607 823 843
869 436 875
895 463 813
202 412 636
456 358 535
388 791 407
111 801 562
292 120 859
798 703 946
283 274 455
418 369 17
655 565 351
13 68 926
491 815 62
388 536 777
372 438 639
295 745 409
46 504 405
166 805 886
239 212 375
666 442 608
384 843 825
688 219 870
460 106 819
568 388 704
640 311 392
108 851 172
434 554 187
484 822 927
735 70 294
780 592 106
535 883 399
317 318 428
562 672 831
722 47 6
799 98 262
337 259 867
528 97 290
130 271 718
13 716 612
400 554 104
784 295 488
213 163 98
834 782 453
898 64 910
322 154 264
629 523 668
458 485 617
57 209 105
475 584 696
134 544 78
868 52 989
267 647 22
3 713 332
162 73 550
900 559 811
776 358 709
522 148 207
784 793 944
250 421 110
208 394 772
64 25 936
463 241 604
139 213 775
716 234 271
471 60 661
198 877 650
544 427 317
38 696 565
226 526 129
556 898 862
827 676 839
673 57 524
760 603 689
196 52 812
22 884 254
719 157 7
557 445 486
413 467 417
517 448 273
1 433 9
536 697 631
666 728 538
54 472 208
216 445 395
786 42 636
372 253 819
456 169 102
901 351 619
505 678 885
370 568 387
319 19 241
526 424 329
167 659 428
175 577 594
715 730 551
302 612 281
895 666 880
798 680 449
74 499 943
733 749 448
385 154 708
257 521 888
371 103 108
844 675 752
585 304 675
728 124 556
365 533 811
268 600 298
76 679 739
710 564 237
214 1 216
500 861 548
658 450 178
412 157 609
163 384 253
460 821 315
274 862 226
842 344 460
576 262 591
241 369 995
328 850 997
814 855 38
613 473 216
820 449 943
22 169 984
610 620 681
850 295 164
220 868 401
259 253 911
526 349 385
155 388 440
788 505 871
367 565 219
251 551 473
574 579 643
386 259 361
900 519 969
62 77 8
252 580 339
330 134 392
694 517 441
796 474 124
51 536 709
872 89 180
64 79 212
274 376 914
589 142 502
817 466 899
352 793 995
604 253 39
37 45 830
100 227 427
405 299 19
818 774 719
259 697 825
814 874 491
769 766 226
376 568 251
39 108 705
264 80 605
282 685 82
631 721 724
321 475 262
279 778 716
109 169 260
654 295 71
702 715 325
267 607 959
809 610 3
293 589 129
217 67 205
502 130 433
771 819 418
132 235 856
138 691 672
526 685 396
647 358 515
365 100 360
835 340 488
790 281 797
496 358 246
368 850 903
394 781 28
803 509 538
527 529 335
388 500 528
776 834 17
514 291 380
232 341 182
696 93 471
603 209 922
811 445 899
432 169 627
359 35 11
105 532 22
609 287 400
599 259 835
275 63 921
727 579 693
232 741 184
524 634 110
6 349 160
28 485 936
523 535 92
628 355 899
745 788 989
415 27 682
148 724 715
412 148 775
47 284 133
72 100 901
469 370 191
627 106 685
376 772 181
517 748 51
845 792 982
318 881 233
724 200 850
371 852 895
193 748 548
373 43 286
44 266 289
183 735 221
93 885 319
296 205 688
126 500 74
222 296 487
856 430 868
1 454 355
463 707 41
481 7 939
670 81 705
809 694 536
185 471 625
558 295 214
708 369 574
211 745 522
617 455 863
665 541 972
598 704 689
694 390 586
688 686 701
469 728 587
561 356 791
144 619 427
396 377 781
775 378 421
232 379 442
104 262 909
145 563 346
262 319 720
352 321 466
85 258 377
322 750 436
409 441 661
556 58 932
204 872 311
664 876 22
736 512 581
281 350 600
673 715 635
406 236 231
82 575 914
115 134 222
170 589 427
850 806 326
228 344 876
699 897 615
901 778 330
37 499 598
205 274 430
520 345 903
519 400 448
571 109 814
454 187 547
708 466 843
304 310 990
513 703 394
802 409 314
235 748 637
351 540 466
334 234 961
181 526 906
90 425 134
554 328 701
137 136 422
676 58 961
88 784 837
100 472 450
615 817 245
449 835 385
217 877 602
750 721 899
442 682 73
181 659 123
670 531 467
815 421 839
718 310 350
370 435 918
739 571 482
582 633 773
37 489 96
500 358 602
864 757 970
612 691 767
561 785 502
47 85 941
109 418 119
879 744 300
193 684 493
750 652 567
124 681 311
508 553 911
47 255 922
892 73 28
127 603 86
856 301 913
719 605 540
316 456 493
279 309 164
778 511 965
410 802 413
166 745 135
22 391 417
68 433 777
292 557 929
554 237 729
136 276 204
832 248 733
492 1 62
596 834 489
626 731 972
884 838 705
823 395 39
317 354 689
745 764 536
295 715 856
178 654 76
348 570 83
109 652 927
121 258 691
605 190 330
297 73 668
686 652 245
687 310 158
235 193 735
877 879 813
106 618 385
458 746 70
442 850 863
334 256 286
419 759 75
410 640 621
445 378 479
110 218 224
880 393 115
302 211 303
442 247 944
449 148 550
739 631 225
514 449 976
608 57 111
125 735 896
796 141 416
764 106 390
51 589 893
426 562 548
249 427 278
22 766 934
827 817 130
342 392 444
190 820 104
125 7 900
631 17 940
809 414 766
874 274 248
176 475 29
855 526 189
225 294 146
862 677 626
879 421 637
4 510 246
361 148 28
613 174 763
592 235 90
883 760 677
1 64 201
77 176 299
554 381 919
211 616 41
316 64 62
328 370 358
853 760 343
397 391 425
477 605 604
445 244 673
100 463 495
558 639 901
240 451 694
199 669 904
155 323 127
46 41 538
344 883 651
558 870 17
529 565 73
277 812 139
159 249 662
762 141 161
547 156 249
127 133 353
265 835 70
409 487 935
322 755 485
737 850 324
685 365 58
564 871 451
132 415 952
700 652 522
811 841 772
94 418 104
619 532 473
1 792 927
816 517 395
530 884 457
675 63 512
565 8 214
737 859 230
386 724 136
845 226 94
73 831 91
256 1 297
430 902 154
732 829 466
524 856 456
178 330 488
616 165 567
712 99 760
265 148 523
79 538 817
273 755 857
817 220 452
62 784 579
810 770 781
463 382 970
567 790 894
281 611 515
568 130 377
778 705 394
277 654 690
50 884 809
506 701 797
832 19 194
49 728 220
871 162 91
149 617 337
778 232 412
772 436 71
392 748 971
427 575 552
484 419 727
701 185 669
651 43 271
365 1 183
521 502 799
582 397 888
112 485 319
8 50 894
142 111 184
623 211 918
25 205 471
604 737 345
844 274 238
521 62 178
346 252 497
461 388 633
727 162 919
306 328 545
72 103 18
581 575 638
561 246 879
649 814 695
624 752 616
288 223 295
527 766 766
399 778 819
95 898 800
511 797 331
533 353 141
400 261 512
238 754 467
346 830 500
275 1 902
400 8 107
82 820 29
351 623 835
235 533 641
705 87 238
412 428 848
124 435 965
421 267 831
869 441 912
475 835 141
492 495 18
493 151 240
831 867 871
210 85 22
289 537 136
358 316 503
550 592 530
328 292 812
613 582 153
195 64 223
727 750 265
775 281 303
15 903 440
602 133 548
637 324 337
624 763 105
726 842 478
388 876 595
187 659 233
499 128 757
667 316 163
361 41 645
223 34 700
628 712 737
772 193 391
757 281 513
732 892 266
53 151 39
133 230 954
359 113 1000
399 622 510
319 808 476
400 22 264
723 424 829
131 63 883
362 900 348
554 896 957
66 886 972
613 649 344
120 524 659
352 817 888
34 148 775
193 850 602
424 474 508
211 465 562
256 532 799
474 478 247
220 154 837
456 516 533
163 793 756
280 190 539
349 395 176
76 806 784
33 57 473
536 352 149
301 415 545
28 60 647
407 155 279
730 556 628
58 864 175
757 458 269
529 742 718
82 262 890
778 734 196
316 241 168
772 574 3
456 718 473
506 649 951
757 258 918
215 134 109
316 751 890
484 399 99
325 850 466
246 802 916
152 317 818
430 245 152
743 568 148
375 244 310
316 630 429
232 31 608
815 152 909
55 815 636
477 20 642
257 13 340
337 386 766
587 184 435
750 36 558
482 596 387
256 487 55
375 499 835
379 460 888
503 853 817
60 152 474
19 293 538
576 701 633
740 869 805
145 249 470
478 557 789
598 580 806
344 141 588
498 85 997
20 579 228
511 274 478
1 288 458
575 310 168
856 485 57
463 78 926
32 83 439
850 113 841
89 757 400
343 125 168
295 304 813
547 245 674
258 325 280
412 803 658
346 76 147
227 327 665
15 207 109
155 106 440
352 85 976
180 282 722
288 55 108
661 360 513
372 498 808
321 834 291
343 76 550
55 847 727
761 459 587
180 402 567
625 673 247
202 348 950
502 816 297
392 769 331
607 589 173
196 232 821
225 178 840
31 357 928
451 376 640
800 648 850
289 343 852
668 309 439
883 778 925
704 94 155
463 160 627
551 702 553
656 474 763
256 730 613
439 806 776
75 225 193
31 204 607
532 682 713
805 130 809
806 315 412
307 610 56
1 650 880
157 123 271
43 441 596
890 682 371
480 281 568
320 618 608
697 899 512
211 392 469
761 175 884
676 900 398
508 637 209
391 854 322
66 580 42
127 148 130
63 827 339
140 796 139
7 715 418
903 293 156
712 750 898
76 319 267
16 24 488
649 674 5
193 130 927
178 818 192
379 568 435
379 271 687
598 760 220
612 271 571
754 489 701
513 563 161
343 57 544
713 579 670
13 190 270
758 200 614
286 656 424
612 565 150
396 277 957
224 899 715
653 793 13
231 442 577
376 4 490
646 309 492
735 536 79
59 610 581
414 589 668
67 397 996
796 430 650
289 753 59
143 886 364
132 771 396
230 631 329
795 11 341
271 310 671
700 25 685
549 169 834
358 595 705
22 363 960
214 245 622
858 668 773
472 145 173
365 384 136
419 554 90
28 573 197
501 438 969
796 490 871
474 664 521
406 529 964
83 315 569
895 133 100
16 22 536
28 178 437
447 478 724
520 232 558
356 886 461
574 325 546
295 438 389
743 441 633
59 867 886
602 56 765
848 365 938
313 34 330
811 440 901
391 345 1
859 883 595
489 742 615
538 757 187
204 24 968
696 169 471
616 877 932
745 597 603
535 25 32
121 574 117
775 691 153
343 865 436
460 708 101
646 80 6
68 436 776
187 778 963
724 157 562
772 829 840
753 471 612
568 148 480
427 97 804
223 302 96
538 64 783
451 745 468
78 844 369
332 670 716
806 463 277
166 759 30
352 456 244
32 492 342
897 226 862
786 699 278
654 863 338
103 612 6
264 114 637
751 293 809
280 809 677
841 14 690
518 469 998
364 237 934
802 763 335
428 210 640
465 43 297
698 723 819
700 625 646
864 90 864
257 849 985
148 272 187
554 411 719
516 808 706
148 1 512
388 282 739
509 527 794
597 755 908
376 784 768
879 14 958
576 626 465
500 534 64
234 357 346
555 668 440
400 387 304
18 448 869
541 661 414
794 225 419
372 84 919
805 408 83
505 862 459
260 565 634
112 612 968
35 130 594
33 340 715
100 127 201
582 861 178
435 3 508
452 505 517
270 738 641
1 143 878
16 63 657
682 247 407
694 421 724
603 561 96
718 64 442
582 588 226
664 99 283
235 325 740
751 442 408
232 775 19
557 839 656
16 396 906
45 299 464
477 239 993
673 379 907
744 208 820
265 232 152
187 230 345
536 19 493
151 402 481
764 514 867
104 35 211
883 751 524
274 799 504
659 685 447
43 846 542
154 149 270
4 783 211
601 558 19
624 60 169
290 575 84
664 714 497
726 686 531
486 94 852
601 236 386
400 626 505
401 484 854
221 55 587
381 799 867
156 379 633
823 729 874
717 805 951
142 640 570
356 533 920
691 545 481
189 456 777
22 314 5
325 794 320
353 35 850
169 302 921
537 273 954
110 874 918
282 528 929
44 574 428
813 820 123
96 363 604
758 324 541
90 396 847
643 757 288
619 358 241
38 608 3
41 547 14
538 484 113
159 599 862
456 541 664
309 874 40
437 19 266
225 42 918
53 65 278
408 827 832
85 415 25
58 793 120
711 733 616
859 749 886
190 117 987
619 385 893
808 876 210
33 379 663
507 769 88
796 391 990
763 202 656
99 95 315
274 421 535
634 648 278
507 244 371
394 73 51
141 406 855
736 824 241
435 139 204
841 861 905
230 718 685
869 672 231
876 289 820
154 778 220
769 106 472
623 673 986
1 172 263
347 155 597
276 22 739
443 697 463
293 663 585
367 435 608
778 592 71
502 8 503
898 636 975
869 223 49
806 101 479
346 400 367
134 162 276
471 290 21
27 125 293
550 554 673
146 547 295
722 531 605
22 184 251
806 520 766
235 446 828
238 892 428
85 22 928
543 106 47
166 871 790
193 325 895
557 216 171
430 601 300
61 442 362
277 653 363
20 172 689
130 814 539
245 52 568
300 7 54
803 125 459
551 715 423
28 802 172
244 732 964
898 379 104
43 235 742
736 673 324
355 778 574
766 196 895
266 648 38
358 345 837
119 407 631
137 520 536
227 615 866
104 673 521
795 878 775
1 48 397
331 1 744
693 843 466
4 134 315
4 49 328
661 279 310
297 498 689
610 361 902
23 159 737
283 441 723
223 589 53
784 462 423
58 343 71
748 230 849
424 816 849
561 597 848
491 455 364
757 316 237
283 232 971
319 505 358
664 818 2
191 722 452
421 568 65
811 331 500
445 422 367
617 590 760
465 141 583
495 72 675
148 554 517
336 238 724
130 487 121
41 331 717
451 730 552
784 148 731
161 424 980
270 292 870
154 196 825
391 265 973
724 173 320
793 216 921
187 514 656
323 162 934
448 478 846
265 246 786
823 409 708
309 410 896
659 736 409
58 70 323
859 773 672
406 346 502
647 400 444
637 754 653
829 66 423
730 899 905
568 463 635
103 826 773
43 55 309
887 575 543
148 76 732
478 810 744
680 277 715
897 612 59
757 353 912
72 887 227
308 482 575
617 655 399
235 430 598
817 313 661
844 130 968
38 16 635
499 596 132
265 698 848
43 425 482
708 360 519
742 106 226
23 898 247
607 571 470
787 275 321
395 461 581
314 567 731
388 700 881
559 102 969
91 287 585
760 169 120
791 889 809
493 316 29
352 559 498
832 218 244
721 246 415
427 785 554
253 826 36
232 187 833
74 505 391
140 853 336
286 636 744
168 1 9
720 736 604
112 367 580
577 370 80
637 412 660
675 155 89
200 776 554
1 46 608
647 573 490
204 67 50
29 673 224
59 103 212
179 890 4
676 554 8
17 473 419
819 26 730
800 589 227
186 318 773
527 582 547
693 848 917
831 17 434
650 609 381
547 256 408
808 117 152
364 358 672
562 720 662
271 397 116
49 718 778
736 190 347
55 860 587
4 188 679
323 488 496
292 100 672
385 61 61
352 487 259
55 316 715
48 82 247
826 530 301
284 692 641
109 181 260
496 809 558
52 838 477
16 630 949
793 356 351
79 520 663
307 232 756
791 163 141
253 708 251
299 358 874
238 490 409
665 397 301
47 562 498
175 258 678
518 177 143
473 606 282
93 568 126
715 466 721
1 457 305
654 626 706
1 41 771
307 489 93
766 156 127
694 745 868
841 155 80
325 881 732
335 628 649
222 253 581
806 484 326
453 519 208
287 466 497
22 217 465
1 89 634
712 432 668
673 538 160
364 548 751
10 697 722
115 155 237
523 622 927
373 16 94
802 127 570
559 443 640
490 509 132
316 596 452
542 814 914
127 889 340
116 862 878
109 555 549
812 15 980
158 513 961
436 477 885
255 830 960
183 37 360
88 307 286
169 350 616
843 265 339
485 658 438
462 349 612
394 205 351
1 507 843
326 798 264
520 118 733
254 194 352
595 307 251
788 168 303
539 178 344
193 600 778
682 757 842
452 715 937
599 495 143
687 577 517
134 322 543
19 826 148
353 612 403
658 572 566
151 811 377
873 126 284
323 148 315
324 50 154
403 24 762
589 541 305
604 638 869
178 715 219
677 778 669
131 193 422
714 232 548
35 127 438
87 667 184
666 475 544
832 583 639
5 556 432
224 225 501
515 712 415
518 574 420
151 665 322
831 51 879
480 246 876
358 421 17
308 351 292
361 817 593
522 602 136
178 337 205
880 279 302
775 773 407
752 424 472
127 587 941
511 34 618
526 812 609
238 789 257
418 400 904
769 890 316
587 707 129
277 217 722
655 277 829
771 687 410
203 418 780
212 456 364
463 127 907
237 669 763
250 596 150
883 177 404
373 468 49
862 835 438
264 880 167
281 217 193
610 7 275
835 355 645
637 183 888
729 766 989
24 211 23
517 746 943
292 796 529
196 104 993
31 103 656
288 67 840
757 715 264
319 829 64
539 703 945
638 769 473
10 678 838
19 259 14
229 685 815
106 283 493
28 518 516
64 22 886
861 850 128
754 519 839
337 765 399
637 539 125
853 113 796
217 859 538
4 5 643
528 841 54
256 265 982
48 503 196
317 643 608
115 672 545
196 854 707
405 423 341
659 90 471
18 510 312
16 715 604
349 722 253
605 244 332
394 505 712
285 687 131
72 342 471
50 593 346
806 7 476
176 54 7
454 67 600
652 815 910
184 85 268
93 116 160
878 854 594
319 236 444
96 313 481
369 415 965
184 544 169
184 52 783
50 547 174
610 764 55
274 790 492
784 868 723
571 874 560
689 343 485
816 521 816
287 15 749
48 869 948
586 578 532
235 322 208
163 592 478
340 814 545
148 834 908
140 883 27
784 426 840
215 362 29
444 553 673
634 897 314
798 894 541
805 43 290
886 213 627
705 730 748
106 582 827
461 640 261
867 205 459
871 680 310
64 539 93
337 163 223
85 131 439
190 221 345
548 1 350
259 694 513
834 25 931
106 729 138
29 379 107
197 533 24
668 87 512
614 607 687
578 688 670
823 726 413
582 257 975
577 397 828
722 705 414
367 445 421
8 592 991
100 604 349
345 895 47
593 666 211
4 203 733
897 233 272
597 242 395
554 127 122
141 595 213
70 849 947
703 402 748
519 596 769
727 771 639
538 835 113
612 591 295
316 190 861
774 517 559
843 437 593
130 839 673
382 788 675
862 265 76
823 365 766
770 352 169
606 829 573
230 609 923
22 525 480
565 502 607
311 340 478
763 1 663
435 333 564
815 328 443
212 406 702
799 106 814
562 756 587
778 17 104
53 819 55
701 169 166
1 379 27
10 193 109
245 321 617
456 874 77
441 472 510
728 825 988
121 804 97
30 867 32
52 902 256
130 93 542
205 118 171
829 806 239
629 22 420
814 414 479
133 299 722
235 508 549
461 211 451
664 355 938
229 267 371
625 771 482
134 660 148
412 771 954
27 102 216
373 409 633
302 683 560
472 52 382
178 247 182
15 627 245
203 541 388
508 769 319
265 259 892
35 528 234
11 868 44
823 862 542
457 235 453
363 89 438
83 403 29
50 758 16
793 472 82
577 628 376
775 817 773
195 241 980
307 183 965
840 863 300
358 322 614
232 743 654
769 87 251
673 102 816
577 596 48
256 421 100
171 880 609
853 151 863
270 736 924
227 220 259
595 168 229
313 175 325
568 435 740
214 775 707
269 872 687
732 197 56
724 495 680
396 631 153
511 264 581
639 878 605
544 502 567
178 262 206
881 796 337
841 568 421
659 110 378
313 895 462
190 184 94
45 181 817
77 731 481
81 179 413
91 147 82
2 22 469
199 367 245
100 631 240
448 115 386
598 771 747
493 397 192
297 413 997
321 647 511
575 284 644
517 357 324
7 176 227
547 679 651
454 888 589
724 636 812
163 781 549
391 10 73
212 563 928
630 583 675
157 855 227
559 386 515
260 724 353
667 124 623
804 603 273
10 856 8
652 365 58
109 823 714
685 104 107
289 19 31
88 97 904
39 634 975
638 463 298
801 712 397
748 373 378
505 256 664
318 342 433
226 301 787
150 718 620
499 634 300
732 4 627
113 221 333
272 37 309
109 886 142
777 421 721
568 13 148
379 677 677
827 421 261
382 406 695
694 148 229
834 141 447
151 709 863
537 848 315
697 37 617
436 740 960
414 533 21
283 164 568
678 567 239
820 424 287
481 45 472
474 200 891
8 790 324
211 536 597
6 751 635
611 469 753
197 109 811
273 118 568
619 31 503
512 606 588
302 241 641
81 472 120
564 736 572
863 808 645
879 488 360
130 394 249
181 259 458
43 63 758
493 247 916
261 219 251
59 569 358
28 78 589
61 818 73
253 133 106
406 799 18
28 286 351
345 566 341
340 743 312
489 862 349
883 592 574
10 850 830
43 848 950
345 295 371
139 457 912
94 648 937
276 342 257
565 436 619
31 315 548
267 102 260
12 104 483
235 224 674
266 285 214
850 137 668
174 289 335
364 55 986
13 702 361
153 218 911
473 880 762
618 760 628
610 265 513
263 687 683
251 461 377
876 546 153
532 516 330
55 234 556
226 777 303
243 639 192
206 460 422
776 443 672
777 366 702
239 760 977
582 850 430
192 798 615
619 210 800
333 299 411
757 737 420
713 430 361
828 596 654
231 218 869
605 346 112
817 1 710
124 10 475
218 40 373
462 324 978
899 136 120
107 249 763
746 792 304
469 877 743
241 596 334
467 466 50
827 652 294
357 428 314
414 293 708
203 720 528
25 777 475
709 386 675
330 379 660
206 724 343
19 449 722
190 49 772
802 407 128
28 489 831
598 883 58
580 28 931
825 376 459
161 44 492
165 514 871
190 403 824
1 283 621
607 535 966
46 760 105
512 484 528
551 62 158
310 763 803
226 381 76
91 278 702
239 130 780
127 606 306
599 604 68
408 277 414
421 22 10
224 57 223
139 467 377
192 740 650
12 305 781
125 484 583
532 655 939
172 574 36
388 151 397
673 195 437
304 114 224
872 655 802
163 760 756
196 226 803
401 94 524
241 385 529
357 526 257
7 278 588
275 420 314
232 115 690
533 688 275
21 47 773
615 542 832
646 709 538
544 714 633
842 501 631
890 624 539
18 187 366
730 378 960
199 508 272
351 293 602
898 428 654
453 863 349
133 610 298
580 7 78
40 124 163
865 184 224
802 22 828
324 280 938
842 902 481
541 33 812
493 799 703
685 313 596
308 862 70
122 305 137
756 476 130
139 503 89
117 355 331
146 499 936
72 564 559
295 831 582
14 13 737
702 693 408
794 304 65
298 360 334
622 667 538
670 665 194
617 382 29
521 547 801
736 211 103
157 372 505
167 488 378
215 712 9
111 830 397
841 589 795
651 92 196
729 429 881
874 649 651
872 166 890
15 871 954
1 257 647
315 173 736
259 22 980
148 406 164
135 531 16
190 236 287
456 436 379
397 574 731
307 421 248
304 301 102
612 526 454
282 350 779
79 783 799
148 494 843
110 527 639
55 146 237
187 846 677
508 215 581
233 4 934
512 289 974
61 274 182
478 50 205
481 831 793
130 97 744
432 894 177
192 368 237
217 673 821
694 691 746
1 785 552
607 472 71
271 848 162
177 509 59
757 559 22
478 8 182
391 610 8
71 853 751
553 529 945
126 801 324
579 202 127
443 481 931
697 274 279
621 638 261
725 76 802
729 173 529
340 424 372
626 257 42
583 47 119
46 126 89
578 168 707
644 486 376
112 733 973
845 139 349
24 659 281
678 15 121
527 589 730
182 37 898
409 610 773
264 506 422
85 520 932
559 484 681
716 183 136
156 207 534
361 784 956
512 477 647
561 401 801
568 558 855
221 900 34
226 175 299
334 332 124
192 67 206
781 875 551
767 190 460
4 196 239
313 609 885
565 575 999
139 335 998
673 450 987
106 205 523
542 892 526
646 34 828
113 520 52
693 689 289
658 230 465
183 274 943
527 809 983
574 712 453
85 71 756
463 547 773
289 16 244
86 334 855
211 769 666
565 514 644
121 421 961
810 247 307
865 78 718
70 185 629
542 190 503
438 351 450
646 404 227
880 642 552
754 448 575
323 802 116
217 282 357
28 302 454
274 706 967
553 693 706
315 760 98
284 174 279
709 449 612
800 286 632
13 46 75
52 752 69
103 232 123
376 737 341
624 571 596
864 550 453
562 805 449
260 772 961
187 421 840
658 211 710
52 97 822
733 156 99
488 264 589
226 73 182
856 755 636
727 82 815
692 561 426
663 467 321
664 270 427
128 585 316
202 510 788
136 593 157
694 141 604
610 187 390
35 262 781
876 204 458
577 21 84
88 540 113
893 534 182
211 652 373
73 175 496
217 325 871
438 638 508
109 673 830
892 162 109
197 299 210
55 22 582
60 346 479
367 352 124
57 13 562
125 146 483
609 571 455
191 809 515
421 854 369
250 691 300
62 416 746
719 596 50
274 532 638
242 757 590
571 415 446
440 610 656
2 25 460
10 248 948
885 213 669
709 365 795
727 520 524
33 71 589
108 457 421
406 546 990
28 346 153
606 814 365
497 359 187
117 465 170
659 263 900
1 394 100
341 782 539
144 46 982
528 486 232
478 778 669
611 805 531
221 804 734
613 274 329
276 780 718
597 724 161
805 901 118
553 589 540
88 527 429
739 335 699
649 533 374
751 547 513
369 404 249
650 272 133
228 663 51
781 659 544
634 313 970
454 742 550
775 520 14
809 85 168
706 888 80
499 394 697
379 687 870
136 862 525
809 565 794
44 751 532
82 43 446
71 769 532
601 820 657
160 335 27
307 51 497
874 17 395
699 277 137
130 559 21
775 726 287
247 784 490
808 426 108
718 607 387
1 618 203
166 853 140
899 308 639
112 275 304
869 19 62
130 302 332
531 25 976
577 350 918
520 308 256
163 881 886
496 547 148
645 834 168
841 866 410
19 625 129
565 540 82
366 407 50
589 421 687
199 809 587
861 106 645
547 259 127
155 442 416
149 233 738
169 64 516
435 337 532
6 99 187
37 57 347
712 883 294
849 319 271
892 872 70
341 771 430
811 337 749
6 319 97
637 749 125
64 853 357
410 349 620
557 444 734
529 754 846
613 178 145
388 565 872
318 64 743
183 350 697
851 49 462
511 616 808
529 423 795
244 775 410
443 306 371
230 797 956
627 638 648
598 77 186
244 344 355
682 233 126
589 823 600
791 165 455
875 127 646
115 610 545
331 128 701
520 50 367
649 699 391
849 95 483
55 527 508
643 361 653
24 884 690
270 886 267
830 637 663
594 398 21
31 584 30
30 238 99
595 582 68
19 624 741
360 757 156
191 390 572
561 473 955
742 337 579
556 139 901
259 334 306
260 271 612
559 268 726
298 170 11
325 820 594
115 128 64
376 712 894
67 772 497
355 840 477
225 463 479
388 267 218
287 671 539
778 150 145
796 628 582
642 712 136
62 825 486
130 774 75
349 664 865
254 145 887
238 324 968
96 101 819
538 336 863
64 173 807
253 225 660
295 892 828
330 385 291
377 496 44
274 600 728
617 832 241
567 813 308
466 179 890
541 466 493
274 393 31
526 148 705
219 505 349
199 899 328
514 339 420
170 586 281
445 206 119
892 704 340
111 123 969
697 826 204
591 150 643
568 101 857
841 541 245
421 610 635
737 391 370
295 127 248
430 169 475
691 115 380
137 522 904
635 80 118
278 239 95
438 449 880
122 574 181
361 364 400
820 776 596
901 655 292
766 743 332
848 484 379
496 292 576
416 810 963
154 1 400
409 153 180
761 748 401
708 307 67
458 720 551
668 134 751
174 369 387
371 70 684
817 889 951
34 88 867
642 831 904
306 149 119
319 328 947
243 354 195
3 568 309
227 766 722
316 725 730
609 652 948
428 34 116
368 885 1000
591 13 118
358 618 149
674 43 313
355 873 304
602 61 624
364 92 61
1 263 219
339 603 870
64 121 464
264 775 781
685 646 804
885 174 487
572 203 658
459 154 562
355 689 867
331 784 595
87 421 887
603 838 870
476 589 981
190 296 66
309 757 258
232 343 717
624 615 615
862 687 473
29 58 629
617 681 307
259 313 329
596 662 113
724 686 656
667 114 514
709 407 465
780 670 576
788 106 222
829 586 229
245 284 225
745 479 132
247 331 397
259 232 110
820 257 546
787 672 727
51 752 579
526 412 766
82 229 684
497 733 852
247 616 995
552 609 896
223 768 911
394 281 96
64 266 192
615 876 428
733 650 220
134 345 628
349 4 694
757 600 184
568 291 466
109 873 423
402 821 470
469 211 100
652 182 830
550 607 484
120 611 369
673 58 530
349 679 19
379 187 866
345 427 194
342 505 678
71 369 114
163 136 767
96 478 541
85 130 671
207 433 457
482 538 473
822 78 99
796 589 321
296 443 508
190 679 438
25 603 523
826 802 93
300 400 45
271 232 280
146 254 581
302 830 326
255 452 650
221 234 975
421 479 691
41 546 221
455 162 853
610 351 32
46 699 531
121 619 639
876 505 868
567 684 918
687 321 874
649 853 238
124 225 308
208 437 535
230 58 289
847 316 977
755 820 793
101 325 17
866 600 881
889 789 523
196 776 865
85 54 624
584 848 726
400 337 587
902 523 96
189 387 29
229 242 138
799 160 722
286 292 815
70 670 764
828 630 454
351 773 622
214 407 352
757 349 120
694 593 462
556 643 435
439 515 204
763 854 269
844 475 157
253 301 145
547 10 31
883 820 902
829 463 955
418 468 533
823 124 889
176 382 153
556 590 46
874 832 760
485 63 608
181 148 98
894 385 21
591 610 102
228 50 711
81 736 603
496 342 443
847 793 865
643 387 800
617 421 818
106 860 514
806 652 9
749 473 794
431 406 73
99 673 488
25 385 528
869 388 936
584 804 479
793 348 4
184 559 90
448 488 976
68 820 9
296 636 970
746 361 995
1 62 437
221 736 333
233 830 177
280 388 969
511 370 356
99 76 198
55 769 285
43 304 819
461 147 434
7 780 630
818 786 347
265 268 500
66 822 969
385 660 737
742 781 516
226 780 609
775 301 506
387 537 403
40 478 106
427 320 834
239 163 591
869 883 636
813 226 645
634 394 413
657 40 544
400 50 878
55 332 93
895 859 105
262 538 660
470 178 33
362 136 877
253 325 723
16 814 734
598 369 510
275 883 887
297 631 754
802 232 330
476 181 51
319 489 106
199 752 100
467 170 679
123 718 641
616 799 26
323 425 466
162 811 645
625 430 262
121 474 491
814 583 430
350 556 629
880 638 787
208 264 153
317 715 734
295 582 842
319 589 789
226 378 164
638 572 804
190 724 848
27 165 547
820 324 287
739 694 59
195 94 775
474 670 30
451 151 64
317 63 19
394 199 105
29 808 141
372 450 213
382 99 755
129 765 464
805 162 3
683 544 893
287 544 708
724 670 282
532 571 565
416 886 6
412 280 403
532 796 775
352 24 317
121 730 195
462 641 98
474 604 114
836 644 381
448 852 674
211 95 904
710 113 218
7 619 775
589 106 570
582 610 382
57 805 55
52 701 124
601 807 925
44 658 182
49 460 873
643 470 594
869 439 1000
361 488 727
223 498 262
707 230 340
73 729 66
7 694 494
760 659 443
456 407 248
400 262 307
234 417 903
709 761 713
286 195 243
26 272 19
660 903 372
793 255 426
161 297 951
281 337 737
358 603 536
101 20 440
320 377 2
733 379 468
217 79 192
271 759 418
862 9 743
463 97 666
813 340 985
843 484 898
877 762 652
730 832 127
814 228 364
694 525 539
36 118 223
137 571 433
786 244 851
493 901 447
160 417 626
792 769 134
173 804 147
897 46 984
698 575 890
281 353 294
325 497 101
457 519 972
241 173 920
599 760 573
137 616 91
75 577 697
316 40 116
798 553 507
222 4 824
234 261 616
349 610 872
484 780 117
526 661 106
29 368 174
630 108 748
505 703 538
844 149 609
898 448 644
88 368 579
374 562 795
226 772 151
872 178 386
209 14 326
321 837 394
19 70 550
680 490 436
204 337 926
820 310 891
399 411 549
580 249 834
598 813 935
32 843 79
142 865 875
149 88 593
494 254 249
191 557 963
171 766 933
403 87 719
715 1 672
274 211 175
442 226 198
890 748 181
292 316 621
25 680 983
477 514 808
482 785 249
154 598 750
652 349 551
649 868 402
59 573 93
88 113 762
329 399 611
469 883 743
394 141 61
832 564 215
490 415 195
883 130 136
372 534 534
180 697 571
208 303 590
692 392 192
79 660 771
523 201 298
449 276 170
523 248 952
198 902 639
449 598 289
245 470 260
742 604 927
415 848 653
208 695 385
623 803 694
778 499 53
1 259 209
435 86 285
415 760 210
538 810 115
471 85 438
331 798 617
499 577 354
262 465 673
423 732 573
18 665 463
44 743 41
528 216 999
876 757 239
586 648 108
778 89 429
148 404 83
396 387 579
293 397 300
826 732 264
349 308 220
168 444 605
297 70 800
603 894 354
577 892 219
543 802 705
361 795 505
229 646 321
865 292 760
632 442 691
646 412 928
775 404 299
240 64 936
263 308 300
874 785 304
673 84 723
625 805 503
505 509 565
700 223 123
729 206 875
427 343 884
646 253 944
796 442 350
749 507 329
97 296 431
774 575 631
316 577 132
529 891 970
481 118 16
30 160 938
598 459 258
49 2 731
757 300 439
763 520 177
438 103 167
319 690 702
499 881 717
298 652 918
1 37 769
787 842 780
312 860 773
400 876 58
718 1 878
50 724 503
898 838 553
617 741 591
32 369 527
220 629 229
418 448 104
433 232 488
277 763 947
781 451 325
742 201 654
816 868 600
403 882 497
595 767 501
439 821 211
394 842 974
386 104 317
686 631 974
145 616 720
71 415 513
13 251 997
693 8 586
365 748 305
862 854 360
815 294 33
372 853 564
442 650 642
8 669 934
874 652 357
331 463 56
777 126 964
10 435 8
122 869 720
631 243 103
307 79 765
340 847 744
334 145 207
781 738 215
586 232 704
307 184 94
529 787 677
31 718 195
187 189 760
31 36 462
161 706 385
736 788 367
825 673 165
553 160 40
871 322 601
82 827 877
384 64 133
463 27 733
44 761 472
673 421 207
847 583 937
294 853 57
642 274 937
559 412 572
535 577 349
687 37 943
799 157 954
659 721 346
736 511 989
745 743 828
521 646 845
652 85 176
776 694 591
613 872 958
319 775 6
260 40 950
655 195 746
29 418 303
595 641 803
138 388 257
29 543 134
624 84 985
217 670 901
781 729 514
619 524 776
757 554 631
107 781 829
400 619 397
610 406 353
431 450 560
169 116 49
182 553 755
406 361 104
364 388 203
474 522 324
820 871 640
225 565 348
832 376 664
381 709 651
397 589 630
702 91 157
87 583 835
53 805 550
19 481 81
442 406 204
802 218 960
689 140 990
724 602 483
173 802 332
361 409 65
285 558 726
802 601 567
156 783 863
454 451 155
211 329 339
458 787 313
163 34 182
36 145 580
568 543 750
619 167 534
609 316 630
820 405 489
445 190 495
350 563 170
406 812 235
115 334 764
309 859 546
237 715 963
820 31 306
1 29 349
885 751 942
512 352 670
720 719 437
175 291 379
187 378 39
310 57 458
862 25 935
400 373 9
642 181 631
775 374 647
469 193 217
388 526 362
114 526 750
