492 8142 83
269 441 76
7 165 16
49 405 153
283 205 476
403 337 988
241 409 455
16 265 209
449 229 488
409 111 512
143 197 888
109 270 824
463 33 104
433 43 669
289 115 247
121 380 720
181 151 106
325 185 758
123 53 198
397 201 704
373 293 160
225 73 26
185 60 766
226 259 922
304 175 669
217 373 237
389 469 229
103 105 294
397 194 98
70 370 823
389 295 326
13 167 26
49 214 63
263 453 734
177 109 299
468 37 608
185 13 962
9 10 684
145 487 801
361 473 204
480 242 421
29 201 916
481 453 209
145 91 845
261 329 357
1 281 168
457 97 370
169 268 322
111 19 909
383 358 977
224 75 303
403 136 194
481 205 50
73 378 984
31 482 902
113 246 810
253 81 135
489 358 406
469 52 162
289 55 758
341 481 188
149 81 314
205 4 958
271 77 644
463 141 188
121 289 884
41 333 921
275 319 605
71 51 151
193 331 278
129 319 421
460 190 465
65 25 291
352 181 302
285 467 210
225 219 943
151 407 19
185 214 511
364 187 746
371 161 813
223 289 94
87 22 903
232 369 721
416 241 424
375 481 674
261 22 872
154 1 844
455 421 492
403 472 579
245 49 558
301 325 395
13 274 563
213 441 521
73 21 277
341 81 583
38 134 57
108 25 598
79 349 155
25 310 246
222 277 297
409 7 834
210 21 653
243 134 918
15 90 432
55 349 30
1 19 118
287 478 797
121 147 656
147 491 732
129 455 23
253 247 644
383 426 639
61 153 571
333 157 57
130 225 146
113 31 563
411 337 776
124 296 713
165 227 774
151 319 673
405 133 137
211 487 534
407 377 662
217 321 762
106 58 188
242 275 679
199 15 547
147 405 479
58 133 908
329 173 955
457 325 297
185 122 870
109 32 704
489 124 973
129 77 53
389 449 74
169 476 980
285 167 595
191 408 529
394 390 550
383 441 43
106 325 315
213 385 487
65 67 779
231 25 656
457 361 739
417 303 929
263 460 811
191 13 4
353 251 810
369 170 30
11 377 588
325 267 353
187 183 952
391 430 351
416 232 439
401 295 193
445 265 771
49 61 353
70 217 652
429 361 137
343 349 475
226 448 751
13 305 540
205 399 366
305 265 681
375 81 742
469 41 892
203 299 886
1 17 743
211 133 624
157 171 225
309 432 404
37 340 276
385 55 856
21 135 741
79 87 73
178 329 29
370 169 75
325 101 401
379 169 913
48 106 749
13 481 107
289 336 5
211 197 175
145 51 215
97 265 508
305 109 707
386 55 439
238 244 82
353 61 658
329 37 851
323 406 712
254 37 688
115 301 942
35 237 554
38 169 325
388 37 505
157 418 56
1 315 920
193 298 902
301 364 355
124 185 955
176 189 310
487 130 177
200 66 78
337 109 488
37 161 566
339 411 951
13 83 790
271 153 247
409 393 596
295 469 964
203 344 396
163 56 655
47 197 222
259 353 961
49 277 506
85 202 834
269 34 712
481 447 741
167 365 424
190 422 277
277 386 882
378 313 464
373 36 346
151 25 862
245 408 190
175 345 997
313 295 450
221 342 226
121 232 720
149 154 585
13 227 3
467 408 52
191 179 467
312 133 626
207 313 171
375 409 276
406 105 826
83 263 825
454 405 666
467 286 764
490 151 689
9 217 525
274 448 899
223 325 481
64 70 68
175 13 471
109 131 789
415 73 686
169 181 632
289 367 818
421 208 890
227 125 182
247 245 83
433 110 633
487 490 984
270 403 156
391 26 758
357 487 702
409 229 806
361 379 636
461 251 388
191 356 902
259 157 44
217 54 101
460 247 389
185 409 923
87 385 292
70 489 268
304 1 622
105 85 637
277 247 83
481 25 599
369 181 6
211 174 869
375 145 687
115 205 548
472 187 902
289 189 874
133 238 809
445 214 79
137 409 674
301 226 293
105 409 855
274 265 500
257 428 321
439 421 862
71 243 918
229 21 129
255 385 600
461 402 668
373 485 141
133 489 828
81 490 550
475 369 223
271 278 612
301 245 943
1 33 800
479 313 148
307 179 453
243 448 669
305 315 589
262 313 735
134 146 246
313 216 385
9 109 903
288 238 176
384 57 470
363 113 975
253 193 619
145 104 745
117 432 93
174 283 682
464 365 79
409 285 700
381 73 974
275 479 514
162 132 996
409 361 204
325 85 244
284 270 738
289 370 88
419 409 26
115 66 307
205 217 498
397 49 364
96 174 326
179 489 626
243 490 77
292 115 454
318 159 284
266 201 951
409 125 842
189 23 893
238 177 872
409 75 142
397 316 409
181 100 769
253 479 533
5 197 239
471 89 39
397 5 639
330 105 64
314 1 948
73 192 822
385 61 117
263 201 476
1 105 184
140 79 663
394 236 39
335 301 115
7 289 841
46 264 599
246 135 625
193 307 817
211 343 435
73 253 501
311 163 518
425 406 394
325 438 783
46 209 657
118 409 138
289 409 223
465 433 364
270 247 304
403 477 229
298 196 210
234 337 542
483 349 614
295 391 23
231 461 931
136 265 268
379 417 171
424 329 919
407 136 217
248 127 464
365 349 483
433 3 89
226 67 965
123 436 703
436 301 544
459 124 913
402 209 459
100 178 368
465 481 985
8 368 645
209 413 985
103 159 940
482 304 846
205 173 232
37 301 19
309 76 563
188 43 494
77 357 670
472 130 761
206 286 551
334 448 730
47 72 826
55 223 314
222 420 994
178 466 600
457 4 114
436 125 270
7 97 110
367 271 959
306 325 942
408 163 999
341 393 511
118 19 302
44 93 330
449 337 417
135 13 29
329 14 909
261 67 611
463 184 505
297 355 266
451 300 823
250 99 616
357 121 383
105 67 516
55 161 700
319 125 257
82 205 196
109 398 227
405 240 56
253 424 898
343 417 603
311 61 651
266 313 949
298 79 443
385 295 159
331 385 830
46 136 623
169 119 526
229 325 355
316 311 600
242 269 147
142 175 727
157 250 609
412 377 741
259 33 574
39 132 203
427 169 988
451 161 945
92 217 666
285 355 657
295 413 930
427 37 756
301 379 698
305 73 35
363 1 770
361 67 137
49 48 386
31 88 876
275 31 328
203 182 818
40 461 465
265 413 703
169 341 357
81 427 85
323 388 948
205 40 369
482 451 122
199 351 163
265 460 596
481 155 771
427 61 896
73 197 855
299 193 637
321 469 821
237 73 653
34 439 586
201 166 252
397 181 105
469 61 741
373 91 511
417 75 880
41 402 107
235 269 816
352 213 842
485 221 849
97 65 429
228 409 808
307 414 63
373 133 381
28 441 903
13 172 223
321 113 159
291 468 501
257 251 996
61 164 540
21 44 556
109 225 870
385 442 428
233 157 990
197 271 886
288 205 88
76 167 392
450 241 511
283 197 273
279 345 485
208 414 304
277 221 141
13 29 262
9 13 943
437 432 462
269 358 646
218 241 70
403 138 772
81 280 548
43 97 651
142 348 309
283 223 174
13 394 359
391 103 68
355 460 830
318 428 322
489 76 682
325 277 97
416 76 855
149 133 600
412 125 719
125 321 573
127 65 47
377 119 14
376 253 970
141 309 954
9 269 675
389 322 322
257 153 966
478 36 724
355 97 532
253 98 904
293 267 786
427 193 494
145 423 762
115 439 911
226 133 733
217 1 577
365 10 247
429 291 720
81 357 100
319 227 330
123 217 721
295 485 225
1 189 416
206 265 29
13 89 258
305 449 999
388 224 90
207 293 572
139 157 291
289 273 854
29 195 848
25 429 785
337 97 823
379 328 836
469 483 881
461 403 611
245 193 985
483 166 180
316 232 99
125 137 965
265 163 593
463 101 263
284 61 409
271 19 534
412 93 864
258 486 75
362 75 408
139 149 317
239 343 947
190 160 256
354 394 411
329 293 155
430 281 427
305 489 213
25 289 222
424 313 71
349 185 449
349 117 360
338 213 534
9 145 674
268 424 635
359 358 11
427 199 385
415 361 411
178 105 431
369 154 946
365 37 575
161 311 967
233 103 55
424 201 200
232 475 430
1 286 569
237 301 697
301 88 89
469 37 847
68 129 494
312 51 125
369 343 13
77 433 6
268 229 552
127 319 357
53 247 70
314 305 663
31 427 832
412 355 553
250 328 1
405 187 431
241 215 486
130 337 785
140 279 509
168 490 953
250 229 837
482 25 836
285 401 476
133 47 369
385 455 591
105 243 698
233 294 113
345 141 999
29 425 431
296 370 903
421 185 575
236 136 626
370 25 780
429 157 367
34 232 63
121 79 302
19 117 9
403 209 885
378 285 957
61 206 80
42 157 877
202 391 945
163 349 9
33 379 567
349 193 475
103 288 10
70 337 113
87 202 728
313 217 468
158 431 928
256 459 705
382 97 817
201 32 902
181 289 623
439 417 309
22 487 867
339 201 373
42 289 732
187 175 262
445 184 632
453 313 821
163 133 329
374 235 156
365 29 389
265 259 746
206 481 406
69 264 23
4 260 512
466 455 123
261 19 264
325 411 796
206 7 213
122 182 792
373 411 460
49 219 74
233 385 367
77 406 604
92 237 488
187 409 725
181 79 828
344 348 119
469 409 823
108 81 365
385 200 127
165 51 116
145 204 507
235 180 228
45 130 977
43 167 710
319 397 924
197 196 471
33 145 481
25 139 358
79 398 914
247 145 447
381 393 451
127 385 522
74 112 901
463 487 964
21 37 743
203 135 286
472 453 163
421 69 76
451 103 20
52 341 703
422 385 933
9 155 424
3 17 838
223 425 144
221 316 459
35 491 673
79 238 479
90 339 447
32 111 696
339 487 62
175 95 415
360 423 129
21 328 780
273 445 605
283 365 829
280 133 462
339 315 944
209 149 978
350 63 87
85 139 673
121 381 22
99 120 611
157 389 574
435 96 68
189 280 217
292 87 36
151 297 793
116 313 353
325 433 266
409 211 996
325 276 146
143 85 924
232 310 676
40 49 373
104 331 286
103 160 429
9 88 176
201 301 447
257 429 460
457 155 367
139 187 54
323 13 524
297 17 746
301 153 2
59 454 516
241 19 471
285 321 586
220 1 394
397 390 744
139 461 175
433 190 523
292 313 800
437 491 795
73 121 468
211 71 552
354 490 254
203 130 2
424 487 547
445 193 991
262 277 586
167 117 37
289 157 416
429 403 269
10 431 672
129 469 281
196 463 394
236 423 547
85 32 196
306 415 675
355 49 193
241 224 580
161 341 699
352 202 686
373 361 636
242 473 715
190 385 200
120 152 570
332 2 511
139 35 439
89 257 178
373 397 560
142 313 612
177 425 389
489 77 181
13 199 159
54 61 492
277 288 211
299 383 851
189 484 186
271 340 958
153 485 199
447 281 653
87 19 720
184 47 850
445 381 96
477 427 75
102 45 623
429 295 111
141 67 990
138 152 591
153 442 769
421 433 714
115 275 680
316 220 169
332 450 661
445 283 439
291 478 446
114 101 593
397 298 578
17 109 67
227 337 613
358 98 394
215 9 905
421 230 994
481 313 822
39 133 665
390 301 821
333 411 813
329 490 408
25 109 541
397 445 978
156 277 891
373 213 807
297 259 629
39 259 343
91 452 466
377 457 368
367 309 162
409 226 857
447 325 310
205 1 515
481 215 164
457 283 57
308 328 470
94 29 633
281 145 412
305 1 330
167 40 132
295 165 599
209 422 460
321 55 956
149 403 138
144 326 363
397 19 525
260 185 575
153 240 183
269 272 485
293 247 504
355 202 267
173 467 220
94 139 31
430 121 909
53 129 869
383 73 119
285 178 739
463 329 995
212 4 714
473 436 92
187 129 854
47 75 872
92 165 421
147 29 930
471 364 553
51 389 873
19 481 916
250 444 576
381 407 343
43 237 966
337 61 325
481 394 67
40 319 361
390 478 484
49 305 903
323 421 378
270 329 975
331 87 962
128 145 649
324 154 196
117 409 575
244 310 361
469 439 766
273 165 156
273 373 998
331 307 448
172 15 633
341 274 576
329 249 449
145 309 637
213 281 421
292 314 211
69 426 358
301 169 49
71 367 31
401 405 67
106 67 66
219 294 81
1 73 506
241 233 804
81 346 743
59 377 277
445 487 559
342 271 755
283 484 454
87 265 755
121 317 400
370 238 98
26 117 766
174 133 3
223 487 484
492 424 207
330 451 821
327 49 300
74 466 369
229 296 721
273 123 261
485 111 556
409 151 324
481 37 349
213 317 923
217 358 849
179 83 835
121 101 961
131 485 712
281 357 443
190 450 688
457 59 973
297 20 547
443 251 559
365 307 767
182 28 582
169 171 801
491 489 696
241 82 228
485 73 862
427 217 127
172 475 770
99 445 206
122 437 264
37 297 86
466 381 851
147 61 720
209 313 547
421 109 481
433 463 796
111 82 907
464 74 670
103 417 800
241 143 539
171 325 276
154 121 683
119 253 678
119 261 330
388 66 107
435 217 137
252 268 780
331 177 710
289 313 672
265 255 56
409 267 21
485 267 481
281 421 422
381 102 994
193 13 513
424 233 482
481 241 805
1 289 211
347 433 163
213 235 431
446 69 865
285 431 501
370 369 314
245 388 616
157 432 279
446 109 702
471 173 346
379 61 728
202 401 993
64 125 417
259 453 630
388 145 607
295 235 106
319 177 978
469 369 762
361 352 186
187 202 171
313 173 192
90 451 459
273 133 413
237 214 544
1 6 882
34 117 44
1 489 430
201 187 974
97 64 780
63 369 908
76 195 800
69 172 50
334 113 779
343 445 876
157 205 48
165 450 700
269 158 87
331 469 863
315 244 313
461 223 363
31 111 316
97 226 736
130 29 380
220 187 19
71 7 30
445 221 793
178 252 878
467 225 713
247 1 792
209 418 754
334 446 929
352 433 740
27 199 231
247 477 676
481 86 22
43 349 149
266 484 170
309 361 702
98 410 395
425 419 706
211 433 338
56 13 46
412 259 718
93 97 1000
357 264 703
45 79 112
301 81 334
365 121 815
469 25 959
49 370 174
19 161 864
42 77 456
458 296 186
186 69 505
19 91 444
126 411 162
165 471 233
3 62 366
472 89 376
377 37 274
133 70 837
209 412 764
373 325 477
457 244 310
309 427 21
81 229 388
286 235 911
397 478 609
412 333 799
257 205 616
1 34 771
475 492 686
317 432 720
425 27 18
133 470 215
463 445 974
325 305 274
225 42 245
349 358 412
157 265 97
392 17 708
389 22 722
154 186 99
198 197 322
491 151 269
329 330 37
374 253 19
467 193 377
383 154 408
489 400 455
93 26 30
487 433 249
181 255 982
273 181 435
177 279 155
184 51 158
309 285 980
238 226 585
25 185 361
487 103 330
441 205 802
221 253 933
412 433 358
53 292 759
424 263 635
467 365 946
1 461 174
319 433 575
16 33 939
202 442 185
148 333 809
187 233 212
170 109 584
135 364 12
193 361 751
101 61 8
169 2 677
11 40 248
223 448 609
40 453 402
126 445 593
413 23 198
71 141 678
452 37 382
359 400 254
206 187 940
221 17 692
385 53 340
117 352 185
245 112 288
121 211 562
58 449 1000
368 357 368
229 199 335
175 237 365
29 215 554
380 389 450
411 261 984
78 217 383
25 29 682
82 390 301
235 425 369
460 2 459
448 344 609
40 225 489
70 49 579
253 65 461
204 85 842
361 169 676
207 299 582
29 96 123
97 241 757
415 75 480
274 227 764
221 60 60
396 105 693
91 439 835
216 465 983
25 48 227
433 406 697
91 391 368
20 49 550
10 433 606
270 127 586
5 433 844
177 91 35
205 355 404
245 145 480
73 402 185
141 200 316
172 37 538
114 121 461
73 82 121
453 142 767
121 131 702
149 7 519
385 272 986
481 343 992
146 22 777
17 121 430
372 19 691
5 195 20
459 369 878
360 303 740
181 55 420
146 191 354
127 180 826
131 19 488
103 326 62
1 297 800
9 18 303
399 333 849
34 241 920
413 121 452
361 115 495
375 51 338
364 58 731
433 75 774
157 337 494
387 1 728
59 439 519
425 133 159
277 243 241
403 147 355
85 213 316
172 72 881
223 38 285
164 37 951
107 372 291
394 323 850
201 217 151
421 280 665
8 239 302
18 331 68
469 112 599
225 391 433
401 28 418
184 401 200
465 173 531
473 213 351
296 33 429
196 486 157
208 337 868
283 65 198
43 25 884
385 207 110
260 89 133
69 385 786
297 268 688
467 322 830
463 286 64
307 487 270
306 448 785
257 24 760
215 1 1
192 91 91
132 41 957
229 351 743
187 349 359
73 147 699
317 433 277
17 231 783
307 457 945
67 424 716
477 415 247
149 166 769
313 391 412
29 158 700
453 325 138
133 101 564
97 96 636
20 187 148
396 253 588
463 113 353
269 49 278
181 209 925
285 397 962
449 177 670
436 427 335
409 360 741
409 425 531
55 433 6
93 393 943
73 310 859
473 457 975
165 130 398
477 154 231
81 423 675
18 26 273
22 147 917
356 421 484
1 449 335
381 325 474
276 391 451
241 245 422
337 35 37
118 155 417
451 127 693
420 397 855
103 315 182
345 53 898
273 451 740
409 214 509
491 277 28
371 101 345
347 41 216
458 293 297
12 67 996
155 82 513
247 487 308
184 180 819
373 377 297
157 422 228
341 91 640
289 64 372
400 399 29
448 481 735
99 353 382
293 89 252
391 187 396
249 199 649
489 349 498
361 197 625
335 187 214
46 173 69
109 175 549
481 477 756
381 475 360
70 232 861
83 70 943
196 445 868
213 133 307
1 239 671
181 473 55
309 172 423
353 349 420
13 265 664
191 127 108
484 375 91
129 427 156
465 291 549
361 225 233
206 387 210
117 1 829
169 428 909
451 256 602
361 147 994
337 117 97
243 278 368
33 3 54
277 285 291
61 363 823
373 12 628
328 391 112
169 223 153
175 173 473
341 185 902
276 247 799
391 439 25
325 418 701
181 305 786
409 295 153
357 130 800
309 282 279
421 430 91
350 166 864
355 43 557
67 447 33
77 193 664
483 229 921
225 337 235
341 181 931
33 400 741
271 141 684
399 253 40
382 125 991
19 346 856
378 25 289
329 51 862
382 21 158
325 323 834
47 73 785
352 412 480
378 247 807
13 262 905
137 105 917
277 362 847
17 45 29
37 145 472
401 91 956
397 133 213
124 351 356
281 377 553
257 231 488
288 322 405
337 369 87
244 22 444
254 251 555
340 195 999
367 406 859
327 297 620
34 169 77
310 343 710
279 7 629
139 358 415
297 105 932
119 394 747
151 349 720
173 305 509
393 225 634
367 127 431
386 453 92
52 474 747
201 427 979
337 14 860
1 378 481
391 447 335
175 439 600
160 49 888
389 163 579
410 85 934
461 109 808
282 160 212
326 303 902
181 422 679
420 246 645
340 142 842
415 106 499
294 73 673
12 58 549
325 243 741
309 31 171
220 459 964
275 89 531
184 73 904
214 301 339
411 271 555
117 184 279
289 165 674
165 101 235
31 385 464
485 418 98
397 350 566
91 385 558
257 213 380
277 21 72
363 45 376
67 217 257
490 178 929
277 337 383
301 306 869
151 55 605
113 70 98
485 391 171
490 49 818
356 315 198
9 457 839
361 9 852
349 297 680
85 13 66
256 17 379
340 250 295
41 205 681
217 351 523
1 118 285
35 46 768
479 1 608
261 17 932
411 326 798
65 72 59
367 65 72
209 73 35
100 377 473
43 205 675
213 114 537
69 41 995
278 286 660
42 235 529
337 95 879
31 108 831
487 193 851
13 169 16
141 409 784
422 263 366
211 340 432
201 469 895
343 1 735
261 134 384
361 311 862
187 113 868
379 279 890
292 481 118
303 439 817
409 349 274
87 317 624
223 193 749
9 49 327
93 295 805
241 310 23
4 157 60
35 427 441
298 69 635
37 265 98
209 325 899
229 313 445
114 481 890
484 325 18
481 41 628
241 331 172
136 289 847
5 289 127
184 368 177
205 385 425
187 367 782
427 397 37
37 325 905
479 397 59
317 373 860
229 211 573
187 10 880
1 40 736
366 209 982
124 361 851
213 310 768
357 181 900
249 289 1
491 288 282
335 421 967
433 444 990
187 173 191
358 13 754
350 140 154
218 240 434
321 334 403
195 422 814
400 305 891
85 217 445
316 13 797
1 3 94
428 409 457
445 165 156
9 33 555
126 207 786
445 291 554
210 124 129
179 37 495
89 382 437
455 167 46
337 258 758
184 181 977
193 21 846
486 337 390
137 235 603
268 213 18
377 436 350
293 337 910
407 207 197
207 77 19
229 289 271
100 227 575
263 333 332
104 445 4
442 306 813
201 61 430
403 207 386
277 297 792
358 121 189
427 316 353
277 433 692
76 363 986
236 177 252
133 383 268
28 367 509
74 223 214
60 247 425
224 394 499
264 238 599
125 211 499
394 163 198
440 129 393
445 307 965
73 26 188
157 327 979
107 252 897
217 3 763
261 229 326
265 480 578
427 93 220
479 175 932
323 457 903
391 230 116
400 465 250
41 305 565
387 421 856
361 357 619
369 276 882
433 85 559
64 247 257
25 165 98
274 157 909
191 317 565
133 427 573
231 165 386
247 155 627
309 159 784
60 448 413
109 224 521
172 313 832
97 403 626
263 313 671
376 109 942
109 334 332
148 149 772
445 9 468
469 275 298
46 80 666
165 93 670
279 105 792
85 328 133
187 124 152
85 277 986
110 229 260
187 43 247
13 45 953
25 172 60
209 247 888
101 30 996
401 357 288
102 145 875
37 433 290
191 271 323
393 471 464
85 215 597
325 161 209
112 217 799
295 329 880
405 75 190
259 21 775
241 120 458
1 5 653
293 367 156
307 464 419
437 184 697
45 133 31
445 490 928
13 220 822
229 130 38
73 205 242
454 179 937
430 395 831
181 457 18
361 399 946
285 327 898
358 449 729
78 148 999
136 183 926
187 23 340
61 409 773
49 128 175
345 13 205
328 307 909
383 1 411
309 157 551
261 55 206
231 34 477
257 355 74
75 455 197
263 477 156
175 393 592
229 388 955
388 369 524
209 472 346
477 298 295
448 95 680
173 349 896
19 469 438
329 161 837
9 413 286
345 353 341
135 205 455
434 17 330
122 393 389
388 241 645
1 285 619
130 388 860
243 214 977
40 310 616
409 321 692
64 207 89
285 62 716
115 357 792
379 304 971
208 349 895
6 485 173
360 268 378
7 119 603
351 435 53
181 117 881
62 268 694
149 438 364
265 7 513
467 133 635
477 429 915
346 23 573
55 341 302
149 97 925
435 118 379
307 403 282
305 410 560
229 127 927
129 145 253
109 239 411
109 55 775
113 110 943
107 189 829
9 481 972
391 421 722
10 42 707
335 305 245
81 26 54
52 77 145
395 1 451
241 201 890
100 268 709
61 157 721
425 138 157
470 77 301
325 187 404
72 297 325
292 237 874
49 225 810
237 29 195
409 262 131
302 181 534
169 261 734
31 367 279
460 3 593
482 429 156
279 253 394
284 361 76
265 277 813
23 138 845
173 247 728
452 247 501
125 49 351
7 124 504
175 278 795
421 289 586
142 373 990
414 425 649
131 33 942
98 390 98
479 205 502
356 7 247
477 207 921
93 307 318
7 73 933
46 186 979
197 66 730
492 407 638
79 444 452
20 330 826
5 153 470
165 197 120
325 454 279
41 163 398
181 331 987
389 361 689
31 237 740
362 265 904
345 249 591
189 157 110
169 43 971
67 367 170
458 235 625
143 55 396
361 25 295
405 277 611
34 421 170
149 175 823
103 352 828
321 73 566
181 481 668
161 291 189
1 199 310
246 373 901
139 419 738
488 121 483
21 50 732
405 148 284
461 9 975
118 221 619
137 257 749
73 406 43
266 1 7
253 406 393
140 352 447
85 188 5
175 351 590
147 153 312
139 328 474
386 341 234
403 452 31
438 409 458
448 473 62
217 457 63
424 406 711
472 182 48
219 103 1000
199 40 336
127 175 991
150 403 828
19 355 52
165 477 253
313 178 290
145 253 976
341 383 877
226 121 743
160 139 604
103 193 667
221 449 975
285 454 751
238 423 256
393 454 939
309 49 687
55 490 363
37 283 159
433 174 49
37 245 784
149 433 165
97 109 362
388 421 934
247 221 677
425 31 740
489 341 178
337 393 976
349 201 773
28 49 717
457 10 657
329 211 692
205 229 15
145 89 281
103 262 699
261 428 525
45 183 139
70 194 535
21 256 582
355 114 389
490 93 665
365 85 632
157 97 187
288 163 115
51 183 176
413 117 85
339 86 699
6 105 473
226 468 893
313 298 155
21 243 72
453 87 902
287 459 91
400 370 720
59 119 32
248 235 626
300 92 393
25 367 548
271 184 904
115 49 299
415 4 445
305 139 355
226 223 41
411 439 842
274 246 46
351 409 582
25 199 141
300 331 621
217 315 219
325 136 269
45 351 224
343 161 635
97 244 295
227 206 961
111 235 562
265 433 854
227 273 506
189 53 29
133 95 335
124 427 375
477 457 150
356 367 317
352 300 296
373 487 550
201 373 829
322 432 542
390 479 231
453 121 738
172 41 817
49 293 317
331 441 486
161 441 844
373 194 77
113 165 233
459 436 349
93 73 293
427 166 953
483 404 902
41 271 573
367 439 603
161 337 80
385 121 342
42 325 803
109 352 209
259 241 541
349 50 654
485 289 209
210 434 693
160 253 792
42 361 351
463 389 101
253 409 83
113 325 399
21 237 282
438 277 788
433 397 371
233 379 111
228 455 534
268 121 499
457 37 903
79 97 305
245 41 234
49 326 607
335 81 810
195 469 324
291 447 638
141 407 972
297 340 124
100 238 755
472 253 438
13 361 655
211 220 741
83 368 165
145 178 674
439 29 810
226 243 881
309 481 335
38 50 163
166 472 16
486 325 219
435 157 515
329 390 854
79 134 841
483 445 315
209 461 735
175 1 10
262 130 913
391 13 524
325 464 711
127 196 632
463 181 282
32 405 34
277 305 366
387 220 20
478 452 360
265 173 177
301 484 495
421 276 886
232 381 206
472 433 694
11 16 625
349 233 919
316 485 452
217 343 83
127 211 574
223 373 216
339 401 644
11 469 706
55 392 767
191 413 476
457 386 275
421 329 804
82 369 814
108 457 371
289 287 306
385 259 69
394 274 410
49 201 995
73 226 439
53 285 951
113 445 56
169 252 800
241 308 931
436 259 325
367 1 666
394 298 926
421 87 238
10 73 705
43 175 559
1 293 326
437 124 254
347 95 641
421 33 895
109 413 603
92 113 439
483 315 462
325 109 64
181 286 948
169 293 610
25 220 20
50 121 79
226 427 108
318 49 686
236 277 599
109 23 485
39 377 767
307 51 153
204 193 627
61 377 833
329 36 263
361 274 543
208 259 373
317 19 231
401 105 37
354 314 705
109 196 252
222 178 28
201 445 734
465 159 146
478 265 937
57 398 138
241 262 339
149 381 227
354 253 888
457 340 50
85 97 280
37 67 493
403 173 489
405 213 46
283 472 884
453 63 920
268 379 438
393 210 673
149 280 109
119 190 355
165 96 536
317 429 980
258 53 938
115 57 944
97 249 551
169 265 568
370 109 368
55 219 807
207 329 292
377 83 975
403 132 371
487 102 767
417 130 573
43 81 431
12 335 759
409 13 391
165 373 197
370 491 513
145 459 337
313 440 140
207 105 636
49 158 733
1 301 273
1 241 902
54 382 560
157 469 589
64 22 69
70 81 690
78 352 859
455 483 105
205 429 56
143 185 794
291 289 331
247 19 405
442 207 810
3 43 147
191 209 682
119 85 337
454 490 398
424 95 220
241 16 995
237 209 686
366 139 862
319 163 189
343 41 326
121 340 9
415 466 844
94 291 690
233 313 588
240 356 618
365 397 761
205 206 915
433 477 370
417 61 744
13 162 433
213 205 355
268 415 848
119 250 418
191 349 577
271 136 945
85 421 461
19 27 89
127 273 62
449 148 920
183 94 479
157 313 526
29 343 342
352 235 139
349 397 146
229 339 17
325 469 972
247 43 176
427 457 546
329 71 416
424 379 601
217 384 947
277 71 830
469 62 54
249 361 367
7 31 163
203 17 998
331 311 46
453 232 86
249 373 382
314 365 853
133 334 38
469 181 145
322 187 952
91 283 311
73 124 915
35 366 515
248 284 615
313 331 704
130 325 495
299 229 766
298 71 59
420 17 255
89 271 761
421 57 524
330 269 201
109 400 349
462 201 640
149 254 239
248 103 477
373 353 792
81 271 876
217 79 711
192 45 924
151 121 686
173 214 13
205 137 235
207 1 337
324 139 93
429 433 45
173 52 816
359 145 273
277 318 133
93 407 726
84 92 325
469 431 196
120 346 685
367 165 115
139 60 21
355 130 534
162 209 331
480 453 347
434 52 344
166 188 940
204 391 718
139 299 187
273 217 375
265 217 520
139 131 976
388 177 398
37 271 880
129 409 329
205 104 361
420 42 429
215 97 344
87 37 910
268 145 776
13 411 491
50 234 886
2 18 148
244 193 321
251 141 519
461 451 489
481 457 231
241 67 537
377 369 77
1 31 418
3 300 997
469 46 489
157 145 714
154 73 265
127 82 447
420 185 363
189 341 827
290 320 499
156 59 702
446 197 707
13 349 538
131 325 948
477 417 190
157 437 995
183 28 635
449 355 108
457 241 347
337 439 663
317 9 98
325 288 686
313 427 600
93 319 264
201 416 246
241 53 291
343 450 934
237 424 914
391 185 31
393 213 671
111 97 802
35 157 673
289 490 514
202 201 403
245 168 673
417 43 24
205 237 61
138 103 446
9 55 2
476 105 105
235 43 274
427 204 467
433 97 887
468 45 842
489 273 201
257 479 327
68 121 212
118 481 657
36 349 854
73 57 665
424 400 549
385 405 889
311 441 562
179 343 952
480 159 596
97 245 594
31 58 196
453 1 951
180 465 443
385 113 880
6 400 795
396 167 962
472 191 439
193 279 431
1 161 617
445 425 788
283 185 946
22 253 371
15 307 162
185 55 797
21 265 753
342 284 142
487 177 183
479 42 14
491 76 445
367 79 526
163 1 223
302 282 625
108 381 493
459 283 492
83 37 713
51 228 826
214 105 363
436 349 10
341 265 153
46 271 391
306 65 405
293 121 492
64 110 413
478 392 897
309 197 826
151 247 13
355 112 687
451 351 992
75 298 503
331 259 982
263 37 124
199 446 614
113 193 946
403 445 392
167 298 680
79 245 581
341 463 163
21 301 340
233 33 203
13 415 438
66 232 731
25 113 940
245 19 304
475 127 989
385 320 844
189 313 311
87 42 28
73 208 397
129 49 620
207 335 780
392 289 864
101 245 280
304 450 443
298 223 964
34 258 126
13 205 695
291 269 643
469 178 887
142 109 234
423 461 422
229 442 259
412 277 779
76 380 927
153 117 452
189 61 207
77 325 732
9 1 932
77 301 91
38 301 597
67 175 847
79 150 142
400 269 570
107 391 507
235 333 49
183 247 802
4 418 596
317 419 986
217 97 207
400 333 768
197 81 716
413 292 558
159 182 732
427 73 339
93 394 930
421 349 30
81 255 300
307 481 719
73 414 438
93 162 858
258 421 855
295 1 624
367 376 944
109 221 880
385 425 556
457 247 74
113 379 406
187 369 672
101 319 814
263 166 894
116 349 653
154 49 330
133 471 92
311 252 962
237 391 769
489 433 942
163 103 598
305 345 732
280 71 653
3 358 542
331 406 555
80 117 62
77 415 650
291 93 824
413 318 184
211 382 883
347 33 681
103 162 392
253 367 70
43 153 734
450 279 754
124 269 844
171 1 55
299 16 698
161 309 284
115 405 443
335 74 326
227 321 772
363 138 109
149 211 688
225 485 846
377 484 197
1 134 624
288 391 542
157 454 785
190 301 784
151 43 928
25 443 610
361 325 114
84 302 763
361 333 401
131 295 46
93 61 10
320 349 193
193 449 600
389 4 467
484 289 231
197 433 455
385 382 906
148 19 663
265 167 122
83 385 869
157 187 799
103 220 377
126 18 402
333 421 955
113 79 195
209 424 933
364 133 387
67 377 383
61 13 726
333 205 10
145 365 815
257 378 129
177 397 391
423 181 320
374 218 918
285 289 882
372 259 469
85 166 492
131 85 905
209 52 221
139 265 109
221 338 933
97 281 509
201 211 599
435 207 496
187 279 945
111 309 752
265 455 670
273 1 8
313 353 882
365 275 591
321 415 977
193 163 263
121 464 642
121 486 596
22 251 548
319 353 464
80 264 242
83 285 316
337 54 422
245 282 954
421 425 797
390 75 490
163 153 632
342 397 374
175 233 654
20 331 763
42 409 689
369 273 348
273 320 975
399 281 60
389 45 90
65 419 81
486 170 550
7 278 270
195 37 879
277 244 801
469 244 121
289 61 406
479 233 799
30 397 422
85 304 995
103 296 889
345 427 68
326 85 364
445 277 228
297 393 117
421 295 290
473 439 909
169 445 166
379 85 972
317 461 566
167 451 21
181 347 618
367 337 421
235 165 308
401 100 24
277 314 445
99 357 875
229 473 793
281 22 48
69 261 851
459 217 449
165 340 8
247 85 649
25 317 144
164 332 792
297 424 782
253 385 507
385 45 265
218 268 633
449 469 772
121 221 615
98 231 853
385 349 710
388 18 308
145 302 855
97 259 132
266 362 225
437 177 646
394 387 379
85 469 408
87 109 493
373 28 644
43 421 685
16 113 443
5 329 939
463 2 411
191 269 822
463 4 497
282 169 88
45 221 939
4 273 588
277 417 321
400 352 724
334 85 271
245 102 178
448 17 874
295 319 856
25 161 219
1 61 140
192 104 54
257 423 657
27 123 171
286 128 83
213 445 214
477 286 31
277 213 21
48 100 19
307 161 757
358 26 963
361 187 740
183 371 753
477 85 579
328 190 303
299 217 643
213 92 238
317 265 653
489 443 157
405 373 854
22 193 280
401 51 521
12 69 519
169 52 26
181 418 515
106 487 990
373 399 318
361 383 829
183 463 63
383 23 802
94 363 524
145 280 253
79 195 756
382 241 569
202 100 480
449 69 238
453 407 356
392 57 743
329 393 109
289 177 684
361 112 667
383 461 910
53 359 153
45 460 352
421 444 943
347 382 194
465 253 102
153 229 705
252 403 501
360 215 33
365 81 968
233 287 206
157 36 944
199 423 135
76 283 566
197 51 111
1 24 909
118 419 870
307 42 444
357 40 291
337 321 732
291 97 897
403 61 138
13 125 106
373 439 941
321 424 300
13 233 886
191 155 869
115 229 992
309 277 10
19 344 482
272 472 933
453 218 147
244 391 809
61 297 402
338 355 918
409 369 893
197 243 675
28 89 874
22 235 131
321 16 825
391 195 775
165 418 48
21 31 692
215 181 388
25 98 862
240 457 907
243 329 409
427 421 381
253 172 379
361 75 99
445 385 920
387 365 643
389 271 34
125 157 322
22 67 154
451 126 814
389 441 140
109 76 441
349 344 618
319 421 583
484 220 492
217 49 969
433 322 559
393 82 333
331 121 73
124 229 94
406 130 529
21 373 575
243 394 351
241 5 885
29 355 374
445 369 97
199 133 476
134 115 853
357 290 193
229 40 219
113 466 133
345 25 503
205 209 288
233 268 71
411 253 342
441 241 58
445 4 637
481 329 285
61 315 995
447 469 984
445 166 932
395 109 24
31 313 391
265 147 492
211 451 693
445 77 752
26 300 573
7 128 672
466 22 509
431 73 634
48 271 730
257 301 397
193 205 933
193 273 994
79 271 456
99 487 681
136 115 46
124 367 729
449 362 141
375 457 620
306 338 246
17 82 76
213 482 283
228 208 595
325 157 273
13 213 654
9 436 990
237 138 880
225 35 18
85 377 179
449 447 467
389 151 308
29 17 129
115 313 753
265 247 760
61 303 168
337 229 959
301 287 152
248 35 541
350 143 972
67 170 888
51 126 987
412 153 214
289 31 260
121 262 536
102 442 188
69 13 131
79 415 88
385 469 916
197 367 671
116 181 180
452 289 368
215 201 44
256 253 627
87 49 555
141 191 707
121 461 48
97 182 334
125 85 959
33 93 904
103 250 296
427 375 877
411 124 44
391 412 763
82 272 591
469 229 713
49 433 361
478 363 377
457 230 940
396 401 467
139 226 592
202 67 533
465 83 955
173 302 864
145 159 366
297 76 412
307 393 398
461 65 224
376 430 423
331 163 216
289 43 908
123 209 398
340 29 410
49 177 898
331 403 438
157 52 573
409 197 98
189 16 641
210 281 449
313 237 846
36 242 292
436 435 250
300 171 359
331 339 962
270 61 227
401 277 99
167 294 319
231 130 148
459 116 713
123 309 810
91 209 812
241 173 414
262 193 827
9 249 300
76 181 127
362 377 265
276 114 431
217 247 365
101 321 237
13 256 200
66 173 286
1 291 455
17 159 101
339 128 920
169 6 54
148 475 790
25 309 934
184 328 646
81 165 966
307 280 484
58 356 471
173 172 456
61 481 440
409 149 819
375 304 753
76 361 50
133 305 423
132 433 345
480 321 474
181 327 830
319 326 742
490 391 939
376 301 409
250 177 740
33 432 256
409 166 497
379 95 975
165 251 723
11 389 63
203 97 410
71 358 424
109 481 248
181 89 579
406 235 475
206 8 732
166 456 778
345 433 740
73 186 407
352 257 694
259 41 607
97 112 121
273 425 601
217 121 266
198 461 964
270 325 258
190 128 295
437 109 680
313 223 784
228 473 943
184 451 815
286 49 368
417 1 68
289 362 782
55 457 18
221 213 224
316 383 224
489 478 791
146 321 633
423 148 230
174 55 301
334 147 319
265 4 621
412 424 991
121 1 527
351 461 69
382 17 229
297 357 195
374 262 42
163 259 504
243 319 894
220 34 537
206 1 253
347 49 430
198 184 640
341 399 139
421 355 699
57 429 7
402 25 142
134 418 996
226 11 844
257 73 7
115 385 100
397 48 474
1 55 698
344 134 569
428 371 81
431 286 401
197 382 675
31 143 255
49 95 496
91 153 775
325 481 595
473 277 666
403 490 852
168 320 623
89 481 231
376 129 426
133 449 951
31 137 38
152 277 316
216 236 789
361 78 174
73 142 937
250 469 408
271 471 667
373 140 531
190 233 554
137 45 521
19 63 356
339 235 605
169 69 216
217 129 936
361 126 740
477 345 75
261 109 418
193 441 87
161 432 250
213 193 943
357 241 744
249 285 934
257 483 373
61 6 154
472 177 653
76 450 730
185 133 974
152 190 741
269 436 661
232 1 584
458 467 230
153 49 155
441 217 966
95 377 734
205 38 441
241 151 955
70 361 26
111 179 928
452 415 511
475 63 483
90 456 131
333 437 821
163 83 380
118 310 711
56 259 510
309 438 801
73 425 173
193 81 895
406 304 984
65 439 137
133 321 374
461 2 201
421 397 713
193 481 875
465 13 778
120 437 960
75 1 60
166 397 364
199 309 521
492 452 703
215 163 104
124 215 840
373 208 965
301 380 638
139 449 842
117 25 961
28 97 715
238 490 723
436 372 590
297 169 702
241 29 550
307 133 988
299 185 644
58 433 524
103 73 559
212 342 267
385 133 704
355 38 208
349 363 245
296 7 997
235 457 111
147 442 278
271 187 900
352 453 234
187 119 422
224 104 400
65 433 10
73 203 545
88 337 350
137 426 686
177 365 991
87 96 938
457 310 608
25 409 287
55 481 22
457 265 477
81 442 683
166 130 193
61 117 271
421 201 748
55 436 75
226 432 649
205 130 275
115 55 818
1 133 26
269 333 83
136 1 780
251 387 863
324 421 281
349 247 961
178 19 800
23 462 100
319 29 896
343 37 471
415 49 191
403 335 201
325 307 644
247 96 444
421 341 515
475 104 822
217 25 34
115 370 416
37 89 474
84 105 425
112 241 481
224 333 241
349 272 699
285 419 31
461 421 662
396 137 159
288 392 176
349 103 80
241 163 579
120 350 719
460 289 85
86 418 28
113 178 366
206 88 484
238 337 336
73 277 869
118 401 380
285 73 892
141 173 586
381 481 203
431 349 591
289 97 211
61 193 16
349 203 43
420 436 806
409 67 973
138 305 644
441 412 987
435 377 777
180 215 805
261 231 466
193 285 925
241 289 692
387 73 53
89 241 198
298 281 940
149 103 111
185 337 117
135 163 903
445 310 549
313 145 858
479 489 895
63 370 285
13 250 953
281 329 906
243 469 244
431 423 927
421 61 436
429 259 797
235 113 866
134 50 262
485 247 585
433 386 603
275 387 522
356 365 552
304 10 481
234 322 993
322 103 985
241 101 655
31 302 514
309 184 402
12 361 635
85 116 870
198 151 980
335 397 864
307 145 101
445 457 629
118 410 124
308 63 516
20 42 857
484 363 331
402 181 770
419 70 325
26 325 188
380 425 86
124 61 210
185 109 49
240 165 411
133 193 659
287 411 498
475 24 981
181 259 778
4 355 390
317 13 809
263 151 499
229 193 960
265 374 381
33 257 19
106 273 945
129 491 509
53 429 713
172 65 161
36 193 889
433 121 221
388 253 995
345 461 915
193 332 276
329 4 797
16 79 8
316 160 786
180 467 520
111 123 702
481 23 745
307 281 134
97 317 49
377 163 643
401 474 606
103 253 695
395 452 350
247 438 564
397 28 43
74 1 768
310 20 42
173 474 556
436 317 439
336 132 718
445 127 998
61 475 612
222 376 492
325 334 942
112 1 59
361 241 603
277 425 888
169 371 967
268 173 371
253 79 407
185 321 555
279 103 833
486 217 864
85 397 584
245 477 257
154 118 410
97 78 922
9 393 503
457 193 838
161 234 818
63 384 754
54 205 336
221 295 868
295 481 588
419 55 524
422 343 814
117 381 997
271 406 743
57 319 743
34 85 158
7 381 783
1 46 436
233 51 978
457 233 97
474 172 278
193 358 314
48 90 388
26 30 359
202 489 158
421 313 250
277 205 140
211 235 569
193 130 673
396 119 620
4 449 221
463 281 935
405 37 205
109 149 761
94 113 676
249 349 646
157 403 706
245 59 778
391 357 821
193 420 374
305 140 802
33 403 349
400 157 438
283 263 803
373 93 847
37 453 698
346 341 505
1 360 573
301 89 706
377 169 369
121 316 473
187 217 563
97 99 542
145 385 983
385 373 641
388 393 899
469 3 404
421 190 612
221 145 645
304 463 615
377 489 875
118 73 945
121 14 594
426 369 357
229 457 586
228 244 885
11 357 896
89 413 45
154 316 855
75 127 750
64 477 288
107 17 893
121 169 245
25 67 720
301 229 120
368 103 703
148 481 323
221 413 691
201 70 403
205 373 823
354 320 393
325 365 203
412 220 671
9 124 693
204 277 490
267 398 576
49 133 183
259 1 378
370 87 416
426 239 934
166 281 487
464 285 984
449 425 96
141 44 254
187 189 888
470 479 385
248 339 41
121 241 109
175 331 847
291 254 146
441 489 194
328 288 255
151 299 849
441 464 64
355 309 938
111 124 723
196 487 751
61 317 220
137 135 562
460 179 562
457 52 170
99 467 958
373 277 940
345 451 906
6 160 920
73 269 699
8 448 737
173 148 505
417 138 37
201 472 979
85 329 890
121 70 381
270 202 428
413 376 645
421 399 676
133 162 779
71 137 663
440 293 586
152 378 118
91 367 42
378 399 956
247 75 928
251 17 40
221 23 592
91 4 853
453 17 87
407 129 532
357 244 662
341 109 669
220 57 588
7 53 106
198 397 931
283 201 196
217 73 63
472 340 346
145 325 728
77 265 721
349 141 322
154 382 301
61 397 958
385 154 880
31 430 919
475 476 428
392 271 397
416 481 384
45 241 100
280 53 360
377 333 530
159 419 138
238 167 560
13 269 268
394 411 573
199 488 801
1 462 900
145 133 116
263 403 842
132 316 306
485 249 194
479 333 579
244 265 123
199 19 368
421 467 575
439 307 907
90 349 199
179 117 525
289 211 252
73 153 519
333 308 200
461 411 732
289 301 840
310 248 609
79 13 908
268 437 47
333 264 445
14 21 538
485 395 707
203 256 427
81 265 381
11 88 302
109 450 299
146 212 184
367 399 937
165 174 853
208 246 875
165 47 120
445 132 102
43 79 552
3 13 868
325 41 871
39 199 646
97 117 542
242 89 971
415 400 499
1 418 479
271 409 318
85 153 550
313 439 859
238 178 670
55 391 270
37 73 132
137 489 769
283 323 56
38 341 493
257 472 109
422 377 528
1 373 836
97 169 634
409 1 318
13 333 786
36 337 52
277 268 61
401 140 660
457 335 332
133 217 378
403 241 138
295 157 398
277 349 806
405 473 105
307 483 882
378 347 314
479 97 867
73 210 740
113 364 788
141 214 355
445 280 870
10 26 129
68 157 103
347 291 947
219 203 555
247 469 495
63 9 319
185 413 618
130 424 803
373 61 309
42 25 192
211 461 94
163 247 969
123 418 401
372 397 37
273 7 520
37 247 845
4 198 208
472 473 601
61 467 967
211 351 768
353 229 577
365 401 295
171 115 878
208 475 906
94 226 12
205 432 48
181 309 605
293 442 267
37 156 800
161 375 591
214 325 704
36 46 442
343 361 886
444 307 428
181 451 136
457 79 628
167 323 934
116 327 291
173 133 32
421 384 960
227 17 466
121 277 350
187 285 179
83 471 674
69 87 482
211 25 972
149 162 881
51 25 147
430 355 476
129 365 294
110 397 357
205 85 333
265 64 255
107 166 402
261 267 328
33 436 628
405 111 457
397 91 399
481 49 946
33 159 704
136 457 182
223 326 131
409 124 727
251 179 336
394 331 641
402 164 870
485 358 644
133 445 747
202 79 228
447 64 717
114 271 31
37 33 523
370 325 928
302 223 19
293 85 461
43 457 602
205 294 450
307 97 575
106 112 252
265 293 389
79 9 12
1 464 917
101 88 747
345 319 526
157 148 170
15 47 445
281 36 46
328 169 331
490 112 606
238 406 687
305 176 327
58 16 465
465 325 275
10 381 493
227 215 417
36 297 826
237 109 817
487 1 409
106 313 777
40 372 240
253 334 647
385 197 36
205 449 549
262 380 934
49 294 626
193 325 655
329 450 819
241 439 368
126 259 710
253 69 883
316 358 765
273 22 425
174 61 505
98 28 655
233 81 834
322 153 501
373 23 106
179 433 313
33 489 608
389 91 535
453 373 155
148 304 75
328 442 514
475 371 492
317 289 498
217 284 671
357 415 45
277 397 346
301 68 370
1 149 431
349 330 627
277 187 88
40 217 494
85 133 591
439 223 806
167 266 787
45 445 21
221 487 123
409 489 912
37 253 245
1 10 697
26 253 842
31 352 835
369 209 264
26 61 176
439 13 97
5 253 100
76 178 69
402 382 883
65 185 805
250 259 872
169 373 913
224 343 332
335 197 128
97 253 59
457 86 387
325 169 302
261 243 563
157 25 167
461 311 483
401 328 784
353 393 729
237 358 62
198 481 931
446 444 100
417 219 632
235 417 301
199 371 835
188 349 107
337 90 692
432 209 180
175 199 159
217 63 875
425 82 305
448 241 154
415 274 72
101 365 775
345 307 240
442 296 805
362 177 698
209 391 348
211 17 623
297 97 980
298 9 296
409 81 896
104 433 819
235 17 293
463 93 405
9 394 167
181 166 973
8 167 616
315 165 982
452 136 76
17 160 504
159 241 734
37 148 63
202 157 832
94 245 317
427 373 815
430 27 986
97 148 408
273 191 37
138 153 845
137 209 696
271 120 743
98 7 29
373 163 700
379 359 173
129 411 585
388 123 486
257 403 991
67 450 510
194 237 382
76 384 377
304 241 352
341 313 669
445 202 137
319 405 527
309 471 328
393 457 458
394 83 608
388 135 614
132 485 510
403 450 742
259 365 795
233 109 361
331 335 77
349 461 437
457 101 84
277 118 707
153 175 408
47 463 305
241 333 981
374 316 242
173 445 911
178 83 96
161 248 830
30 442 678
87 472 729
196 281 45
117 367 420
31 259 644
81 310 481
69 213 285
463 121 897
153 37 583
433 331 690
106 391 177
185 347 876
438 249 38
157 247 59
81 91 116
262 353 168
467 461 102
235 107 246
213 7 822
6 82 20
131 241 311
427 40 304
53 1 659
13 278 284
139 321 772
231 113 424
295 217 14
269 249 413
413 462 795
357 373 162
202 262 255
289 461 694
361 114 824
18 277 780
73 463 323
385 16 624
192 117 929
185 8 881
13 82 458
65 211 834
191 151 663
67 243 978
75 439 117
229 453 467
488 165 544
484 217 159
198 418 603
370 320 422
217 409 962
230 394 504
403 361 434
442 45 361
2 25 774
73 235 411
409 296 995
115 273 889
229 133 387
361 492 488
451 145 488
229 103 822
190 372 591
11 337 163
16 207 727
118 247 928
53 26 942
7 56 671
254 364 799
477 19 75
241 458 963
1 406 576
99 266 123
385 1 168
1 71 945
285 36 482
452 343 946
11 275 793
249 463 642
301 313 86
57 469 800
412 465 978
137 218 622
391 281 242
337 74 947
1 416 960
346 300 573
205 49 174
233 108 363
205 477 390
458 247 333
427 97 505
361 423 261
365 395 857
247 55 930
404 397 262
339 313 721
1 182 153
265 56 416
309 252 505
57 349 419
391 460 179
134 400 773
441 118 734
373 233 26
65 331 904
347 396 665
325 8 746
259 213 275
165 185 271
409 465 337
261 40 77
27 373 244
288 393 473
11 480 420
385 117 704
477 332 888
469 370 491
277 175 940
171 376 151
129 162 340
481 133 307
283 241 299
7 29 661
233 149 24
15 89 700
360 159 520
37 124 587
319 157 101
41 331 22
256 80 536
76 137 663
71 127 288
130 199 875
369 305 793
353 351 303
433 187 573
11 281 77
25 35 962
161 41 599
370 189 871
390 334 845
449 75 38
113 397 150
385 483 129
261 277 576
405 265 598
53 61 411
357 206 937
82 37 157
117 265 511
325 475 682
38 26 160
1 166 192
475 162 877
175 100 425
368 41 623
433 289 63
97 105 475
118 218 47
1 49 391
448 177 222
94 87 496
389 420 808
273 247 665
13 134 633
491 367 863
421 434 13
96 381 825
67 82 757
278 277 885
58 247 149
471 353 659
409 377 995
380 433 563
355 61 107
214 217 305
59 298 988
244 79 304
205 313 168
425 345 934
191 448 695
211 1 329
85 337 886
31 454 710
481 253 629
109 460 569
42 295 546
136 278 58
120 341 189
245 289 313
209 433 333
353 329 768
397 55 467
293 349 399
173 181 885
323 440 967
245 47 455
349 457 229
126 220 375
397 409 498
67 182 42
73 267 386
394 205 786
83 79 719
235 431 728
103 276 135
157 184 528
441 369 279
106 413 441
277 403 593
397 408 59
393 145 873
443 93 371
165 45 844
100 93 666
82 451 537
463 289 231
1 411 782
343 451 54
397 300 490
85 162 853
461 419 962
39 487 917
8 134 66
205 459 506
457 490 253
183 160 120
462 433 767
289 347 872
290 173 544
293 380 681
461 323 966
65 108 61
297 78 325
281 136 181
25 76 288
106 283 587
277 355 382
277 377 775
149 429 211
37 200 698
79 37 427
285 393 451
307 241 903
173 461 983
118 101 912
310 199 703
308 25 841
198 253 646
165 385 826
350 463 262
49 457 232
1 426 361
246 367 754
153 403 51
389 200 775
250 329 116
84 1 971
155 307 19
280 253 793
395 341 949
481 211 868
162 334 4
186 445 258
273 100 977
131 277 467
279 28 287
449 241 759
221 365 641
61 457 340
85 278 993
475 21 922
319 359 552
172 425 673
1 7 993
244 325 333
2 85 860
73 439 794
87 247 463
153 63 480
237 442 548
487 199 923
227 43 762
288 289 755
209 267 549
343 469 426
424 45 771
435 25 43
49 314 108
209 227 375
107 403 372
241 52 930
184 311 280
346 476 664
485 305 200
25 405 60
351 31 981
487 383 486
151 223 337
184 288 680
115 253 493
487 227 451
49 207 106
403 168 885
194 25 829
249 399 104
65 385 612
74 73 625
277 79 864
329 73 160
397 268 191
253 359 968
321 247 648
461 429 196
230 129 428
245 361 687
217 311 787
95 449 125
293 333 892
446 133 672
113 190 322
13 484 192
435 409 248
322 157 219
182 484 992
411 15 804
411 161 903
469 257 715
466 249 298
463 125 960
233 325 846
477 184 756
86 385 279
189 369 562
351 142 821
233 295 233
145 169 386
473 208 402
156 21 519
85 255 398
437 367 386
40 463 82
253 61 913
286 61 476
153 377 684
209 117 678
230 247 417
46 283 812
413 457 974
441 377 400
19 214 11
221 81 122
159 57 632
325 445 54
271 445 997
335 121 858
87 280 742
197 256 566
460 124 533
7 445 219
253 291 183
241 49 372
370 379 610
133 121 851
341 36 663
359 247 928
397 357 626
438 463 751
268 301 111
382 373 150
83 349 206
244 409 429
437 388 349
136 193 42
211 213 437
157 392 829
330 445 427
277 117 306
348 1 164
349 452 68
25 49 541
199 481 210
13 247 506
96 77 508
7 49 939
39 305 500
176 429 252
472 301 201
77 449 719
241 71 634
289 252 286
103 25 229
489 467 923
36 52 114
2 270 707
325 68 980
169 109 841
439 261 209
187 365 789
53 144 885
406 226 922
204 137 843
154 421 445
219 358 649
243 175 208
475 333 928
31 303 352
13 127 511
25 28 679
32 59 924
397 65 388
400 345 552
190 103 450
457 31 917
199 361 536
445 157 602
193 275 180
121 471 977
448 492 926
173 221 758
370 205 643
199 312 98
121 124 143
205 401 55
271 101 834
337 325 483
481 335 495
214 289 319
312 205 541
49 417 472
403 291 360
276 212 733
208 124 772
454 46 879
181 109 290
292 401 146
119 181 947
337 451 31
160 100 29
421 402 659
17 345 274
165 201 282
73 261 88
31 65 515
473 338 194
274 148 291
419 184 43
193 156 831
164 205 321
427 237 836
95 382 213
91 365 194
112 482 764
253 487 453
467 427 865
235 361 663
220 346 266
61 181 683
127 155 615
340 133 197
475 458 23
241 217 190
369 269 170
325 5 52
439 454 640
201 482 563
181 171 76
425 13 165
317 320 84
261 469 52
186 41 619
277 467 71
381 298 76
45 310 38
317 237 545
83 409 368
433 76 799
231 61 509
245 397 748
278 287 281
404 51 357
117 292 335
286 325 590
195 353 333
317 343 867
269 41 604
5 415 994
245 29 677
389 211 598
93 265 822
397 9 987
409 4 102
393 419 77
57 1 241
44 215 833
285 35 255
398 181 540
295 370 106
460 331 420
241 187 106
127 187 668
491 84 97
176 56 55
487 273 196
145 109 980
133 183 753
52 289 320
49 163 673
340 28 819
481 77 153
398 133 154
199 205 691
385 245 320
319 261 638
443 336 813
136 61 153
261 1 264
147 289 858
125 358 853
127 322 378
77 319 243
357 1 917
181 97 813
337 1 676
337 209 23
175 311 912
110 421 741
293 307 409
454 265 517
213 369 625
157 165 220
10 65 527
226 385 277
361 109 676
425 269 51
342 165 142
185 281 914
241 37 896
289 49 256
115 145 153
475 211 343
88 109 211
352 301 547
461 409 458
21 460 267
466 139 816
397 73 922
409 153 790
30 469 800
121 404 930
378 475 547
431 389 699
346 58 643
400 473 891
172 445 578
381 452 718
11 287 716
227 109 893
427 483 71
447 352 240
471 101 645
133 479 144
403 25 654
413 173 140
185 329 21
394 265 710
309 47 103
193 256 674
470 335 836
250 375 844
247 187 478
385 42 683
229 57 989
139 163 78
75 97 990
56 240 635
371 316 290
79 249 847
439 108 234
289 353 534
115 34 851
13 444 943
225 462 963
193 334 234
199 96 272
402 409 570
235 93 46
259 397 183
1 225 539
163 310 283
157 299 778
133 232 128
85 61 31
283 133 593
173 177 183
465 334 814
29 65 544
406 385 521
74 490 486
225 261 212
469 437 735
269 259 877
47 383 391
9 336 299
268 463 905
346 88 555
417 481 332
315 449 932
213 139 512
374 137 611
478 331 352
97 184 832
453 465 325
417 205 423
447 283 767
31 173 231
43 20 634
472 205 691
225 411 264
405 149 184
293 33 407
75 160 586
465 401 599
265 435 112
434 414 814
349 91 809
141 130 548
243 463 576
85 403 17
128 253 841
442 133 260
151 410 831
268 160 632
237 140 183
203 352 682
142 245 189
42 457 774
321 370 849
23 51 200
245 153 713
175 85 86
43 343 901
37 312 157
235 7 290
347 271 661
309 95 304
49 106 408
6 475 594
479 277 267
421 56 893
192 197 558
96 338 987
446 424 767
17 373 713
200 271 54
19 409 884
181 437 163
166 221 533
459 169 772
140 457 607
227 391 146
403 205 806
466 151 263
213 355 265
127 59 580
151 154 856
169 346 319
329 435 699
295 249 807
83 382 574
377 253 4
181 31 1
97 469 196
406 199 409
109 489 813
457 367 666
247 77 829
379 145 927
6 234 115
300 439 884
297 385 737
160 241 725
41 183 538
247 406 17
19 274 597
177 101 979
29 57 443
145 30 795
221 57 277
211 292 414
385 453 158
348 409 245
114 464 165
405 145 960
92 35 115
467 352 903
439 84 660
277 37 896
259 127 552
289 10 332
130 157 748
19 28 750
336 277 935
101 151 474
193 249 59
226 113 740
69 274 764
102 250 878
379 281 329
124 233 38
341 445 900
166 163 318
128 246 645
334 405 638
190 234 93
310 235 855
8 178 405
329 20 109
256 85 846
489 223 851
395 67 389
75 83 8
289 277 293
466 406 985
301 462 842
166 233 253
262 82 219
144 395 789
315 209 989
231 307 211
253 100 910
177 113 746
155 280 871
316 422 803
379 253 965
381 113 466
278 418 923
31 235 400
443 435 736
265 133 997
397 121 195
301 73 789
392 483 555
30 229 770
262 334 619
387 49 994
452 114 394
341 226 236
247 428 232
385 269 230
238 385 127
401 492 714
85 229 761
13 108 775
249 109 42
55 27 477
150 295 475
465 316 40
183 137 756
229 163 626
133 73 712
181 339 612
333 294 205
26 147 755
436 239 982
312 115 564
89 91 846
73 445 967
408 242 65
119 168 803
373 423 736
189 481 252
363 289 990
71 173 739
445 319 653
409 31 768
465 375 322
325 238 57
118 306 894
283 277 54
487 101 650
409 112 879
345 435 930
100 329 702
325 105 688
388 21 83
484 337 553
55 49 529
121 368 893
153 361 83
485 303 691
101 491 771
421 343 5
455 388 818
1 465 531
253 189 331
261 475 419
241 157 273
301 378 113
1 187 624
209 187 796
145 373 272
485 327 53
217 403 28
336 301 809
87 130 854
198 281 550
20 325 499
116 435 445
25 421 1
81 1 327
82 307 357
353 166 760
216 361 996
11 285 678
178 463 791
217 23 495
323 57 206
351 57 255
125 133 103
389 289 457
280 33 549
190 260 770
58 97 237
373 334 77
369 386 455
73 31 262
57 457 601
445 164 50
107 475 574
405 225 82
21 140 740
466 461 456
369 433 31
280 171 256
241 103 867
126 55 278
418 491 504
180 384 380
168 49 806
469 213 713
13 395 902
197 172 708
148 310 352
401 247 199
289 137 931
361 47 580
117 321 611
325 391 539
433 353 323
25 445 859
192 43 319
377 469 58
157 37 15
385 365 519
382 225 695
262 361 167
105 429 55
390 313 53
223 249 848
350 286 274
329 169 518
250 325 850
223 322 274
158 421 419
469 189 215
223 415 196
277 475 466
409 163 554
93 101 468
215 79 62
143 149 185
13 149 881
108 117 747
479 380 331
121 65 399
85 19 129
405 323 437
157 253 621
490 26 451
81 12 208
109 217 521
30 122 355
169 451 452
44 373 120
427 481 460
173 1 245
271 65 471
97 358 547
211 353 55
329 25 841
181 417 513
88 371 23
106 474 563
182 245 295
459 394 842
190 283 87
229 487 862
429 283 4
448 70 679
71 307 328
490 281 928
317 333 293
346 15 792
373 71 735
81 469 425
52 293 776
110 427 17
362 85 249
347 307 674
427 112 572
400 481 252
2 265 921
286 169 792
475 165 17
45 257 935
217 275 597
437 457 271
247 142 39
273 272 549
295 149 518
202 334 798
16 73 845
139 1 190
466 124 759
5 7 572
489 113 76
257 113 715
322 198 895
163 352 919
261 309 95
437 123 516
307 203 817
411 256 476
179 391 554
427 385 437
53 197 94
298 151 734
31 158 900
117 417 879
209 107 786
254 153 210
109 115 981
316 115 617
1 63 129
73 17 34
329 349 398
182 463 355
370 375 974
229 367 242
259 289 770
210 344 566
397 152 413
406 274 536
418 119 562
282 157 632
321 107 474
69 4 815
485 340 634
461 111 822
453 329 309
58 415 236
189 181 163
53 85 143
201 1 774
277 484 107
188 163 105
441 175 588
89 473 804
213 337 378
37 85 844
49 147 816
269 43 499
139 97 16
29 128 181
433 245 800
369 368 312
281 444 54
301 389 334
193 231 457
197 247 269
308 342 572
382 41 90
247 309 819
145 377 597
421 193 425
328 386 775
385 9 748
228 298 694
329 444 968
151 347 191
29 102 746
376 137 827
307 424 573
193 297 183
256 103 882
187 393 481
109 340 224
291 39 990
235 145 367
212 216 748
421 213 965
349 301 28
241 33 815
223 227 677
436 353 473
433 139 283
397 385 713
165 29 985
55 477 561
225 439 941
341 64 141
94 5 29
141 268 866
419 7 432
28 301 258
59 237 466
153 177 528
273 124 544
271 13 602
475 66 475
197 95 113
97 313 750
457 60 729
446 169 978
187 370 592
268 284 414
49 453 213
61 265 752
224 291 637
349 487 30
425 372 555
287 241 836
441 62 12
411 211 156
289 315 17
332 433 144
185 106 366
417 487 183
18 289 926
1 2 690
119 397 173
437 391 616
375 211 465
333 266 335
313 325 138
345 178 9
199 305 491
327 351 447
460 53 813
397 393 213
346 229 415
205 379 403
25 344 738
217 472 96
487 97 666
291 169 320
237 67 866
379 247 392
367 469 770
225 226 932
271 317 559
193 181 831
151 427 587
217 27 11
339 267 941
141 304 210
25 193 723
9 36 251
54 1 885
329 361 554
280 409 664
124 247 5
75 402 415
71 366 40
325 281 641
265 397 796
231 333 804
172 441 818
248 193 782
199 321 997
236 339 155
147 53 406
23 455 565
457 474 597
170 329 739
385 163 794
417 485 112
92 310 446
13 93 870
136 357 938
58 412 345
277 301 897
331 179 613
185 1 780
213 225 555
125 261 247
309 401 80
170 323 455
443 107 388
337 382 883
461 367 630
263 436 853
166 92 807
207 469 535
262 349 715
250 392 171
191 397 39
481 239 554
421 301 689
297 112 635
17 189 51
381 328 607
355 271 337
322 172 28
451 241 585
79 25 708
192 253 416
347 196 191
38 426 274
85 449 977
87 195 989
391 221 153
39 29 885
428 58 54
403 457 825
421 101 42
304 37 207
209 139 549
123 57 665
163 169 438
112 213 623
115 247 454
468 270 604
251 349 317
381 425 892
157 272 918
73 61 411
473 184 252
363 412 184
323 125 282
217 136 25
400 256 18
29 31 875
399 217 797
165 437 46
457 139 266
211 7 164
85 31 914
307 202 477
53 193 415
429 242 19
163 97 567
487 386 510
89 221 418
57 13 494
217 385 343
68 241 631
61 51 567
40 169 948
233 145 953
115 116 834
6 451 986
146 417 195
209 301 912
425 427 218
253 237 966
13 442 114
257 349 824
391 21 744
27 235 805
436 385 759
391 370 186
124 335 448
5 313 305
311 249 486
27 413 119
41 92 876
309 85 589
85 450 149
299 160 930
250 365 36
139 258 376
97 434 868
73 297 901
149 89 630
94 137 397
1 223 432
457 226 232
185 168 869
121 313 85
229 412 839
225 51 527
289 473 637
332 397 208
142 199 30
259 476 734
117 393 289
467 49 599
325 124 323
25 210 952
67 289 863
180 84 634
229 348 601
274 278 999
321 178 1
99 397 618
145 181 774
1 375 157
241 109 327
149 415 745
13 267 541
407 91 998
356 459 611
261 37 764
242 82 999
21 181 695
421 410 450
194 204 34
7 151 115
91 259 724
71 257 786
43 46 106
175 56 597
445 435 369
61 304 26
105 346 494
265 285 207
140 164 929
132 30 38
257 17 798
7 237 23
298 389 36
26 76 824
186 469 824
56 430 705
293 53 990
247 109 133
214 9 858
457 289 283
25 118 525
130 163 806
489 369 765
421 124 500
256 385 893
157 349 130
151 37 52
101 339 247
49 470 696
353 66 978
155 46 556
409 463 115
332 1 351
427 139 36
365 270 922
129 181 595
373 15 611
217 310 861
165 133 514
453 293 963
265 481 38
69 51 96
422 187 926
438 62 379
489 130 836
355 41 587
379 63 742
83 167 222
412 141 956
185 49 701
145 40 707
28 376 215
65 373 868
409 445 626
382 421 961
403 309 339
469 101 921
383 463 923
140 473 493
63 111 102
265 129 683
282 49 130
118 35 470
261 485 162
329 271 176
179 385 676
445 316 608
115 238 863
339 337 413
72 392 907
95 169 221
123 120 691
8 410 132
221 55 498
484 273 125
79 133 207
179 201 149
355 316 20
27 237 35
209 79 458
1 399 227
193 343 967
181 231 630
389 43 427
237 446 864
186 25 5
124 333 926
172 217 531
315 101 919
301 367 731
463 189 120
298 291 711
5 450 465
383 459 725
113 329 563
316 343 141
202 25 795
38 86 171
104 369 17
1 219 86
413 187 968
377 375 838
377 157 850
220 317 940
51 86 813
384 62 685
317 285 321
64 241 984
427 288 799
7 245 896
181 120 633
127 78 877
155 169 663
340 61 598
157 181 873
169 471 434
215 295 221
90 102 69
335 265 534
148 398 701
307 124 255
215 110 697
26 182 749
321 169 876
186 208 884
181 265 490
367 209 905
325 153 92
479 475 334
328 313 394
75 151 787
1 391 606
477 368 499
219 129 230
65 229 913
329 41 415
111 269 217
305 461 506
129 153 221
393 361 840
148 361 643
474 229 895
201 69 745
121 489 98
110 66 656
419 165 669
139 49 461
399 218 405
199 450 679
49 336 849
193 409 940
39 68 634
141 387 829
74 242 373
361 257 979
85 289 57
157 441 812
409 357 58
483 133 848
286 55 214
289 349 450
201 317 621
293 229 333
41 66 422
169 92 263
319 247 569
272 253 209
478 385 978
219 387 7
394 337 214
5 73 312
237 281 562
1 340 568
397 207 604
260 389 864
313 127 896
169 408 129
481 121 661
185 487 203
1 77 167
349 147 7
121 13 282
223 189 582
275 41 268
373 181 72
457 373 716
46 492 186
331 145 369
5 421 152
235 299 969
307 45 23
221 321 859
129 465 331
479 399 537
98 145 855
39 149 189
203 283 545
145 1 246
257 245 814
293 414 646
283 200 381
462 35 470
58 121 863
385 223 595
329 157 495
238 396 516
67 42 761
242 353 203
53 427 537
211 341 461
102 131 687
213 74 203
277 202 9
51 210 214
457 109 177
154 349 701
213 29 947
320 322 90
97 1 530
418 405 585
339 191 840
472 91 667
337 77 343
352 358 539
404 102 699
76 304 231
14 431 332
163 297 216
442 301 662
353 121 558
251 265 87
11 156 595
121 233 66
108 137 341
406 150 923
328 81 38
133 78 373
52 371 27
457 94 491
77 249 109
180 409 865
365 409 361
34 63 285
357 355 651
347 117 517
49 137 394
471 362 725
377 165 185
265 54 945
46 417 263
48 365 952
358 85 132
112 435 841
145 364 506
488 458 4
147 238 918
121 37 804
133 203 201
425 118 526
341 209 472
43 232 965
240 183 708
265 271 667
245 303 153
324 265 322
401 349 299
73 58 324
109 429 647
211 421 184
241 359 445
277 224 388
144 373 856
424 451 630
421 197 62
430 333 147
78 91 307
237 230 397
327 401 479
93 139 506
285 253 127
82 133 93
235 89 413
147 404 173
485 161 94
361 79 153
457 348 742
38 227 480
127 245 821
49 421 428
187 301 348
449 261 978
241 467 579
364 311 832
61 103 806
447 423 477
43 415 807
349 313 939
145 105 223
61 316 680
331 301 835
376 9 941
4 360 979
36 442 71
439 145 846
157 84 880
171 203 670
226 466 208
452 358 623
307 466 543
46 379 31
397 219 82
113 349 92
1 181 947
302 269 122
181 406 698
319 61 211
35 15 805
115 225 541
112 308 530
469 457 225
241 297 886
457 63 981
357 166 12
269 1 817
485 301 676
305 401 867
361 243 717
299 65 201
195 484 238
79 289 400
297 411 382
1 45 669
157 385 689
303 335 748
286 153 435
77 277 635
409 329 194
302 25 695
453 421 179
121 342 705
385 19 882
303 266 520
127 438 296
22 73 802
321 261 592
449 430 377
229 406 810
340 481 882
193 83 855
223 257 973
236 37 191
127 307 265
73 345 22
37 383 815
25 301 733
103 327 121
137 1 939
301 321 815
121 321 873
60 217 133
101 419 72
217 289 521
81 241 607
333 141 876
223 41 502
173 161 774
217 53 660
199 184 937
397 424 684
109 455 57
130 241 558
125 393 318
451 364 374
118 130 320
193 55 272
93 425 133
239 85 648
39 154 574
264 103 574
81 133 157
146 205 395
253 361 14
82 39 783
354 349 233
43 21 213
409 273 973
77 393 26
109 403 85
57 49 94
71 147 476
269 28 708
453 57 560
313 385 825
393 251 683
129 486 311
5 113 835
393 396 488
109 289 988
401 73 206
329 433 621
196 173 990
350 470 79
162 235 621
143 453 881
332 85 7
369 19 714
349 143 415
259 295 119
109 29 264
39 301 515
29 104 839
381 427 748
114 43 548
130 109 548
317 5 907
253 184 577
217 124 366
397 467 980
184 231 560
313 53 955
203 273 648
85 146 586
481 223 269
449 33 591
220 392 412
365 106 390
202 47 231
192 397 586
86 165 784
193 295 226
211 313 816
223 17 713
293 309 286
209 215 493
355 255 425
367 163 472
101 400 803
413 1 889
109 83 414
475 93 951
270 418 122
159 313 405
149 261 232
104 256 19
181 92 467
7 349 364
17 92 444
477 443 900
265 49 919
165 229 772
69 361 782
247 205 638
281 25 135
431 425 786
124 292 884
424 245 496
460 451 280
187 286 554
55 346 886
316 277 820
78 431 560
244 154 231
231 119 510
361 6 394
423 121 277
223 233 435
267 460 809
239 29 823
27 15 812
433 87 938
433 181 234
445 293 972
17 161 433
121 33 859
9 197 162
473 369 991
235 91 337
47 479 157
223 361 559
112 363 961
361 82 843
247 411 688
1 109 922
256 251 692
418 253 125
400 73 623
53 187 161
179 23 698
83 161 407
181 185 491
6 11 577
476 460 888
321 322 15
227 159 651
385 13 594
365 217 3
213 79 197
195 125 449
33 177 395
379 16 323
241 336 119
445 368 862
25 442 127
169 73 687
337 19 941
401 337 896
337 192 821
139 205 344
95 293 374
393 1 530
290 179 696
260 237 678
237 241 639
133 301 475
199 470 991
33 25 336
228 175 216
337 115 549
441 457 989
433 309 777
365 293 302
153 369 923
91 360 384
2 9 796
168 157 382
107 409 41
118 478 652
66 175 34
15 365 814
41 111 485
253 244 584
43 394 17
469 79 838
351 370 569
37 91 622
464 177 753
481 333 920
173 229 943
165 303 179
118 17 410
343 157 825
254 157 990
139 167 580
452 73 123
293 366 339
234 181 285
409 207 782
161 243 443
177 19 37
458 157 926
262 481 541
405 85 471
157 361 5
121 409 980
67 199 170
253 178 206
177 105 924
67 469 862
137 189 552
73 112 137
185 394 426
445 49 896
351 55 558
293 403 606
209 9 115
340 186 869
277 477 530
10 69 985
211 457 176
410 45 832
447 60 991
199 71 181
428 421 969
317 118 951
385 337 219
19 361 525
55 160 508
126 79 677
459 49 868
62 353 542
41 401 251
205 101 18
253 398 268
305 253 671
10 104 87
196 358 198
417 464 579
193 259 437
173 130 935
165 67 482
298 265 440
313 226 120
193 182 862
124 312 447
328 11 281
165 149 449
97 349 126
13 455 483
421 409 946
94 1 354
310 230 47
295 296 801
301 276 791
27 53 304
391 69 115
434 82 735
319 349 901
113 83 268
338 182 239
231 256 616
133 253 603
469 241 819
95 366 550
451 212 997
318 447 904
353 43 428
487 421 652
85 425 517
221 429 35
93 45 465
31 71 740
33 445 174
226 475 746
389 249 946
7 229 483
461 108 305
136 360 499
125 453 559
388 29 81
461 313 36
67 151 244
361 313 987
239 115 402
275 130 495
152 25 894
252 345 81
297 419 605
167 157 568
368 194 196
488 82 894
88 121 160
93 234 474
251 454 124
339 451 116
31 199 657
225 316 943
353 157 464
237 37 946
285 163 333
298 469 286
373 349 746
245 40 919
88 426 696
367 467 119
412 189 179
13 97 734
349 129 180
177 157 44
215 233 740
109 331 605
409 466 218
85 142 59
129 173 78
330 53 167
415 232 638
367 189 965
144 385 397
103 329 471
491 148 811
428 347 583
421 9 954
428 298 100
320 298 427
200 106 27
58 277 347
61 141 932
487 163 329
332 422 840
439 277 244
478 420 587
209 449 295
107 381 259
451 408 699
229 370 87
337 301 190
37 74 402
289 185 732
7 361 760
379 286 378
247 368 646
299 252 309
6 299 916
37 61 808
76 243 989
252 81 386
237 397 335
149 305 688
349 430 669
367 17 179
191 451 91
136 117 137
451 283 820
193 433 308
412 265 741
10 134 730
25 17 461
229 66 972
412 320 420
429 379 351
313 470 578
17 415 821
17 20 868
254 45 236
461 175 596
349 110 662
282 451 913
229 97 643
408 355 15
385 355 677
211 53 455
257 151 29
349 15 497
127 471 297
241 88 473
133 76 153
370 439 172
247 377 385
33 372 87
181 103 14
485 477 469
397 328 898
483 421 211
245 130 17
262 195 223
481 361 670
67 449 825
449 298 289
65 329 364
142 241 479
57 344 392
31 126 540
185 16 955
371 188 55
366 25 465
213 217 382
318 41 864
145 132 186
172 150 997
62 395 504
262 393 859
111 488 568
315 149 408
430 241 620
55 67 389
451 153 574
355 263 915
161 169 587
63 135 856
113 152 576
193 366 173
25 187 609
289 197 636
388 165 997
14 32 760
266 477 917
183 445 645
109 295 736
69 106 520
323 211 854
45 255 734
149 275 127
235 253 315
226 332 747
1 329 674
225 301 85
171 337 206
79 306 494
321 135 36
181 464 601
147 133 595
131 157 256
205 317 737
327 481 241
369 117 363
239 333 167
377 103 524
381 60 791
6 333 537
252 288 474
301 46 200
209 154 737
293 145 504
235 202 997
21 121 845
49 436 695
94 71 322
480 229 335
1 208 845
487 109 481
404 304 148
196 91 708
301 283 973
223 231 959
219 58 312
232 457 850
109 33 345
193 424 332
263 147 79
121 190 861
64 327 492
436 455 21
383 117 618
250 313 410
346 117 361
181 441 810
191 471 221
155 141 219
327 433 507
93 433 382
181 401 291
1 93 210
441 211 264
463 135 932
171 311 143
219 172 235
376 453 180
37 49 998
369 436 138
103 335 800
169 295 485
281 3 162
290 304 188
59 427 665
283 112 890
49 441 799
161 409 163
349 205 762
353 70 483
13 363 498
425 9 227
59 15 305
41 357 15
419 298 340
353 41 637
269 47 512
166 176 348
182 273 676
413 37 39
229 136 855
25 106 349
259 441 561
310 265 785
1 103 221
409 55 19
317 110 504
279 50 312
385 22 910
255 379 128
217 157 688
436 99 103
112 161 870
376 373 137
118 111 319
385 265 274
257 449 70
154 115 699
365 313 252
85 237 303
423 13 425
27 145 511
379 439 568
217 490 948
442 177 178
45 73 799
83 241 231
325 211 875
286 422 137
193 329 221
244 405 515
145 16 29
67 425 686
79 247 468
343 437 322
281 331 282
475 267 966
133 157 340
418 348 75
223 314 387
445 301 141
175 409 584
280 121 332
270 481 772
460 313 138
352 138 277
125 9 769
379 427 198
256 7 799
342 159 22
435 400 703
465 303 825
282 265 813
122 25 757
481 192 805
165 145 699
435 313 365
463 481 441
1 265 152
481 147 214
471 122 891
69 443 412
160 43 289
411 451 562
97 61 852
117 149 690
112 165 442
121 355 702
305 422 935
175 425 7
189 213 553
165 143 902
308 374 576
465 341 850
28 21 277
313 184 353
57 219 225
57 108 289
148 61 615
37 279 908
459 371 259
179 41 888
81 421 320
97 481 476
85 288 931
140 111 456
7 478 757
57 101 89
6 39 281
8 52 944
489 193 341
454 1 191
124 18 412
186 137 255
481 367 239
405 120 162
351 352 29
81 79 245
301 10 480
375 177 623
361 93 648
145 259 710
266 124 124
285 418 548
119 57 396
281 142 632
55 253 651
277 13 712
241 414 786
5 27 462
313 136 237
457 487 507
415 433 390
225 345 728
307 33 52
247 478 661
10 165 815
253 195 748
427 205 251
445 10 889
125 153 872
71 255 721
477 62 815
329 82 1000
260 394 370
477 113 994
163 339 888
449 61 512
225 449 419
227 421 769
4 149 775
37 397 276
336 157 658
445 175 41
433 441 255
40 99 169
437 219 315
225 48 44
59 259 363
1 437 370
437 33 504
116 204 991
200 263 300
400 443 255
175 337 661
481 5 385
180 161 627
377 290 442
105 57 533
402 287 681
23 213 395
346 481 20
83 76 616
376 280 586
413 115 375
368 343 490
317 85 465
232 420 777
458 489 39
125 469 450
472 475 759
183 197 307
337 137 446
85 184 551
117 313 547
170 225 501
369 385 696
310 393 769
19 21 575
51 385 606
112 304 104
129 113 507
1 370 96
143 405 979
479 112 749
373 424 569
393 89 74
238 351 104
233 322 557
258 76 534
43 309 183
187 225 208
181 267 579
187 485 564
319 237 523
355 166 764
39 482 602
233 468 168
401 321 429
349 271 658
93 437 778
160 277 970
143 77 314
388 407 307
69 241 396
133 67 992
190 112 929
256 337 497
70 230 478
260 115 504
31 93 951
265 137 244
338 7 346
121 337 954
97 145 310
173 33 433
169 131 808
121 222 20
109 439 160
207 163 537
46 282 134
361 297 312
171 457 897
85 487 188
58 241 474
334 106 758
89 313 132
461 201 883
275 361 860
442 1 196
384 155 24
417 397 600
157 475 472
297 283 223
373 212 885
139 247 625
91 238 307
205 457 801
181 438 452
61 177 342
61 442 913
364 17 691
170 359 749
259 437 290
149 265 342
245 405 205
151 183 923
189 381 267
379 1 985
273 492 339
490 305 984
442 313 743
403 379 433
81 322 805
450 480 835
125 371 388
442 469 33
363 415 993
300 453 515
447 120 978
364 7 291
163 449 393
225 235 45
141 46 470
25 44 767
262 317 515
410 295 799
31 285 524
108 466 643
189 15 837
109 265 791
254 349 253
73 372 592
310 406 800
265 300 806
425 439 483
186 103 126
242 70 404
304 440 746
466 425 303
145 462 68
173 244 409
337 461 140
286 337 188
487 303 306
122 409 699
9 14 191
57 425 480
469 253 489
137 13 820
25 124 276
483 201 492
274 297 820
353 1 233
419 94 318
469 353 41
311 373 593
143 279 311
160 166 917
75 29 671
361 424 650
211 9 612
169 288 656
129 1 357
418 13 392
167 471 459
185 268 490
205 46 967
265 357 515
157 393 355
165 200 619
82 381 266
370 355 127
127 1 272
161 413 756
193 206 743
96 143 391
94 129 336
250 69 187
361 219 42
440 172 358
167 386 943
129 241 547
209 4 272
169 99 154
205 245 848
34 475 698
417 55 993
473 137 161
181 132 228
119 268 631
218 189 141
489 411 355
280 393 297
153 295 785
380 94 685
391 482 466
140 216 450
231 71 701
457 253 294
220 276 105
376 17 517
355 486 416
13 340 791
369 424 514
307 320 126
265 250 487
292 199 686
148 105 104
347 233 713
277 241 79
445 15 558
73 239 435
142 439 225
53 115 994
109 219 572
51 318 781
461 59 24
439 409 75
475 447 912
2 60 961
109 459 44
49 357 865
207 412 414
487 289 564
352 184 718
473 12 949
435 257 175
425 122 252
273 459 713
238 439 871
209 218 420
157 473 274
385 449 6
473 367 39
109 379 416
283 215 858
418 169 324
238 223 524
87 212 700
265 289 645
93 411 486
181 318 153
448 236 420
213 429 798
209 3 682
19 221 814
257 157 53
100 85 970
137 121 206
177 351 366
205 318 291
406 379 766
439 191 689
85 463 72
487 37 378
193 364 868
241 285 358
161 255 950
31 245 671
301 489 469
391 205 345
480 193 961
187 192 710
361 445 181
360 355 594
27 271 424
363 181 586
417 398 75
244 93 376
129 355 586
433 469 875
58 100 992
295 37 966
197 449 727
401 385 924
205 91 805
457 277 489
97 202 734
209 317 781
481 365 769
1 43 493
287 263 523
337 149 529
431 205 631
409 59 253
289 91 238
185 333 326
11 23 637
385 97 356
173 109 622
52 358 922
433 330 114
260 310 598
339 299 464
464 13 933
119 132 768
197 149 708
229 303 536
155 367 655
381 238 359
76 317 949
7 398 924
15 63 708
29 229 908
130 415 118
445 444 150
214 278 275
33 409 96
403 385 977
379 306 14
424 339 230
216 1 12
165 175 642
433 109 527
358 132 930
473 303 890
381 262 978
123 85 881
418 295 957
30 33 22
138 35 507
16 416 829
114 244 587
413 45 469
285 161 879
361 73 406
329 389 264
22 269 757
7 285 432
363 283 373
331 343 879
329 484 185
237 98 865
445 209 320
339 479 101
317 251 933
225 128 568
481 169 803
361 140 581
38 152 593
277 219 631
219 231 444
62 383 278
125 175 309
227 118 65
403 310 391
1 490 706
92 251 160
161 85 267
397 205 47
223 292 377
135 369 956
307 98 263
391 76 467
56 141 226
265 101 96
133 223 755
155 471 341
335 311 288
383 457 649
427 319 508
157 376 963
94 473 423
35 400 311
55 310 103
424 1 89
198 133 363
28 353 392
461 475 594
227 355 95
370 181 859
124 265 498
301 205 95
485 43 345
485 255 211
466 217 56
73 241 830
15 125 160
391 301 974
181 461 339
375 157 675
124 370 317
173 103 98
111 421 153
166 191 730
443 231 462
369 247 310
471 85 837
393 247 945
148 276 358
305 349 991
355 253 731
261 379 331
49 127 367
238 184 358
403 68 775
253 433 797
233 409 75
17 301 210
269 205 389
413 257 132
435 203 471
211 84 30
283 382 294
115 42 168
345 193 570
298 109 720
200 222 426
157 175 662
17 220 908
63 41 757
121 377 605
1 177 916
241 375 801
27 248 38
254 125 109
131 319 674
122 400 774
51 250 213
392 273 817
145 489 327
231 351 75
486 209 768
334 461 67
179 469 955
181 298 674
485 426 660
29 223 896
141 301 240
273 387 655
135 189 762
212 337 811
193 385 774
169 238 403
483 227 923
195 400 747
295 25 805
73 63 503
160 319 904
123 109 377
58 181 943
145 93 743
265 304 986
156 189 419
295 29 860
193 196 141
411 4 522
113 111 101
191 477 514
199 76 391
456 138 217
131 269 441
433 451 934
143 91 641
115 445 422
429 397 505
297 41 89
10 483 8
346 173 213
265 145 276
2 241 878
269 25 736
118 157 547
74 322 324
124 33 768
81 191 398
355 13 273
203 254 902
273 341 118
67 31 60
457 221 266
292 448 646
25 373 710
136 64 803
295 129 497
313 49 523
136 210 531
327 261 510
478 197 280
318 361 185
409 313 326
384 301 334
476 33 510
373 455 397
273 205 956
373 157 737
401 478 158
53 363 672
117 31 99
109 60 523
368 205 805
159 329 796
361 460 316
165 452 757
13 129 500
457 390 377
193 118 19
86 423 990
127 373 720
131 225 87
363 146 374
409 259 686
313 85 718
419 401 752
370 477 656
55 262 255
301 137 33
43 325 938
39 145 113
124 461 613
400 61 449
445 105 202
217 31 844
177 421 656
389 439 186
105 200 651
11 236 740
197 37 576
265 47 591
247 126 978
273 347 6
61 179 402
411 182 133
329 305 620
29 105 313
241 133 687
63 303 959
118 341 200
112 311 88
137 445 749
109 74 812
292 429 911
435 488 997
385 169 361
235 147 575
364 413 994
473 101 131
142 205 302
2 317 241
157 214 969
98 287 942
241 165 684
430 280 573
395 282 771
33 309 456
94 247 439
163 70 244
321 201 454
127 271 786
112 113 901
168 289 740
452 42 614
331 487 488
142 127 862
408 109 798
169 37 192
89 377 786
435 254 28
217 452 672
209 388 803
480 253 192
25 433 273
238 281 1
13 301 263
472 215 569
151 413 592
341 259 560
393 217 454
237 148 141
406 490 175
458 17 677
235 357 201
251 181 514
487 237 491
165 238 601
141 385 294
331 439 208
133 339 798
168 247 593
319 45 335
73 389 754
304 277 986
304 310 32
373 346 552
280 323 880
113 133 150
61 169 308
353 163 239
175 94 807
133 469 813
229 259 791
79 252 980
273 135 204
247 27 192
323 272 648
31 361 314
3 47 825
229 481 420
327 144 803
163 317 995
262 261 349
464 25 136
121 400 802
314 70 501
241 393 479
197 127 332
339 49 888
286 75 955
177 141 800
25 46 879
190 461 43
173 44 108
379 391 459
368 277 638
417 437 297
1 433 545
399 359 172
339 177 546
19 307 78
388 244 766
317 357 604
339 151 605
361 103 875
220 248 303
289 158 653
19 253 167
73 125 19
253 467 518
238 333 658
61 310 417
229 217 839
319 27 261
469 121 73
487 233 481
157 1 984
405 295 16
23 7 643
109 190 36
358 417 197
71 83 717
202 265 590
145 28 859
211 379 314
196 253 864
472 370 870
376 392 193
225 265 776
49 19 127
273 101 10
276 169 358
16 115 427
3 319 64
481 410 564
269 95 499
10 288 888
256 391 127
44 475 726
1 119 891
331 451 285
377 473 607
121 396 117
431 453 685
167 253 610
75 389 675
61 109 289
287 417 533
286 165 496
137 295 176
222 361 971
291 33 964
124 117 696
187 45 325
3 241 593
236 196 946
433 445 32
432 335 977
334 409 117
37 64 520
195 16 113
425 450 613
481 1 698
122 287 927
121 408 584
489 379 700
331 475 227
113 138 122
292 301 203
121 139 588
451 199 264
214 385 88
97 141 525
433 199 597
185 125 408
189 453 859
347 485 463
205 109 446
37 25 627
321 70 651
333 362 518
111 397 690
52 172 581
403 15 8
224 485 959
241 313 306
329 430 479
269 16 379
352 312 728
165 205 105
157 57 481
131 435 19
253 364 359
409 89 102
415 94 194
218 91 627
202 381 680
8 5 527
118 489 290
193 1 630
7 161 597
241 463 604
190 310 766
147 445 513
209 53 724
205 469 783
5 222 893
30 172 103
225 319 153
373 297 560
277 5 374
427 258 221
21 149 136
413 36 549
52 37 749
124 99 591
220 347 967
395 61 968
376 217 573
233 321 430
379 40 840
193 200 182
340 221 402
9 139 621
59 189 971
109 229 471
340 332 115
270 232 861
283 38 756
49 122 675
105 410 609
109 75 713
15 19 253
241 117 872
45 62 386
128 250 952
319 170 772
174 339 743
397 376 88
473 97 115
149 189 840
187 181 786
9 114 474
230 135 664
365 286 343
397 361 28
219 89 907
77 313 666
103 271 107
136 246 401
443 253 859
445 461 400
161 464 711
485 345 428
188 259 478
77 125 787
289 445 813
485 13 379
67 200 733
296 421 62
181 167 756
73 279 559
349 133 191
486 364 590
19 101 763
24 154 874
199 30 936
44 53 223
283 431 467
73 179 337
345 3 669
231 465 121
9 42 91
334 385 674
149 273 527
397 31 429
349 9 37
282 358 678
157 391 643
421 340 721
77 137 172
337 441 474
52 390 976
365 284 623
408 370 592
310 15 341
1 107 459
398 108 511
55 6 154
97 373 267
271 337 974
197 457 699
481 421 533
443 329 873
64 342 204
291 119 13
329 358 121
237 400 869
405 325 881
269 141 176
408 136 511
26 355 702
95 418 465
223 156 882
241 115 879
489 405 555
112 255 790
76 346 998
77 388 24
163 445 337
433 302 701
486 262 770
145 249 362
440 335 839
337 139 218
368 300 462
49 157 640
121 288 702
392 431 254
6 94 318
48 283 670
466 25 358
292 472 423
331 227 267
61 184 845
293 369 593
452 81 971
31 174 265
13 4 731
69 365 899
376 433 346
326 433 689
151 145 515
313 124 262
245 316 463
112 37 687
67 253 582
168 134 543
93 91 174
301 403 885
157 334 14
25 56 120
414 127 983
94 59 364
105 354 282
441 106 929
189 397 538
155 213 315
349 475 917
25 155 573
289 130 928
241 238 264
30 61 445
34 481 653
205 446 321
103 9 295
100 465 356
129 429 976
357 145 969
460 259 158
349 359 402
145 153 790
193 166 109
299 439 675
432 255 995
80 195 717
340 289 806
1 16 358
90 360 987
325 11 530
235 377 248
369 400 632
205 105 626
99 255 425
271 451 544
16 471 581
46 213 944
368 128 958
16 38 542
277 324 607
399 287 392
73 360 296
412 359 702
125 288 935
373 259 965
435 128 939
205 241 565
123 319 344
463 1 636
375 376 560
50 168 834
370 153 38
45 388 348
441 417 144
217 309 607
103 321 75
76 2 371
304 73 53
356 395 793
369 217 247
96 69 285
115 103 192
26 251 237
151 125 817
16 239 381
206 416 930
304 96 599
292 59 31
453 214 767
313 337 921
97 39 495
45 201 797
395 465 940
325 303 497
133 366 953
235 109 451
409 457 127
317 230 779
373 393 707
1 245 4
97 445 162
69 423 165
317 337 358
127 253 781
421 37 192
367 94 348
340 325 932
285 121 865
473 125 974
388 373 533
67 97 879
79 265 239
175 313 73
61 209 986
113 304 22
218 395 45
247 331 712
409 131 597
41 73 516
89 110 856
343 309 575
229 433 595
302 179 316
370 413 375
480 190 344
88 385 80
379 303 214
437 401 461
326 370 231
409 160 522
339 402 957
399 257 897
340 244 318
448 397 891
355 241 488
382 345 795
349 336 960
73 81 570
268 369 832
322 17 49
169 389 37
413 181 703
337 469 676
169 203 749
163 411 357
13 253 147
284 344 141
476 40 955
331 147 953
332 106 666
443 313 821
131 181 731
223 205 599
401 472 539
151 41 583
161 13 861
295 49 289
367 33 233
367 299 176
400 365 146
232 428 984
19 43 295
45 372 180
33 457 678
234 376 393
457 315 121
464 367 326
398 377 18
234 449 86
63 167 757
25 53 712
487 165 663
91 436 702
433 481 392
485 109 951
1 15 724
149 83 545
340 282 697
46 307 786
123 378 215
189 256 347
293 295 660
337 124 197
21 146 858
417 471 476
203 4 90
9 62 528
93 37 807
421 79 372
333 25 423
486 473 684
355 373 217
340 301 500
442 197 8
61 77 898
420 172 31
310 467 582
378 268 518
288 269 135
341 233 920
135 379 411
337 289 640
9 253 632
73 373 775
247 160 15
488 276 708
317 469 629
301 175 641
11 340 456
199 135 434
127 250 809
175 121 527
379 472 43
370 397 384
232 346 480
421 127 973
175 363 248
217 211 370
4 40 40
121 6 797
56 57 91
301 401 399
359 263 740
445 207 919
184 153 298
133 214 352
430 339 289
4 37 671
411 359 986
307 27 27
29 442 329
399 405 503
313 191 180
253 169 729
365 138 309
228 427 484
221 448 930
145 370 41
54 263 790
335 382 509
193 154 312
87 245 940
471 376 714
118 121 621
214 16 96
173 73 922
113 120 666
453 109 344
217 22 365
346 463 279
326 381 664
193 199 445
133 457 854
49 79 193
398 113 503
457 292 26
395 89 306
259 214 798
122 369 187
130 319 347
436 124 615
193 255 873
105 321 482
151 221 299
481 219 47
329 35 317
363 373 118
377 206 920
99 181 306
475 289 61
325 245 671
234 61 869
354 238 741
271 421 577
61 445 665
193 313 261
465 289 467
399 13 641
7 249 905
485 4 768
445 401 684
209 377 502
53 400 601
397 283 397
273 169 973
77 33 116
124 391 287
175 287 844
217 325 854
217 481 600
115 465 82
397 296 837
481 250 383
88 124 564
409 78 322
290 37 372
208 479 71
2 247 478
115 451 86
358 86 244
339 193 910
138 285 722
319 217 664
421 385 792
199 47 780
271 486 489
49 33 479
102 197 241
205 103 24
193 159 188
326 305 504
25 1 575
55 167 466
39 41 501
420 89 710
94 123 330
1 85 667
184 457 760
402 385 564
26 78 210
292 442 682
347 349 791
367 405 122
1 196 951
10 415 109
144 54 888
69 313 733
129 199 316
148 178 715
13 438 65
49 257 900
85 396 650
320 143 413
281 141 256
350 250 319
37 255 881
307 413 871
247 313 602
165 57 632
219 347 386
479 141 539
115 393 493
27 349 926
407 125 626
341 47 379
247 95 523
42 443 503
424 281 952
57 315 62
109 57 1
277 421 960
223 441 493
213 94 934
398 481 189
130 349 109
377 233 529
15 13 521
235 301 914
411 487 758
213 169 258
124 120 853
291 427 716
57 155 903
125 291 360
225 469 394
88 169 180
303 433 341
125 277 269
226 19 860
126 223 621
97 389 256
457 311 553
487 302 694
379 473 766
472 218 791
7 141 311
361 303 497
79 1 594
41 389 152
145 124 2
18 247 188
189 385 994
126 353 260
4 186 591
144 270 161
227 397 389
1 141 503
334 150 444
325 6 252
336 151 994
241 367 594
29 47 855
391 303 760
465 157 846
155 407 92
62 83 631
189 403 338
9 256 288
481 117 591
265 337 623
419 472 2
334 149 34
91 490 136
217 159 630
379 245 73
411 151 498
127 215 874
340 397 555
356 349 303
125 349 521
23 379 482
260 265 252
229 431 984
128 473 175
37 81 402
298 358 937
339 160 321
79 329 770
403 344 418
329 337 600
57 65 841
109 442 758
425 247 595
229 305 297
309 445 122
73 141 655
409 235 121
91 293 748
29 329 635
463 65 658
369 261 87
485 277 139
38 113 958
187 207 110
87 169 717
128 457 536
191 288 170
172 233 461
223 347 107
277 388 812
1 229 681
34 221 895
409 51 976
389 101 503
461 169 293
266 277 262
69 91 483
189 37 492
50 62 777
288 418 491
114 321 628
279 88 932
163 381 734
149 358 122
465 331 270
413 41 302
457 1 28
215 190 123
83 232 303
387 309 29
485 404 582
287 262 650
327 487 3
49 317 544
440 409 794
395 87 899
5 246 99
409 65 222
43 35 384
29 36 711
415 242 578
16 283 67
9 104 926
419 465 84
313 134 774
487 123 588
475 285 866
382 397 255
417 83 755
266 290 750
259 94 299
270 75 493
425 101 559
367 169 405
481 81 282
443 349 279
17 247 286
224 130 123
64 487 975
279 151 10
274 431 603
268 37 822
19 8 383
169 193 903
340 283 670
41 37 98
479 181 983
145 21 232
153 249 38
115 427 669
109 445 19
487 67 581
241 373 532
145 103 836
313 240 737
113 293 242
452 313 670
169 197 373
37 133 360
281 286 435
40 37 627
1 388 735
217 322 63
367 370 498
427 433 296
466 58 17
121 206 744
439 39 705
251 296 466
67 257 542
492 1 864
233 253 859
295 85 645
198 293 509
274 357 147
89 34 337
247 380 574
97 246 591
201 393 405
292 394 722
365 165 946
77 31 890
142 193 286
53 443 689
79 434 369
303 457 170
251 433 220
452 475 300
229 141 116
15 205 753
433 371 337
271 23 362
448 196 662
397 401 3
93 343 651
367 409 9
381 222 579
321 171 796
169 479 283
489 471 157
374 456 787
216 297 872
341 162 6
2 89 992
309 244 709
181 257 501
325 311 891
59 453 156
255 133 359
317 249 344
136 165 344
1 277 763
407 214 891
93 157 930
319 347 303
489 217 933
220 430 647
150 340 645
220 290 886
179 321 973
86 157 219
469 175 654
339 321 265
41 397 881
353 169 582
57 285 642
77 157 52
3 35 311
31 393 806
211 299 802
473 165 971
145 277 673
13 491 386
328 389 958
211 318 114
409 109 516
425 457 730
400 181 239
282 125 536
434 282 843
273 187 822
253 412 210
1 106 492
241 178 529
332 438 599
97 325 863
229 242 94
11 393 490
178 472 77
433 241 374
91 121 655
364 217 756
223 46 743
75 61 35
487 481 522
214 288 115
21 217 265
160 5 270
1 122 660
396 33 468
381 398 28
163 361 127
385 418 785
482 142 574
415 423 553
328 232 177
310 277 311
421 417 316
409 181 301
139 177 198
182 274 911
292 445 163
325 73 920
247 5 574
422 337 948
109 45 977
425 257 451
76 154 797
139 410 588
468 346 822
391 85 530
37 425 998
288 229 850
127 214 926
437 443 109
34 387 886
43 303 386
159 136 470
61 295 743
411 81 35
168 196 276
34 54 329
95 245 956
211 181 892
373 367 606
345 91 460
93 221 736
137 491 436
99 268 124
120 277 58
280 117 669
73 206 884
373 442 750
121 51 162
175 325 763
430 226 350
343 25 215
261 124 845
437 385 484
145 441 870
214 91 622
256 469 669
40 21 32
276 123 689
223 391 202
361 400 541
163 172 393
265 391 228
162 313 48
236 247 632
253 49 206
89 308 621
433 145 109
121 256 520
240 52 955
28 456 252
45 483 225
11 105 212
83 466 539
133 289 174
328 433 487
258 29 192
187 376 739
265 395 832
301 7 695
257 10 167
196 325 621
132 229 985
442 12 204
273 36 650
460 486 392
7 205 250
433 457 938
181 13 55
273 429 763
86 205 154
201 388 848
344 97 440
229 396 328
131 285 111
475 193 600
208 293 570
309 58 1
430 467 237
293 374 770
73 9 453
213 109 47
103 421 390
373 193 337
196 433 995
37 235 721
469 10 361
230 61 740
293 269 948
248 104 73
84 7 610
285 181 292
73 481 787
253 151 916
313 95 457
201 400 231
185 323 694
25 321 524
481 298 138
363 97 184
451 75 284
107 412 63
335 205 626
46 441 331
334 391 242
334 1 302
276 404 621
430 227 42
431 69 533
476 271 630
87 127 629
85 435 281
431 4 316
225 477 908
417 253 524
82 91 545
275 141 253
405 313 200
148 377 498
400 410 629
283 337 336
297 150 886
49 484 816
11 468 994
2 4 913
355 225 229
312 69 274
466 448 19
230 312 58
492 409 887
403 415 767
208 238 917
435 250 940
452 445 426
277 28 873
370 385 601
421 265 351
61 451 361
369 253 870
113 346 282
324 291 51
365 247 750
187 142 70
455 181 67
265 229 83
407 97 875
424 435 900
210 320 355
167 421 712
453 61 46
394 90 617
33 433 307
210 36 148
1 283 53
256 320 82
340 17 162
246 429 715
217 77 298
425 369 478
289 51 698
481 76 604
136 324 143
307 253 397
379 172 596
151 124 890
337 433 502
337 168 193
205 433 14
257 13 948
7 59 206
401 307 5
169 348 133
277 231 937
336 173 177
85 222 367
313 61 960
253 439 507
91 487 937
353 274 797
93 257 182
276 227 378
4 357 491
59 253 283
154 280 332
295 414 958
409 85 103
212 252 69
58 317 62
165 184 645
469 1 13
161 160 640
147 7 803
207 217 976
61 447 610
219 241 325
23 409 589
93 121 282
376 436 98
11 25 415
199 297 331
485 33 998
421 27 194
1 491 203
445 223 312
179 58 283
405 247 881
58 119 856
235 191 199
35 89 121
396 373 741
113 437 524
276 295 348
35 353 541
397 69 917
231 147 590
115 351 670
36 109 121
373 243 221
82 247 468
229 121 864
65 445 437
329 325 426
400 235 862
274 164 275
205 415 599
345 205 264
10 15 875
233 394 171
409 93 545
94 153 177
166 349 901
156 31 721
355 7 246
107 223 341
349 265 673
253 281 445
445 37 463
421 112 990
175 68 407
420 174 429
85 307 241
370 241 590
413 61 424
9 127 78
137 167 769
319 192 867
253 337 164
160 169 692
352 37 773
313 283 251
376 289 4
201 159 649
243 388 107
313 79 740
172 361 778
403 43 462
208 49 679
329 417 735
49 104 404
277 127 520
213 263 389
205 393 859
487 415 541
289 278 758
43 190 218
103 82 315
111 341 653
403 169 64
247 445 133
13 31 788
253 357 418
1 328 700
337 64 966
369 485 443
257 334 867
403 234 506
341 269 914
316 367 37
443 15 163
266 298 176
357 73 831
129 410 689
145 61 433
343 245 399
18 129 949
169 382 318
16 286 554
100 424 119
134 389 204
227 103 311
67 1 301
291 352 724
301 157 806
289 248 420
295 28 759
167 211 422
181 113 223
117 253 443
303 193 414
150 185 607
259 139 230
349 217 713
418 112 821
325 1 471
229 475 171
2 3 915
165 73 258
179 481 671
75 94 107
52 98 283
16 427 276
27 477 306
301 259 993
247 125 691
397 232 540
16 355 7
382 113 543
371 36 678
357 431 886
421 304 407
181 325 943
337 201 935
181 458 983
228 283 774
329 213 67
11 12 290
425 209 509
328 199 102
376 369 350
370 100 709
373 188 258
148 109 417
185 319 972
462 105 363
121 329 77
259 477 604
59 153 518
103 460 279
5 124 32
127 481 518
241 385 763
61 66 613
229 380 722
219 289 671
266 478 740
265 403 67
52 403 143
237 259 269
466 184 745
409 77 492
357 93 3
133 417 890
265 223 445
394 41 208
233 113 902
169 472 569
28 205 728
472 41 59
73 85 276
217 150 589
433 437 469
453 419 750
363 64 519
68 1 744
315 66 858
409 346 488
113 430 181
81 431 369
411 88 446
393 121 463
25 275 654
235 289 900
13 73 575
189 118 195
265 196 253
152 13 268
111 128 331
391 216 284
391 445 91
403 37 889
473 450 697
90 112 593
196 437 663
469 403 543
157 109 42
442 365 386
69 398 539
157 424 915
281 401 623
267 445 471
81 119 79
160 446 84
181 37 231
473 5 862
257 169 562
63 473 747
364 373 668
475 463 998
97 125 657
282 155 442
163 289 178
310 6 50
121 247 622
85 303 574
157 154 520
177 213 350
457 22 151
489 220 499
418 387 810
490 286 467
218 351 264
241 325 477
207 61 819
19 18 966
304 138 156
157 17 745
223 43 847
417 229 380
79 409 408
241 61 521
281 265 869
112 53 426
172 283 464
250 217 192
225 466 71
121 435 997
184 366 781
190 373 486
229 286 465
419 98 957
475 301 560
449 295 907
83 227 717
93 197 281
283 226 465
53 36 205
26 173 854
34 155 557
295 83 231
243 385 174
335 485 1000
234 13 393
113 255 573
425 361 547
141 489 814
193 139 754
92 202 304
337 349 281
391 117 754
81 87 760
17 148 52
421 205 7
433 478 863
67 95 982
91 445 511
383 249 925
21 298 200
466 301 762
161 81 604
109 268 931
69 265 591
119 121 586
37 258 478
373 53 250
253 181 847
97 191 53
167 385 742
364 309 364
125 347 115
48 87 451
360 171 836
451 139 508
258 9 506
231 361 500
313 475 962
150 123 523
203 397 665
316 314 256
145 189 459
184 476 343
247 199 436
417 265 749
385 433 47
306 463 895
173 104 285
396 472 351
246 277 831
449 364 701
223 49 616
178 165 420
289 397 489
483 189 957
1 238 671
328 83 263
34 369 530
475 149 367
213 59 134
345 4 918
491 75 44
472 26 526
128 269 124
13 377 825
164 333 843
151 403 121
341 163 713
295 121 878
133 313 403
295 321 733
382 447 637
97 200 928
412 187 507
73 156 528
265 245 352
417 256 231
202 299 999
91 130 615
222 440 94
247 21 902
54 349 565
136 448 346
154 79 94
449 223 893
19 56 926
310 373 346
379 228 609
351 400 520
369 321 364
148 1 559
212 466 925
91 127 87
22 439 993
408 93 76
61 291 982
23 77 624
241 182 660
305 228 42
94 157 789
282 191 277
187 253 903
9 128 410
309 421 276
245 61 381
8 22 861
188 241 841
253 219 737
445 339 741
133 176 547
169 491 504
321 237 532
97 316 163
313 420 387
133 5 88
351 337 193
202 475 757
55 184 435
427 65 785
289 256 594
4 420 48
301 57 163
123 23 533
295 476 348
53 298 424
30 66 244
97 32 302
433 479 69
408 350 953
94 235 226
403 1 703
337 299 683
34 179 101
49 211 497
160 424 697
97 431 411
133 310 383
183 181 469
165 1 692
482 339 612
484 83 473
283 57 360
61 280 804
240 181 122
133 124 813
137 359 501
413 475 567
201 280 251
131 465 244
317 489 568
292 459 869
234 404 93
261 286 692
289 233 637
118 452 403
31 176 312
377 301 451
335 16 481
288 37 400
177 317 51
214 97 72
466 13 10
349 153 946
39 275 123
26 451 410
445 286 253
430 381 641
281 339 148
277 119 857
7 37 808
221 239 898
97 274 776
154 136 277
145 193 137
24 462 664
289 117 668
141 22 692
437 229 643
66 184 824
193 397 389
389 425 242
93 400 909
128 213 97
172 199 854
473 463 455
441 155 31
385 454 688
421 181 508
244 358 347
403 283 420
25 3 473
481 475 870
273 253 397
41 129 13
159 349 17
115 401 622
470 13 922
229 126 271
145 112 194
37 208 879
130 119 886
101 368 888
31 218 682
61 433 810
77 107 660
4 394 612
214 369 138
99 447 255
373 437 794
109 139 78
121 253 309
445 85 509
192 258 299
42 413 73
210 278 877
141 354 910
187 148 495
339 176 119
296 281 315
335 201 408
421 91 945
6 281 809
199 124 527
188 305 753
31 133 500
127 109 768
63 255 568
135 1 471
5 430 11
172 268 679
313 83 216
400 317 275
439 149 704
391 341 248
159 376 672
341 281 77
95 29 783
492 223 546
4 8 188
463 48 250
67 32 269
317 477 607
237 436 878
64 457 293
431 88 614
46 124 704
165 337 521
314 81 571
409 140 127
239 256 207
303 307 615
17 319 266
124 165 735
11 353 425
179 465 477
448 316 208
61 277 111
77 213 339
457 301 658
147 376 744
145 411 704
469 94 640
181 349 473
451 19 287
449 103 705
279 334 961
256 145 905
357 322 721
58 263 466
469 139 735
283 63 681
307 421 299
99 439 424
97 107 557
469 49 793
323 164 205
19 58 45
103 285 480
53 143 247
273 362 430
52 226 822
206 367 132
87 103 328
214 469 115
1 275 866
363 90 79
81 473 144
132 192 22
173 58 115
388 273 321
61 199 752
121 126 295
67 7 689
45 141 345
157 395 638
349 226 150
427 116 437
211 265 628
281 44 822
349 328 667
97 379 182
252 453 2
241 395 391
324 485 332
301 108 723
357 155 790
151 59 721
479 217 492
187 64 107
79 418 109
154 283 182
313 76 363
469 397 206
301 355 263
477 425 598
85 269 771
355 337 139
57 37 612
151 171 254
82 358 265
17 84 552
424 457 840
241 209 722
181 435 761
145 319 308
59 349 20
34 256 288
121 297 378
46 201 607
103 142 385
321 391 270
139 264 620
321 291 64
456 211 206
281 273 998
274 463 560
191 276 785
49 280 696
103 251 739
317 347 179
459 323 969
285 473 331
241 197 357
129 185 523
201 343 64
421 217 499
427 181 976
111 415 832
309 349 14
33 289 896
142 100 442
277 441 288
447 87 620
181 223 553
257 109 845
343 325 559
137 363 558
444 61 919
245 185 908
200 164 768
477 22 76
178 110 895
289 405 505
450 483 70
123 193 898
267 25 234
154 245 88
197 181 474
475 353 386
109 469 201
345 280 325
445 121 74
341 301 458
173 37 916
328 97 708
46 61 349
349 1 335
401 52 271
121 120 420
426 398 674
361 1 606
373 149 835
405 445 245
229 383 723
247 234 673
433 449 650
236 325 804
57 52 886
100 33 95
93 190 329
381 487 890
302 124 396
487 267 861
43 402 357
187 321 186
25 215 284
395 172 129
289 145 5
95 478 153
469 184 846
313 395 456
259 379 757
437 115 368
202 351 767
31 49 57
433 141 667
364 173 82
432 329 557
457 337 115
475 292 542
97 36 292
103 401 459
19 217 687
40 123 363
415 33 110
123 349 483
123 141 221
193 31 849
247 106 691
481 247 724
99 262 228
130 217 566
440 365 530
103 217 622
157 446 136
193 304 497
177 145 379
193 97 312
220 275 855
115 373 469
406 103 593
39 1 730
127 381 86
50 97 350
433 126 160
243 289 628
158 456 904
451 54 416
76 325 227
489 265 148
4 49 657
466 306 804
57 278 363
406 412 126
316 349 685
158 217 447
377 352 388
325 439 763
489 157 930
52 265 403
37 20 1
402 299 833
85 273 925
463 370 981
93 109 32
304 253 86
85 465 233
467 224 575
59 385 559
447 175 986
347 327 834
266 45 609
181 301 711
5 220 462
25 57 518
151 468 497
310 324 402
346 443 808
425 288 795
491 369 28
186 262 800
225 84 402
262 151 368
313 245 82
415 289 809
335 97 398
304 301 685
78 173 84
369 194 337
37 13 38
433 235 623
412 115 93
3 157 637
178 283 755
391 199 810
55 149 952
51 161 504
396 481 708
327 180 637
