916 8316 447
381 101 986
585 897 435
753 73 472
382 235 210
773 138 942
560 688 922
712 71 916
207 733 252
482 903 441
748 614 348
193 151 499
222 465 43
610 655 84
389 614 437
215 686 959
869 640 125
537 35 501
111 401 53
353 405 947
230 118 333
691 882 315
758 853 435
631 41 928
483 901 226
861 708 485
633 621 286
456 521 542
391 741 127
77 102 820
461 35 365
865 760 463
867 368 673
215 381 937
433 497 731
676 703 277
433 341 297
153 804 448
812 85 310
729 721 425
797 609 537
444 880 660
221 870 922
897 125 728
355 126 582
265 404 559
489 509 445
73 625 530
745 793 959
509 155 375
721 777 257
93 467 998
270 329 770
149 104 495
791 435 618
196 458 598
455 130 386
47 177 11
531 173 147
314 279 285
421 463 998
825 541 684
825 261 56
705 35 436
213 275 937
491 844 608
633 781 283
603 693 66
504 713 173
668 111 353
537 75 199
745 156 338
635 494 886
713 490 860
609 420 29
829 877 922
889 367 529
317 241 886
763 571 654
245 565 217
450 822 282
639 161 268
233 509 945
709 731 975
889 576 301
615 465 789
683 733 283
267 6 357
906 453 681
859 505 930
625 733 430
258 584 953
643 733 522
125 13 290
316 596 402
113 225 793
718 333 15
452 428 949
861 793 492
384 736 886
42 224 953
439 323 563
460 236 119
493 696 314
492 241 574
459 737 469
105 790 640
525 83 417
163 33 133
718 311 575
107 625 791
554 79 93
382 657 126
281 413 333
29 179 909
405 781 750
691 834 555
688 35 556
184 409 600
395 337 941
745 155 151
498 857 373
381 565 997
217 235 209
297 221 963
41 579 102
231 401 268
809 257 183
297 183 204
880 572 315
574 721 541
35 260 436
465 771 783
318 1 891
99 615 884
291 432 166
785 229 406
593 166 317
234 890 510
787 385 203
345 465 672
298 474 38
44 765 861
745 261 387
341 871 56
689 412 128
45 351 722
309 714 853
186 746 193
203 811 62
241 572 22
213 215 242
296 169 368
17 145 875
587 764 491
173 189 373
873 806 615
7 81 485
357 401 803
433 640 414
466 637 335
885 405 468
577 206 395
171 389 76
247 445 840
665 277 56
157 817 585
526 148 867
41 279 721
771 55 644
856 759 172
481 513 925
19 341 456
116 767 598
657 591 155
183 857 483
901 537 166
561 6 619
681 258 740
766 41 471
537 63 908
653 51 479
225 16 284
695 765 311
573 113 434
851 117 376
890 170 337
741 625 418
629 527 803
881 225 714
301 365 435
813 299 448
561 389 768
697 789 577
662 858 798
392 322 819
466 205 333
874 117 683
889 425 597
353 217 542
896 734 385
5 82 95
784 327 942
117 865 888
571 153 826
127 81 479
733 449 241
412 764 923
599 82 83
769 849 177
203 737 98
229 295 444
689 635 425
721 566 886
309 62 399
53 857 352
841 386 984
437 317 226
703 290 743
1 510 976
421 761 885
134 597 969
594 289 875
495 299 405
291 411 395
118 890 216
814 821 277
602 685 335
729 167 499
43 143 303
483 807 576
149 221 476
241 357 799
101 557 721
857 500 917
865 625 50
841 357 154
622 174 817
251 353 970
609 582 404
796 251 963
197 203 579
512 409 713
804 513 272
244 59 497
144 282 267
481 349 663
427 553 726
645 226 182
911 501 179
814 375 694
269 109 334
623 92 247
248 722 336
561 41 114
377 166 561
905 813 639
88 569 365
425 576 141
546 845 951
722 587 612
701 127 355
78 416 459
773 649 109
783 808 894
210 893 978
620 713 976
13 244 28
330 291 843
391 827 649
357 777 474
839 295 780
414 369 496
222 231 10
559 868 285
217 501 108
209 315 912
59 656 513
398 115 655
635 640 953
721 736 726
706 141 394
341 297 962
131 491 436
884 181 310
717 346 807
693 502 424
577 635 348
417 241 454
353 643 412
230 361 478
905 693 648
529 61 971
93 783 182
826 393 462
106 414 35
75 348 131
286 443 730
405 903 777
359 621 92
222 625 329
174 65 921
509 761 167
814 498 61
289 443 902
791 701 59
531 883 292
713 727 765
106 621 488
226 108 421
628 485 233
6 10 705
305 117 843
301 377 438
195 99 94
767 821 882
552 677 523
10 189 282
460 2 360
79 669 353
854 459 326
357 845 150
75 361 158
417 397 67
833 869 912
637 285 34
793 121 86
415 516 8
861 125 505
869 868 247
901 390 761
25 259 171
615 266 78
617 761 486
803 433 742
376 681 414
313 36 932
537 440 722
229 643 996
206 509 708
296 743 72
883 651 695
39 632 536
142 259 813
300 499 292
5 597 285
868 806 423
392 817 927
597 780 369
294 227 564
816 25 757
547 99 321
908 48 271
796 816 778
409 613 834
613 389 503
172 161 797
495 668 69
909 422 112
335 204 935
665 844 540
345 909 206
165 237 150
337 509 848
851 880 587
209 45 101
361 477 177
157 9 161
305 913 868
813 276 403
424 609 439
275 669 60
24 162 545
35 770 943
315 483 986
19 717 264
621 873 364
633 703 314
335 237 61
585 221 485
489 559 360
197 58 365
70 651 731
877 497 153
123 496 839
445 147 901
245 103 938
493 251 906
500 75 24
864 569 348
582 878 600
191 409 883
627 72 291
225 385 688
11 34 948
365 332 365
809 191 384
633 6 431
154 546 728
413 415 780
135 318 524
227 105 911
619 209 444
51 381 603
384 149 819
5 701 683
305 601 286
409 143 200
82 109 880
169 223 309
69 305 902
402 675 123
507 249 41
759 16 303
230 329 681
121 823 906
836 421 107
301 907 533
493 729 684
731 135 884
837 366 18
309 413 841
757 622 894
824 610 70
841 833 347
574 207 182
300 45 938
285 725 618
63 254 29
760 703 46
381 909 933
461 893 906
813 509 245
215 3 459
869 855 617
497 541 771
339 784 836
409 617 336
477 729 418
725 81 921
405 753 192
174 73 463
461 867 621
835 511 66
447 189 987
520 871 902
665 369 284
56 855 792
533 285 687
216 191 91
88 106 67
759 707 702
381 240 239
117 194 424
636 401 618
264 769 876
337 470 825
423 235 582
371 717 687
750 3 160
690 411 114
53 446 422
84 572 612
497 723 332
67 257 907
463 269 670
71 99 343
376 703 656
44 150 570
86 461 230
767 792 648
713 912 881
261 325 185
450 598 373
789 56 674
93 659 197
797 298 804
131 829 590
253 363 502
541 844 181
23 585 721
1 197 400
72 471 865
597 37 279
131 795 175
519 828 876
458 705 678
264 549 832
325 631 374
39 463 191
175 305 541
199 57 201
100 184 261
410 765 944
283 697 866
205 265 4
731 279 918
845 761 572
387 504 789
723 465 7
57 309 27
579 612 601
665 479 522
207 225 693
585 97 275
74 425 43
857 483 299
564 97 51
145 41 131
480 249 705
447 30 575
220 673 599
14 121 882
596 718 690
34 785 634
756 833 192
631 736 348
591 593 887
361 498 260
753 384 629
16 267 177
239 37 714
205 328 629
477 413 605
907 44 123
31 765 900
10 54 77
723 239 26
473 105 216
537 347 597
169 516 904
763 609 228
717 386 241
768 241 588
575 14 867
738 355 125
475 877 407
321 711 885
823 216 514
788 842 823
663 320 636
104 168 489
133 893 26
543 908 728
347 657 373
139 901 598
279 573 715
21 598 674
285 367 309
253 317 51
623 23 833
93 521 113
411 349 945
837 835 266
576 740 860
901 543 895
91 529 385
597 824 486
531 285 908
45 489 659
546 622 272
898 401 587
187 32 418
536 237 380
365 596 282
4 622 240
151 797 793
421 587 100
233 541 59
545 618 714
795 621 120
809 493 363
147 648 21
476 9 90
485 129 660
858 695 406
861 259 931
193 721 168
782 839 227
897 431 613
607 627 642
327 207 866
145 367 146
109 585 286
828 850 922
309 39 366
255 1 924
158 133 248
717 245 763
849 757 803
1 60 303
105 817 317
846 533 87
685 481 786
273 283 842
720 528 180
71 520 248
188 636 509
590 631 688
663 693 698
159 423 241
761 829 754
56 378 699
278 293 176
449 65 16
649 112 563
517 325 562
861 537 626
169 389 822
435 502 849
485 216 73
443 750 555
598 540 961
809 783 741
294 802 229
781 279 307
895 581 881
398 489 940
105 772 294
90 800 499
901 273 4
180 228 861
575 289 490
911 794 575
251 225 192
292 241 849
157 326 467
667 564 1
206 365 269
383 800 255
905 510 224
108 602 156
577 186 492
558 872 634
381 517 611
267 649 425
631 911 386
694 639 870
541 475 97
909 289 541
203 523 845
136 301 496
359 837 934
159 166 701
85 848 912
286 753 988
485 399 394
529 439 489
333 773 130
293 793 321
711 167 223
554 337 139
607 449 888
727 197 572
245 373 974
778 145 161
85 631 653
463 155 834
889 685 368
761 814 874
261 240 507
143 911 244
320 89 353
483 285 868
277 697 885
247 575 388
74 195 2
10 40 929
520 503 923
359 853 878
499 132 914
893 20 456
887 585 329
481 202 372
373 255 275
793 537 908
867 545 172
231 539 825
373 117 234
545 34 305
845 812 505
648 505 247
21 219 745
601 627 313
105 275 223
625 233 758
499 841 544
349 759 959
453 392 63
181 429 206
650 75 399
397 155 483
813 498 154
475 578 148
789 386 310
695 292 382
137 587 22
382 880 460
665 65 797
261 70 162
85 607 454
139 597 361
445 586 942
874 46 835
572 797 135
356 701 145
553 633 342
89 87 692
807 77 449
858 535 378
665 18 623
582 79 380
544 378 375
733 168 863
31 603 676
75 673 825
89 617 851
537 207 145
61 85 269
118 557 11
217 44 549
45 339 836
79 819 196
149 481 170
879 443 434
912 708 546
264 342 608
185 763 403
368 119 37
767 810 696
526 686 701
893 282 255
337 89 835
361 135 999
145 637 390
388 589 297
123 164 654
552 293 889
665 230 161
334 883 221
419 913 483
241 721 679
155 716 717
371 413 500
3 53 639
911 477 720
101 595 612
305 857 134
35 632 644
811 33 367
711 115 501
827 129 514
836 286 768
841 811 2
606 769 176
365 893 935
469 206 602
674 18 922
785 445 45
832 196 793
99 134 595
239 865 350
801 148 202
830 306 997
153 272 955
896 387 377
111 69 751
239 515 618
678 761 809
694 73 86
655 489 540
274 33 322
337 875 45
689 833 665
253 832 953
566 197 603
257 163 728
503 813 775
609 445 933
25 645 356
241 733 507
551 151 962
789 323 871
149 426 823
272 891 910
1 826 388
745 240 538
255 767 431
293 499 944
391 693 666
460 343 697
621 83 570
661 639 893
400 551 84
768 621 569
227 58 830
349 841 731
313 398 989
641 31 797
592 661 730
129 207 55
61 777 621
498 629 68
281 340 478
181 373 935
721 553 180
402 837 49
429 523 785
345 543 604
578 582 392
459 229 797
263 73 262
37 328 372
101 13 377
209 261 294
539 501 447
380 828 694
573 263 84
726 231 262
475 605 970
390 115 779
860 894 77
512 494 923
37 802 908
5 731 659
337 902 964
275 219 852
373 682 854
593 109 115
913 841 232
65 403 582
713 125 720
25 704 377
601 529 789
151 767 115
825 450 828
737 113 989
429 364 974
463 45 3
289 322 299
403 601 762
313 145 340
619 15 145
62 544 281
769 273 208
573 711 963
256 335 962
480 481 53
531 515 372
304 369 586
773 173 108
579 17 517
627 837 455
809 713 357
677 53 363
457 476 137
665 774 151
321 757 462
62 553 883
527 202 825
713 239 89
400 619 412
871 317 441
55 185 834
553 899 293
317 715 288
667 213 833
587 157 167
678 404 70
100 397 705
209 677 96
280 21 552
6 22 224
357 687 796
665 320 699
391 635 496
97 180 10
125 437 978
467 562 353
97 578 462
125 693 725
603 605 796
274 440 619
877 489 698
855 417 352
7 59 616
17 31 938
58 351 744
850 273 161
887 85 458
641 396 273
839 419 157
867 125 665
49 741 741
685 457 990
758 91 471
659 717 849
559 685 224
37 233 155
827 191 946
43 275 73
695 81 934
40 285 891
724 313 111
465 161 548
123 379 342
183 121 962
205 17 648
405 513 808
409 677 587
557 71 223
329 785 654
74 87 68
437 606 24
677 627 118
539 465 791
185 219 882
427 162 870
907 97 851
153 863 372
35 880 9
597 335 238
248 172 418
65 89 916
597 73 887
49 339 335
137 533 128
438 605 190
837 681 627
257 448 110
251 710 795
369 777 274
307 82 927
829 122 131
805 625 230
743 49 695
531 410 821
72 157 965
653 449 218
680 238 134
419 865 662
582 736 859
244 691 611
33 466 764
560 201 245
129 341 985
6 841 710
244 324 731
160 475 486
520 465 41
209 148 585
172 194 819
701 528 548
45 661 492
197 181 490
636 473 829
885 208 831
95 138 218
639 794 33
600 489 702
113 35 736
570 660 864
504 307 248
441 727 913
651 201 589
647 669 671
629 128 238
736 777 182
108 241 660
657 849 62
645 198 534
876 142 7
784 169 661
12 57 773
79 350 836
415 305 84
605 132 633
567 586 800
514 381 281
153 911 112
36 53 640
589 675 958
771 529 905
800 303 41
697 587 162
197 720 320
88 206 448
889 297 276
178 555 605
431 471 320
861 106 166
45 733 877
213 45 818
195 255 809
351 417 791
815 153 285
855 227 48
285 711 835
477 901 319
372 165 605
814 548 216
541 370 434
176 361 756
652 621 976
579 721 930
81 704 210
391 403 499
161 521 59
146 213 140
51 503 996
561 101 498
318 688 181
437 111 848
817 196 355
310 277 857
607 220 150
24 865 768
176 97 224
313 797 29
287 257 295
219 285 344
682 916 477
541 747 268
253 173 741
244 469 46
385 855 678
896 581 482
863 109 465
48 832 326
653 363 812
237 757 162
902 128 154
357 888 170
261 543 286
235 501 512
531 757 406
667 561 620
86 177 961
198 826 482
513 449 295
363 484 203
65 636 508
571 731 810
321 607 843
759 679 647
107 285 872
577 509 769
279 905 414
394 869 810
760 1 116
831 849 751
757 333 580
571 217 220
40 611 433
307 465 361
53 381 477
137 541 124
201 483 605
613 862 160
637 69 186
567 827 475
753 165 694
253 489 732
13 117 175
831 628 733
447 571 234
541 374 213
2 577 319
161 464 918
669 913 720
895 737 949
689 725 551
330 41 793
731 35 675
109 98 447
697 397 658
573 273 603
728 745 57
798 899 249
905 678 255
799 203 267
886 285 311
59 704 914
298 448 479
882 565 431
411 883 834
533 643 750
377 746 421
401 29 289
91 220 136
503 145 446
643 909 838
398 337 577
192 469 483
512 834 282
286 418 170
785 353 649
5 14 296
58 321 47
854 893 393
915 285 39
551 679 90
25 17 344
391 235 744
543 597 412
271 351 245
113 213 419
478 516 845
184 316 317
477 433 364
829 297 187
267 233 256
217 763 649
41 539 534
782 717 600
781 681 999
427 835 211
827 417 237
257 97 19
368 47 68
153 661 307
589 421 220
818 205 740
535 506 465
127 175 747
8 371 85
661 709 339
469 594 798
347 417 193
862 786 899
905 499 988
607 909 963
65 514 231
662 896 579
693 893 392
57 183 946
454 51 91
559 849 368
775 649 518
657 882 275
48 295 418
693 183 152
449 625 754
134 620 152
577 757 994
169 164 913
62 170 672
225 849 804
241 270 821
23 853 102
730 81 36
798 449 69
237 185 476
119 801 211
161 830 226
174 3 768
310 223 132
177 238 313
387 317 717
343 435 873
502 839 171
257 89 874
316 444 788
247 417 19
475 672 771
595 755 600
385 407 102
17 793 386
676 593 394
229 654 605
67 485 319
787 82 479
709 116 568
144 210 687
688 389 403
540 715 836
341 401 876
171 545 983
89 262 772
459 535 210
473 337 557
605 661 798
705 777 948
29 512 231
857 729 625
427 908 872
161 461 867
195 301 106
117 9 907
58 172 885
47 206 508
475 548 366
575 851 919
87 557 462
485 911 983
9 305 207
358 485 970
581 774 475
401 705 761
223 343 449
701 346 417
49 248 921
481 196 176
741 689 642
77 293 458
517 583 140
164 75 868
749 473 358
361 708 395
764 533 686
509 273 327
454 619 193
727 312 743
325 393 596
121 641 184
187 597 517
88 501 115
518 493 372
197 245 410
777 771 492
666 779 282
473 670 427
292 426 87
741 19 404
153 91 307
18 449 305
730 344 887
247 857 831
321 843 170
409 871 431
637 187 939
825 632 676
647 47 785
555 639 686
285 745 224
613 304 606
479 294 814
51 95 591
439 205 162
446 643 922
601 629 188
674 313 370
57 337 542
343 476 385
477 441 736
677 866 679
531 269 453
442 657 47
435 653 838
701 573 284
865 177 381
712 653 597
821 551 495
593 645 471
130 747 109
357 1 272
770 585 733
639 542 456
916 589 597
383 457 850
473 89 741
387 469 599
10 413 486
743 236 764
645 855 656
49 37 678
10 657 382
876 507 870
909 174 390
98 264 24
215 621 583
266 561 890
674 20 418
763 461 790
375 590 405
61 67 72
583 877 924
711 281 131
326 389 749
564 565 95
193 29 217
17 853 590
356 869 87
137 470 747
507 573 818
249 333 454
716 177 511
385 491 408
155 178 129
45 830 372
127 735 992
461 519 878
235 8 89
476 479 21
545 41 535
181 554 568
50 97 719
225 381 82
767 594 347
211 232 588
42 332 973
869 44 330
31 289 708
867 237 780
14 853 783
231 73 105
113 109 685
95 565 198
852 301 727
681 339 945
641 321 343
722 177 94
25 857 207
821 726 676
321 584 619
673 165 924
729 900 552
271 901 719
796 28 510
517 159 408
612 705 957
497 633 916
519 97 732
358 88 189
665 675 647
184 213 640
655 854 499
177 433 97
747 765 194
621 61 486
141 367 599
499 789 572
17 157 380
810 413 306
189 837 395
761 529 266
901 800 510
150 789 882
111 675 931
93 532 363
725 286 594
661 521 21
671 541 788
407 460 633
3 439 292
302 530 336
553 339 845
811 294 767
915 777 31
200 335 518
93 245 607
665 124 25
505 537 210
6 162 357
695 445 256
541 725 710
289 475 881
78 28 310
821 656 73
480 57 518
628 461 832
209 237 889
229 869 400
779 317 287
536 585 460
191 823 655
175 836 784
535 589 179
243 403 358
413 808 94
178 709 476
393 913 824
549 697 8
777 733 162
625 881 922
296 385 454
673 367 490
111 661 769
151 676 418
71 503 572
187 230 620
450 847 7
463 301 582
790 47 168
679 693 413
185 1 373
580 781 787
266 38 25
551 343 290
495 273 787
604 445 233
187 602 153
873 40 915
585 821 691
416 173 791
805 397 857
357 551 93
503 25 987
793 545 297
213 465 505
813 689 618
456 288 121
479 250 432
149 701 491
751 557 481
493 344 80
352 43 859
129 541 460
393 42 349
425 649 581
93 598 771
665 205 291
827 711 713
153 277 249
215 321 496
273 631 900
470 305 622
731 856 44
881 450 328
107 791 375
668 443 401
91 421 737
505 213 235
759 91 481
73 95 257
459 305 703
381 117 597
31 93 63
235 664 190
513 317 818
860 837 636
95 273 386
580 221 111
429 849 748
129 905 692
7 905 935
320 97 558
383 516 392
663 605 998
737 865 706
542 885 948
149 355 783
537 486 118
342 441 530
525 196 738
313 153 212
275 225 692
696 783 443
477 284 425
671 817 861
329 399 663
519 363 657
493 775 775
910 773 730
192 209 618
205 787 137
601 167 203
229 705 138
841 527 421
520 193 339
424 798 695
786 405 570
869 383 784
233 381 122
441 797 189
599 531 165
245 445 931
472 453 379
686 729 814
831 781 622
51 748 17
212 662 407
33 337 898
69 254 795
424 718 453
73 297 553
343 363 154
288 482 772
482 749 796
887 247 174
891 861 938
128 153 717
521 298 358
793 331 422
365 121 2
734 595 243
847 389 201
93 513 912
5 801 629
589 497 619
15 1 650
521 157 777
21 684 581
209 639 571
223 577 6
873 285 169
419 788 738
365 157 972
591 606 606
754 568 706
121 217 855
305 313 201
846 673 878
185 810 931
524 561 340
513 89 440
358 589 555
801 85 282
828 373 449
121 617 711
397 197 711
829 680 626
477 665 813
135 844 913
20 50 761
505 195 881
131 193 704
518 784 659
3 667 86
379 37 754
807 583 944
357 91 173
345 96 450
99 249 127
657 379 854
363 123 56
195 227 849
635 673 137
16 254 171
191 730 173
493 81 955
311 526 452
884 263 320
316 413 463
236 488 820
534 785 804
165 885 948
277 293 949
108 63 980
301 347 291
254 85 145
525 59 715
542 464 626
504 482 490
853 292 230
231 441 158
46 803 998
93 421 900
101 597 536
76 445 266
339 634 654
297 441 766
252 280 84
365 439 234
299 114 772
451 871 792
889 542 548
878 5 166
53 837 140
867 85 795
165 642 437
335 213 177
523 825 996
721 253 811
433 445 878
858 837 652
494 169 367
195 489 708
789 730 927
469 775 959
645 895 67
551 149 815
805 654 793
748 869 380
305 547 7
289 123 610
341 217 900
813 497 563
741 801 980
293 632 999
217 170 183
322 739 262
12 144 569
159 105 209
453 853 522
199 208 642
125 105 343
257 455 834
582 371 733
903 877 947
139 409 987
459 41 66
473 562 11
205 399 801
55 757 529
327 255 632
62 148 229
548 207 917
4 30 324
449 523 481
243 431 11
770 697 513
565 169 938
3 887 741
73 436 977
411 509 204
201 209 605
71 281 990
889 525 69
756 678 650
43 634 397
529 5 357
295 380 359
266 408 747
93 789 775
571 601 498
673 678 257
274 25 643
164 564 676
489 471 969
521 87 508
647 217 355
73 678 780
424 621 31
267 766 905
524 277 269
129 735 135
41 437 423
255 223 105
365 174 312
692 118 774
846 289 117
316 725 467
109 1 62
268 891 493
465 556 615
590 642 311
613 449 596
13 360 450
65 525 787
465 321 509
855 65 344
485 391 721
591 639 808
616 843 813
901 757 729
186 94 499
873 413 207
729 121 822
667 393 890
250 553 62
147 773 570
813 649 1
405 428 246
845 22 192
816 69 927
728 203 657
479 143 209
37 249 178
333 360 345
903 259 269
117 559 798
327 865 85
541 553 768
173 541 94
519 179 459
369 661 416
187 526 639
877 577 442
15 51 867
753 85 853
807 79 317
665 253 528
246 547 977
751 539 205
515 253 843
159 275 323
712 151 123
421 252 246
791 23 63
766 638 281
617 21 441
661 280 575
1 141 668
379 790 375
375 683 389
373 839 173
649 129 147
337 349 339
25 541 658
45 524 801
377 321 216
132 113 515
226 878 243
317 910 904
534 229 740
625 61 221
485 185 968
813 138 171
241 898 670
617 62 45
539 873 237
834 243 408
157 97 51
669 865 962
627 395 288
759 799 885
294 605 608
789 441 699
245 31 750
717 69 807
224 237 953
17 364 228
421 507 763
137 467 70
284 407 948
87 281 822
864 277 455
13 621 958
241 217 238
375 149 555
265 895 55
69 323 928
803 675 513
427 522 669
801 571 420
257 915 160
485 709 495
9 856 709
485 121 257
359 253 2
769 221 221
841 641 829
353 253 831
637 403 989
594 259 615
249 367 180
694 265 422
164 105 574
425 724 906
491 336 782
721 705 336
245 443 249
493 37 917
71 265 791
481 230 725
765 305 183
345 879 751
449 333 566
733 910 22
33 821 61
703 544 908
677 887 437
651 333 251
26 371 267
184 267 365
41 51 586
79 650 10
121 553 64
605 245 654
557 181 949
733 799 400
657 669 937
141 265 464
141 429 535
916 735 679
481 795 751
701 117 792
615 888 81
53 211 929
470 433 871
805 267 196
239 442 444
125 724 514
5 396 924
343 365 153
129 167 627
236 765 606
390 572 330
361 635 77
57 299 863
915 182 574
895 605 279
754 431 16
258 371 652
155 546 497
273 785 304
193 891 560
489 691 156
307 119 599
353 282 106
137 759 993
355 503 864
109 63 878
488 471 784
289 553 224
276 193 931
141 309 721
468 848 131
13 331 524
289 335 97
245 317 768
271 415 154
281 129 595
45 845 589
831 464 823
178 860 465
385 215 14
426 621 923
105 233 90
695 889 711
21 558 580
787 538 998
4 318 504
44 646 688
537 427 582
826 483 396
105 26 456
149 176 309
305 595 542
84 185 297
613 729 678
431 96 60
897 178 442
219 498 910
126 513 578
205 443 131
173 519 985
697 586 822
485 583 800
719 769 848
691 66 905
529 495 189
33 204 301
841 656 581
15 273 873
21 621 152
533 829 710
656 241 784
457 882 11
410 72 401
71 660 266
43 186 304
829 780 570
368 885 289
57 759 107
239 281 649
580 766 779
97 261 397
855 439 193
767 511 331
887 581 411
253 326 961
873 581 648
712 582 980
133 29 91
241 149 71
379 169 793
485 175 349
533 313 885
812 391 39
412 395 666
216 21 900
916 535 188
549 564 850
93 715 299
1 235 94
709 712 458
877 707 98
36 91 526
277 393 75
755 601 810
335 699 311
841 861 632
609 901 872
837 33 16
172 436 86
188 795 588
155 116 800
505 559 938
11 19 913
124 125 182
629 107 203
151 399 922
431 707 127
818 372 812
65 146 200
891 340 183
216 579 864
381 459 222
675 555 590
779 713 718
432 569 447
713 32 976
326 296 568
393 336 782
181 449 107
907 43 936
593 186 415
580 705 436
745 731 425
57 37 529
834 519 816
237 775 233
735 368 437
141 607 89
451 411 956
605 783 539
97 609 768
308 228 55
420 429 63
97 823 545
426 295 736
586 638 302
854 32 536
42 317 489
505 161 810
799 377 382
265 534 338
163 354 119
117 229 337
83 196 971
775 506 786
769 875 938
394 245 943
61 249 293
315 872 413
305 354 250
309 101 513
507 775 797
309 465 46
805 425 546
157 765 162
345 87 883
261 89 762
58 252 259
447 49 91
559 403 946
529 29 880
289 85 419
193 883 746
874 357 526
609 653 640
341 135 243
193 182 186
485 884 838
801 129 724
70 310 179
275 373 53
655 245 475
718 689 290
191 309 456
499 897 70
669 49 553
213 449 652
329 677 651
333 237 452
571 713 85
131 695 280
69 506 314
447 869 158
30 173 868
27 849 272
421 906 185
725 244 369
581 113 658
104 508 953
897 547 23
5 41 118
685 506 919
97 749 749
418 257 593
713 589 464
876 450 921
12 533 14
553 473 830
623 685 116
24 897 481
497 791 943
2 4 717
773 611 933
713 409 115
477 535 236
589 573 907
459 243 174
519 833 885
547 792 682
345 117 621
213 186 934
395 501 728
47 23 291
677 47 852
729 754 658
667 725 546
9 700 160
499 191 406
655 93 135
350 792 833
724 219 707
74 239 817
421 560 896
272 147 128
533 905 448
658 682 652
433 329 394
693 755 69
905 816 951
9 176 263
723 71 911
575 838 330
280 455 148
148 913 486
691 842 555
647 761 232
337 74 637
81 795 342
271 568 289
863 97 291
206 276 154
13 758 269
262 361 377
883 740 502
148 793 853
749 603 896
817 355 164
93 609 630
246 112 555
217 29 919
881 671 585
365 366 289
645 389 626
307 89 87
611 814 330
197 416 102
603 806 645
417 419 845
480 40 43
153 49 705
655 156 497
834 589 653
889 869 486
59 867 889
646 128 77
621 257 521
148 16 58
137 827 662
1 831 232
321 803 787
566 589 590
124 163 504
373 573 126
693 205 671
504 565 803
811 61 597
853 875 653
145 157 636
415 614 356
165 638 328
57 705 85
119 844 88
321 473 871
81 143 817
19 35 592
429 474 438
433 569 861
242 755 775
4 11 788
189 897 76
63 753 947
833 17 470
211 236 980
568 895 268
555 741 286
913 227 68
61 367 249
433 222 517
391 404 611
879 909 148
528 235 46
18 177 422
377 231 781
828 835 658
121 812 436
144 17 559
491 93 264
204 827 106
229 605 657
108 393 419
757 412 447
133 668 255
156 114 161
848 903 935
636 81 178
109 821 110
680 225 768
485 591 630
172 61 458
89 565 485
126 292 107
773 667 906
83 870 673
448 417 910
295 220 7
914 649 532
833 235 291
260 735 184
849 333 964
145 211 823
541 301 414
133 354 338
257 895 383
713 317 587
448 243 96
5 121 299
701 673 704
561 407 322
859 384 842
71 91 29
153 159 116
663 359 746
902 489 180
238 385 428
307 21 974
825 131 140
628 795 723
916 157 773
741 455 598
405 385 578
285 5 621
913 467 981
208 749 613
481 676 552
827 790 820
875 765 480
857 231 468
597 562 24
512 333 9
47 815 960
765 513 304
357 685 446
441 134 699
65 315 787
913 441 826
652 775 775
667 67 304
147 871 375
853 41 333
555 777 7
475 550 653
881 897 273
268 594 561
118 445 276
857 439 830
167 533 276
853 229 494
53 764 34
721 781 752
176 368 311
733 908 809
414 775 356
505 131 385
871 901 413
519 783 99
153 430 888
567 688 18
803 232 539
89 441 536
575 474 482
698 66 480
483 253 524
119 196 130
409 697 48
443 1 729
9 881 956
753 901 243
661 693 637
258 257 702
165 155 241
269 378 506
141 541 313
389 915 842
532 349 651
89 425 802
289 457 823
337 323 203
14 301 629
585 339 475
418 371 610
398 833 544
765 417 141
289 517 407
559 325 192
225 906 312
269 149 342
831 719 137
665 17 442
589 321 929
257 377 352
806 569 661
357 525 799
352 641 276
729 565 413
622 680 87
277 577 948
465 245 798
144 229 214
441 576 782
408 537 981
63 123 119
40 477 661
59 444 186
881 322 599
145 500 585
717 373 880
220 751 933
616 196 359
537 735 635
50 51 726
892 529 451
859 790 514
325 329 409
649 467 581
9 27 681
655 895 472
347 833 497
296 37 732
725 758 82
323 875 401
403 791 245
682 537 92
205 861 579
473 125 24
391 529 499
817 603 568
401 203 600
179 341 119
295 680 232
1 3 832
664 685 871
867 87 769
259 653 917
475 895 801
535 301 118
43 409 879
813 645 92
403 417 588
459 695 328
285 165 11
401 641 996
85 104 213
140 503 739
383 817 49
93 629 687
138 1 860
95 388 201
693 452 735
389 801 567
7 885 954
187 784 71
176 739 606
241 343 690
629 246 837
187 81 303
141 321 361
777 914 785
220 689 336
796 752 875
255 335 194
445 781 386
247 771 992
343 468 221
186 411 120
805 886 986
466 41 238
49 353 830
114 845 822
177 308 602
577 605 305
661 823 643
878 854 62
109 331 684
81 313 139
94 575 435
669 625 174
369 160 753
797 798 110
539 135 816
66 155 681
321 825 679
23 95 787
381 581 21
91 608 556
265 505 20
765 825 572
377 179 131
225 525 173
837 441 297
831 46 473
899 690 899
35 765 460
113 205 650
117 829 780
525 355 824
513 15 311
593 493 750
792 801 950
580 601 630
405 160 755
791 276 385
81 421 468
321 462 815
509 385 951
705 313 632
751 237 964
121 113 417
865 548 505
43 167 8
85 164 371
321 501 661
649 594 162
220 837 522
221 671 413
43 647 630
772 719 406
648 719 20
368 651 188
501 775 638
295 499 977
289 901 732
137 552 138
43 259 441
81 181 861
233 532 443
110 902 187
317 711 951
691 453 773
193 895 164
449 121 326
583 717 605
705 421 662
513 781 744
825 369 423
342 161 61
31 359 276
473 204 300
547 744 549
877 193 345
139 599 312
10 394 888
535 206 587
795 629 146
214 453 189
841 705 316
453 528 424
789 19 377
6 317 966
1 161 508
811 53 482
893 297 685
656 625 447
513 769 319
67 105 898
533 695 52
749 892 996
303 340 214
286 455 113
665 459 156
499 520 94
314 253 713
247 778 158
865 81 628
177 65 180
257 451 12
377 151 418
53 258 880
268 489 787
905 585 683
785 256 164
527 87 660
897 773 525
701 834 858
675 638 612
575 405 968
491 697 928
766 583 811
120 305 815
873 802 525
216 679 704
539 654 334
593 479 156
277 690 410
897 93 414
559 125 816
671 537 726
847 841 63
313 461 121
377 778 446
673 753 363
137 826 276
20 1 19
509 645 413
730 179 646
166 378 348
669 890 605
725 203 553
618 208 612
316 449 54
39 898 394
9 28 305
859 241 487
122 97 582
217 404 728
905 403 417
61 25 202
53 505 103
373 731 702
497 583 291
799 753 989
725 605 114
291 454 742
829 179 377
515 609 822
757 582 235
631 71 865
293 187 514
573 410 1
809 229 586
121 809 148
208 456 651
153 608 647
89 341 426
669 705 448
298 801 814
545 35 395
219 786 200
11 65 889
549 727 763
393 855 66
768 521 644
208 439 161
317 785 221
621 91 598
880 553 116
842 719 161
381 180 92
319 816 22
94 425 806
138 583 989
284 797 570
63 644 754
428 533 969
549 861 860
750 155 548
85 405 994
709 897 863
37 64 941
392 519 234
345 557 508
802 304 515
902 844 648
582 801 374
126 684 584
67 90 5
303 601 439
329 95 994
116 883 418
831 330 397
772 895 638
592 887 69
629 869 749
904 344 993
235 233 310
850 532 20
405 387 987
713 733 46
213 49 720
760 31 444
731 869 644
781 548 617
508 517 424
297 666 991
80 805 327
434 719 695
145 915 495
867 105 791
689 895 94
75 119 277
174 824 943
179 521 329
474 101 440
143 311 525
267 384 843
85 390 189
145 499 696
689 249 690
93 911 203
236 687 563
821 801 133
846 316 935
388 331 118
486 566 930
464 91 537
501 313 725
519 315 216
305 670 819
845 143 549
213 17 938
643 665 959
262 181 63
349 385 542
183 779 354
865 249 798
414 685 432
193 233 328
19 501 677
276 383 737
759 193 79
40 847 452
273 160 741
131 90 325
777 94 683
159 654 394
19 763 72
673 56 616
424 625 705
689 453 415
347 485 443
688 493 112
369 904 664
381 169 364
237 457 590
297 433 247
281 461 834
233 441 211
260 278 746
519 106 414
651 867 269
424 208 583
153 321 138
153 456 87
795 729 572
883 212 102
173 217 120
121 803 60
541 239 299
561 461 784
689 487 82
897 289 335
901 231 417
253 487 302
384 387 803
805 137 700
317 465 711
808 733 374
43 277 395
65 379 503
365 720 558
51 17 75
413 677 505
556 577 690
406 38 970
577 285 342
301 661 921
765 59 603
15 655 303
417 866 459
541 670 243
93 527 594
732 467 549
359 848 798
117 553 775
677 625 970
491 801 624
441 343 611
555 757 296
410 622 312
901 857 532
137 845 131
326 717 860
517 345 695
579 181 842
624 25 784
146 866 289
573 603 834
825 810 359
109 207 790
319 774 511
39 157 698
258 20 418
827 485 920
614 542 398
902 780 619
582 227 686
679 758 704
372 632 265
909 127 419
107 471 888
29 53 875
757 536 683
293 870 601
45 714 373
900 874 308
616 619 758
89 94 128
57 701 905
581 319 266
597 34 545
809 200 815
574 337 601
312 609 207
2 421 739
111 789 876
327 437 421
556 167 946
449 840 308
153 902 652
727 900 106
853 877 460
627 767 221
883 821 52
50 202 986
637 157 98
783 422 926
187 278 738
379 871 546
1 139 493
569 349 744
221 893 582
201 901 173
409 231 959
487 772 816
709 537 438
451 259 983
511 705 631
268 832 777
697 241 741
843 169 130
685 65 168
630 675 812
139 771 985
332 482 506
637 417 259
538 737 231
625 862 595
629 692 253
811 106 741
733 501 250
365 175 234
302 451 961
346 653 606
93 13 105
193 916 70
486 231 992
349 812 664
383 425 175
305 125 40
62 317 817
16 733 159
517 557 260
21 93 639
861 813 772
603 859 117
121 677 672
255 386 263
549 636 155
763 727 694
691 240 306
613 653 642
649 221 46
718 87 326
33 211 322
275 633 395
205 103 781
349 641 939
829 153 628
817 760 227
45 801 469
373 887 29
110 302 786
287 95 817
849 609 464
818 509 857
593 141 528
454 161 914
49 167 201
373 657 579
219 28 512
665 231 677
705 533 298
590 215 557
1 91 494
336 195 790
421 499 332
495 861 663
809 561 564
809 825 390
304 479 194
293 602 830
420 489 596
305 495 322
781 381 433
86 656 653
895 663 584
126 633 773
261 677 489
89 371 308
657 61 3
36 68 800
28 881 229
355 407 575
260 691 869
364 637 794
751 457 686
346 185 249
517 845 632
693 473 404
888 493 405
861 835 710
676 545 583
760 521 955
228 873 318
61 445 949
117 86 912
709 242 894
903 170 529
158 425 815
845 57 84
205 385 291
913 519 937
446 689 776
747 559 683
905 713 927
467 652 99
725 909 970
11 905 384
237 357 4
837 823 224
227 646 829
289 147 212
52 152 1000
92 708 727
898 189 52
717 519 732
481 554 714
406 685 230
307 643 223
744 565 343
681 529 14
132 706 432
732 100 833
44 663 318
386 41 337
181 525 738
779 629 4
551 535 758
654 795 464
707 629 71
97 751 699
410 260 106
578 423 593
585 93 753
711 293 678
361 54 381
373 271 261
821 405 887
475 472 5
590 704 793
281 174 130
447 857 114
656 457 373
217 156 890
418 431 170
81 464 185
836 489 38
577 890 890
669 895 282
129 523 230
551 49 628
305 862 366
601 557 874
221 137 136
527 361 625
1 459 927
525 53 444
115 811 949
888 645 796
651 273 60
106 158 670
340 386 697
511 697 346
61 390 786
344 109 79
285 731 542
365 765 86
521 743 288
638 57 783
625 535 667
873 286 389
397 5 162
835 80 348
25 721 815
633 413 220
689 637 454
286 505 307
251 818 860
673 437 18
203 889 139
61 589 359
169 480 352
348 99 717
689 726 189
848 665 773
401 197 407
677 849 674
913 465 901
137 885 49
381 19 875
430 170 805
273 829 624
905 775 340
137 594 180
818 45 694
431 872 561
707 228 690
674 33 733
67 693 958
597 294 783
562 700 608
571 826 345
439 497 663
711 107 123
657 243 12
61 329 516
165 235 51
457 235 104
489 886 67
657 413 38
203 439 383
831 713 557
442 512 964
137 866 792
325 765 150
89 537 82
452 236 155
589 63 163
217 727 472
694 820 13
127 497 86
313 245 970
381 615 919
591 690 41
367 521 955
91 381 320
303 229 587
541 17 149
25 65 520
311 91 291
799 337 658
216 383 24
95 173 508
459 418 855
806 225 272
521 193 588
286 781 632
241 891 938
485 880 959
230 209 818
183 553 759
72 910 36
363 109 429
110 451 502
415 674 270
468 227 277
267 25 995
787 784 94
429 452 118
883 369 355
525 689 417
426 721 318
381 824 643
641 545 219
169 634 431
709 142 680
913 73 654
565 621 950
577 725 775
1 305 549
85 141 822
434 509 707
862 335 954
729 337 952
597 22 911
194 169 162
635 837 567
307 883 753
504 121 874
181 683 331
270 653 438
73 35 357
249 461 352
225 189 203
768 870 360
348 893 614
481 388 608
898 140 68
521 297 725
177 569 56
215 509 419
514 141 964
27 623 815
70 463 149
17 230 963
764 904 140
249 369 40
507 446 693
649 629 233
477 57 936
127 619 914
735 379 41
583 693 5
246 790 7
521 230 24
251 27 289
798 562 901
213 717 264
592 773 808
526 657 93
444 661 560
177 509 479
289 130 391
777 413 265
275 445 467
518 677 920
509 201 286
145 575 814
626 696 465
609 681 953
258 203 218
807 446 582
678 845 471
101 363 4
315 501 876
881 506 125
873 815 448
465 753 780
36 73 853
433 45 13
157 697 143
525 829 174
177 172 568
459 883 187
525 483 634
217 493 746
353 69 449
369 677 539
652 539 219
393 727 190
765 49 157
57 803 366
756 156 670
550 887 694
593 774 127
603 765 864
475 429 386
137 833 597
830 839 222
673 650 305
573 669 483
633 744 256
349 486 760
434 278 64
357 713 342
689 225 519
567 129 719
485 89 142
265 517 654
267 611 718
25 197 380
613 801 354
43 738 491
249 750 589
713 397 205
93 142 831
741 31 428
129 2 12
857 668 218
414 785 985
601 813 261
287 425 1000
487 181 686
339 451 609
253 801 338
685 599 821
1 513 362
89 199 259
217 521 43
595 680 677
489 715 91
237 723 571
173 181 461
185 737 827
49 93 42
891 749 678
331 370 756
355 255 583
97 381 366
822 536 379
98 77 295
511 712 67
218 65 540
6 146 212
657 417 42
401 426 140
52 463 200
449 552 97
221 394 266
877 222 423
530 884 726
637 33 693
689 219 81
101 589 784
13 45 372
6 472 143
681 154 856
438 780 238
284 335 217
65 869 336
345 814 31
254 693 635
673 425 721
629 739 375
435 49 355
460 40 52
249 809 163
867 690 380
332 392 95
230 726 305
148 435 748
109 263 297
100 640 239
519 124 466
477 251 658
887 249 863
451 589 216
625 315 818
78 240 836
439 197 389
173 372 181
519 893 128
239 1 773
657 774 511
51 79 387
441 360 664
857 273 97
85 18 568
671 741 671
85 101 851
191 317 218
79 131 762
95 465 597
47 234 975
525 717 846
859 109 765
797 889 276
897 194 846
538 142 627
913 51 908
323 583 397
829 6 821
422 462 701
859 359 637
337 517 514
291 744 90
256 877 465
719 431 365
148 301 89
1 408 642
689 709 299
281 681 396
811 545 363
597 89 809
809 213 568
267 281 66
565 179 545
613 483 796
105 729 651
331 560 766
399 496 387
440 363 99
655 852 301
149 608 987
755 843 648
33 505 233
759 551 109
780 857 67
471 206 492
509 141 655
126 446 343
659 186 781
359 517 355
717 207 301
789 501 967
370 406 422
181 305 299
188 877 642
13 259 96
305 99 556
877 285 394
343 419 665
757 163 684
329 618 84
546 255 157
422 117 678
576 571 723
813 903 769
413 447 577
585 767 362
541 13 729
593 690 901
569 14 764
718 469 952
561 586 805
374 533 238
80 513 742
859 821 978
901 595 54
707 407 891
440 498 427
451 849 457
83 369 629
278 294 298
761 806 318
817 583 945
385 721 196
911 765 955
1 13 934
43 437 359
552 715 96
233 809 58
492 272 520
691 613 969
868 269 992
639 905 703
737 313 66
515 865 478
6 214 258
225 107 808
61 889 161
413 219 580
179 503 934
890 455 417
365 77 719
401 597 911
334 767 477
453 583 529
499 426 98
845 506 808
105 681 137
19 225 126
389 426 661
110 863 762
341 455 208
489 627 540
743 135 294
315 524 986
181 685 941
135 256 822
143 121 913
48 315 6
685 637 415
69 728 273
426 51 512
545 565 670
285 881 127
763 633 784
313 591 748
811 385 484
86 225 600
438 265 157
219 117 631
121 521 696
257 507 772
824 775 39
666 837 323
607 177 10
257 459 468
563 523 650
746 462 588
309 405 354
365 831 717
32 521 944
75 549 932
376 123 608
81 868 208
441 497 372
287 715 943
885 770 685
154 169 664
681 733 890
387 141 887
688 529 883
691 785 407
413 362 382
707 401 71
133 57 913
339 660 904
89 101 139
129 477 18
645 165 502
317 318 580
405 692 569
239 306 977
808 217 990
809 206 660
357 217 776
247 21 805
424 83 810
753 471 338
766 658 175
121 474 743
501 546 276
621 386 59
135 433 796
325 853 131
301 313 569
45 197 166
257 49 435
771 878 585
463 25 338
511 843 733
65 227 306
769 353 662
753 297 819
797 74 834
426 909 350
49 73 555
9 105 875
267 93 42
133 401 860
470 912 847
31 757 869
119 202 438
615 854 578
212 627 847
498 141 770
51 171 916
113 853 916
259 433 551
200 453 408
197 303 53
521 711 460
497 756 747
517 639 267
367 623 335
685 438 417
1 456 309
171 439 746
821 236 22
305 754 156
710 876 195
727 559 269
818 179 421
19 914 499
217 629 201
313 780 173
477 685 866
247 635 922
1 657 978
149 344 764
445 297 165
78 113 322
318 705 361
669 102 453
385 67 817
11 321 500
115 19 543
117 396 379
185 372 769
777 457 27
601 751 102
873 629 430
873 597 983
477 795 639
195 242 444
224 742 52
605 145 625
156 77 821
119 637 669
217 819 774
69 889 125
909 578 740
38 244 404
847 275 836
553 477 909
672 233 179
15 351 625
221 644 839
261 791 76
57 877 625
141 433 10
477 298 820
144 455 804
199 9 180
185 813 846
61 505 653
43 741 770
807 203 431
849 209 24
793 797 188
128 574 350
317 678 962
345 770 154
557 595 33
425 609 905
77 137 631
819 481 330
818 811 385
81 1 912
400 637 305
230 149 575
349 441 818
325 840 228
849 593 176
879 839 499
59 122 425
130 136 281
405 63 338
167 855 208
529 833 239
741 535 445
713 338 767
436 603 977
794 566 314
303 230 399
139 447 371
254 456 739
194 613 402
250 480 752
16 901 250
59 90 906
398 153 601
5 207 700
729 645 851
263 169 563
183 219 905
864 61 5
101 31 133
622 233 562
789 249 53
343 439 87
181 41 445
711 423 543
628 97 574
333 617 493
5 677 231
267 696 424
788 481 458
805 437 532
762 107 248
147 184 383
443 557 327
893 305 360
81 846 437
74 622 863
541 507 548
241 199 292
179 710 113
75 779 638
153 654 161
625 759 629
220 384 617
352 482 461
566 324 53
533 437 763
853 462 108
165 577 338
412 57 268
521 877 871
113 154 626
797 475 949
257 289 873
663 839 948
439 149 101
595 583 247
133 386 271
336 633 486
145 346 456
21 688 778
822 614 383
25 77 559
587 513 464
895 885 737
173 330 589
599 449 614
651 497 506
595 32 306
289 503 854
599 197 735
445 135 905
693 455 293
669 583 923
485 496 669
3 197 971
335 133 616
727 186 9
270 772 392
709 157 428
913 532 645
520 729 871
749 837 500
524 8 370
225 145 959
652 461 694
649 433 199
545 109 412
885 53 519
411 652 667
65 145 180
912 859 183
870 857 818
749 618 682
189 249 167
479 191 820
661 654 15
649 801 42
491 69 407
117 371 624
421 697 601
22 108 598
21 275 882
581 667 528
499 227 615
15 802 213
1 361 548
376 437 536
299 393 956
901 488 968
387 429 345
891 561 787
515 417 808
871 311 998
504 411 296
755 465 408
445 771 715
200 441 397
519 445 447
615 694 800
445 870 344
841 380 53
709 43 953
365 23 523
878 648 456
377 886 869
821 873 68
498 546 433
257 350 118
345 349 234
765 374 344
133 170 225
153 63 700
657 589 175
725 891 798
623 301 44
655 283 667
91 173 88
345 604 349
576 275 313
637 249 722
140 159 457
222 149 286
89 116 441
245 619 303
521 737 463
120 865 66
834 663 563
883 581 996
457 653 892
82 847 210
356 442 967
197 570 866
537 174 250
119 909 592
768 385 371
829 157 261
521 898 488
116 540 879
197 57 701
652 749 103
525 69 244
637 633 438
565 738 523
297 487 210
338 770 11
851 814 452
889 865 795
405 372 671
562 613 133
1 8 561
897 3 88
122 739 809
101 685 37
553 455 786
872 141 930
318 581 767
598 291 609
189 289 25
545 419 440
456 911 238
729 5 123
331 299 910
581 59 896
537 745 383
121 249 611
851 107 287
207 263 402
649 156 457
749 405 114
324 493 124
25 37 302
413 61 182
119 913 684
131 811 106
583 789 513
884 333 395
302 739 567
378 801 717
612 833 406
464 888 3
428 785 468
237 842 77
35 74 426
141 781 772
371 663 298
209 333 320
127 9 72
369 137 991
237 737 314
234 650 796
609 547 425
825 481 534
680 527 62
642 481 875
329 348 853
426 673 351
551 716 20
75 553 638
625 844 71
197 507 925
5 728 354
85 365 232
323 361 198
449 769 725
363 835 694
78 633 173
249 811 972
349 897 176
106 777 330
119 557 377
274 113 783
111 832 197
709 543 742
245 455 200
753 659 674
575 777 818
373 112 863
7 647 274
157 485 969
9 615 922
333 457 985
786 656 405
334 516 685
7 677 631
73 403 717
221 12 339
558 617 384
163 710 381
404 707 892
727 355 647
181 257 617
539 385 204
130 135 845
511 330 540
911 671 629
443 617 258
61 207 947
730 23 870
413 637 457
685 157 128
844 594 822
541 743 118
589 802 112
137 417 943
293 451 137
245 547 637
464 574 960
915 505 815
549 868 386
53 10 935
153 792 2
835 649 665
341 633 561
833 309 287
17 697 168
791 747 935
295 417 121
297 59 443
205 720 315
809 291 242
545 605 174
283 461 726
652 129 59
41 377 486
412 633 258
721 654 291
730 301 118
798 9 462
433 679 650
708 305 834
631 242 309
337 245 486
33 375 594
32 75 536
55 399 860
781 554 86
317 389 363
197 221 500
521 287 194
145 310 283
321 573 551
386 773 499
509 35 835
17 909 478
622 734 511
431 385 281
257 9 605
339 721 505
865 473 345
859 333 236
509 237 756
473 145 857
863 318 344
299 753 691
888 199 195
369 885 622
99 329 292
673 497 632
585 749 468
392 741 176
69 539 535
36 509 108
793 141 646
827 681 136
333 416 230
761 90 129
206 97 779
3 9 630
114 188 666
106 835 310
518 581 66
137 123 400
133 849 74
53 509 68
222 363 412
669 45 779
345 295 836
40 62 634
113 719 507
661 665 60
199 175 485
321 489 669
907 615 97
607 749 306
177 397 410
43 851 765
30 721 609
786 835 117
128 140 679
282 610 619
629 241 767
307 499 394
397 683 872
345 897 141
849 828 372
509 443 625
145 585 345
20 192 304
239 846 897
517 445 732
293 633 818
5 693 993
459 102 49
305 644 1
170 219 703
331 415 651
263 545 960
533 537 140
33 629 71
905 1 999
277 227 164
396 493 972
172 424 673
441 818 602
453 737 8
497 915 826
110 96 913
713 209 577
851 213 661
305 474 134
189 508 182
63 75 213
469 117 378
81 889 267
513 482 457
485 376 790
466 612 168
447 822 154
343 903 584
441 843 375
402 353 527
168 624 707
204 865 127
505 183 880
113 463 395
103 485 577
280 358 216
210 824 161
293 785 985
455 463 289
29 429 277
340 291 434
615 731 652
489 724 270
123 625 70
381 65 802
361 106 442
511 758 811
415 201 925
741 418 163
620 345 497
281 477 492
480 66 595
363 909 282
618 388 951
135 669 102
317 635 620
4 589 315
375 651 499
833 401 581
75 78 624
632 183 560
844 767 262
165 829 26
815 651 430
263 28 712
284 467 139
45 848 273
647 659 423
173 229 419
247 165 276
801 225 112
73 93 50
281 210 404
434 10 825
277 717 641
879 505 867
125 400 941
13 557 634
802 749 809
54 142 48
833 522 964
69 521 40
516 13 665
515 306 744
331 489 599
87 180 415
496 1 361
663 117 222
900 489 386
583 217 610
569 885 420
239 421 173
614 149 984
227 475 975
49 374 316
313 529 94
249 107 631
406 748 96
135 522 893
784 835 165
71 435 152
807 405 902
109 178 650
96 828 516
913 25 782
187 57 318
171 157 427
677 174 291
667 753 596
227 363 96
662 517 524
303 817 416
489 15 827
59 98 998
738 435 784
670 460 485
211 274 843
425 229 979
561 9 664
129 489 655
295 691 76
559 27 527
868 273 840
187 542 971
437 29 679
71 711 824
266 713 360
589 320 20
535 488 190
107 810 864
131 513 896
427 450 315
746 815 993
888 157 214
665 757 100
683 501 333
756 364 843
744 194 550
233 813 626
801 818 594
249 139 253
1 644 627
861 807 820
131 497 694
53 367 8
41 848 858
717 457 637
15 170 706
727 298 602
1 39 135
731 809 787
909 482 841
406 781 867
703 342 60
881 429 668
888 40 789
321 530 583
102 467 243
364 645 99
542 897 638
548 867 346
282 544 820
102 166 397
655 248 775
37 247 481
883 77 845
721 797 816
528 495 689
503 230 273
431 746 718
753 477 892
151 211 64
733 376 302
897 241 302
137 1 714
688 325 80
491 867 167
357 87 888
245 378 668
214 38 327
809 899 368
21 629 655
233 701 662
809 773 235
413 359 646
71 120 796
655 696 387
759 708 429
605 785 539
159 11 952
233 249 629
690 403 910
440 131 461
581 713 125
20 909 169
581 670 481
65 165 62
133 265 707
461 389 309
161 201 305
475 813 161
561 825 802
614 65 536
6 187 19
827 606 41
881 275 482
911 510 380
628 416 301
372 30 370
303 109 140
409 605 976
233 609 298
331 513 539
251 417 595
737 631 377
827 411 823
692 849 705
465 301 106
663 750 136
445 481 723
25 769 299
161 100 949
472 207 200
169 857 331
293 837 307
54 321 718
354 416 640
557 39 400
224 734 87
637 120 995
555 760 244
223 779 431
890 892 3
162 638 563
537 660 526
677 225 807
653 673 673
865 369 805
307 693 147
737 161 615
363 573 90
881 535 443
479 581 317
487 215 600
182 540 421
343 273 288
601 782 175
569 454 121
766 189 744
321 859 141
111 727 710
753 875 537
336 588 517
746 317 516
189 669 223
349 357 924
107 277 59
573 873 322
255 391 892
724 629 527
189 265 815
626 341 185
101 181 444
869 75 851
851 453 703
400 809 544
531 427 484
98 266 808
141 749 307
871 756 193
699 209 504
23 583 814
140 720 206
461 203 411
21 23 104
161 557 247
577 310 224
650 592 351
812 207 459
859 417 177
379 470 869
148 393 836
855 750 560
236 443 766
364 240 758
65 642 213
104 762 261
226 354 246
525 573 299
663 153 439
643 657 668
827 651 892
882 789 410
757 812 33
398 767 888
655 89 877
867 269 569
733 205 68
777 453 690
281 542 434
429 613 959
40 113 848
797 60 92
482 704 218
706 211 4
14 182 437
567 369 405
15 52 283
37 416 66
908 445 683
684 593 784
80 433 572
317 377 592
253 901 903
165 665 794
379 604 337
16 636 490
17 57 885
51 74 36
109 198 384
609 244 15
53 551 355
813 434 363
261 788 554
401 891 942
669 737 580
289 3 710
572 671 355
333 397 316
509 777 239
149 611 81
473 97 127
702 110 552
136 825 254
809 843 710
476 45 681
607 693 176
65 490 696
801 505 945
465 297 782
777 825 970
389 721 461
625 101 864
86 426 415
5 12 831
294 368 838
179 257 176
881 485 208
410 89 89
915 336 654
348 253 425
495 824 955
17 812 603
366 610 135
787 907 31
487 563 606
545 123 389
861 329 143
289 57 203
379 20 661
45 647 65
443 615 944
183 905 247
379 197 362
791 370 914
852 411 176
299 61 315
367 832 586
665 671 818
653 385 146
375 290 106
721 353 853
152 1 867
769 179 146
673 44 568
858 725 348
7 181 910
336 142 917
289 33 126
539 215 370
617 427 835
229 788 927
129 72 461
475 505 111
578 13 864
415 543 626
733 301 381
705 113 168
149 167 633
47 591 324
845 257 812
641 63 702
891 731 344
561 34 850
597 717 437
353 608 643
465 899 779
581 49 659
69 59 17
745 266 849
380 617 436
89 117 522
235 651 924
619 673 632
81 581 593
577 789 481
321 433 922
913 293 544
297 563 560
504 697 199
564 323 721
547 219 842
68 427 917
303 134 390
307 792 334
218 419 531
795 299 5
155 776 456
205 645 778
677 428 394
340 241 463
325 162 4
721 793 144
279 1 917
77 774 87
3 607 406
673 525 557
747 480 506
273 333 789
117 154 32
232 173 84
177 31 917
357 227 940
146 231 345
733 583 93
109 20 290
163 821 890
334 627 486
501 203 108
237 23 708
65 219 919
515 843 523
341 261 693
797 719 676
153 73 428
417 620 12
622 393 389
35 21 427
778 47 639
221 380 34
774 817 245
296 395 470
899 747 576
125 293 348
807 849 956
700 781 277
665 663 635
96 580 840
115 846 166
681 315 520
667 57 490
189 169 903
899 145 941
897 333 766
691 226 646
484 864 914
502 201 964
701 103 25
579 40 407
429 721 467
166 248 463
137 682 76
230 673 529
613 35 508
663 565 430
687 601 957
849 885 370
423 463 42
779 201 130
693 33 544
526 583 786
339 651 551
823 41 458
593 605 611
891 287 573
227 370 800
193 501 166
103 177 281
151 528 732
464 667 165
549 142 481
828 741 284
247 664 335
14 86 161
147 209 168
770 199 907
309 54 278
522 817 310
587 1 541
405 709 71
445 158 698
319 513 8
60 291 483
869 145 414
113 389 339
3 577 558
180 251 979
27 47 798
195 462 647
501 225 10
233 598 214
779 101 156
113 415 872
368 50 980
253 196 753
193 187 65
491 57 962
216 878 85
192 49 846
355 87 964
910 428 533
350 802 172
641 329 377
467 294 426
633 542 686
730 381 979
849 781 501
254 837 379
579 893 964
901 377 396
361 190 488
393 209 690
145 896 226
65 83 976
303 505 818
729 201 20
281 877 707
277 55 853
333 373 41
637 227 345
861 570 74
317 289 728
562 722 457
598 553 69
749 873 729
137 621 72
901 287 120
21 857 110
299 857 157
121 332 210
693 745 224
791 484 888
609 171 595
215 591 434
646 914 382
832 163 610
421 405 806
113 36 808
277 774 833
905 362 754
783 797 241
811 449 817
119 299 124
278 421 176
321 245 356
83 318 519
303 538 274
522 732 723
113 71 392
174 827 359
79 793 973
222 580 776
233 675 369
357 124 289
101 355 828
12 118 620
452 175 597
545 855 363
471 610 205
95 309 56
783 511 479
157 664 465
93 910 687
607 748 149
1 351 884
795 347 308
739 33 682
52 138 527
577 319 869
897 382 382
693 788 213
741 873 135
185 641 48
710 677 995
858 663 422
113 524 855
719 219 364
173 177 66
537 297 816
681 548 885
755 437 565
389 294 821
769 491 790
789 800 297
28 901 157
181 677 67
181 191 456
913 1 677
315 882 119
345 99 169
299 225 312
579 57 244
206 328 155
581 345 418
697 87 775
131 327 372
626 661 771
343 445 928
727 476 119
855 342 901
199 298 953
505 493 716
461 318 847
772 653 156
751 5 735
746 43 139
583 597 14
866 159 84
273 525 429
695 898 326
75 892 561
832 310 397
499 845 798
567 689 766
829 659 160
810 1 150
757 386 970
763 643 718
225 581 624
707 523 640
224 303 347
241 100 586
712 347 399
39 222 47
521 447 318
775 854 921
129 807 185
887 457 716
38 593 33
483 745 211
204 584 192
329 77 487
117 787 42
825 417 106
285 377 96
804 565 982
199 577 56
821 885 236
506 31 188
707 444 249
434 577 637
825 443 291
858 365 787
157 657 682
797 499 74
741 597 501
389 435 412
729 651 604
31 640 246
477 161 179
133 505 771
273 340 440
525 211 738
213 231 492
12 198 83
724 849 868
109 546 7
215 792 105
713 775 771
241 425 869
516 618 856
601 671 857
641 432 56
797 205 72
766 131 27
687 207 129
245 134 478
681 863 309
153 645 171
341 41 54
515 729 887
592 81 771
218 897 981
761 225 235
513 99 924
709 393 695
336 133 778
673 842 115
205 477 527
865 893 963
216 130 328
557 69 667
795 659 493
833 817 539
570 305 156
709 41 547
539 109 634
128 49 141
277 15 167
897 397 384
890 366 544
849 357 50
71 769 828
537 794 345
564 881 520
623 792 474
85 903 706
817 251 644
629 541 667
37 774 366
216 236 646
201 665 144
881 408 711
627 619 100
293 23 358
288 757 710
483 565 562
527 291 920
249 257 705
725 45 480
53 249 144
349 789 557
77 153 467
333 672 682
203 557 544
894 617 931
75 105 870
455 449 191
583 699 982
570 386 334
8 863 651
321 39 452
431 705 669
185 81 11
852 521 946
524 598 936
3 5 52
603 333 541
485 15 782
865 553 792
568 610 493
192 713 911
261 3 456
899 477 836
577 617 916
606 845 718
261 129 575
550 893 553
13 104 443
886 911 376
489 362 53
357 854 245
671 821 559
457 150 754
262 311 819
271 621 4
399 77 830
525 343 140
401 221 556
815 843 647
263 229 710
53 32 942
325 429 217
223 269 286
579 884 470
84 361 36
463 857 613
759 452 673
69 703 775
795 822 153
289 841 864
474 438 992
725 179 943
697 225 235
319 545 977
637 480 244
414 301 414
481 224 137
142 273 343
468 290 879
491 301 470
473 327 609
579 873 428
614 417 845
421 481 723
193 871 947
865 157 447
773 847 696
177 71 417
18 44 221
737 733 297
406 785 918
321 621 58
431 905 495
413 589 528
1 649 141
190 197 424
125 237 936
305 677 637
642 296 378
629 583 469
915 829 222
631 750 468
151 335 948
817 791 160
302 694 159
737 129 997
185 735 261
793 649 774
807 311 902
394 187 278
464 401 86
453 267 698
241 783 700
430 841 842
781 905 494
693 11 244
445 159 565
418 13 320
795 291 99
745 825 526
798 175 764
901 210 582
57 303 787
776 573 924
495 187 553
557 813 156
679 669 558
599 425 167
657 729 58
597 345 233
93 37 656
193 7 570
759 393 691
561 219 17
79 528 643
109 129 442
103 114 36
705 768 707
651 561 562
722 879 221
283 883 588
773 863 905
401 841 854
653 442 342
174 77 259
208 323 714
854 696 186
705 863 385
709 17 65
397 541 314
357 440 840
74 850 533
409 369 884
185 791 304
203 163 822
487 178 859
850 45 707
753 37 577
671 246 354
610 277 491
116 860 277
381 667 24
429 90 894
224 345 169
399 299 532
313 639 838
134 829 342
469 500 246
489 449 750
861 151 704
405 457 604
504 41 636
433 523 802
377 345 653
821 803 142
65 593 769
429 649 428
386 721 867
727 793 699
738 881 67
61 737 937
221 513 209
187 56 822
37 683 973
551 433 233
633 173 765
625 764 368
365 705 75
755 813 578
717 911 174
233 382 632
223 382 342
149 626 1
281 369 36
109 154 258
589 909 15
213 765 753
740 853 167
353 247 591
735 625 182
124 653 717
299 743 993
527 747 623
11 283 556
453 788 181
251 5 859
532 421 192
537 253 507
190 61 880
655 333 534
237 805 590
577 793 866
509 797 702
276 339 694
1 375 232
857 289 536
217 377 991
529 217 672
26 224 553
721 457 436
201 422 821
415 306 237
89 107 773
648 575 824
831 348 169
113 378 703
681 813 698
566 765 513
604 46 388
537 491 144
789 453 218
866 713 19
319 845 882
905 817 985
330 593 640
361 419 175
313 865 396
347 353 765
720 110 527
349 477 237
637 81 819
301 424 349
15 417 198
587 808 15
667 709 912
869 866 363
496 297 540
878 821 66
226 877 871
482 488 139
896 677 288
191 513 463
9 15 120
597 516 960
312 635 440
427 478 198
199 225 250
171 518 866
497 58 943
192 700 723
113 911 505
5 97 816
849 689 331
412 549 681
445 233 724
583 163 495
14 372 453
716 115 343
61 258 146
317 641 520
843 885 950
469 134 796
297 22 980
491 483 358
159 463 644
219 509 403
617 569 149
160 151 715
440 859 493
325 505 566
301 153 115
313 105 686
797 781 263
696 564 335
217 437 192
421 361 447
423 493 578
454 433 879
464 669 247
184 181 770
26 346 503
95 165 362
401 329 204
517 851 137
165 149 320
549 245 247
588 554 252
143 28 747
165 351 645
60 529 565
205 686 164
246 125 178
489 285 547
493 826 180
847 229 632
637 86 8
689 783 830
65 342 574
343 99 29
817 753 157
13 586 124
63 806 195
573 647 499
468 777 238
413 784 950
193 817 886
906 406 783
476 581 705
146 389 413
229 64 441
809 798 690
909 620 68
259 390 672
304 769 804
905 381 614
384 658 967
273 112 857
437 553 955
503 357 5
577 910 370
393 61 578
255 818 5
549 450 211
698 429 701
354 711 684
347 65 539
491 138 571
820 885 157
418 333 437
254 894 731
317 627 197
238 237 2
623 658 742
332 323 267
313 597 328
475 336 128
405 45 602
757 509 607
719 670 673
287 784 648
625 897 452
301 104 612
541 165 645
150 751 820
642 719 522
848 778 78
385 502 896
373 69 70
221 505 893
84 518 197
377 212 57
348 208 399
331 172 395
329 422 481
213 409 83
89 875 957
768 711 9
157 893 180
809 601 128
195 10 66
200 198 931
818 391 731
456 561 330
235 420 470
269 829 941
303 821 254
55 124 440
857 610 94
211 300 253
513 389 644
157 401 670
43 527 97
259 85 483
456 280 276
659 148 706
495 883 490
324 121 908
586 57 870
585 743 245
471 832 120
299 319 662
136 213 522
697 681 8
251 557 276
428 694 21
409 521 467
90 769 604
621 400 718
263 880 451
362 217 566
333 97 162
198 705 402
89 797 557
481 21 88
285 515 137
218 901 684
600 41 597
313 847 782
730 273 202
31 151 282
765 719 719
129 889 799
737 512 617
465 801 778
889 805 576
60 880 476
541 81 999
440 579 950
3 133 467
220 126 521
699 476 882
269 185 695
723 219 680
376 648 637
25 243 994
481 261 849
709 284 164
636 209 95
673 706 632
893 385 665
174 305 220
401 735 317
29 100 65
700 139 242
511 236 341
429 623 972
359 829 357
191 212 678
429 433 863
553 129 635
303 776 515
749 361 241
703 662 597
285 197 534
199 473 386
157 809 325
842 451 81
589 54 409
541 215 181
423 601 476
195 569 616
567 253 31
419 103 64
785 69 279
205 545 741
649 325 401
39 287 679
101 113 372
565 618 310
561 7 152
229 542 54
289 285 385
596 313 808
232 376 207
704 102 762
761 473 64
680 261 91
350 476 209
736 456 760
294 513 388
835 771 177
75 871 753
465 817 809
199 685 931
409 425 266
751 305 962
613 587 879
625 185 277
319 9 632
1 457 427
49 417 443
233 88 754
5 385 552
34 150 54
741 485 77
123 585 263
678 547 925
119 280 834
669 836 261
367 814 506
26 647 728
463 223 81
349 599 790
425 105 369
825 185 987
272 895 170
565 733 705
789 269 757
471 376 396
789 66 283
397 633 149
659 433 658
69 821 257
376 553 232
311 75 48
37 115 713
125 432 884
173 197 856
313 693 32
665 54 80
537 729 140
65 481 43
409 258 502
653 133 873
66 389 257
133 375 901
518 741 238
100 703 944
849 789 589
736 483 108
65 763 466
195 859 316
20 578 468
803 609 984
753 509 790
699 855 16
589 153 811
189 132 292
272 781 881
255 13 613
701 893 627
601 703 331
785 865 357
497 807 239
36 277 102
319 601 323
732 869 723
844 391 357
136 537 392
40 197 643
901 354 811
43 63 85
557 506 801
641 780 921
310 849 612
547 371 329
535 275 490
130 459 538
137 781 897
638 391 526
811 865 373
115 21 555
371 517 555
230 595 277
771 661 363
13 33 615
872 697 35
481 490 631
389 852 616
705 117 819
737 766 807
851 129 332
305 205 936
409 583 150
675 708 249
845 504 787
163 191 993
751 553 435
277 639 859
774 132 41
679 143 512
274 692 408
245 773 213
581 684 551
613 217 91
709 433 885
69 219 553
661 617 25
710 863 794
184 218 588
574 23 432
869 913 119
409 680 198
50 722 662
419 452 316
665 225 267
281 801 23
466 421 387
32 165 539
289 268 425
781 298 17
791 583 151
201 185 530
149 429 20
81 15 254
79 183 190
411 66 719
533 496 865
558 677 491
910 685 133
149 195 14
891 167 346
394 254 748
615 777 892
549 50 267
417 561 641
75 715 766
433 514 912
769 94 640
725 913 270
443 93 492
603 915 333
544 827 257
570 163 737
172 910 267
756 752 70
126 841 73
623 838 571
629 23 843
825 86 368
764 874 345
821 417 517
288 268 913
16 18 845
755 17 630
40 726 188
25 794 297
881 849 560
509 909 696
231 501 942
789 734 440
286 304 139
183 645 273
874 593 260
156 728 384
236 549 490
680 217 33
91 669 427
305 172 865
77 413 139
773 5 718
559 883 779
663 61 690
599 293 706
492 559 813
129 521 304
853 562 64
239 753 579
227 497 677
671 873 881
74 120 998
13 273 284
225 605 530
489 75 928
714 819 482
61 106 615
44 760 218
291 552 756
225 14 559
395 771 23
21 456 138
152 741 393
329 361 963
797 564 328
104 191 255
106 226 178
237 9 485
485 295 257
88 300 601
431 104 884
68 663 707
856 703 855
601 765 163
77 143 673
858 163 273
317 855 301
317 121 575
101 811 648
914 720 353
437 359 144
233 377 512
636 695 296
633 857 445
294 413 516
779 53 200
309 601 590
93 905 185
283 749 328
121 719 935
873 373 46
794 511 317
513 677 999
333 593 33
99 207 500
370 342 467
325 341 735
170 553 110
389 533 902
383 764 899
869 527 900
105 79 95
912 168 897
729 421 894
193 576 510
297 368 883
5 133 480
487 397 909
4 473 365
601 353 47
377 305 503
316 601 180
729 863 877
301 825 495
509 231 318
761 485 920
421 16 101
401 4 493
175 819 339
551 103 764
17 824 12
717 59 954
271 519 791
913 743 629
127 676 565
680 557 403
140 462 451
389 445 637
129 845 549
753 769 519
309 687 639
158 841 253
509 245 787
338 860 666
755 610 254
886 288 307
122 284 706
177 361 315
723 804 133
779 9 45
625 657 804
823 35 765
59 412 509
318 385 874
29 323 46
109 47 71
665 187 860
326 313 943
560 223 732
837 71 577
272 907 916
61 247 240
405 236 848
651 505 980
257 437 126
430 257 335
387 451 454
273 700 300
221 236 338
190 541 443
607 30 116
833 389 694
49 501 1
293 211 957
369 761 938
337 485 502
17 788 652
557 358 110
579 205 204
216 34 431
249 801 974
377 67 913
249 905 177
436 273 299
113 741 216
653 517 41
913 745 75
603 335 218
229 219 236
67 409 814
188 53 759
690 221 654
177 860 971
67 117 918
628 417 174
619 321 248
573 724 596
379 167 54
281 480 54
813 785 806
467 569 164
571 688 133
261 445 938
27 93 378
186 209 10
623 241 202
333 792 31
89 372 816
245 419 691
209 305 747
193 161 920
528 359 732
839 185 748
309 615 521
201 297 703
121 109 245
735 53 74
442 95 574
76 656 543
145 873 445
65 285 171
169 757 613
845 325 189
510 153 956
49 285 59
293 826 383
265 471 485
51 553 526
647 393 149
845 743 188
429 549 410
137 174 38
93 533 833
11 297 238
848 649 675
856 376 846
713 362 91
417 452 960
221 825 401
495 881 857
415 650 880
189 36 944
549 688 926
5 643 249
385 841 607
166 749 664
817 705 253
339 901 235
901 193 445
367 165 641
27 766 189
761 905 793
828 481 793
855 461 204
166 727 684
135 513 744
313 405 640
204 245 502
191 646 431
416 337 111
349 251 141
835 60 920
143 379 225
577 41 139
730 474 160
481 346 569
160 735 139
635 392 904
219 783 76
97 720 983
85 445 38
673 855 904
220 769 633
255 641 709
522 124 451
167 541 547
797 828 111
157 877 914
11 623 359
793 1 930
801 763 595
164 321 697
262 274 903
661 749 832
221 269 638
859 517 231
577 287 562
909 673 314
433 897 83
896 462 422
521 361 819
721 434 833
46 481 335
632 181 215
289 907 855
838 672 288
403 133 862
645 351 220
354 254 304
737 133 889
825 759 203
3 825 807
276 861 588
166 333 266
731 215 271
615 157 329
145 724 880
823 637 720
669 862 224
63 707 627
20 832 204
448 887 22
12 887 694
233 419 474
359 215 737
487 453 667
814 229 647
325 175 118
837 777 799
5 599 990
11 256 660
420 167 572
389 699 612
517 544 52
691 632 899
577 501 817
725 52 315
793 641 692
515 550 566
166 209 564
589 759 295
459 725 669
181 717 118
865 85 746
889 511 356
743 885 284
378 59 20
857 877 374
269 257 754
257 351 395
333 665 318
187 801 937
633 37 633
655 343 235
219 203 822
99 554 988
700 541 894
439 328 930
595 510 168
579 515 71
5 721 25
416 483 130
492 217 553
217 656 662
430 597 930
393 651 660
48 337 406
888 825 252
281 779 274
27 462 591
245 564 802
266 795 258
525 95 396
87 282 644
553 465 872
469 142 898
22 753 300
67 713 330
275 757 15
512 913 695
179 753 771
17 201 729
633 845 171
591 614 763
345 491 142
58 246 325
287 310 963
493 409 534
329 585 736
697 141 788
895 688 956
760 461 79
473 676 528
609 729 122
185 673 846
131 743 685
865 661 48
757 1 81
493 429 838
119 549 830
19 328 59
662 391 256
577 864 8
695 691 238
11 725 47
123 17 746
741 71 922
685 781 141
209 435 35
298 892 808
228 41 293
382 242 424
491 28 786
495 621 412
712 425 967
806 405 802
789 805 887
684 577 78
7 160 9
577 443 690
470 331 782
760 393 936
333 534 171
205 108 910
716 484 251
155 627 383
623 805 533
155 75 911
825 276 398
648 713 267
447 379 582
550 604 639
699 365 654
833 222 989
677 166 529
691 13 723
683 391 843
349 737 435
503 69 131
805 869 135
577 878 833
785 829 154
450 257 800
693 609 974
556 363 806
94 156 662
625 635 295
757 183 536
29 365 678
171 599 311
182 589 755
337 510 315
248 231 705
731 603 603
219 232 379
17 36 114
346 657 794
684 609 366
652 390 511
27 29 897
542 439 568
305 371 706
334 896 430
453 605 549
93 787 696
129 604 122
473 191 615
909 172 211
49 704 538
836 511 706
820 151 769
487 385 320
785 893 623
341 761 832
110 633 389
761 547 41
821 703 1000
761 229 232
1 2 151
461 137 223
577 97 983
777 330 874
284 375 906
647 690 548
365 325 336
885 805 547
437 643 554
314 284 22
769 645 414
760 689 552
121 13 587
865 283 476
711 333 303
393 405 415
415 586 583
211 557 212
560 661 481
467 897 21
59 352 421
53 829 482
344 760 39
847 793 84
753 261 512
20 499 917
59 253 988
554 218 341
895 474 817
265 445 599
413 416 689
173 596 403
393 480 939
740 762 908
473 333 924
428 195 646
13 753 72
313 446 811
845 757 660
22 751 59
899 905 74
409 92 748
708 689 22
8 165 453
293 798 471
281 806 765
346 681 503
912 247 940
577 65 646
161 345 62
225 241 960
457 111 82
431 280 12
216 235 600
598 752 411
830 848 623
780 897 443
877 777 931
245 528 169
341 519 208
241 797 749
184 642 906
525 321 352
715 873 989
52 112 468
785 96 413
732 885 281
633 893 539
751 392 767
406 765 806
91 730 822
26 301 960
217 912 725
151 312 184
18 92 188
869 684 614
3 39 781
724 3 162
229 143 225
323 554 361
611 481 631
589 236 311
459 837 741
719 897 730
867 716 355
473 904 906
77 217 875
253 298 912
311 313 50
155 427 145
333 369 63
433 416 994
848 569 755
877 49 500
559 801 624
689 522 336
329 365 951
223 681 342
165 93 489
869 353 495
313 829 415
181 838 517
734 31 120
833 849 603
367 208 698
381 771 5
605 7 136
451 804 610
521 512 40
25 238 345
573 68 683
381 479 290
897 700 956
820 161 955
795 309 88
574 837 425
723 357 327
163 547 25
789 721 808
561 768 68
123 458 227
435 337 126
251 296 223
410 869 289
681 657 312
653 677 201
161 308 297
292 894 319
888 631 12
597 845 83
317 321 642
194 315 489
103 657 343
171 517 208
700 23 10
756 393 873
593 601 593
57 418 669
286 21 746
608 763 48
501 353 678
431 415 276
321 523 245
126 79 867
243 703 446
405 124 772
163 689 922
546 35 656
61 351 708
781 557 862
760 727 744
669 581 742
489 359 276
564 273 220
207 262 857
89 105 717
591 533 803
253 509 109
821 87 318
688 678 347
685 661 676
251 653 802
565 784 487
485 301 525
309 817 786
626 315 426
321 837 102
673 376 184
548 429 411
837 271 413
472 126 558
7 79 566
813 313 31
67 479 195
481 295 438
76 721 767
707 16 331
392 505 318
267 794 817
35 136 944
345 545 186
833 239 605
785 701 373
153 875 114
879 91 905
440 777 555
37 46 832
701 195 930
849 19 517
165 307 608
295 627 790
237 913 357
57 539 379
65 825 448
412 432 429
764 387 640
508 818 885
635 662 998
374 711 166
395 571 482
493 365 565
239 837 254
461 453 764
328 539 833
429 653 343
566 588 626
553 385 943
357 473 193
187 249 249
91 203 933
551 789 8
581 208 841
609 145 356
754 219 721
485 700 539
389 819 896
369 629 226
555 415 41
398 1 668
845 594 614
197 467 650
221 8 359
345 719 974
337 739 820
117 93 960
835 745 750
477 857 529
429 596 901
352 844 688
778 93 33
316 85 124
753 717 247
51 216 870
33 826 995
372 183 214
843 822 550
860 621 761
903 229 371
173 590 598
135 794 880
707 32 242
833 597 738
226 787 383
7 855 929
545 885 717
741 269 960
163 401 246
397 269 333
673 25 759
92 677 369
121 185 545
583 521 484
745 186 304
13 603 307
403 692 286
217 69 737
297 185 665
180 538 220
613 441 503
17 137 408
498 69 147
563 876 921
708 395 57
121 287 486
804 245 551
510 515 215
116 173 413
48 85 448
223 705 341
885 184 517
153 468 398
426 125 97
273 413 760
3 625 633
501 865 487
108 841 824
89 459 676
606 229 352
266 815 653
151 845 197
790 117 430
545 870 9
538 849 296
821 101 288
585 125 487
767 446 680
611 1 299
291 276 640
824 706 148
413 527 150
53 434 724
316 862 290
77 541 122
59 779 332
257 904 202
47 367 740
559 192 234
659 705 277
249 237 526
872 840 290
142 785 43
567 471 430
559 847 493
114 172 640
397 287 659
42 543 302
209 480 521
85 55 172
314 339 546
656 651 209
423 325 72
635 705 796
563 809 573
405 264 217
64 502 412
721 663 804
677 129 113
49 794 982
21 111 741
827 886 593
689 120 466
201 597 612
802 31 224
485 63 710
11 576 379
49 76 220
756 228 952
141 584 81
170 288 957
489 570 326
541 360 369
257 299 870
523 297 735
125 385 757
100 832 190
556 576 840
59 869 201
171 391 210
805 503 344
274 320 648
885 785 546
853 222 123
637 657 977
591 127 967
129 701 924
381 505 25
656 201 40
452 551 842
459 527 3
39 665 4
841 116 497
481 401 192
115 813 85
342 641 463
45 528 686
401 359 858
851 597 591
325 458 818
835 694 855
558 119 111
874 333 161
121 372 285
904 907 419
375 715 14
197 131 191
797 585 427
439 481 953
699 212 556
860 561 54
57 169 600
181 473 469
74 116 962
192 848 801
106 596 970
143 149 993
560 209 78
333 117 630
813 381 250
322 797 982
863 597 243
673 183 883
870 105 813
782 138 609
45 756 561
619 482 877
377 616 337
440 867 454
515 697 960
83 230 335
402 417 640
409 893 618
393 909 965
53 115 693
709 345 862
583 600 805
461 697 578
349 889 91
187 779 652
354 895 401
572 21 181
167 848 292
173 256 500
174 685 67
242 589 853
190 806 343
413 553 904
445 409 905
188 170 28
416 33 240
631 761 489
898 821 697
513 173 880
232 904 386
116 320 762
413 801 274
729 817 360
216 316 119
332 305 652
692 881 525
435 673 271
419 389 96
9 531 483
609 300 101
105 445 307
41 66 808
387 641 545
440 215 316
881 425 451
422 42 20
878 534 921
21 95 308
735 363 638
2 325 396
839 836 718
556 149 963
13 563 92
39 115 108
176 695 363
123 613 651
785 115 249
661 346 713
580 711 119
337 629 302
103 165 657
717 887 52
166 556 483
570 79 845
351 109 776
681 619 495
3 200 608
261 73 555
245 475 76
703 417 265
126 828 424
711 467 322
38 348 334
745 455 167
781 419 601
1 42 395
191 337 552
858 843 472
6 887 8
115 701 609
877 124 381
561 416 253
272 472 843
345 78 641
409 481 481
331 721 942
671 517 64
705 591 329
301 675 702
56 666 411
753 789 301
591 461 568
281 707 506
205 530 327
605 707 888
585 717 834
213 633 529
106 270 94
99 190 182
861 601 853
488 217 694
772 535 139
776 215 822
5 657 456
375 613 775
880 841 835
861 905 80
797 727 142
495 591 830
882 1 845
129 250 967
251 771 389
81 740 395
103 689 156
200 743 245
317 327 239
297 466 853
419 428 595
289 667 7
425 37 189
277 268 882
357 577 105
493 645 974
169 413 922
237 531 396
53 11 562
829 149 172
195 235 905
819 198 872
841 693 414
375 909 137
369 454 387
154 761 473
620 629 921
645 887 318
15 281 833
502 877 887
187 769 286
294 185 815
397 422 313
565 671 268
493 687 444
553 506 133
450 592 895
59 511 198
649 641 805
785 909 76
108 715 553
584 782 72
241 177 722
10 38 472
858 422 641
461 414 812
705 265 970
540 837 861
109 685 450
379 311 324
70 581 15
45 18 811
455 65 882
301 878 585
481 897 356
519 907 14
10 757 781
559 645 793
553 685 722
278 862 831
223 459 939
141 645 462
716 353 399
585 401 418
19 677 320
443 772 879
371 683 480
7 155 122
793 521 525
321 135 838
596 65 306
41 555 268
407 677 33
834 777 34
108 215 888
456 230 21
2 430 249
377 597 49
469 609 590
16 21 466
65 497 891
283 737 317
605 478 851
62 344 562
485 221 743
901 235 983
79 490 231
194 402 138
27 169 313
762 230 67
885 69 557
269 385 564
537 514 417
405 845 820
409 25 460
715 808 282
915 897 232
443 473 707
689 351 71
57 132 833
111 277 838
323 241 894
64 272 170
728 107 536
214 151 788
218 551 667
415 838 560
884 557 497
474 308 735
205 899 680
189 606 952
374 909 71
307 267 643
247 405 435
141 377 140
610 695 464
297 590 624
585 615 912
377 889 751
777 761 612
893 233 920
333 95 736
521 685 348
397 641 1
97 76 67
785 685 815
577 657 159
601 241 583
93 408 774
356 873 827
253 861 240
37 825 443
732 661 547
663 447 476
738 754 316
357 518 376
689 71 582
909 270 928
393 57 114
367 598 24
251 830 975
226 486 323
66 749 450
92 606 744
57 377 758
913 40 771
892 580 858
481 371 836
105 821 815
149 735 746
149 779 40
53 359 323
35 623 193
737 90 274
409 5 923
213 142 907
217 669 843
661 565 831
5 473 595
852 801 277
552 89 327
757 741 346
107 852 916
446 549 414
429 794 520
5 174 226
243 147 67
582 773 63
787 331 835
65 767 807
487 885 832
652 379 9
705 70 2
401 781 128
645 725 888
618 325 330
462 882 945
134 493 445
261 907 890
801 697 279
321 414 764
201 834 394
401 613 625
790 611 938
434 861 381
809 185 187
522 645 17
569 245 329
645 337 857
4 25 783
79 186 272
797 33 101
53 631 928
901 264 402
230 736 938
398 699 487
787 521 784
105 739 319
881 411 156
275 682 655
53 1 622
9 837 325
525 263 900
773 305 136
533 293 8
753 770 775
65 385 470
661 769 459
291 690 571
401 530 612
782 257 24
581 97 674
381 477 76
189 849 294
117 200 439
54 590 906
751 685 389
901 381 11
97 141 271
739 315 592
347 261 377
45 785 117
129 793 101
293 7 574
882 107 271
237 297 164
237 153 46
761 373 684
187 859 520
499 851 457
233 505 718
741 246 993
254 591 678
822 649 534
601 858 414
392 532 375
514 844 336
1 61 478
713 97 812
294 397 539
852 376 656
171 199 457
9 196 956
603 361 186
153 723 509
648 691 416
63 335 823
291 439 456
581 367 777
307 236 313
436 833 233
69 881 307
497 689 827
571 124 812
717 469 398
151 786 997
153 143 705
895 434 832
679 105 889
157 677 309
101 58 67
660 834 876
30 681 297
337 717 695
521 207 390
897 732 517
897 104 374
249 527 976
262 92 491
115 157 979
213 85 932
373 751 762
764 679 879
645 145 195
611 905 287
104 60 259
61 571 980
269 821 262
277 319 523
81 549 599
709 875 762
789 508 693
223 108 355
300 842 363
420 606 788
771 444 375
274 665 886
290 257 450
476 875 238
372 619 639
21 612 23
470 29 948
299 11 918
462 494 344
837 529 843
449 113 165
526 628 804
417 35 389
580 636 685
616 911 467
663 422 129
306 207 553
531 713 257
247 413 98
655 251 573
16 836 74
846 796 526
249 301 618
255 330 562
687 685 864
342 397 691
305 914 127
245 290 218
467 341 780
223 240 996
68 153 930
431 45 996
517 365 849
763 806 694
700 753 796
53 137 530
825 901 847
894 5 909
683 675 467
47 657 725
500 189 158
782 873 711
109 690 583
325 373 621
31 53 294
721 399 162
141 453 662
914 104 66
99 553 6
437 641 619
209 858 302
288 756 731
185 175 372
758 320 88
85 173 272
802 853 483
393 857 785
415 675 886
153 328 615
163 891 673
485 158 236
617 61 424
303 915 463
841 869 343
96 1 803
51 385 357
561 347 679
819 691 902
107 799 750
706 301 913
109 745 14
235 355 295
341 629 148
313 284 663
453 446 916
473 799 199
209 229 411
52 689 522
169 447 652
480 181 274
541 744 675
819 195 257
377 156 908
19 726 997
25 59 399
15 905 291
583 489 507
159 332 129
137 313 121
377 742 74
781 349 416
670 698 315
885 139 754
1 85 810
814 477 693
621 75 879
277 165 341
317 420 818
285 496 524
89 230 326
909 173 674
47 374 310
663 164 18
443 467 590
487 494 674
837 707 867
273 203 907
449 666 552
292 732 948
471 193 390
69 255 813
877 671 878
569 153 428
905 79 815
491 387 231
279 841 676
92 444 497
407 688 364
412 233 894
914 809 40
473 257 498
852 605 626
541 474 667
229 707 984
118 481 56
1 127 232
741 791 636
659 533 809
361 326 97
425 294 424
517 343 537
881 376 436
785 651 976
605 519 280
65 654 188
324 293 729
95 355 628
840 286 898
835 297 84
224 914 350
58 529 143
754 429 300
441 291 801
710 145 162
7 289 666
198 577 344
296 375 369
403 561 726
285 206 37
391 804 440
189 271 283
487 849 915
602 249 73
179 821 319
582 111 285
633 298 180
237 437 900
657 341 676
59 117 589
304 589 495
813 234 237
565 883 929
442 860 706
857 657 518
129 719 43
239 561 908
137 486 517
893 503 990
53 425 434
873 230 737
413 123 755
552 345 920
121 165 269
422 797 687
253 441 550
25 838 567
827 469 319
225 760 303
119 707 199
160 657 763
599 75 423
27 145 557
615 445 807
902 838 607
313 387 535
834 395 338
253 129 968
155 489 57
193 665 70
701 711 31
631 799 128
406 487 455
522 109 456
132 183 493
541 484 799
20 493 515
528 717 295
301 848 188
39 809 277
325 603 803
146 829 45
91 320 770
302 279 8
73 285 244
468 127 626
905 433 897
263 327 281
569 590 687
381 685 849
709 554 553
347 613 381
658 631 58
554 82 90
285 809 661
5 835 879
473 507 125
378 915 104
229 661 271
461 792 196
545 113 425
341 235 385
318 539 95
223 377 112
261 441 362
401 85 982
729 672 684
722 823 368
302 687 28
525 267 181
73 358 18
167 239 22
680 809 756
463 115 948
645 427 791
593 619 714
146 494 960
797 37 548
415 566 179
721 709 491
269 577 276
261 11 249
889 843 365
649 625 356
689 461 540
43 269 504
803 153 605
753 473 194
1 409 637
76 779 532
267 838 116
402 534 231
705 328 751
235 213 693
405 354 572
233 196 681
799 372 48
817 745 575
528 319 474
229 413 742
15 235 312
699 182 185
893 889 202
855 39 588
25 827 594
12 531 158
245 815 999
649 645 525
301 865 365
563 793 400
135 334 690
373 865 962
597 485 242
299 109 45
129 648 415
539 569 345
35 291 793
33 59 163
137 393 146
613 238 727
173 413 464
791 883 100
889 910 276
889 39 114
856 874 160
309 789 875
333 573 70
640 719 257
604 167 497
747 445 525
853 336 243
463 191 35
755 112 281
550 459 818
337 914 453
757 561 90
763 667 218
2 72 225
649 535 999
485 313 873
365 457 410
521 549 577
901 457 493
55 622 755
271 725 649
913 549 292
240 512 786
101 314 352
619 472 56
597 637 594
398 377 948
901 563 735
393 575 86
145 797 623
762 428 558
331 289 668
309 661 430
777 868 842
97 200 107
473 550 541
711 694 854
21 744 654
619 888 775
333 895 140
851 817 502
741 301 625
125 349 387
519 597 926
723 177 684
832 333 227
727 131 805
871 215 973
589 840 701
71 759 506
399 412 556
129 508 214
351 768 718
593 678 577
739 621 965
254 637 161
718 391 228
317 575 358
250 297 582
295 767 757
735 637 138
113 459 445
28 655 179
511 321 500
249 729 997
625 237 536
673 98 103
393 506 517
167 410 418
393 585 313
29 201 262
916 98 732
384 549 201
669 834 181
641 609 528
441 109 776
817 229 206
117 37 776
888 332 834
613 695 820
65 637 504
107 577 646
229 257 755
666 145 962
396 619 827
596 577 20
135 339 848
278 387 338
864 508 861
465 655 46
145 8 525
437 352 612
881 504 410
516 759 442
153 332 759
369 85 993
63 260 953
159 536 931
67 453 388
523 603 451
311 905 643
209 344 388
77 871 303
170 353 268
8 749 258
858 49 93
24 739 306
113 145 599
656 511 153
913 557 12
704 751 910
726 840 190
838 609 739
155 693 486
196 101 872
533 865 905
196 313 509
278 398 268
545 365 735
25 31 230
48 626 164
87 553 280
454 301 160
221 591 401
501 595 850
878 494 23
705 762 326
825 733 317
85 241 47
809 721 34
145 481 196
238 536 888
249 643 141
398 861 293
597 125 902
313 798 985
797 469 211
725 819 1000
169 585 57
717 739 638
89 1 51
478 263 609
345 236 264
241 405 642
915 735 981
55 711 547
659 505 594
125 197 230
314 335 454
283 791 504
853 689 335
713 573 965
191 737 3
773 805 713
104 505 776
630 789 507
259 469 563
489 605 125
528 823 315
537 564 419
189 899 683
241 453 879
97 627 668
131 337 655
358 829 681
905 162 975
409 415 468
618 327 902
353 444 253
141 849 569
309 595 24
575 413 414
785 901 581
701 409 772
26 821 533
69 156 514
709 89 463
1 307 381
895 445 515
313 307 405
453 817 507
713 81 439
347 826 759
819 1 452
873 85 899
763 31 31
268 332 569
716 488 592
257 530 807
31 768 220
445 59 564
101 757 29
568 661 922
545 219 534
209 559 850
239 761 862
841 447 186
20 788 912
425 341 818
865 915 819
338 797 235
601 313 502
319 804 356
43 55 732
651 713 581
224 424 236
299 785 761
489 553 927
446 201 75
533 407 571
707 599 135
641 393 179
49 552 671
249 458 317
37 465 529
653 441 382
226 149 31
361 563 950
15 69 640
85 573 602
72 538 1000
315 37 307
349 211 320
1 635 658
209 497 481
21 881 99
267 873 697
313 360 898
277 241 736
801 641 113
337 283 177
270 68 318
387 284 662
29 38 530
473 468 107
353 465 676
119 678 47
279 507 267
642 22 397
173 527 782
566 679 362
269 261 731
351 157 861
734 777 583
413 451 104
501 555 913
381 325 570
53 253 227
232 115 232
615 609 216
689 617 998
214 369 761
457 49 714
168 326 920
37 105 236
157 688 598
456 577 733
178 293 704
35 211 69
36 677 435
89 539 569
363 257 118
14 665 171
889 485 760
25 130 697
311 785 417
914 143 238
312 581 615
632 909 128
165 864 664
817 837 296
715 845 763
421 645 524
822 179 507
256 431 6
261 211 928
753 555 122
255 273 532
1 477 215
318 750 240
25 193 993
359 209 608
772 149 557
812 844 577
823 679 677
507 661 122
732 684 372
59 153 923
877 40 707
1 744 509
217 577 729
698 146 424
743 117 76
331 431 998
649 235 838
69 689 290
213 140 159
733 34 956
112 378 617
362 277 194
209 297 132
89 805 757
536 503 721
629 461 334
212 21 420
255 283 577
38 125 788
487 761 807
899 439 194
753 485 12
162 889 201
881 87 456
177 194 461
23 391 937
117 777 137
345 555 839
572 269 775
275 265 508
725 311 191
265 331 487
733 315 91
351 83 708
517 49 352
637 625 100
495 821 808
916 263 357
781 92 618
511 601 833
773 48 521
401 285 972
325 798 18
243 649 343
181 283 522
277 406 406
505 540 340
717 698 739
553 855 564
680 272 649
19 519 334
156 345 95
125 133 948
1 329 721
1 58 675
861 395 690
470 439 439
393 865 43
412 250 466
536 555 616
321 551 49
412 425 204
836 161 565
829 501 927
239 187 224
125 288 524
419 219 515
1 71 977
121 714 468
363 172 328
885 183 360
300 125 94
383 725 917
640 821 323
192 285 120
901 275 272
680 129 916
69 231 2
689 826 226
843 205 5
768 612 125
887 23 461
822 645 673
43 179 947
545 571 168
457 605 559
569 334 186
290 789 539
524 365 386
373 669 799
78 175 175
545 270 258
584 265 695
797 421 868
286 481 772
64 884 660
601 607 107
458 903 213
189 612 703
286 389 851
499 81 920
503 841 577
124 850 317
340 251 563
619 643 132
895 909 897
491 565 510
496 107 473
365 404 92
388 224 469
254 579 862
65 742 941
225 181 930
887 129 786
157 768 745
396 593 801
724 469 793
33 736 956
833 35 692
250 231 381
367 438 417
489 729 108
677 845 806
513 531 398
631 770 70
656 381 689
457 725 495
840 775 884
767 864 393
655 793 61
269 219 307
808 425 800
383 141 180
101 351 300
677 713 150
311 417 507
196 291 610
457 733 612
235 267 680
103 433 719
301 630 979
140 615 261
701 7 133
369 258 135
741 229 462
112 343 424
122 229 393
701 221 373
636 569 920
529 229 875
501 525 557
837 733 376
505 20 305
889 404 905
1 45 803
654 823 950
115 535 681
289 425 387
144 865 826
107 909 578
288 629 393
805 334 386
376 305 624
317 477 183
773 576 423
433 888 226
189 405 926
617 455 976
709 331 451
894 540 420
625 699 29
245 750 62
313 651 668
862 689 364
157 6 334
625 715 958
105 471 860
291 483 209
389 627 367
370 145 664
534 623 800
341 210 809
236 33 550
756 760 465
821 53 477
17 313 156
269 570 517
98 845 107
143 570 195
301 333 212
267 467 259
72 819 505
77 73 75
496 352 535
431 708 857
543 897 639
433 391 979
21 579 612
521 809 118
826 101 802
319 909 412
383 529 301
729 198 861
592 367 840
343 493 402
445 493 295
137 889 163
451 445 561
560 583 918
553 781 6
29 665 324
41 61 953
745 619 841
751 643 782
389 693 847
205 199 369
221 319 17
711 851 858
685 571 208
478 420 346
149 53 436
489 13 947
579 903 698
803 226 206
65 189 61
869 489 891
185 551 116
49 75 90
147 161 335
597 283 250
360 473 604
493 385 597
846 139 904
321 833 269
773 911 389
249 685 667
195 145 581
439 319 101
469 441 727
830 667 878
825 63 89
460 129 710
653 445 827
831 755 803
379 313 609
4 151 352
661 389 31
244 513 591
239 452 666
585 181 40
789 316 39
249 269 424
13 799 381
564 716 907
209 657 451
105 48 4
702 758 631
520 133 863
513 754 417
233 537 737
672 655 134
21 440 460
61 322 671
533 913 755
545 37 997
165 273 367
825 138 729
627 833 442
705 869 763
425 183 362
429 507 536
253 435 622
334 405 480
293 737 249
474 802 344
99 337 56
217 314 825
531 160 604
265 551 91
465 533 416
439 557 821
143 649 762
299 741 81
537 212 378
515 617 166
344 337 935
359 731 234
277 17 5
388 183 721
893 538 895
62 99 682
629 329 65
275 672 174
811 460 97
115 341 9
825 279 451
640 297 414
395 797 673
261 485 904
481 413 343
285 105 661
173 587 189
151 740 510
505 121 288
457 683 855
474 321 580
506 319 251
613 843 838
743 416 366
360 89 158
266 371 420
725 279 910
447 498 534
625 682 114
589 869 311
446 89 529
777 881 81
304 352 409
757 465 168
285 567 94
6 56 923
401 592 460
205 285 739
354 362 839
615 289 410
72 107 543
175 387 717
367 585 642
591 649 538
205 521 291
355 749 846
821 99 832
497 543 144
705 606 224
299 382 973
505 249 154
735 907 633
509 285 693
913 677 829
233 671 552
726 725 264
170 655 163
350 391 820
785 577 920
145 647 515
449 695 220
739 57 612
771 11 478
165 55 575
27 815 235
573 155 780
881 804 938
874 915 485
55 317 64
99 401 323
553 349 104
654 571 956
13 311 714
184 453 299
545 268 65
593 17 406
25 209 360
661 239 390
14 193 649
412 584 238
52 708 638
727 65 656
19 26 277
381 580 892
8 786 609
76 152 266
216 442 887
590 209 711
77 401 299
496 326 499
181 325 73
817 277 130
449 709 232
901 731 772
757 715 106
893 253 252
313 433 852
891 772 5
789 439 987
667 389 312
479 563 243
161 764 74
286 288 188
673 805 77
667 151 56
521 879 665
589 123 238
301 461 710
54 66 49
41 787 279
33 445 817
503 324 124
485 432 138
365 633 695
33 96 497
117 464 365
497 727 380
267 491 656
744 717 810
885 613 51
850 85 780
133 144 69
781 113 779
786 348 399
211 634 336
891 329 489
175 80 577
621 609 870
792 495 231
21 570 182
389 74 470
448 796 964
161 205 564
103 673 541
44 471 699
790 553 199
534 616 548
81 254 132
817 190 463
353 42 802
753 447 559
683 471 161
718 253 639
75 758 141
149 249 959
466 417 634
493 489 433
348 491 439
853 11 89
335 425 1000
224 229 570
104 489 787
73 453 348
251 439 551
182 167 229
49 873 2
566 641 748
283 814 362
354 401 335
675 901 347
861 525 872
279 815 58
89 452 397
171 121 659
815 467 627
290 249 176
581 77 529
100 89 902
253 121 698
733 377 423
781 193 819
769 564 687
355 493 121
321 139 591
481 468 702
153 97 783
85 273 866
376 329 422
287 423 487
57 901 160
615 873 851
779 684 203
578 523 698
275 104 578
557 59 278
34 88 371
696 372 395
161 699 272
17 911 714
121 905 902
621 270 107
57 361 755
5 17 808
243 863 785
243 712 561
207 834 270
617 103 61
451 673 338
481 521 846
749 43 922
25 83 547
169 205 667
669 576 170
775 60 27
627 789 999
489 799 30
202 268 872
425 41 702
803 799 160
685 505 415
21 809 842
910 39 230
765 414 811
885 403 79
333 329 6
702 651 238
625 755 376
549 185 360
165 296 30
564 751 199
564 486 513
7 32 521
489 578 899
605 547 323
389 155 603
390 102 922
797 353 536
8 217 326
78 84 529
494 489 295
841 209 105
37 339 152
343 765 666
323 571 399
161 589 160
255 493 141
654 61 486
234 141 847
136 889 296
465 45 702
719 641 668
584 601 375
615 509 463
285 327 7
737 725 146
185 21 347
754 115 587
909 126 738
109 845 979
253 290 758
893 808 668
517 415 431
221 909 456
5 149 540
637 854 999
226 279 435
883 400 352
128 364 434
23 679 676
845 34 13
698 619 722
31 49 217
785 157 39
185 178 641
785 899 158
65 576 561
290 289 213
136 493 4
273 345 907
501 641 313
169 697 403
211 568 749
841 109 751
417 552 471
425 117 94
262 73 503
324 654 65
401 141 631
409 101 815
900 27 205
473 219 956
393 225 209
270 413 625
790 765 271
21 769 884
511 707 187
51 473 978
347 532 633
506 873 681
33 605 693
1 710 118
117 413 174
195 1 364
589 653 184
14 869 662
281 755 594
753 737 657
94 553 501
119 532 535
311 803 247
717 821 620
235 324 611
65 36 904
68 353 961
889 548 302
117 677 275
519 277 262
261 781 390
66 139 807
374 729 464
230 821 345
544 559 923
513 121 706
421 386 764
529 817 998
420 113 677
104 492 167
215 909 593
415 757 686
36 434 615
829 393 747
69 147 477
384 876 778
330 837 306
249 837 211
809 849 179
213 343 271
47 36 374
402 876 328
9 569 973
271 69 116
786 595 158
221 5 13
9 859 824
237 803 789
191 269 614
809 655 743
163 1 771
105 188 276
856 213 993
342 34 643
386 536 282
417 60 114
733 569 331
109 409 160
863 817 880
77 785 665
27 537 266
255 63 711
878 438 800
677 453 255
658 707 234
537 849 239
401 453 968
614 249 354
461 677 564
40 735 49
33 349 94
211 753 443
365 297 498
538 97 868
719 356 138
283 274 722
437 629 680
795 406 505
91 737 947
903 103 332
328 389 139
333 461 28
557 93 343
68 813 223
333 853 296
441 751 875
683 277 430
109 575 341
287 709 26
521 63 780
335 181 422
198 490 286
829 516 308
565 78 950
149 346 751
777 91 99
179 573 501
857 179 377
213 387 757
281 867 328
699 727 759
284 462 695
661 21 726
677 891 36
860 334 639
522 655 505
875 716 561
185 892 905
284 329 412
286 336 545
734 253 878
784 281 87
213 249 125
393 765 644
120 548 786
341 277 975
549 485 938
763 85 836
857 892 159
69 35 524
449 335 759
624 538 560
210 41 658
153 775 301
673 764 732
295 205 350
102 338 300
705 650 911
132 375 580
802 671 912
838 607 841
117 480 959
885 561 358
776 326 999
353 687 778
565 593 192
73 905 629
711 505 997
171 396 217
853 845 995
725 174 611
833 337 617
357 625 421
577 688 889
94 748 317
651 766 607
97 504 299
349 422 184
525 217 212
61 9 890
693 357 625
443 369 444
805 67 439
129 809 24
781 178 266
889 373 931
729 20 122
764 145 409
16 113 203
805 581 669
801 333 796
52 726 127
467 39 622
737 452 290
727 171 484
699 739 840
519 125 860
639 662 330
92 180 453
382 547 635
365 841 484
445 879 105
712 275 190
437 902 232
211 537 288
242 435 854
365 191 615
815 835 466
169 117 487
421 879 281
871 250 72
49 123 434
305 705 889
742 253 163
816 311 131
817 762 229
652 831 326
337 462 182
782 449 719
494 221 654
95 679 125
439 465 628
691 53 627
667 577 836
280 585 909
868 680 145
181 271 917
276 570 131
425 356 488
420 57 153
421 104 255
904 673 240
405 92 147
603 7 129
30 101 717
273 384 935
553 345 96
69 741 380
193 341 75
757 813 298
425 481 364
537 768 482
630 241 124
741 789 894
225 613 923
744 745 24
884 696 56
781 460 761
238 278 328
161 693 836
871 386 419
385 17 646
163 286 638
249 331 328
15 826 708
597 298 383
895 370 917
177 591 128
225 238 92
230 837 813
806 657 83
235 89 645
415 772 334
417 785 166
355 351 399
101 305 742
132 356 416
142 753 301
15 295 369
577 809 146
392 549 911
435 39 716
492 17 346
260 493 780
610 837 633
259 808 729
591 252 600
99 179 651
569 308 590
99 801 739
559 790 166
13 29 459
316 737 775
772 512 976
490 201 217
773 865 588
79 720 829
398 554 645
757 569 266
335 569 624
486 738 102
8 644 860
901 733 975
844 557 71
69 191 145
397 459 296
15 663 836
553 423 400
867 899 169
510 738 938
66 464 538
99 169 112
573 149 492
809 137 861
913 909 258
445 903 954
191 580 519
23 645 428
761 429 702
613 881 950
911 383 268
585 903 812
499 660 142
815 69 399
872 354 997
797 269 266
616 63 246
581 304 508
217 595 940
479 89 29
723 41 986
325 523 803
95 317 695
721 759 279
379 344 397
861 274 977
549 461 300
661 251 45
565 657 464
853 367 340
251 531 513
226 497 482
808 669 937
437 707 520
785 284 345
321 727 407
741 265 331
574 674 561
661 768 357
417 313 512
367 144 918
163 157 107
528 641 779
733 803 162
81 295 962
289 397 783
545 125 950
815 35 170
637 599 13
401 724 471
538 864 142
862 342 474
883 636 510
21 377 611
156 697 275
349 305 104
895 477 491
301 533 189
541 433 566
141 909 361
558 740 693
12 17 583
5 456 643
787 671 604
394 625 809
154 813 892
573 185 150
82 379 556
487 863 203
739 227 940
655 38 382
224 750 532
469 454 840
45 34 590
449 465 969
321 406 500
913 806 740
161 141 521
193 493 156
79 862 372
467 670 716
109 465 140
367 123 697
687 109 449
227 469 677
309 609 778
311 1 903
241 209 403
488 446 304
121 1 818
600 708 867
290 897 720
161 702 339
797 137 927
152 350 407
867 157 3
557 717 304
265 598 32
141 507 746
699 713 46
485 725 915
463 534 212
913 35 481
801 337 73
538 143 969
273 673 150
7 16 839
57 380 70
863 629 997
147 490 304
281 400 792
208 258 589
249 353 454
853 414 460
145 81 21
813 300 957
533 891 735
294 539 816
213 607 297
7 510 276
5 569 789
433 525 253
359 479 285
97 513 132
631 279 625
681 909 954
41 891 311
905 218 412
438 73 476
201 207 25
1 721 128
193 593 142
517 689 918
25 697 277
831 130 200
64 61 749
803 498 712
14 717 815
6 869 550
848 853 647
833 305 657
645 881 603
143 496 693
360 76 568
651 69 237
161 37 657
174 731 685
713 688 529
880 739 335
282 830 17
161 360 829
813 111 853
257 658 806
518 823 165
849 147 55
95 336 137
353 229 180
271 427 26
1 29 519
493 683 593
33 245 286
357 22 239
465 576 445
46 701 644
649 289 68
403 745 820
893 120 740
377 91 205
514 146 382
467 365 898
101 632 415
627 653 536
425 273 54
679 314 672
622 521 349
221 499 87
152 722 979
624 873 237
642 341 420
60 423 230
224 256 537
221 69 455
786 889 529
137 609 295
862 93 120
701 345 505
579 725 570
180 386 807
191 237 41
229 73 287
480 492 848
90 71 340
745 765 602
747 725 320
101 366 6
775 610 879
15 71 626
557 835 303
805 379 959
117 818 118
263 314 197
225 657 993
601 815 905
124 215 575
243 733 926
769 61 545
597 645 908
549 613 956
253 703 500
469 569 989
846 377 109
615 889 654
228 160 806
365 27 983
607 99 83
471 905 794
749 723 405
177 51 509
79 722 379
215 679 745
445 572 647
570 734 663
381 85 774
485 721 479
294 57 198
909 479 198
725 57 272
758 545 710
625 737 260
515 85 973
65 321 371
643 810 197
29 623 282
524 187 972
169 304 647
136 684 132
677 265 417
601 180 37
849 756 172
503 743 17
458 498 527
116 599 982
195 633 795
721 520 927
457 181 12
680 717 238
907 817 833
39 614 575
694 385 237
569 213 691
628 1 188
363 243 84
1 6 848
551 865 860
439 464 428
828 795 867
30 48 752
173 699 82
385 37 864
129 548 528
82 805 46
727 721 856
119 581 146
369 873 181
225 125 670
693 633 993
102 135 426
224 213 107
77 126 79
97 305 747
11 602 600
843 250 142
697 657 693
895 828 568
800 737 674
96 322 707
902 303 434
696 217 638
126 291 777
621 33 892
529 521 102
477 42 847
491 269 858
897 95 490
156 259 898
813 225 364
477 320 597
517 707 392
893 551 852
677 233 465
172 781 556
497 157 255
777 749 463
692 155 759
384 481 110
827 725 841
865 461 298
124 201 490
893 573 180
377 825 930
349 557 868
769 209 51
509 317 308
91 574 233
402 568 538
781 465 378
693 246 101
141 589 183
553 124 756
51 140 380
701 341 569
545 509 33
229 98 391
202 395 54
88 176 407
407 19 159
569 639 456
614 647 446
687 481 724
294 392 972
717 701 991
25 103 119
537 271 282
525 241 347
884 371 399
679 570 273
234 817 746
657 906 978
534 67 9
321 274 184
857 647 5
177 881 565
345 766 149
33 483 110
369 365 67
450 705 227
171 341 507
331 267 326
354 5 585
604 369 74
138 213 67
181 653 445
402 457 522
315 111 314
869 237 400
839 61 671
13 409 9
25 667 819
221 545 589
456 511 154
791 897 910
77 110 558
337 751 565
503 429 97
3 263 128
609 567 788
787 541 147
129 301 767
591 597 194
487 882 427
269 481 555
356 487 72
893 413 154
265 557 503
793 413 692
606 328 863
825 513 306
359 389 89
440 61 951
9 419 607
309 275 792
416 869 632
65 790 864
2 20 594
271 292 600
175 851 84
587 285 334
133 533 338
389 17 995
809 3 730
289 671 772
876 595 321
221 806 911
213 285 132
797 753 882
759 284 736
243 455 340
31 13 96
212 320 406
312 783 393
742 553 247
545 25 52
557 351 592
734 191 436
909 253 36
305 541 770
465 425 671
23 50 34
520 341 109
366 741 816
19 862 130
25 597 695
477 747 546
173 123 640
83 533 49
22 701 368
291 197 429
593 301 724
393 561 301
295 863 976
31 653 851
571 714 680
734 275 881
497 680 559
17 783 138
33 893 707
78 254 151
688 609 651
64 70 318
770 746 319
153 132 282
649 748 83
573 101 358
88 128 748
667 869 681
130 171 837
115 699 214
172 771 922
221 397 670
319 777 125
91 481 216
554 285 437
111 161 206
349 426 349
255 470 825
20 266 410
750 396 931
581 565 91
771 451 287
251 93 645
39 43 318
8 796 788
461 853 219
80 185 993
423 801 204
105 464 261
513 339 662
901 689 327
423 401 490
689 869 741
641 473 619
705 859 36
911 405 287
63 680 553
876 764 635
1 254 442
233 331 294
821 813 117
565 745 410
449 551 47
213 289 677
191 397 420
445 277 24
52 881 12
84 132 251
33 306 607
314 735 764
413 823 789
777 372 226
319 21 868
262 562 110
542 717 290
471 407 307
169 77 256
381 245 900
325 433 521
37 717 431
585 223 603
198 329 205
646 683 67
233 463 923
454 691 183
901 551 957
446 57 357
317 655 340
228 508 297
76 116 840
505 774 93
838 869 803
5 570 403
563 9 501
521 269 761
35 333 86
205 347 985
449 869 586
298 95 632
67 529 242
346 253 787
339 215 654
773 583 151
113 495 55
549 902 585
789 702 491
751 126 132
477 691 96
227 244 147
21 13 847
236 866 647
578 882 661
255 565 541
189 133 150
698 172 34
321 821 380
629 598 439
108 773 199
469 703 926
823 587 764
697 710 591
849 327 395
85 157 690
739 694 492
296 189 98
275 657 520
495 417 215
329 749 700
829 421 667
877 473 611
113 497 418
121 415 62
346 688 492
321 269 943
153 474 406
709 812 945
893 15 909
363 694 677
146 650 677
749 57 419
17 24 506
466 141 174
290 343 287
434 749 398
39 251 812
833 140 534
667 326 367
87 668 696
441 466 250
553 337 373
117 897 913
799 309 290
21 863 495
621 524 376
837 596 254
856 729 548
593 9 890
435 121 658
436 826 91
430 889 725
753 249 95
561 502 464
726 211 526
433 496 499
604 405 602
489 169 234
97 637 991
257 813 830
859 488 289
38 171 573
829 856 461
393 511 918
273 533 660
516 773 147
589 754 888
910 487 551
593 839 936
325 628 50
98 273 233
125 145 616
159 120 639
904 447 659
89 243 25
797 411 56
299 645 846
595 183 515
709 561 837
533 481 65
18 730 746
475 493 260
46 80 599
256 137 774
1 125 677
57 569 168
549 718 139
842 789 250
457 902 282
398 637 288
473 196 876
67 285 50
685 627 954
657 365 739
195 607 51
101 688 140
519 1 219
372 649 190
819 681 427
872 461 438
750 129 212
369 89 49
733 517 835
225 493 786
186 409 909
698 901 397
15 449 496
593 485 605
672 886 265
673 691 201
632 671 523
557 566 42
185 445 917
613 290 828
823 485 484
70 7 867
49 373 605
309 908 400
561 137 474
9 542 916
302 778 976
17 458 21
878 179 562
265 220 352
549 809 916
335 625 394
804 157 47
409 487 538
753 57 72
605 789 885
767 575 414
55 148 782
369 316 722
823 627 536
405 434 402
87 243 762
638 353 646
81 893 80
57 685 94
795 541 886
41 121 155
711 116 480
217 109 424
753 49 388
309 709 932
407 366 21
101 402 20
557 685 431
878 656 850
761 284 495
543 617 778
230 65 5
858 647 410
208 789 505
35 172 83
1 7 888
17 361 966
49 825 410
645 506 79
393 863 471
605 797 389
905 681 967
539 247 888
145 89 712
132 655 328
341 429 174
141 629 199
