941 8379 735
853 637 983
481 836 12
763 386 685
843 867 304
208 597 292
608 824 14
604 67 624
425 785 462
624 705 447
762 406 990
731 771 376
506 122 133
135 369 742
936 625 923
128 869 922
21 373 95
828 383 176
695 884 301
749 522 817
20 829 97
608 714 754
676 12 859
703 322 121
331 424 700
71 808 85
615 829 403
646 910 11
377 547 51
737 200 178
283 416 43
902 225 248
439 305 123
384 703 860
534 229 571
76 436 138
459 649 443
296 205 705
293 119 298
37 593 157
125 114 853
781 359 884
835 123 117
484 386 887
90 135 319
612 752 856
312 483 77
185 324 424
483 818 337
366 71 283
773 133 242
611 631 912
646 34 952
366 469 96
600 313 131
204 846 365
130 191 926
900 117 106
198 346 504
890 459 418
641 98 97
801 346 72
410 464 788
919 775 185
105 204 436
789 3 627
12 794 918
729 43 861
862 176 867
318 152 976
269 585 870
160 380 240
508 618 344
730 62 765
632 9 680
25 224 788
738 240 243
686 732 32
70 472 219
204 417 441
517 755 598
451 708 641
225 242 510
539 617 785
62 436 194
571 696 112
25 41 865
611 173 763
718 199 68
239 178 250
110 55 630
127 499 570
715 483 439
480 731 474
460 876 809
35 838 900
488 248 604
444 836 264
205 246 359
28 409 190
842 892 821
467 840 621
288 753 430
305 743 26
487 501 730
67 415 954
411 178 334
89 711 359
111 321 313
43 879 295
572 82 524
332 642 695
376 486 962
436 328 247
356 84 363
557 679 912
780 80 647
512 377 586
415 916 965
736 15 858
361 316 749
364 684 896
227 375 891
893 196 389
371 531 566
680 806 174
221 884 983
582 151 7
359 321 37
253 605 784
923 858 103
500 88 741
537 629 705
533 122 689
861 896 83
483 871 447
94 247 462
403 569 348
378 287 644
176 191 163
491 5 95
201 100 200
422 616 576
442 698 690
243 628 169
540 11 130
697 318 966
365 774 49
519 194 289
146 231 830
126 851 738
8 473 971
282 709 248
52 448 456
539 323 304
884 877 76
562 407 120
261 65 494
16 617 597
506 186 898
847 771 804
549 325 232
101 100 270
628 611 411
613 668 76
263 360 758
930 714 343
535 843 217
60 436 649
594 182 873
446 599 77
424 396 42
652 364 308
69 453 835
210 550 362
484 312 709
291 285 616
75 469 350
679 888 389
63 456 235
202 812 255
422 723 691
744 506 900
9 804 209
918 310 501
798 899 373
357 771 790
168 499 116
143 55 899
823 192 286
499 512 342
215 301 750
580 457 632
37 922 684
857 403 881
9 267 380
597 241 647
726 202 941
538 682 126
528 6 832
882 509 55
465 153 487
882 332 10
102 33 121
400 546 830
100 116 818
136 647 278
731 552 819
265 183 356
677 420 998
724 409 610
678 397 789
530 427 836
491 277 543
30 264 572
168 507 457
382 576 101
346 23 120
733 937 177
243 344 273
409 193 860
399 568 935
235 65 316
596 294 517
292 443 899
642 847 245
226 624 869
484 595 108
70 210 288
704 598 877
341 147 757
875 933 568
478 654 98
813 563 180
579 583 723
797 622 806
236 389 695
160 940 299
203 43 124
356 500 867
701 237 99
415 112 195
489 319 510
639 438 313
838 859 480
910 168 295
692 94 283
16 488 383
144 339 295
665 736 202
265 736 201
838 589 594
846 364 114
349 454 356
707 106 23
590 208 939
231 862 645
259 390 54
763 101 67
505 477 336
134 845 23
741 550 741
509 559 967
884 196 483
812 829 857
76 149 973
547 550 405
70 305 782
196 453 92
29 941 959
880 630 108
341 676 480
97 533 209
222 116 96
825 221 880
633 918 688
715 486 790
81 735 385
383 281 965
898 21 434
423 586 989
426 203 156
795 335 502
97 387 405
37 566 928
124 874 996
793 764 374
46 517 533
134 111 562
301 293 281
591 210 220
461 888 86
190 53 36
60 72 237
892 619 893
222 751 416
479 503 63
288 870 917
923 269 149
344 800 18
527 688 367
417 290 10
97 111 842
3 43 68
682 108 708
232 390 885
529 586 415
475 482 78
808 448 527
607 139 783
126 466 959
302 886 842
80 674 742
140 236 550
215 329 627
749 35 316
167 29 727
622 239 831
621 458 685
522 141 600
720 121 1
118 159 124
182 686 975
855 297 664
415 891 664
557 201 600
120 430 79
430 881 987
635 685 105
394 391 97
5 13 956
494 298 764
146 621 23
535 554 195
16 112 348
115 777 821
405 586 275
358 460 779
449 79 717
70 137 927
444 99 607
606 181 990
299 527 10
824 455 615
834 313 772
696 606 981
323 72 29
488 348 217
61 342 91
743 476 372
821 631 679
143 776 221
637 137 967
25 54 817
536 626 888
306 398 653
56 66 401
516 64 598
213 589 473
391 606 599
711 803 29
157 688 626
586 632 732
553 938 549
643 369 717
371 612 789
469 854 51
579 124 713
446 23 243
343 547 24
816 77 294
413 592 961
158 237 102
363 896 40
371 93 273
61 146 548
679 502 953
152 297 82
589 922 69
613 639 277
524 917 757
448 105 658
92 645 486
312 875 259
1 5 123
596 114 622
538 692 420
382 318 922
476 740 899
482 672 528
894 831 431
746 127 434
68 638 536
526 886 650
762 771 290
638 311 186
868 13 265
707 917 598
165 770 783
329 377 495
768 857 604
905 531 900
252 49 559
254 626 187
818 324 241
192 278 495
618 203 305
368 867 213
822 712 813
375 175 512
900 689 12
732 389 951
500 130 617
2 825 261
401 489 640
717 421 356
16 887 788
685 299 834
106 659 938
819 31 616
417 559 964
838 417 219
281 765 716
260 786 456
416 264 984
563 734 347
700 357 349
14 425 767
88 850 637
623 645 959
412 941 782
823 99 702
617 251 4
266 336 716
621 453 835
201 868 894
147 255 410
187 160 450
20 524 72
543 174 966
83 934 539
669 510 964
882 850 31
431 281 971
366 233 721
757 194 284
689 826 84
220 265 940
347 210 935
524 192 777
254 252 715
269 593 165
289 641 558
830 63 33
923 449 495
777 702 410
515 715 386
790 247 924
289 549 534
496 145 668
442 763 961
587 697 740
368 418 695
874 835 650
586 359 745
615 588 813
156 775 347
347 864 651
155 891 148
375 906 533
910 700 945
900 824 941
197 671 972
630 893 163
381 427 203
107 884 353
100 872 273
429 815 361
231 880 165
277 336 215
397 356 197
605 617 808
96 863 933
587 922 280
395 667 803
29 473 861
438 586 343
785 15 823
465 256 412
441 642 621
113 479 376
636 285 542
331 68 520
673 32 341
847 929 571
250 874 436
376 380 787
156 636 563
379 413 229
730 107 309
823 878 155
123 654 899
89 613 701
341 74 57
790 514 611
180 215 863
570 838 513
925 447 392
679 26 636
377 413 657
725 164 637
316 506 169
662 315 861
864 180 316
182 306 676
399 686 952
441 466 973
844 693 126
302 142 241
109 310 4
58 457 390
25 453 709
306 807 314
517 26 328
17 109 754
493 143 694
446 838 867
782 302 938
680 386 746
925 821 371
594 814 520
112 393 1000
85 533 283
476 378 239
308 671 525
209 847 12
930 147 611
164 185 852
692 878 852
27 899 667
624 873 328
1 81 869
405 37 662
213 633 571
286 101 871
822 513 720
299 7 938
541 753 453
213 454 499
563 463 782
584 645 576
251 537 40
797 412 302
798 746 489
669 602 692
487 558 243
421 405 259
672 21 259
193 235 448
159 1 816
382 342 893
789 389 670
671 672 165
225 715 138
850 622 543
85 297 771
875 398 6
727 177 285
178 50 782
6 648 945
11 745 18
768 829 35
227 29 21
68 228 224
34 86 804
255 529 971
74 729 825
927 512 469
349 544 617
406 131 338
354 901 971
461 582 316
734 713 140
186 294 803
690 335 787
445 572 296
75 205 759
6 636 787
99 210 786
539 208 31
805 151 583
535 310 509
133 223 156
81 417 928
7 34 16
103 617 416
261 198 101
710 507 248
396 926 141
50 93 138
836 901 591
119 301 993
11 250 713
588 364 636
171 148 547
79 486 482
27 99 39
676 336 701
234 569 981
873 71 46
614 471 518
60 238 441
659 653 133
934 297 744
332 104 134
251 248 944
825 779 139
836 907 492
56 846 672
366 314 739
858 420 245
73 411 534
344 744 949
124 34 240
852 393 120
738 465 640
306 699 832
223 873 811
202 797 279
115 760 951
18 116 332
268 692 612
258 252 162
665 464 875
112 354 547
345 133 892
36 800 893
390 737 932
675 145 743
683 791 872
691 291 250
1 130 964
57 43 352
301 599 879
647 692 885
708 410 614
615 515 163
430 144 895
178 742 310
169 335 476
239 619 494
236 187 162
816 533 700
679 826 825
719 919 627
514 122 13
188 371 25
582 930 337
845 114 277
9 438 580
120 432 557
500 853 695
415 888 389
884 96 532
247 217 274
70 423 504
509 777 36
62 795 506
446 733 200
361 893 397
21 903 704
732 200 379
102 664 202
815 273 766
562 134 737
759 734 51
855 143 284
566 127 5
118 478 238
590 167 872
582 216 909
681 540 672
756 96 193
81 541 399
100 571 372
403 31 490
97 105 105
846 805 611
756 75 767
59 590 577
16 60 920
623 143 261
398 921 568
120 97 824
848 406 526
515 679 502
445 578 363
119 603 820
552 862 603
36 224 459
653 887 769
563 855 228
175 291 112
280 626 897
109 357 61
442 667 29
564 759 196
210 495 634
631 533 544
498 631 529
186 221 779
5 17 869
754 244 199
790 802 540
433 695 646
270 555 73
125 687 639
61 189 647
626 293 280
71 317 601
275 268 901
271 788 951
830 296 240
540 621 674
295 449 105
6 10 215
431 777 364
230 278 908
722 878 521
224 698 799
268 104 575
43 44 19
802 869 54
494 535 311
609 481 566
363 444 882
473 822 708
910 586 359
373 500 159
295 615 589
650 390 33
891 932 326
588 896 610
916 882 663
71 861 99
403 232 569
660 207 634
351 231 92
794 638 33
81 42 947
67 383 451
165 642 328
856 35 633
63 451 83
88 921 619
810 572 919
693 413 115
906 489 275
430 159 932
477 502 917
58 431 495
316 813 446
331 610 187
575 729 730
323 75 667
894 802 61
105 284 69
192 8 572
462 779 681
268 551 394
320 775 963
887 147 158
169 443 277
569 749 70
188 241 961
543 1 812
250 508 187
348 483 280
192 196 844
721 346 640
737 258 244
924 372 570
693 617 327
873 779 922
379 344 832
90 874 625
797 311 346
91 244 379
439 456 702
895 408 942
442 633 663
873 241 478
289 99 692
199 2 796
17 76 580
773 381 421
755 380 375
100 320 423
652 295 32
213 101 985
3 891 173
863 200 802
138 226 850
848 92 863
880 538 959
732 483 966
458 804 469
701 387 655
532 304 695
593 782 224
487 667 870
408 650 187
518 924 119
602 173 228
273 565 20
480 892 292
778 461 17
2 3 263
833 405 617
18 459 717
725 765 125
365 600 687
747 547 397
240 399 320
29 679 171
474 562 918
93 504 802
40 469 199
881 937 104
362 784 876
3 188 272
383 39 922
19 346 33
26 96 285
388 87 968
910 546 508
912 38 915
200 789 748
140 587 178
61 172 312
740 373 512
814 678 985
405 503 212
106 317 482
783 595 659
927 664 165
896 340 50
620 183 128
498 687 368
875 853 712
746 540 533
793 138 878
300 450 802
223 686 511
322 207 381
891 435 955
92 899 650
898 752 910
586 696 805
153 554 455
152 456 933
847 379 429
769 613 12
803 632 963
912 297 770
339 327 575
576 254 373
806 57 178
464 305 142
268 26 684
488 917 537
361 863 685
547 242 184
33 173 178
732 290 278
745 267 554
450 938 23
369 579 156
422 265 344
794 72 903
866 888 717
466 552 720
748 909 104
19 123 87
226 587 304
753 739 946
634 832 267
328 690 674
770 851 502
182 495 903
51 602 449
490 118 859
774 26 99
837 186 621
784 441 880
284 190 472
794 113 543
89 920 433
453 717 25
482 787 240
511 505 789
852 216 572
610 396 402
858 637 456
124 311 911
493 924 448
437 573 380
418 485 716
619 236 526
890 438 506
424 119 233
42 557 869
491 335 557
712 785 65
532 687 243
428 246 851
257 42 360
468 34 57
59 16 114
761 125 552
185 716 756
839 26 57
211 215 500
598 46 365
568 656 994
210 448 526
941 208 913
292 801 592
205 515 173
203 54 655
700 221 793
561 671 341
51 527 163
936 800 742
343 188 35
894 865 91
347 797 551
616 303 473
159 366 736
613 336 562
481 565 638
328 731 53
296 383 456
446 139 61
251 454 33
485 609 558
41 738 770
372 428 960
672 57 855
910 601 438
198 164 386
22 82 442
137 327 99
711 263 566
260 626 631
427 33 206
890 910 168
35 426 744
270 352 551
87 78 248
160 558 133
618 639 66
375 436 449
60 487 411
114 698 728
600 328 53
872 282 103
348 852 834
241 72 619
188 428 960
480 380 472
114 497 964
13 755 988
64 404 164
217 734 159
582 25 295
307 475 948
836 111 38
760 813 412
447 882 481
60 134 831
739 694 215
460 613 957
49 459 982
807 593 871
460 244 654
219 539 418
930 532 896
830 217 326
16 170 411
634 520 643
266 345 146
740 134 556
742 702 522
248 472 674
230 353 660
157 517 102
903 411 897
7 346 682
776 861 712
233 528 283
255 286 649
771 467 620
337 31 79
717 308 357
333 719 741
842 570 891
117 401 168
722 140 763
194 151 379
550 357 804
561 915 767
80 119 485
817 730 45
564 920 102
203 255 587
95 143 72
446 58 574
647 834 348
748 55 232
657 712 329
299 518 192
274 173 443
739 773 775
875 828 228
3 705 911
173 252 54
869 303 579
367 230 62
600 606 199
870 913 252
55 40 532
375 292 372
330 918 311
254 349 117
96 816 343
300 291 687
413 177 212
491 236 611
791 14 57
517 270 591
594 133 484
30 251 483
444 797 450
733 137 171
480 798 119
508 705 506
604 721 457
230 552 357
746 174 615
444 843 811
761 624 292
808 895 196
414 672 283
743 250 611
927 70 402
385 571 593
560 312 154
253 857 81
589 398 940
176 408 539
575 503 411
571 903 700
432 542 885
879 724 367
632 532 747
547 177 808
91 924 475
56 929 72
639 707 542
274 477 681
385 300 122
532 239 205
374 149 289
558 202 895
188 321 441
759 570 399
589 914 154
212 158 258
574 438 572
261 600 35
98 683 93
453 6 104
471 662 433
330 306 101
364 800 412
97 507 214
242 383 78
855 848 751
708 871 199
791 539 154
232 15 799
175 445 621
204 684 521
353 637 319
88 919 139
244 916 408
564 592 792
731 915 442
592 651 474
647 480 766
346 581 222
286 426 872
42 831 304
64 703 34
450 58 758
658 594 393
450 362 938
581 674 834
74 172 404
702 445 857
156 284 692
917 373 74
122 210 358
446 882 431
682 345 296
64 680 373
602 17 837
936 203 724
312 203 634
603 384 458
37 42 28
347 753 578
114 903 489
202 756 553
463 514 43
517 326 809
372 85 447
181 912 289
151 824 309
526 565 676
241 453 619
631 530 176
445 902 279
78 583 360
513 208 325
780 647 160
278 398 889
21 124 234
16 3 414
570 386 301
380 675 649
775 891 202
108 105 359
347 478 97
485 351 789
876 310 901
938 602 803
372 806 499
688 816 351
795 628 22
552 702 683
937 794 126
398 378 656
749 889 564
769 27 628
309 124 735
106 186 28
235 166 275
629 627 742
790 1 462
263 357 194
125 16 73
445 541 474
584 114 867
392 593 267
169 54 727
501 722 688
263 862 325
276 494 711
501 786 582
177 793 627
283 225 776
87 501 205
721 573 605
196 649 898
127 281 385
830 396 797
806 475 529
852 75 154
248 53 123
922 221 273
367 371 392
22 821 619
36 546 825
262 900 125
252 372 230
101 446 113
742 697 725
418 149 53
571 11 230
372 577 738
347 841 34
662 673 374
99 54 101
521 527 881
907 240 560
889 353 273
447 560 960
440 580 678
257 349 925
159 129 284
484 90 509
260 883 616
696 370 396
906 65 915
307 329 779
241 301 412
87 121 871
777 192 827
421 661 239
17 502 835
21 45 43
199 540 456
624 141 526
160 767 616
707 922 278
704 166 512
648 589 599
803 674 122
722 863 236
794 344 230
346 452 592
613 831 930
459 42 771
705 713 809
327 693 137
503 120 964
659 647 133
100 130 917
642 210 456
755 584 359
58 683 14
84 270 698
477 17 990
293 200 699
334 55 451
561 374 157
495 825 846
522 225 788
647 416 149
673 605 351
42 546 858
600 385 609
831 210 215
186 380 286
169 563 521
101 311 631
394 572 867
476 101 922
63 259 601
248 75 118
662 267 136
213 264 201
347 826 684
810 200 595
705 697 90
559 652 486
778 502 461
703 817 129
219 676 619
637 25 348
902 211 15
626 153 579
720 843 300
709 363 77
214 43 909
581 161 479
25 566 390
112 26 837
5 696 334
714 654 693
260 330 468
95 244 874
435 569 121
453 729 523
621 479 749
188 811 676
638 506 883
435 90 401
829 39 629
632 320 495
892 306 73
725 74 840
349 879 451
348 684 137
367 199 239
445 935 790
906 228 70
79 135 427
678 286 261
247 816 62
129 598 207
449 605 247
1 35 845
66 160 967
832 411 149
22 489 573
874 164 56
743 3 836
699 201 816
150 420 394
492 40 177
483 323 576
716 258 730
49 528 933
141 36 670
201 233 905
266 654 915
141 308 73
852 477 522
484 431 446
840 227 258
89 215 398
64 528 756
847 259 311
540 437 364
95 125 745
550 939 392
112 638 355
561 90 443
670 401 683
187 635 632
521 820 732
663 914 244
902 222 825
326 747 559
433 468 931
560 771 583
411 202 372
25 444 125
903 310 935
334 645 488
705 237 799
808 717 714
182 602 666
53 810 498
624 708 95
593 459 50
199 303 363
422 301 136
48 182 456
895 792 753
500 600 64
1 37 103
226 171 834
73 138 300
723 70 836
654 698 213
161 48 259
710 213 687
475 539 910
103 929 598
732 517 339
540 240 573
864 72 388
265 323 231
176 345 827
812 523 176
687 71 662
136 186 279
281 91 689
881 925 720
52 786 220
627 710 323
372 701 552
141 82 692
928 637 974
91 723 988
5 877 960
302 613 716
585 739 787
665 239 992
856 523 333
270 74 300
22 319 339
898 358 172
208 371 32
256 550 259
375 614 999
645 350 491
1 4 447
157 86 73
2 540 857
48 452 579
114 319 508
221 483 990
571 940 560
588 745 828
401 775 527
471 468 123
219 479 133
109 614 573
552 618 772
295 287 346
672 855 416
353 85 395
82 606 686
581 448 263
308 566 293
312 837 73
120 308 158
672 447 27
269 589 348
145 828 220
883 720 745
800 888 293
715 675 131
223 167 126
510 553 257
394 409 94
668 633 668
778 809 850
183 108 606
442 394 907
601 463 378
55 397 89
330 669 337
85 112 698
373 463 60
571 625 848
670 210 731
671 336 232
503 762 95
936 385 454
216 213 899
647 527 420
625 379 531
621 304 930
604 876 764
198 505 987
344 786 195
587 518 284
341 570 349
926 842 248
236 791 498
574 317 713
434 888 263
46 61 266
375 689 85
381 73 283
774 848 801
42 238 174
427 628 989
580 902 96
501 929 565
367 614 950
629 60 438
112 184 484
656 888 2
318 403 414
905 114 981
618 592 263
311 826 776
594 448 742
247 535 85
86 925 569
545 455 380
431 262 262
57 807 854
765 346 315
570 815 883
838 887 828
214 471 37
627 103 805
703 144 227
415 284 553
545 91 972
690 475 520
393 515 990
307 333 161
461 827 627
176 334 619
802 282 992
270 635 771
432 388 392
786 927 192
768 388 686
683 458 370
685 264 782
32 309 780
17 121 711
380 478 765
265 915 698
317 276 200
233 821 531
396 702 297
912 458 417
148 662 221
193 267 557
889 235 97
513 306 953
874 630 91
256 436 667
37 199 159
642 806 952
699 916 480
602 300 515
46 301 19
609 233 783
200 413 846
309 129 559
252 774 326
253 379 961
674 798 765
241 256 185
68 665 66
378 273 587
481 403 259
818 217 860
40 209 742
936 529 937
355 14 645
126 296 705
225 466 281
928 603 866
542 66 943
132 206 394
56 853 949
449 731 188
91 461 369
709 557 801
197 470 60
174 121 679
867 259 955
76 589 274
129 902 755
86 376 860
746 518 806
553 941 969
57 127 632
698 392 229
748 906 52
614 280 137
640 43 516
370 831 76
589 147 7
829 760 769
912 908 145
803 478 566
22 249 571
815 551 511
226 861 46
775 702 210
24 306 407
378 509 253
829 453 399
215 932 421
538 647 930
169 873 298
852 230 154
525 489 277
225 135 630
696 276 517
710 791 190
284 68 165
740 332 761
511 214 393
819 168 802
365 469 459
103 854 937
622 323 375
163 74 281
737 735 886
489 255 657
373 673 420
335 640 890
807 32 741
859 721 291
201 375 162
138 465 1000
844 472 600
674 685 561
38 385 592
71 421 670
189 602 691
232 416 48
91 60 658
139 151 466
698 647 582
450 913 759
863 468 704
445 312 776
22 391 343
23 131 274
101 593 138
236 280 433
434 455 824
862 663 518
623 909 245
745 758 889
628 148 227
195 212 685
766 687 550
179 212 764
659 44 613
939 76 335
7 203 635
853 317 16
198 142 506
134 457 215
301 607 815
578 723 530
400 92 245
349 552 816
860 937 589
419 633 407
941 288 249
896 831 207
122 88 253
407 808 729
52 936 849
5 7 181
84 327 605
443 110 86
816 616 827
302 881 229
883 129 131
63 524 639
362 822 350
436 796 394
859 699 580
238 705 12
556 394 426
897 132 516
93 299 344
682 639 784
899 364 551
685 403 916
525 698 541
212 803 865
535 191 701
419 825 36
465 368 210
730 390 539
459 98 334
886 311 81
50 594 519
685 71 455
337 690 538
739 614 179
673 730 402
388 374 347
194 391 1000
835 263 105
208 192 527
88 201 758
292 475 950
775 426 81
338 577 994
289 592 567
224 900 720
21 193 711
510 223 680
848 899 575
229 26 99
649 671 555
133 846 636
124 174 952
49 676 119
24 70 386
855 154 430
66 863 818
614 763 440
534 929 665
716 931 860
329 330 740
312 595 986
379 305 256
253 930 931
793 324 422
69 901 988
525 857 916
711 849 502
68 79 381
442 485 99
555 424 595
81 140 525
200 754 876
178 710 716
96 888 68
485 605 254
406 840 882
28 574 190
805 893 947
423 39 360
332 429 386
587 805 69
295 452 579
857 49 338
239 553 782
721 822 22
467 483 888
761 856 122
227 46 660
622 343 617
134 26 672
784 472 309
118 881 749
91 861 597
337 44 399
506 555 903
115 524 318
445 856 816
679 414 25
433 18 980
444 701 801
89 788 488
605 707 872
590 751 187
342 820 927
345 40 908
30 163 89
758 593 472
497 29 154
466 331 299
55 150 738
773 234 964
832 463 660
697 651 940
5 534 27
871 861 392
709 109 698
472 162 241
806 90 722
189 680 970
800 137 582
72 233 905
22 70 282
1 2 132
843 704 90
610 798 846
29 121 723
392 492 46
540 385 563
236 450 15
531 5 771
489 671 292
433 432 481
227 299 792
400 427 314
312 429 630
878 294 807
854 876 94
445 283 695
596 8 239
153 227 860
131 157 866
419 176 874
76 120 369
456 191 18
81 368 99
1 745 988
691 611 773
248 523 27
419 486 43
863 363 343
245 128 858
387 368 183
269 562 762
632 562 375
827 921 936
775 281 194
398 34 694
525 565 597
640 559 502
806 893 980
819 806 363
503 63 73
194 844 930
34 440 204
658 770 916
456 846 454
566 382 504
654 792 817
480 695 620
940 291 97
680 442 177
36 376 382
71 11 992
610 555 304
214 386 982
53 732 489
199 722 713
40 595 211
365 218 486
722 530 4
270 921 973
146 547 362
811 356 201
15 714 466
190 472 426
197 458 489
922 273 358
268 709 395
303 186 381
101 896 546
928 121 944
883 881 800
916 367 417
875 478 507
399 668 414
369 473 658
285 489 46
544 286 981
353 273 991
419 400 663
567 822 613
872 180 159
539 47 940
5 74 11
140 120 60
96 47 131
268 364 741
207 323 505
222 117 730
791 220 102
861 285 566
681 405 769
348 572 859
256 664 547
697 347 947
126 38 841
593 854 914
687 5 818
236 468 69
599 67 938
300 438 432
892 603 253
315 533 576
884 286 660
138 897 517
37 404 307
739 474 295
77 703 435
852 38 652
423 577 743
57 826 802
117 833 460
49 56 984
344 875 404
391 905 212
126 622 941
398 602 732
236 86 615
451 73 118
381 36 908
442 300 880
861 558 721
480 307 82
24 758 371
107 584 809
850 131 823
670 165 572
774 655 127
37 361 28
323 820 211
109 901 769
732 629 969
137 249 649
593 329 555
633 761 134
347 118 604
196 340 782
871 18 361
572 107 158
639 122 37
798 51 482
36 152 740
315 686 181
20 622 727
209 435 423
388 838 9
722 398 709
814 861 275
14 26 953
375 887 172
88 307 112
9 242 942
325 76 674
225 559 785
480 845 132
703 160 762
16 394 213
865 36 269
781 163 87
107 388 544
37 436 347
134 81 174
824 279 189
7 321 545
94 656 118
890 591 448
459 684 886
800 784 80
499 402 115
776 344 215
476 891 616
278 343 869
297 401 566
201 850 131
114 908 903
434 51 390
675 289 402
554 274 809
927 319 179
648 696 21
488 405 949
280 45 375
704 286 257
710 480 262
770 895 404
161 271 667
218 623 847
471 39 802
509 401 743
443 563 121
246 332 30
4 160 723
454 383 236
701 400 871
515 749 92
244 116 627
622 300 206
400 202 81
145 22 628
100 260 945
165 470 199
8 455 70
517 386 316
920 929 246
42 320 216
740 560 231
279 338 273
189 209 781
783 419 174
542 913 294
318 424 401
227 724 93
5 537 228
203 466 952
7 48 617
90 733 926
31 530 144
857 492 396
137 257 388
929 468 257
110 675 350
20 762 774
264 237 474
251 329 700
61 751 837
684 58 118
253 285 272
249 914 81
44 695 559
821 588 761
328 736 690
682 914 461
279 723 496
383 773 783
46 811 933
170 448 385
279 751 27
133 190 512
743 869 129
749 582 640
328 53 773
936 364 611
454 469 184
361 148 310
210 863 576
505 9 789
464 939 785
188 22 398
201 749 748
614 39 659
328 830 947
82 891 798
248 255 269
145 422 776
326 472 21
766 807 914
711 383 76
7 68 392
373 47 555
67 46 682
507 257 108
329 264 952
5 936 933
206 881 295
499 189 254
499 821 869
378 328 178
428 160 411
932 271 870
725 781 599
566 927 839
131 435 110
49 219 16
100 919 562
412 792 369
693 908 402
93 495 65
941 216 927
590 704 889
396 313 550
929 12 853
652 577 798
138 302 749
231 812 5
18 819 14
751 329 833
9 24 806
520 160 215
192 929 659
929 370 823
820 586 798
529 200 109
352 308 62
678 669 274
490 459 749
122 320 523
540 209 498
70 77 498
849 804 788
936 761 357
854 146 903
68 354 277
221 556 302
453 839 743
584 350 499
449 331 608
565 7 829
54 769 999
98 277 44
891 228 563
185 426 585
702 438 661
533 187 876
308 176 810
861 440 48
804 888 362
3 770 382
438 531 805
744 421 493
726 120 857
276 253 74
860 58 199
103 611 889
206 43 949
180 44 912
225 278 501
650 400 61
382 657 624
808 643 36
214 613 495
276 50 535
700 39 160
748 277 562
409 421 485
907 462 951
830 432 497
163 34 600
191 683 863
596 86 467
354 4 643
602 302 146
238 674 52
127 320 63
834 895 413
321 704 15
58 597 351
856 64 131
83 114 260
525 788 449
395 903 710
684 840 280
485 681 500
875 100 589
391 634 964
490 771 745
66 489 694
727 370 432
731 935 566
584 607 323
311 747 487
693 455 458
806 761 345
667 924 221
787 836 665
129 56 565
386 226 320
273 224 745
860 547 733
154 347 479
670 638 99
293 101 218
526 388 777
774 918 285
171 543 902
879 677 43
202 871 896
209 90 249
147 135 732
401 447 316
69 250 996
762 32 575
513 713 724
98 322 894
181 626 211
169 141 255
406 342 216
332 198 319
575 867 744
296 184 675
452 152 556
452 18 521
234 638 403
936 45 134
304 783 185
627 513 679
369 739 620
23 767 911
53 592 32
157 797 180
117 450 223
770 185 76
82 126 744
621 628 48
712 634 754
429 33 654
458 159 781
84 179 775
285 13 608
419 393 341
908 629 918
609 142 951
750 632 773
337 570 399
319 446 176
918 886 594
928 47 462
373 25 902
360 323 713
70 85 592
164 765 401
395 476 977
730 457 716
193 275 171
169 609 73
219 96 214
617 915 811
172 879 774
370 55 684
399 413 882
941 542 32
258 262 280
1 93 143
88 720 114
391 608 883
473 337 954
470 406 833
235 262 730
815 180 511
55 165 43
442 363 450
529 778 832
391 894 534
535 469 417
94 170 701
104 698 843
533 592 552
567 441 170
455 880 133
442 373 143
550 181 867
198 127 577
735 685 879
576 354 954
715 351 447
547 215 322
261 915 602
150 110 633
671 513 674
754 695 401
63 126 418
337 296 37
216 158 883
241 341 601
447 318 74
236 571 95
38 344 256
770 217 965
162 119 177
184 316 269
382 327 70
196 410 160
473 610 732
907 882 45
771 384 859
58 250 125
286 822 796
677 494 109
210 116 496
449 848 944
451 366 509
313 149 373
886 478 745
870 577 317
728 239 294
114 344 503
664 645 306
101 739 553
586 237 503
645 291 105
626 14 882
496 851 488
783 568 291
253 493 221
107 512 307
118 689 229
906 583 6
98 940 304
851 592 259
61 620 141
876 452 856
102 748 311
866 669 594
798 615 970
556 608 168
866 657 86
911 913 829
802 849 517
390 525 980
53 568 680
363 7 806
796 312 769
75 595 282
81 909 765
28 356 74
423 698 889
456 131 670
638 854 804
866 828 6
11 646 975
273 545 693
355 147 124
281 567 199
640 843 992
773 813 680
561 28 558
845 478 181
619 732 784
938 19 332
9 21 807
763 21 946
739 683 573
682 62 849
669 364 174
537 612 374
408 351 851
935 175 880
79 6 840
199 546 36
494 432 68
474 178 80
425 582 322
296 491 439
177 142 28
119 430 550
102 563 277
437 864 234
678 25 398
168 399 937
325 491 317
684 8 416
688 604 229
301 530 496
209 886 967
517 175 45
447 849 903
14 15 864
283 829 453
382 775 537
539 859 414
407 277 854
21 360 450
444 572 26
84 316 383
73 553 37
625 369 459
859 145 857
864 160 709
859 689 396
37 510 975
865 254 727
29 870 282
517 254 833
907 694 80
936 816 504
790 863 638
176 748 816
106 154 646
104 447 263
278 13 984
205 621 931
746 401 783
126 898 561
512 166 488
692 709 645
412 188 693
175 756 497
314 689 242
828 893 33
383 25 594
138 791 567
31 537 802
243 359 780
169 557 862
535 887 864
65 462 724
152 496 210
73 279 49
713 557 648
749 312 984
180 886 649
20 781 939
714 870 809
335 537 696
118 134 879
924 368 282
211 231 272
474 210 44
338 551 992
402 96 391
348 886 853
422 344 815
205 221 395
97 139 225
624 512 624
105 468 458
223 53 275
25 474 140
411 380 286
61 895 60
435 875 280
668 555 947
90 391 615
789 448 158
569 496 722
919 706 452
210 742 482
102 8 782
356 754 64
575 408 107
279 312 506
182 644 645
125 621 979
661 802 961
599 459 841
371 184 878
817 131 764
611 782 537
638 740 164
486 121 224
150 658 393
322 753 812
382 9 356
519 448 92
77 874 977
888 7 947
69 930 943
107 766 373
191 593 930
859 642 928
411 571 803
734 172 442
607 283 605
221 125 763
617 869 184
68 870 227
660 305 701
4 428 411
804 936 559
391 467 773
340 848 201
52 102 78
867 252 347
548 784 193
555 653 133
765 686 54
553 86 41
415 610 426
244 353 943
628 620 734
217 681 762
704 779 688
764 889 744
475 400 989
650 425 777
396 518 45
804 201 233
343 723 535
497 505 12
674 926 1
224 355 559
121 845 460
588 239 92
619 694 502
378 675 915
93 171 572
265 386 933
819 871 283
336 398 143
789 384 711
179 339 427
859 327 943
681 385 128
393 585 686
739 764 244
660 904 662
844 928 263
477 814 8
243 729 282
771 549 971
70 389 775
561 206 45
729 480 803
669 238 475
331 532 172
238 141 787
189 899 778
397 702 939
521 382 622
930 529 854
475 895 482
290 892 639
346 474 518
147 838 918
222 394 854
739 421 385
706 596 22
507 809 186
764 918 676
830 608 132
411 456 879
935 564 104
28 298 78
814 491 572
822 702 259
118 747 940
168 586 426
594 820 614
201 325 929
445 513 398
694 874 93
477 656 173
924 632 525
197 668 922
82 136 178
789 626 158
577 834 214
483 810 848
531 447 679
916 7 68
410 664 514
96 802 52
116 466 160
462 319 116
611 134 568
738 43 266
375 262 448
906 35 268
800 681 646
504 908 697
622 325 383
694 829 111
123 651 149
201 208 126
455 76 159
611 613 969
5 538 917
632 491 128
932 196 277
78 368 145
266 739 95
106 548 578
669 519 660
254 854 726
759 685 366
590 251 99
777 863 938
210 887 838
709 398 810
95 385 597
563 506 453
9 275 756
195 468 181
377 399 559
849 908 8
68 94 794
521 465 879
264 10 250
854 570 887
565 586 360
360 842 412
727 10 481
613 364 184
216 428 89
541 443 597
836 537 92
546 216 972
178 552 475
251 840 326
930 891 818
5 285 340
496 653 881
823 9 132
184 738 684
451 108 825
859 800 354
542 676 377
473 119 590
9 807 287
325 103 150
263 472 310
359 459 241
554 615 732
167 750 361
904 325 803
128 753 84
155 152 147
439 673 565
55 639 25
306 78 396
57 364 841
21 38 899
871 142 851
811 545 191
826 762 360
470 856 465
724 826 275
112 330 99
538 78 477
585 877 463
81 897 620
26 800 863
618 571 311
6 350 979
593 545 819
677 825 634
132 664 87
289 701 811
307 839 541
807 769 692
328 288 587
864 736 260
61 265 467
931 184 767
774 131 804
40 320 270
560 119 467
106 684 619
876 892 851
218 506 850
344 813 986
786 782 12
294 129 637
666 871 158
934 533 400
68 769 766
613 853 351
178 912 170
587 546 638
121 838 24
673 536 289
332 250 336
99 302 839
17 60 394
167 597 44
40 514 128
818 508 338
363 609 126
147 266 601
125 20 885
381 524 750
940 840 982
293 360 356
689 122 863
545 834 441
374 586 945
446 748 612
329 637 903
38 662 165
358 54 437
489 228 553
842 924 606
203 637 149
710 72 187
740 11 257
8 420 438
936 752 405
205 502 424
237 151 754
127 612 666
661 435 552
625 86 529
531 238 680
49 144 529
138 597 929
498 587 824
109 413 550
835 872 549
608 667 281
178 432 640
722 24 175
272 870 391
283 327 801
325 903 319
819 516 268
13 697 188
460 150 799
878 548 324
480 158 755
245 807 711
926 907 796
931 602 91
167 558 842
123 902 317
496 472 308
875 908 792
269 237 341
537 605 71
502 152 116
223 645 662
506 226 320
236 167 947
700 819 285
736 914 52
352 349 578
756 459 508
460 41 740
530 303 849
841 291 994
109 463 991
134 798 643
687 325 436
109 141 279
142 241 181
545 708 397
859 172 842
75 510 153
837 169 994
132 104 514
377 615 235
32 226 491
525 797 174
413 29 164
735 779 417
246 751 460
24 505 999
195 757 662
734 785 477
136 784 183
417 530 424
466 548 687
863 69 263
660 59 958
588 590 538
747 183 515
508 354 817
663 532 567
125 164 771
202 331 31
157 310 443
701 414 699
68 147 739
918 859 827
432 454 557
121 799 35
78 540 133
394 330 148
506 662 974
916 241 998
50 341 570
710 804 966
507 521 792
26 768 731
381 188 805
571 704 981
697 553 531
655 762 309
15 323 202
610 209 816
926 373 677
23 439 735
762 377 890
77 835 184
290 531 288
129 213 733
331 638 493
459 663 322
68 395 826
849 475 887
151 830 845
750 927 466
84 834 865
13 22 144
485 640 605
533 581 642
503 169 827
324 579 223
15 207 158
377 819 570
294 393 415
358 49 946
803 620 739
428 96 939
224 295 887
723 423 43
750 303 150
195 241 865
593 487 832
855 662 446
594 371 5
581 938 783
41 863 605
831 54 605
176 76 899
602 840 574
505 218 80
128 413 866
777 133 401
702 79 196
794 324 864
690 596 436
344 81 292
719 538 616
900 624 651
583 576 964
545 471 934
329 853 303
195 282 849
281 83 278
385 703 201
585 332 84
848 279 150
26 733 295
492 258 853
105 248 625
569 803 196
255 436 654
444 581 783
656 537 338
386 881 997
939 280 84
5 834 18
707 122 981
584 191 257
39 218 56
292 264 906
483 571 732
485 783 262
89 217 733
762 447 380
689 872 31
40 137 496
15 19 766
29 905 701
513 697 958
15 861 623
179 898 950
864 270 603
193 817 432
365 263 11
457 688 293
217 427 234
694 617 19
582 517 444
440 545 502
643 881 797
524 86 622
459 909 175
189 473 443
915 529 311
590 829 832
511 928 988
568 386 592
899 264 382
441 337 234
99 689 408
147 426 9
253 405 403
644 371 441
593 910 742
181 745 869
37 349 79
923 686 129
65 436 70
143 909 86
304 367 695
232 718 874
310 601 880
806 18 50
489 745 19
651 900 55
838 743 479
913 25 15
1 749 262
71 441 611
609 173 843
4 255 177
934 933 985
616 554 935
178 268 63
587 468 949
16 169 372
582 710 681
485 285 45
107 729 496
55 243 772
748 443 773
689 467 618
314 552 40
254 270 910
492 452 388
918 612 704
747 93 963
622 492 680
698 253 196
524 387 713
799 760 263
110 622 928
854 525 655
359 897 805
67 300 366
275 53 121
14 493 607
261 599 203
550 711 850
41 249 322
248 670 999
552 265 174
590 861 88
772 365 364
288 111 973
559 567 876
218 139 364
415 301 635
16 737 129
595 564 691
239 306 478
40 620 391
664 870 236
653 315 224
742 558 382
415 218 978
542 506 166
868 405 619
465 802 861
836 867 894
198 899 347
123 917 334
669 618 817
313 497 84
139 124 495
516 297 61
322 228 161
830 588 379
459 497 928
251 191 910
540 530 859
931 228 482
145 131 231
905 815 546
818 514 160
51 374 411
811 450 553
225 266 416
59 271 539
216 872 801
764 317 324
357 145 731
352 35 376
289 846 976
42 934 664
673 831 348
708 732 923
919 73 192
564 58 277
231 207 233
36 219 565
19 206 965
204 163 101
304 892 626
224 649 927
281 543 880
739 6 496
387 297 593
647 675 848
271 24 794
371 375 263
257 67 113
301 212 757
221 372 841
758 53 260
909 357 349
250 311 473
356 554 137
749 149 899
594 192 265
650 406 980
171 186 602
497 152 321
130 409 249
701 924 185
655 302 792
109 781 508
867 659 891
115 423 209
731 404 165
774 144 127
706 606 579
611 732 233
330 837 668
457 523 383
176 612 59
850 132 426
769 19 63
230 535 667
747 519 626
538 708 2
363 93 899
43 173 267
713 937 105
885 139 919
581 758 528
51 346 946
265 113 254
266 359 263
795 514 81
21 65 639
594 536 783
765 709 849
463 869 799
352 619 81
11 90 612
194 49 54
192 534 638
383 717 623
934 921 536
429 204 442
753 584 544
635 218 28
556 851 968
556 263 181
8 168 308
595 904 527
42 364 886
31 771 807
826 599 411
811 447 921
724 656 668
250 38 351
538 795 756
918 29 997
587 245 957
443 909 374
416 776 705
47 652 54
440 514 213
493 711 924
612 286 314
856 717 809
16 390 116
378 35 964
655 408 188
857 891 473
316 925 467
386 57 291
760 689 844
266 821 272
142 721 747
3 319 478
469 308 5
899 479 199
738 114 993
38 319 879
935 816 723
66 247 271
593 772 143
677 342 214
471 646 735
429 270 80
440 12 507
61 644 780
47 587 962
11 775 919
111 664 525
320 481 808
937 516 565
642 176 257
333 922 460
387 888 4
294 896 440
790 808 850
665 595 188
319 407 801
140 248 594
263 570 268
221 401 744
296 310 359
153 196 269
515 142 122
783 306 770
422 384 832
820 894 257
1 57 766
527 917 529
735 648 954
59 33 281
356 281 759
305 590 645
24 288 451
100 674 874
773 554 870
237 813 213
539 600 330
67 100 643
335 380 904
483 615 446
75 440 563
342 849 331
261 653 133
8 167 510
30 64 208
339 671 593
894 573 610
39 701 706
631 904 491
149 808 873
527 762 148
113 361 653
363 287 877
123 56 306
364 154 249
662 486 630
590 331 675
128 913 39
203 916 760
722 922 730
97 889 191
180 496 882
870 111 543
775 137 988
54 226 978
29 163 703
271 843 923
167 449 136
429 376 198
932 288 455
897 184 229
800 110 135
802 285 636
708 746 259
736 821 168
801 612 159
259 374 399
77 214 437
39 214 344
659 165 157
919 226 821
76 850 914
506 773 698
467 764 685
82 445 622
522 494 879
385 103 132
195 865 136
664 206 831
28 760 121
224 207 120
891 644 33
62 802 528
878 390 956
343 658 579
12 853 551
565 625 909
537 688 124
801 306 781
405 430 908
201 48 739
555 890 588
842 197 579
668 579 793
51 288 684
361 109 634
4 770 750
640 793 484
458 428 594
673 67 170
729 37 712
129 808 809
937 408 235
406 584 636
326 842 412
382 165 613
296 730 524
228 683 440
284 620 658
231 370 877
589 657 785
551 703 307
813 231 688
822 108 157
10 397 61
94 920 467
313 464 232
223 448 494
144 381 18
333 590 71
542 499 887
833 325 443
903 338 462
641 167 762
878 521 43
657 221 398
811 396 16
694 106 776
141 192 179
813 115 844
192 100 966
716 815 519
82 938 780
212 556 714
496 402 832
165 704 989
395 835 687
653 73 491
832 567 673
904 335 976
187 434 122
685 308 224
206 706 675
360 743 429
435 121 215
58 437 101
614 630 43
827 517 906
842 245 272
172 99 756
346 795 730
521 373 512
106 553 594
297 42 935
261 178 34
861 641 227
289 560 119
903 58 711
17 309 600
39 298 32
685 929 656
65 263 879
915 692 848
222 530 742
895 544 22
888 215 702
182 672 369
185 816 955
370 853 828
789 252 654
386 596 311
347 86 4
519 565 222
340 292 327
537 473 296
481 484 351
285 474 358
80 108 146
743 64 883
384 760 299
353 577 873
63 178 60
258 796 132
910 281 444
123 83 161
365 544 860
848 871 277
921 531 767
563 322 707
448 460 275
937 631 58
694 267 782
1 44 293
83 129 511
96 588 724
382 664 632
747 395 316
595 577 386
924 423 257
311 739 546
824 583 47
369 774 719
359 513 841
81 575 571
118 516 64
184 443 120
756 637 99
561 315 970
639 234 679
256 218 852
340 211 144
631 54 202
833 382 619
202 144 910
112 90 962
774 541 894
813 514 750
333 432 976
688 695 171
562 498 694
599 903 118
693 426 413
125 513 671
234 576 438
913 530 103
192 597 940
460 744 238
128 653 508
506 601 949
853 889 160
549 603 566
4 137 808
403 579 462
21 67 583
5 638 819
725 332 258
309 579 160
21 166 317
724 296 193
238 448 212
614 515 647
635 264 64
638 15 548
520 879 702
269 257 498
108 411 589
810 266 619
526 929 923
348 556 433
388 596 321
478 773 849
565 782 855
609 273 67
75 603 231
403 277 374
462 640 443
754 36 11
760 470 652
704 97 189
195 624 224
55 148 611
67 119 198
393 20 21
247 714 814
172 767 95
138 708 425
483 648 958
418 712 174
280 777 428
161 458 413
547 694 341
141 845 36
765 65 639
478 161 905
853 624 972
599 645 418
244 384 905
846 209 163
296 361 154
857 720 622
311 268 186
177 245 213
670 820 603
23 663 625
537 561 673
481 833 613
344 562 760
204 191 271
515 941 844
108 220 411
328 115 532
831 566 164
145 653 400
233 811 457
228 318 2
903 753 673
380 454 877
535 219 706
305 888 127
107 566 962
520 86 193
350 248 686
229 453 963
316 596 431
212 495 934
284 431 780
214 359 449
876 234 498
145 528 640
759 89 479
130 910 278
290 753 113
789 86 893
345 255 254
789 696 881
842 143 912
170 379 467
635 627 227
157 454 75
91 82 426
214 169 336
778 351 263
803 679 379
406 467 242
193 688 821
314 456 675
112 745 547
854 803 522
904 395 644
857 905 166
648 721 352
595 706 795
825 164 186
115 101 192
551 732 136
536 339 418
588 61 721
256 784 378
432 699 170
402 403 625
873 526 912
838 201 165
121 730 355
496 775 549
760 505 343
155 760 327
626 137 287
61 868 154
770 346 380
525 186 522
447 934 226
855 779 445
235 175 129
539 899 536
324 133 997
408 318 907
645 218 784
25 65 370
32 842 349
64 760 530
759 18 138
485 206 829
621 899 816
498 249 376
560 386 543
89 39 770
83 766 592
17 29 49
897 88 94
687 581 665
368 868 480
513 817 9
737 775 333
160 1 631
565 178 408
309 797 117
1 36 232
505 719 594
511 861 580
658 818 321
130 325 754
43 625 727
104 286 773
897 731 896
705 355 770
678 701 837
903 518 811
356 152 134
55 868 606
871 692 842
796 441 759
182 868 898
132 326 9
303 831 998
109 727 855
787 649 942
433 208 807
63 936 42
461 148 721
42 564 407
564 939 53
152 720 891
290 598 881
444 541 395
858 250 924
717 859 68
181 715 113
93 485 30
774 582 161
85 475 500
96 342 677
215 427 915
738 554 334
22 699 854
1 51 932
599 708 378
749 614 712
110 302 58
824 101 401
483 505 435
360 366 9
189 308 173
732 714 782
121 556 858
286 524 810
247 237 260
46 853 965
399 786 260
130 864 929
482 148 409
882 389 567
828 834 607
197 473 505
601 158 587
436 197 32
133 41 57
881 875 110
459 791 447
583 81 807
525 548 538
399 757 638
160 772 770
158 658 650
137 323 968
673 180 273
431 594 694
196 637 578
56 791 520
488 724 314
318 561 369
935 388 504
385 58 847
813 282 124
734 442 226
572 523 81
667 875 671
901 935 4
204 4 479
462 655 796
634 486 627
7 811 263
299 660 54
390 933 833
385 301 794
614 338 262
314 813 564
326 282 747
750 203 801
185 537 724
161 147 521
14 721 479
660 926 919
61 109 77
384 88 413
258 654 728
862 940 44
185 807 130
17 27 821
704 452 240
728 1 983
282 62 843
262 672 223
665 333 12
620 799 945
322 638 484
865 417 643
556 743 975
228 88 633
930 140 957
680 447 804
857 688 155
20 382 872
672 41 572
758 378 940
636 712 874
173 20 145
806 64 44
27 284 915
765 544 998
368 47 964
894 464 4
36 194 825
535 286 775
53 635 481
225 389 800
163 160 716
228 121 296
265 150 237
196 866 871
467 304 590
590 387 102
604 743 462
81 397 471
850 350 353
423 764 975
433 515 829
493 564 32
353 593 850
713 131 437
215 572 69
526 297 944
23 507 665
366 516 5
1 196 358
651 680 24
438 756 813
288 813 706
824 312 869
215 421 475
782 349 15
106 593 911
788 223 415
343 295 595
364 690 675
306 52 999
495 726 567
591 871 33
663 703 248
682 766 896
663 211 175
9 719 866
902 559 137
496 59 9
79 390 679
67 95 275
671 662 774
463 290 597
37 653 134
883 475 116
161 180 54
635 860 100
678 883 336
230 778 144
415 319 770
490 231 466
225 137 974
193 391 193
188 261 201
849 19 999
777 34 206
764 872 87
25 323 519
886 799 770
817 705 553
821 760 547
221 350 167
179 554 110
90 554 549
49 623 909
153 294 862
643 80 224
914 541 14
866 583 892
119 78 379
719 2 457
552 53 390
681 119 242
284 582 782
56 62 241
24 363 25
433 223 490
672 752 242
85 334 251
336 242 821
702 82 643
734 168 112
802 209 813
374 379 145
246 190 61
702 846 409
829 843 79
778 724 425
897 685 318
914 9 363
650 101 15
335 918 310
348 113 320
749 273 180
140 312 724
879 1 830
239 844 467
938 270 688
399 429 135
88 331 443
201 189 135
609 641 14
277 320 602
242 264 381
895 818 261
312 615 955
492 677 424
82 154 199
25 92 314
659 922 182
342 420 833
610 268 943
58 419 434
581 644 963
600 481 478
767 309 825
103 203 13
533 913 529
181 484 929
343 33 829
29 899 511
856 530 767
255 71 242
729 917 146
316 69 775
141 720 373
145 919 112
627 703 845
397 529 653
716 805 140
200 928 639
529 703 682
207 229 183
410 667 523
748 373 254
435 675 469
654 279 129
65 353 151
210 267 820
171 827 884
366 9 155
120 798 425
175 454 446
600 292 155
232 111 416
598 491 877
102 577 49
772 820 499
679 60 844
659 896 430
606 771 187
55 926 751
479 362 918
227 388 228
578 515 203
44 332 57
600 721 182
442 580 187
36 683 201
258 35 60
500 308 319
206 492 912
915 606 901
672 547 483
53 97 34
889 812 166
399 171 880
830 225 504
42 224 551
506 287 511
8 601 260
293 409 839
929 288 986
138 150 303
875 896 346
363 529 935
846 723 393
459 492 689
78 74 271
80 809 185
130 763 753
724 823 763
625 692 149
521 741 556
621 113 694
4 388 528
240 637 806
691 828 565
74 463 219
702 559 843
181 401 578
418 687 972
543 57 223
819 919 981
252 879 245
54 277 127
385 219 90
161 651 986
418 339 603
30 83 366
772 843 135
215 429 455
19 724 729
21 754 353
105 566 185
508 771 926
353 473 446
39 95 799
715 96 76
175 450 517
506 652 44
593 165 429
512 874 345
215 155 962
564 751 767
290 435 640
517 171 903
416 686 729
325 327 116
754 822 729
166 136 966
95 366 345
197 420 481
788 287 111
119 31 28
177 264 604
207 147 148
314 145 429
82 101 159
172 233 805
642 325 204
463 611 965
915 127 398
797 331 685
96 845 372
481 598 250
509 34 539
207 410 191
449 78 314
934 640 290
746 658 84
108 294 756
748 698 425
67 438 312
578 876 633
936 513 240
592 804 647
76 251 429
838 930 513
247 424 173
729 211 354
216 589 133
697 669 912
161 436 478
107 241 808
153 721 35
730 562 307
239 225 318
917 534 247
142 717 734
381 291 457
127 548 229
895 733 117
59 273 245
426 309 761
881 359 186
198 445 487
755 393 880
251 860 240
246 161 770
845 252 176
741 191 983
650 848 940
58 818 88
239 68 627
816 210 445
636 354 34
425 761 594
854 345 54
927 528 381
38 68 399
720 594 485
671 910 897
358 906 898
918 700 953
315 93 806
464 232 111
847 566 336
470 424 534
334 690 944
871 579 333
527 368 917
678 585 605
216 265 644
327 853 436
255 841 180
914 282 553
465 668 222
369 586 529
221 415 128
457 893 884
95 438 122
916 937 911
354 231 485
843 105 73
226 58 471
170 168 20
30 144 968
485 537 374
101 26 799
65 166 908
354 7 987
401 806 344
397 186 570
491 652 278
325 66 672
526 166 389
826 704 678
916 452 601
533 941 636
879 421 95
256 797 582
88 157 352
582 185 387
422 599 631
460 347 217
856 206 907
32 329 775
362 890 9
824 748 340
661 459 110
676 355 411
187 683 476
142 569 483
92 183 58
233 322 435
896 288 820
351 738 147
27 453 129
622 716 556
80 255 882
355 506 414
174 714 786
278 718 767
143 555 34
619 748 614
774 292 188
354 931 636
776 280 927
91 371 220
709 328 141
9 169 590
648 358 277
365 573 615
37 91 409
877 444 81
604 6 968
497 415 896
794 319 936
611 485 65
305 117 270
139 102 366
824 535 998
39 259 673
16 550 426
268 51 872
884 52 810
360 504 500
479 447 424
289 925 639
112 785 636
579 50 412
261 199 196
204 497 778
576 692 919
910 176 272
104 498 64
886 546 87
71 461 473
17 673 503
9 117 682
573 851 343
604 678 255
703 414 880
369 198 276
314 397 705
709 679 763
608 873 470
722 778 457
809 929 411
654 600 584
202 653 119
366 130 382
96 293 410
363 803 117
402 333 393
599 333 552
335 793 89
397 346 17
185 772 383
690 930 32
340 119 751
25 89 379
525 494 272
739 453 359
64 637 10
367 401 198
643 231 87
108 638 934
901 727 737
803 410 134
358 665 516
271 192 172
846 928 737
636 110 119
834 718 225
485 920 195
734 46 797
227 96 832
859 808 556
592 99 344
457 671 274
249 449 567
248 758 36
329 742 299
832 663 862
617 216 547
482 547 580
746 672 76
190 365 715
528 593 185
619 897 813
16 502 700
218 248 568
609 551 353
11 463 404
939 855 820
515 897 13
922 667 166
207 525 826
736 120 50
505 767 595
412 482 329
509 2 450
522 329 324
325 851 874
910 567 569
894 848 370
352 691 41
617 712 118
810 412 187
357 156 870
256 323 282
654 458 776
650 639 259
214 598 945
4 457 880
3 496 391
74 865 525
306 587 775
145 275 627
661 165 114
400 439 477
19 488 555
841 793 390
644 64 457
175 303 709
631 832 604
312 303 436
553 555 470
573 302 27
616 268 134
202 385 726
403 856 972
477 413 374
53 80 611
465 621 470
429 552 7
854 743 94
262 810 95
174 768 728
500 643 174
894 858 557
527 38 476
355 4 329
345 612 990
584 658 690
62 180 8
484 204 892
242 101 952
631 926 443
756 47 48
1 334 240
160 387 428
236 57 710
465 861 403
133 285 968
585 268 64
654 502 752
708 514 202
928 483 468
598 160 844
622 59 636
732 337 688
919 125 180
279 783 462
28 126 740
36 327 835
116 23 349
333 87 171
705 527 842
128 378 209
610 740 77
119 274 753
29 298 827
49 323 970
8 650 950
874 810 773
759 373 544
812 41 418
634 625 7
532 22 777
888 573 851
258 836 2
173 474 358
19 50 583
470 698 361
596 873 181
453 380 208
342 108 320
881 225 947
823 446 60
76 148 584
827 33 381
931 906 509
820 623 197
810 574 537
30 134 939
235 716 54
420 192 491
284 166 105
102 825 182
571 629 616
493 508 553
87 198 816
104 466 925
814 599 39
121 931 477
225 842 17
306 929 759
164 491 165
286 54 399
639 410 802
791 774 382
68 223 453
12 916 773
151 871 827
882 878 285
416 707 559
88 896 747
646 465 790
608 492 434
97 510 913
268 713 569
541 154 859
524 684 108
930 19 815
642 306 401
762 466 829
464 416 558
923 342 99
518 581 479
257 273 289
321 873 636
375 804 874
213 444 1
321 572 576
256 18 41
274 728 389
620 227 655
298 412 808
222 707 365
194 539 550
618 217 205
120 703 764
398 806 562
386 149 112
255 708 24
639 227 903
601 249 23
65 823 93
933 868 989
550 794 301
697 228 898
32 156 424
489 514 651
636 629 774
554 553 832
210 130 380
675 837 69
64 739 995
22 56 756
19 113 814
217 164 230
793 570 859
733 890 911
151 153 732
80 293 454
85 438 898
580 730 734
214 315 233
325 311 693
865 4 6
567 176 791
588 369 354
741 503 124
323 525 281
40 745 395
203 231 846
561 487 952
338 214 246
890 596 63
666 154 406
203 344 826
616 12 232
256 237 484
683 263 414
739 317 762
71 175 215
936 466 142
503 137 688
748 870 4
198 829 876
335 783 252
234 191 297
777 668 705
704 910 179
481 181 167
96 222 962
137 309 849
71 238 226
678 73 915
884 89 79
42 917 310
13 936 701
755 402 16
801 659 889
167 296 471
811 147 652
924 150 240
837 315 828
244 311 286
27 171 922
721 331 457
598 465 598
330 380 207
247 862 983
95 728 247
74 563 971
362 634 886
400 878 476
149 741 409
114 4 878
286 158 39
236 914 225
82 385 43
17 764 798
706 200 399
269 507 17
299 763 344
613 177 992
324 304 150
205 604 913
765 878 780
595 194 594
865 579 759
676 915 389
624 787 802
622 397 119
276 703 598
75 304 80
590 898 736
590 283 389
616 546 284
817 180 405
760 476 36
363 499 424
216 254 116
312 286 858
39 181 521
583 726 338
131 493 542
108 757 255
450 409 785
805 39 744
474 603 40
48 133 697
421 75 412
187 198 727
776 758 336
69 356 551
710 73 165
597 72 905
369 434 357
780 837 217
902 711 806
826 654 601
169 870 820
619 455 974
543 869 689
300 902 671
505 209 883
42 901 675
790 671 805
243 83 15
22 856 736
509 135 572
113 719 412
481 721 298
263 492 564
896 212 69
393 829 924
800 63 916
175 912 776
851 347 660
68 548 203
868 626 737
482 481 900
290 410 856
566 151 919
95 306 649
366 735 72
680 482 361
828 573 133
24 165 444
683 860 496
501 365 301
713 432 748
11 544 78
699 370 809
693 530 765
23 454 2
375 629 821
866 767 738
138 839 452
768 907 649
7 685 349
5 6 964
277 680 711
87 594 980
221 437 288
130 470 597
91 503 733
346 329 352
464 613 263
810 201 168
568 148 202
11 708 375
7 16 967
630 91 548
571 522 170
308 940 408
910 836 283
440 11 693
134 401 438
903 498 531
822 813 3
266 478 628
731 192 238
436 511 645
127 434 160
389 371 570
30 142 475
729 142 846
555 338 508
292 440 606
49 379 334
533 634 752
1 620 190
920 698 821
202 392 511
574 514 914
118 404 118
95 618 289
682 871 873
424 715 986
211 30 91
255 636 829
934 158 799
902 821 799
42 91 195
405 677 942
590 607 14
765 286 3
65 313 508
522 216 819
223 62 175
752 235 427
564 164 637
157 795 844
666 696 2
569 41 816
202 834 139
654 768 479
872 286 227
105 153 106
879 794 321
172 895 961
451 196 148
574 185 878
552 28 494
398 714 691
871 140 73
524 770 170
242 569 170
120 919 747
798 232 420
626 479 284
409 228 270
11 587 401
408 623 775
508 335 750
97 447 844
866 301 71
21 532 670
406 575 109
184 457 356
619 213 600
881 713 374
222 255 666
113 690 55
22 66 266
760 158 478
186 213 864
62 200 462
233 70 444
503 265 548
830 70 450
272 647 511
505 145 307
789 777 630
492 810 73
78 161 372
330 381 490
359 504 898
512 786 486
525 19 482
780 646 109
7 234 210
128 595 988
226 207 825
405 360 56
805 219 861
330 639 286
345 790 988
511 560 956
686 777 325
128 164 414
385 431 18
615 168 715
921 879 241
133 201 877
397 643 621
513 620 48
264 367 455
553 685 669
343 817 732
755 443 903
364 794 371
388 737 326
71 400 981
612 866 181
879 835 420
804 289 666
157 594 92
185 232 662
863 183 899
136 465 382
240 385 746
482 740 545
782 849 985
503 291 122
234 207 939
656 369 499
513 631 195
851 96 247
79 88 361
802 624 649
384 415 75
222 796 885
69 141 839
400 398 377
910 876 392
783 159 469
364 332 358
560 667 375
471 911 628
836 536 395
460 547 711
383 644 827
597 785 38
565 451 964
138 247 292
886 51 151
414 591 66
157 343 265
75 645 78
15 278 187
542 75 391
409 417 156
181 374 313
407 423 254
901 447 394
106 583 989
267 535 949
133 632 966
245 37 319
622 603 252
852 435 352
143 568 233
375 576 918
817 849 771
190 430 322
470 696 330
492 346 844
160 843 633
250 190 944
790 430 462
565 340 599
26 629 486
138 881 313
192 63 717
506 466 295
887 81 374
672 862 662
612 934 816
54 656 21
501 724 759
267 299 910
179 229 574
878 72 97
479 667 890
478 770 188
864 641 469
547 936 991
60 736 174
411 368 350
702 24 224
83 729 183
50 630 704
300 921 6
817 313 823
52 129 761
46 865 604
390 45 125
912 605 848
596 121 24
780 334 341
402 654 712
47 599 557
400 145 876
361 456 669
904 420 612
528 639 604
65 777 293
398 64 350
351 65 962
610 618 805
319 866 644
681 872 320
862 93 325
579 77 862
211 322 147
564 934 448
244 373 35
267 6 452
209 551 239
145 932 544
31 516 792
753 138 570
415 50 143
415 782 785
380 763 24
172 388 564
808 382 418
844 242 194
824 879 63
422 222 737
654 726 765
754 900 346
447 517 654
788 485 939
584 426 873
819 140 950
170 230 837
36 203 53
132 294 592
248 225 465
647 211 724
61 495 780
189 466 202
14 41 401
429 352 216
177 148 624
491 290 76
689 283 471
276 27 171
193 542 497
372 210 504
690 850 246
55 724 82
850 600 834
916 72 960
335 440 459
547 675 764
292 203 634
251 669 607
123 735 635
395 881 106
807 139 334
401 804 305
622 88 182
636 151 416
285 473 917
679 113 912
379 784 619
205 339 372
250 911 160
267 363 157
127 128 73
521 181 133
395 315 434
647 170 866
636 646 734
712 307 631
240 866 962
570 739 826
806 393 387
752 380 572
161 842 931
782 755 60
921 693 710
37 156 184
763 890 376
662 86 803
258 438 472
426 328 239
544 114 240
625 455 954
450 564 301
890 705 383
545 81 509
236 38 289
768 325 166
153 320 301
53 374 833
484 130 218
74 712 243
743 887 758
356 431 549
443 642 359
588 354 310
611 918 30
380 589 490
865 887 715
352 553 334
149 575 777
409 232 510
615 506 744
194 314 400
33 369 869
85 117 109
936 348 88
140 254 645
575 195 217
426 243 89
81 439 246
78 609 351
671 538 121
154 864 623
210 828 989
321 192 848
475 36 175
639 827 659
473 291 768
527 510 394
226 44 269
365 376 58
623 361 926
431 751 675
474 174 694
892 394 379
532 382 976
554 801 94
256 755 915
246 606 705
156 335 733
626 570 499
63 627 14
133 827 433
435 85 585
113 785 499
71 816 348
397 497 420
389 8 672
103 106 44
894 142 456
555 791 395
294 18 270
428 381 403
570 24 735
827 876 53
215 11 151
34 538 212
334 779 924
94 610 717
198 665 198
16 589 743
938 789 934
241 628 997
506 100 73
150 638 46
178 219 32
492 251 338
438 888 191
893 929 124
693 512 941
216 592 863
279 58 812
251 831 805
846 11 861
913 330 428
512 232 509
718 770 452
874 286 954
210 253 282
112 909 806
298 188 178
35 537 334
718 415 250
718 365 262
702 77 717
755 259 64
531 873 832
329 601 783
128 669 612
65 338 225
201 321 144
499 164 445
488 58 875
106 520 568
312 699 84
363 189 606
98 201 769
117 390 784
237 842 646
81 611 595
69 427 877
305 401 920
563 114 783
247 509 748
574 452 111
561 197 991
919 936 723
138 345 83
926 167 810
219 478 287
49 837 147
52 328 389
761 804 602
867 566 438
258 912 137
163 402 15
308 750 163
831 446 746
51 181 293
196 595 136
692 352 546
504 115 830
382 352 934
233 742 776
410 432 229
409 384 101
545 839 785
9 757 377
627 347 540
902 812 114
629 824 54
267 740 185
675 623 617
45 615 319
857 879 314
69 103 245
831 798 556
171 268 235
7 237 77
17 32 279
589 467 903
602 449 602
892 275 496
826 183 225
171 249 151
805 392 513
688 43 75
127 286 729
231 920 394
142 686 79
424 410 800
386 721 367
342 374 796
814 766 647
647 90 611
305 178 870
28 708 27
894 212 114
32 847 597
139 795 143
133 259 334
659 270 346
461 284 846
242 657 362
741 423 385
181 733 260
313 574 335
476 340 913
281 569 562
791 537 580
33 400 779
800 302 477
493 202 844
398 263 812
209 513 842
558 761 25
318 897 941
52 832 460
839 550 611
691 566 9
57 588 842
679 298 11
752 144 751
638 155 538
806 782 422
575 907 742
315 155 232
182 1 806
650 412 272
442 328 850
547 202 50
439 179 569
654 878 407
187 442 959
186 624 834
644 941 935
33 418 4
292 659 523
434 654 758
150 459 267
411 362 832
693 323 168
71 239 652
360 112 462
146 265 527
276 424 486
296 291 729
124 748 407
484 74 371
731 65 335
287 305 825
508 936 867
3 629 721
724 11 152
69 503 570
355 722 618
255 922 768
337 789 336
299 184 383
895 160 76
115 74 750
147 889 205
222 140 702
208 231 226
745 557 300
475 183 587
466 932 364
918 177 120
727 488 80
382 602 545
376 657 526
464 415 729
928 46 349
740 274 298
768 72 49
314 318 427
299 347 628
189 244 848
568 147 732
627 666 895
702 264 118
262 784 351
915 134 327
842 482 722
582 176 27
47 195 765
758 315 718
491 766 482
403 907 459
270 397 804
13 235 183
194 584 572
61 580 24
267 335 732
882 582 145
637 854 590
497 482 830
31 711 22
789 239 311
557 855 538
389 858 998
129 94 417
185 759 613
667 207 628
184 625 377
169 211 426
924 334 853
266 409 967
250 912 601
18 491 780
377 736 458
258 326 918
430 606 144
50 236 878
915 209 259
162 154 398
253 520 536
122 528 770
789 256 683
120 420 912
851 564 399
461 295 682
148 824 282
918 546 596
134 261 444
894 466 640
317 476 2
289 643 44
629 163 99
811 750 211
80 941 84
127 470 217
140 241 925
210 316 887
119 641 23
877 657 199
7 49 464
391 712 163
360 175 479
908 121 89
547 788 686
636 303 818
866 447 546
845 181 813
595 817 689
147 94 442
107 177 295
406 252 125
168 271 807
94 458 744
51 702 985
610 518 596
94 215 776
221 579 658
595 840 860
153 188 855
598 373 136
33 402 795
98 785 925
30 229 877
193 465 489
333 531 258
144 8 621
91 748 590
899 835 810
224 592 360
283 757 794
419 620 581
878 741 436
227 128 278
79 471 875
454 381 202
888 776 900
576 191 157
142 671 664
246 439 822
678 822 277
534 766 725
367 530 638
285 590 541
620 772 177
770 415 920
211 545 178
791 330 127
925 179 58
94 389 579
48 749 630
733 430 463
422 826 10
631 214 718
606 385 600
668 410 286
207 304 663
289 334 422
593 411 391
86 880 497
162 586 383
751 627 897
795 307 992
743 45 824
27 185 402
686 350 693
263 353 517
286 365 123
516 655 44
384 499 646
125 253 513
28 906 94
526 422 711
490 560 564
839 198 24
40 47 689
593 650 768
583 424 185
380 486 844
640 819 6
780 608 993
4 898 447
82 627 835
356 294 940
337 270 756
644 758 587
695 550 743
14 269 372
23 37 566
542 114 122
872 647 397
722 620 185
263 220 155
78 337 215
795 94 717
478 252 879
20 123 751
223 71 490
529 366 416
381 309 75
347 823 699
304 105 791
693 547 824
811 670 683
30 166 77
797 681 954
324 937 720
285 334 18
641 323 481
768 31 86
426 60 598
269 351 639
764 900 613
308 874 420
564 780 250
296 214 212
25 94 848
808 714 237
315 762 101
111 566 143
100 174 424
457 399 927
885 628 171
258 617 306
902 97 418
374 592 687
377 236 99
142 370 606
655 921 156
601 625 905
105 215 111
826 203 686
670 35 227
715 99 756
562 848 360
196 510 552
667 611 741
521 412 45
649 409 524
13 867 384
87 256 999
863 741 824
1 644 85
696 302 340
696 654 228
99 521 812
732 209 181
539 771 610
12 812 537
615 507 158
107 673 452
519 713 514
670 805 743
14 426 569
501 879 776
26 656 920
502 784 245
108 139 343
715 831 298
379 449 772
72 685 568
515 626 331
4 682 674
6 252 994
265 233 773
851 653 357
481 784 916
345 769 566
819 145 351
333 834 145
10 22 766
320 539 48
620 46 786
236 296 257
196 181 982
569 316 326
805 376 433
268 355 96
558 27 464
610 746 874
515 206 858
482 586 496
366 499 607
158 444 304
750 833 313
794 707 931
378 743 807
56 594 491
651 253 491
154 348 869
127 414 509
832 298 48
851 300 222
524 403 316
233 738 707
201 244 438
786 409 261
200 118 71
898 115 317
814 391 501
849 751 835
570 585 717
671 820 306
638 27 681
904 889 88
4 40 898
703 277 999
824 570 724
887 112 101
546 675 898
754 190 468
131 42 148
795 657 627
835 49 56
424 203 406
200 813 241
364 308 202
267 540 54
559 894 391
826 800 890
541 264 792
96 736 605
702 373 954
740 645 13
926 940 631
737 514 567
105 445 345
319 431 867
386 35 398
683 152 28
578 434 420
133 198 36
425 916 404
801 503 379
291 925 536
103 853 354
840 456 931
912 882 917
35 110 874
578 191 565
302 719 388
393 84 1
514 632 93
861 571 983
783 145 441
835 343 295
451 591 722
77 546 957
548 175 762
723 521 137
424 100 185
190 71 396
589 637 566
836 136 552
642 852 888
686 194 151
301 667 593
699 838 945
699 789 253
297 578 535
543 124 672
587 461 16
82 499 113
222 438 757
311 378 550
202 650 909
378 163 379
774 737 550
773 740 123
53 767 142
840 817 378
600 902 786
319 257 731
146 315 345
418 481 771
66 908 337
743 617 678
725 55 330
580 768 458
669 773 993
675 894 624
800 109 533
277 865 378
936 231 692
589 113 11
46 176 363
202 651 599
534 562 853
598 935 184
328 117 468
822 791 627
410 798 103
340 572 350
598 754 478
463 31 314
740 60 156
127 645 44
25 39 236
690 843 289
67 821 156
535 937 253
7 577 54
852 827 312
90 132 231
600 870 848
522 338 27
927 577 462
523 905 572
676 37 498
561 221 931
907 58 550
724 47 793
465 376 702
688 544 752
728 504 689
168 232 868
353 537 106
615 450 349
581 513 404
565 725 417
240 341 763
762 484 309
629 691 196
111 209 636
903 101 483
814 22 514
651 599 975
91 631 633
866 394 942
912 849 451
467 562 252
468 304 464
599 625 691
682 188 793
399 493 511
869 351 652
16 690 737
28 156 297
567 568 660
259 589 460
863 714 840
301 375 528
797 408 962
339 654 710
639 818 190
336 587 461
482 666 370
331 561 420
24 84 613
174 924 477
142 491 651
290 349 46
805 647 970
585 102 799
750 22 218
300 912 609
144 560 903
433 812 880
823 914 76
292 828 492
205 176 578
737 410 796
313 449 784
475 583 174
556 44 589
408 647 154
433 769 839
661 696 703
873 583 680
517 759 566
774 470 390
642 105 175
539 911 428
65 560 205
62 859 693
625 9 2
880 221 565
728 200 481
383 797 204
595 805 251
9 758 74
410 786 371
276 788 721
325 824 848
818 235 727
707 887 425
165 289 483
726 220 900
805 380 222
653 605 989
806 729 632
304 40 944
340 279 568
4 353 673
876 148 935
279 623 391
728 319 881
262 551 588
280 118 192
54 112 949
81 98 238
645 913 397
823 18 209
680 261 301
426 76 764
794 453 701
643 761 772
151 292 832
49 148 583
35 738 792
713 34 504
537 549 671
591 193 812
715 390 309
205 669 25
154 587 842
275 638 235
207 583 829
401 541 313
908 443 795
205 486 833
490 41 910
356 218 685
739 102 107
287 666 811
654 914 639
761 613 283
877 771 629
361 574 279
646 224 203
117 90 495
498 426 858
468 900 254
857 715 512
821 155 202
661 245 825
910 740 132
269 600 414
181 389 257
618 406 271
41 288 283
13 59 528
205 154 115
6 713 393
156 724 932
559 66 229
465 508 5
180 572 947
137 313 978
826 491 811
464 671 562
780 795 985
555 642 913
206 437 366
90 285 312
296 367 5
708 115 485
87 190 406
533 220 939
644 299 804
374 396 280
621 279 763
227 929 709
129 933 805
876 637 853
890 367 787
13 15 989
245 916 142
96 184 599
876 688 396
316 23 240
932 839 297
335 831 984
246 384 981
344 545 413
636 148 540
919 836 320
940 285 721
425 930 137
22 658 993
216 464 721
20 122 325
74 98 612
278 509 568
720 774 416
232 734 739
27 31 619
845 916 567
219 733 51
467 296 845
418 517 544
481 133 241
681 857 159
113 651 687
814 864 822
632 664 71
727 924 440
805 320 257
751 438 719
106 617 54
884 530 11
51 923 357
111 441 844
460 481 791
181 148 288
531 100 599
346 840 307
83 32 638
917 328 643
159 126 35
347 686 924
633 622 715
318 512 511
549 202 484
531 421 379
572 292 48
887 685 81
825 358 67
389 792 745
761 238 629
790 320 250
595 694 980
411 830 272
93 794 672
502 921 976
77 689 53
613 469 855
133 752 845
317 790 702
500 648 110
580 24 73
558 448 768
507 111 997
150 494 663
729 940 221
172 773 545
179 636 75
656 573 984
708 767 233
923 523 623
124 562 350
482 154 74
746 243 903
892 543 753
269 919 674
886 811 556
735 609 310
205 615 336
859 912 427
228 393 43
355 565 858
113 179 935
636 419 105
329 218 994
405 848 827
689 582 233
509 397 569
521 551 593
551 636 860
888 384 221
87 767 606
291 201 693
890 505 263
533 780 897
276 339 965
920 847 334
506 663 557
595 736 252
641 724 510
159 634 898
454 627 163
229 515 833
824 775 671
539 354 399
281 576 642
256 30 654
792 285 820
58 345 963
75 193 383
93 22 748
134 754 753
570 451 17
58 70 158
847 314 132
462 119 919
865 82 224
300 345 445
193 941 466
49 667 557
929 680 696
741 452 920
923 207 198
168 377 403
429 689 507
516 799 33
29 293 461
147 237 106
436 120 49
838 515 67
488 114 516
868 164 37
385 189 257
760 168 598
377 194 15
304 1 616
82 44 229
335 407 740
602 209 871
799 829 837
418 84 287
419 853 106
125 129 8
52 800 141
158 230 995
150 745 878
192 161 776
333 885 278
95 89 166
170 740 893
813 395 323
64 424 344
489 411 407
47 516 150
850 892 684
600 26 622
245 800 212
680 798 657
600 683 886
786 4 394
721 53 143
307 166 1000
234 678 843
692 654 382
391 183 132
299 295 570
223 521 322
552 80 978
732 632 434
691 193 826
677 839 765
397 648 899
936 520 265
650 841 520
132 805 244
700 906 453
285 34 639
158 372 281
876 454 328
905 121 48
499 52 469
10 830 468
329 848 158
873 188 112
59 122 428
877 172 696
27 80 490
613 884 76
567 169 623
297 126 941
123 213 4
561 808 579
519 60 605
815 791 633
856 720 648
808 521 552
47 636 752
780 165 643
393 401 313
700 796 330
400 937 547
536 30 563
863 277 602
48 374 455
245 270 788
446 627 196
9 324 991
913 876 333
860 936 268
184 758 660
755 53 155
669 754 377
98 550 941
794 732 1000
530 712 733
748 923 825
905 332 116
542 928 734
724 629 337
1 197 857
152 118 709
614 421 222
770 727 54
142 676 198
824 631 83
137 647 277
28 835 253
285 451 836
404 377 504
162 422 912
113 128 952
863 444 27
163 439 751
386 132 642
184 241 552
47 46 242
788 333 906
284 289 238
554 140 192
142 764 207
583 577 857
376 613 341
901 702 530
823 79 695
66 134 545
221 240 850
471 51 217
726 671 227
561 862 485
31 216 473
584 563 848
224 112 339
740 421 598
689 635 370
662 245 681
225 693 565
939 36 879
580 733 273
669 17 882
16 795 802
177 307 927
879 692 3
718 85 612
29 532 205
683 451 890
507 466 788
324 180 695
57 624 272
357 486 825
152 822 278
224 477 195
677 525 280
690 483 38
937 275 681
471 418 635
718 886 710
219 310 400
785 837 909
7 8 184
806 40 847
270 97 205
321 253 152
682 593 557
576 675 179
608 932 575
693 421 782
615 31 935
353 216 778
108 586 952
654 448 992
824 450 671
310 276 302
869 628 720
204 632 74
113 162 69
556 753 781
713 69 461
288 96 756
203 692 16
8 715 843
183 85 906
72 213 483
599 932 753
668 58 540
565 399 96
74 84 68
721 589 555
385 220 415
275 382 781
753 11 601
22 633 614
598 913 992
343 707 603
55 311 42
533 931 900
146 857 313
709 239 77
105 198 391
866 30 274
269 438 715
917 298 919
805 31 838
766 20 658
342 177 468
88 894 736
821 766 813
364 372 507
883 850 453
87 554 619
466 501 332
700 825 405
76 63 532
212 153 667
136 382 549
3 328 27
297 259 756
6 646 976
897 816 920
521 531 282
72 465 83
380 504 122
859 218 879
438 375 896
531 236 750
626 490 661
457 5 446
537 702 221
172 826 959
109 878 702
265 241 659
73 173 562
199 94 35
65 191 51
903 305 247
687 208 788
921 622 713
52 781 985
288 451 440
754 914 517
85 26 702
219 774 174
399 106 333
40 873 658
132 647 197
580 917 781
546 221 704
364 765 583
45 749 477
633 340 279
214 858 689
54 905 716
559 57 267
53 688 9
86 352 230
493 433 821
381 853 993
722 360 19
68 621 695
645 732 771
868 834 616
801 769 201
656 379 578
45 190 68
727 734 179
273 618 275
44 679 683
368 164 913
266 443 732
766 71 634
365 494 706
898 28 95
821 615 789
937 343 595
420 848 610
80 743 481
349 411 978
731 289 80
639 926 707
284 736 395
530 3 36
466 913 259
271 720 856
510 158 660
789 813 802
10 142 187
161 269 670
677 225 590
228 233 371
674 631 971
868 435 156
644 108 706
205 590 65
374 483 483
461 427 674
691 729 468
75 495 369
860 747 176
625 734 646
241 339 792
864 462 500
597 393 5
133 783 895
523 696 644
79 619 755
10 421 4
308 221 41
508 73 482
359 783 297
820 417 549
10 52 847
337 893 841
870 472 545
245 166 829
213 759 933
119 615 827
188 638 805
184 124 557
515 882 748
313 461 808
395 631 318
406 474 469
91 228 223
338 718 89
230 211 367
491 219 613
401 140 2
440 359 845
152 467 608
75 757 995
736 280 662
236 785 89
289 448 275
180 804 576
81 217 819
664 864 971
162 365 424
195 528 180
565 338 538
62 932 177
272 40 856
144 61 333
902 845 948
312 343 708
21 865 898
907 867 558
623 77 466
369 182 833
762 450 674
53 741 176
133 64 542
99 640 486
21 930 48
462 188 120
371 628 323
125 74 889
269 938 866
498 710 812
322 856 150
51 75 686
878 255 680
225 763 628
117 657 293
812 800 373
516 538 595
201 735 983
236 770 824
309 438 293
222 879 401
582 787 560
898 56 44
230 533 988
740 318 639
659 574 728
47 927 360
138 926 186
788 873 768
208 256 671
389 400 30
406 443 203
156 321 88
46 368 257
52 301 664
5 529 45
211 490 556
681 622 189
803 435 916
464 822 981
636 240 185
90 732 456
147 92 236
350 197 888
373 433 151
695 278 629
690 330 128
479 166 123
49 462 280
726 829 17
291 753 786
52 171 231
306 559 72
576 77 235
414 401 532
542 105 244
897 158 909
39 768 192
456 113 969
185 379 873
354 14 614
787 16 49
802 536 230
11 53 366
242 631 6
348 114 169
880 513 255
230 9 306
646 302 619
768 10 595
519 883 489
708 331 147
183 756 231
479 653 80
814 530 910
145 934 750
1 25 368
75 85 206
124 481 791
425 580 721
855 72 430
785 501 626
224 921 112
795 39 812
797 357 604
32 191 955
645 253 9
532 740 179
665 906 215
135 941 335
688 523 190
442 246 775
721 69 672
901 389 228
904 674 706
477 383 659
637 739 671
413 512 438
209 16 989
115 274 503
894 620 794
655 484 916
897 164 565
1 789 74
758 472 190
573 146 372
10 107 352
785 271 980
700 550 460
483 96 224
643 937 935
419 221 457
3 678 427
617 676 913
381 731 741
335 934 471
596 702 945
48 608 122
771 600 509
79 106 934
203 601 382
56 801 926
776 418 969
881 149 300
205 405 962
104 536 404
660 580 126
226 502 324
487 453 604
889 897 745
399 635 68
695 271 271
125 364 422
877 572 383
608 94 695
29 557 356
85 133 530
321 397 180
550 149 275
702 536 692
591 916 335
663 307 207
363 397 244
794 41 525
609 140 936
370 794 138
620 841 143
773 36 46
673 619 826
676 464 799
215 452 102
760 824 556
516 462 520
676 20 888
929 588 784
132 776 266
922 153 282
45 467 425
289 824 191
562 429 509
35 827 611
416 726 930
265 421 231
188 690 653
805 651 621
183 935 886
319 632 462
911 261 494
413 599 1
3 363 504
167 798 922
710 168 406
451 868 684
633 865 330
213 939 435
461 304 28
924 575 899
160 362 718
317 919 319
227 54 785
351 792 757
690 715 701
369 118 885
320 850 999
16 844 18
929 15 302
804 426 644
2 508 896
187 539 216
3 55 798
390 689 633
818 700 269
801 339 776
668 768 986
286 237 742
855 212 99
835 21 294
583 604 969
156 537 481
391 766 895
549 790 632
920 188 504
461 484 68
790 295 47
503 678 979
191 460 430
195 50 256
607 32 974
599 136 544
257 160 225
928 933 802
484 700 340
930 839 30
508 460 204
603 890 988
547 684 123
341 819 548
408 643 404
363 67 90
10 680 819
940 88 124
133 875 685
212 706 214
236 473 567
93 628 465
338 730 63
676 222 400
378 275 466
57 721 124
698 606 835
725 804 397
607 82 870
131 669 736
551 480 494
150 297 18
612 14 947
466 109 474
80 811 996
412 399 483
250 87 278
156 158 377
208 475 388
132 653 656
675 543 771
335 377 720
358 812 335
62 546 574
670 600 692
798 194 62
31 362 588
871 410 192
253 795 69
98 276 151
679 284 904
689 603 729
164 154 269
414 450 327
447 371 470
44 5 535
11 18 14
437 514 574
939 399 340
554 759 888
364 402 639
554 632 906
785 875 946
864 699 610
182 527 846
288 623 203
193 786 176
338 656 929
100 207 759
12 617 187
887 514 91
291 333 475
522 92 541
48 511 680
627 643 781
205 848 835
65 107 379
382 365 793
520 34 401
737 22 554
148 322 90
384 223 223
6 75 931
703 199 2
435 271 148
55 731 289
829 150 668
406 799 7
898 363 412
170 477 891
110 911 1000
703 827 662
189 226 327
391 779 16
796 553 485
420 588 213
11 407 888
578 457 981
717 551 771
933 809 433
784 61 144
687 820 43
843 884 377
791 399 385
600 478 523
823 628 547
515 627 883
29 568 994
24 263 764
360 625 257
625 286 551
498 718 310
325 898 728
651 841 44
412 229 897
483 419 892
578 415 885
925 98 564
465 55 278
742 204 208
592 614 734
821 104 100
174 514 983
18 810 458
882 124 966
449 406 221
514 438 897
105 116 726
30 833 624
164 358 405
148 442 241
142 283 867
669 865 67
84 298 296
438 512 442
121 354 45
710 818 994
407 386 738
675 161 641
664 459 308
907 374 329
38 95 250
637 177 897
747 201 125
749 302 239
105 117 104
480 870 589
494 605 285
659 110 66
633 587 641
569 741 74
412 131 61
413 654 462
215 347 10
68 627 117
878 925 48
670 415 493
685 797 958
893 11 120
546 153 579
504 141 11
883 699 854
171 256 703
647 676 136
21 145 67
198 859 578
527 862 640
353 450 643
41 857 638
78 874 451
823 107 709
241 392 61
327 428 466
750 610 849
824 902 458
353 609 195
242 941 281
90 281 670
854 355 450
59 277 101
602 554 184
156 806 294
118 276 990
928 397 21
63 635 482
564 744 209
858 708 883
221 261 232
268 649 752
900 695 946
911 855 251
695 589 735
688 880 413
109 238 487
610 589 926
616 465 175
93 118 589
299 514 803
260 91 482
470 761 898
266 87 544
536 878 666
857 104 397
105 154 572
731 384 473
11 809 413
182 702 409
70 792 248
251 154 923
547 329 793
464 71 581
515 634 291
328 883 637
220 34 576
840 841 112
169 242 72
940 789 87
907 384 68
433 577 422
594 307 845
301 701 494
197 488 183
693 113 541
321 278 688
81 97 600
13 158 245
670 487 341
265 460 948
236 498 986
61 199 165
498 509 634
77 30 62
389 918 210
1 47 145
368 283 672
226 174 190
144 462 552
57 115 581
274 519 78
297 811 544
427 110 636
506 416 303
457 685 737
81 711 835
924 379 729
589 299 824
106 855 686
650 434 732
379 10 977
599 925 739
352 520 528
418 863 750
563 508 375
219 337 950
912 762 399
284 373 462
462 611 747
341 388 849
640 53 29
11 444 454
11 736 515
427 172 139
137 170 918
858 582 918
709 308 538
401 611 429
724 141 159
82 489 295
225 669 813
217 17 275
162 448 954
852 817 872
567 675 300
712 249 814
329 515 331
388 634 748
4 290 673
692 919 652
84 41 112
35 727 50
310 899 257
633 836 154
284 879 652
303 798 844
170 533 958
61 757 809
47 342 390
811 457 613
769 641 438
156 223 803
613 361 734
63 930 721
337 874 340
164 888 484
471 792 312
651 429 779
873 751 837
238 578 842
119 898 135
365 406 297
931 770 272
711 502 697
402 81 678
274 49 555
724 664 201
8 541 720
664 228 432
867 821 72
322 330 585
939 342 960
132 567 946
382 392 603
720 519 440
389 495 28
624 737 902
412 9 54
623 426 712
510 192 603
290 15 235
462 193 228
153 850 659
242 233 392
35 502 849
543 7 810
488 133 533
643 666 236
687 22 953
706 78 490
572 614 821
451 233 488
771 703 538
849 283 641
701 430 852
806 354 331
61 520 51
105 188 445
850 191 30
598 335 195
310 436 764
485 722 884
617 937 490
832 910 925
647 729 903
133 229 504
274 157 444
748 892 856
102 670 43
332 843 337
759 180 11
420 334 455
373 808 811
232 803 925
591 144 807
860 292 680
599 397 430
164 869 810
878 529 70
695 628 717
847 717 130
139 839 428
148 454 612
489 487 254
556 330 959
845 895 799
63 26 380
406 115 942
481 844 26
747 359 925
21 652 885
796 159 195
694 823 708
334 665 291
735 827 317
234 61 8
645 687 851
639 742 393
437 867 593
397 687 915
875 860 494
238 24 684
221 928 139
813 228 773
486 669 151
896 815 855
431 449 682
665 492 515
233 312 185
841 795 845
103 393 833
242 332 526
325 923 293
277 396 499
411 340 739
177 205 807
450 654 646
24 480 277
587 242 591
498 831 575
262 60 716
623 328 912
797 132 270
734 289 459
686 483 302
829 784 429
281 120 902
403 256 951
55 135 816
411 728 444
40 412 617
677 42 262
211 547 331
401 913 115
221 783 281
590 42 242
883 105 446
673 873 698
401 485 492
521 735 525
359 122 480
486 318 67
436 91 613
858 125 546
914 111 43
714 696 143
860 275 133
513 777 595
144 474 505
240 211 612
143 210 126
613 672 559
474 855 389
711 520 851
460 145 95
724 467 505
218 936 240
796 529 470
348 175 988
362 429 777
858 705 980
345 543 361
800 206 655
778 703 736
248 98 288
626 560 682
862 825 533
99 754 830
66 244 40
109 277 666
236 21 850
94 561 119
393 524 335
515 740 663
155 30 105
870 658 940
678 821 142
67 228 330
274 809 137
112 439 849
804 329 95
719 169 370
517 512 532
296 842 501
423 334 468
741 260 721
402 418 678
375 4 633
830 277 871
491 893 612
769 154 224
62 284 788
581 89 681
350 561 380
745 507 248
900 457 959
893 627 753
874 336 469
7 83 895
197 808 787
64 824 437
707 743 503
100 42 775
876 617 488
620 220 430
905 175 847
99 56 911
752 62 153
681 539 506
913 680 560
249 572 495
670 68 578
451 569 634
53 497 151
925 241 263
912 400 293
780 106 534
690 713 31
121 406 740
201 675 924
222 361 201
616 836 87
142 260 164
792 883 571
64 742 414
531 919 267
128 488 347
749 617 330
531 784 772
480 580 589
894 325 272
512 250 643
837 941 294
449 592 483
41 730 695
516 562 604
599 404 99
749 59 867
473 550 538
229 518 910
908 164 208
143 807 867
246 348 361
574 823 576
202 576 995
432 228 584
12 379 678
58 768 104
232 434 324
42 317 820
158 870 412
502 772 241
258 783 893
265 836 159
813 785 270
455 92 992
352 509 828
195 156 321
259 469 307
751 903 35
779 732 45
318 779 189
787 196 478
714 872 210
597 246 427
646 817 412
126 374 440
252 176 221
357 298 332
852 506 2
642 194 402
935 482 219
186 204 475
525 316 813
55 604 294
37 660 415
42 615 707
898 437 332
771 289 43
33 84 387
143 744 730
818 52 661
20 497 228
233 856 228
340 22 265
320 223 122
416 627 908
629 630 198
716 727 731
268 559 371
792 360 891
298 404 35
758 64 931
512 518 445
552 420 232
565 367 581
391 434 806
439 202 628
707 352 250
48 416 872
638 886 775
310 637 561
214 772 822
485 479 367
470 388 693
478 172 495
792 76 258
2 150 451
787 736 957
278 136 87
314 379 530
718 570 877
350 910 801
754 59 656
757 520 131
769 382 310
903 255 293
801 77 301
79 87 354
209 328 619
766 25 87
509 399 778
436 936 266
689 91 78
604 664 443
574 296 567
203 24 159
935 629 130
644 20 558
180 317 998
338 601 770
367 33 873
157 304 732
19 46 886
71 918 25
537 639 926
145 224 403
525 111 538
81 829 624
328 140 819
254 338 587
437 903 572
481 391 217
565 728 587
321 542 743
208 531 440
257 147 468
929 564 692
245 273 607
396 301 52
751 667 786
901 158 965
206 547 14
14 709 434
669 659 6
238 629 689
5 11 252
117 708 792
413 76 791
115 358 513
846 70 968
339 178 923
290 484 50
668 920 322
660 609 162
361 429 349
215 815 145
29 71 744
162 77 303
807 321 99
480 64 171
25 126 437
691 526 94
737 642 543
27 653 90
429 489 814
480 69 917
23 64 176
141 688 993
471 158 364
254 540 494
313 549 765
131 636 291
5 69 227
400 40 788
266 918 761
799 79 93
22 578 176
805 38 684
911 139 393
694 695 565
151 307 666
174 537 474
378 722 334
69 277 548
383 218 95
57 680 680
258 786 353
212 234 221
847 713 955
279 763 247
557 559 868
148 503 83
763 155 4
316 296 634
219 682 787
291 913 38
20 367 136
440 777 842
638 543 563
709 281 866
821 200 92
47 543 899
187 552 857
85 422 862
198 114 677
52 556 841
46 402 714
37 50 914
937 450 629
218 812 722
370 719 671
347 399 825
149 472 808
572 506 673
380 522 692
332 325 127
316 164 854
873 109 558
559 591 333
124 22 198
576 795 972
823 571 244
929 523 64
906 299 949
513 649 998
885 145 17
524 168 120
150 60 860
628 442 410
655 165 191
558 279 828
361 88 656
661 847 428
935 218 421
300 194 779
388 938 396
92 49 871
121 831 761
144 340 778
25 290 262
488 150 918
662 202 4
382 330 959
131 746 821
74 890 438
590 504 317
850 270 990
350 51 57
276 217 38
720 725 725
239 537 756
834 656 928
36 534 488
804 291 461
60 857 438
571 126 765
623 527 681
750 326 709
81 663 392
58 576 258
199 75 778
6 696 794
109 301 730
246 67 333
235 892 703
278 858 315
597 689 14
3 453 699
298 671 643
98 89 293
864 862 971
415 21 335
698 307 694
277 468 826
849 645 622
613 743 711
600 629 336
499 836 313
151 445 755
799 222 14
877 824 869
51 73 764
310 469 118
674 817 170
686 804 482
94 640 220
5 924 274
315 592 935
888 254 96
230 624 836
243 232 483
79 704 842
304 162 659
424 689 638
37 157 558
315 610 278
746 119 29
112 272 496
328 664 74
929 727 482
304 317 109
403 752 337
102 731 840
88 102 741
662 69 390
615 437 139
392 806 56
786 363 556
848 931 564
638 315 728
696 812 41
574 13 80
682 412 351
44 126 916
84 208 949
421 841 587
58 553 208
504 531 1000
91 581 384
48 634 267
204 812 65
379 212 175
405 632 304
413 26 128
860 834 757
486 921 866
641 875 136
20 742 275
241 165 301
638 781 530
690 259 503
717 33 363
190 764 667
52 504 950
614 223 465
258 632 490
901 817 220
700 62 551
32 625 687
218 878 326
338 829 465
210 395 782
37 569 435
854 3 744
305 373 268
645 63 77
172 51 808
112 547 750
205 305 206
857 20 436
708 505 114
271 346 976
62 177 193
116 814 163
722 176 797
268 153 538
458 680 55
807 14 778
95 261 814
600 285 517
5 105 192
917 168 644
657 676 876
398 98 865
841 763 997
838 398 345
472 85 457
593 184 2
502 748 181
570 877 325
315 122 975
150 615 896
699 880 664
877 519 852
88 900 57
497 924 901
412 588 186
188 72 801
647 737 285
197 861 136
577 321 295
58 504 320
430 499 340
757 837 684
412 217 867
734 28 892
32 55 938
100 805 401
649 669 818
612 57 827
504 478 479
569 352 602
9 721 160
767 241 718
450 754 801
326 89 418
754 399 58
352 468 891
920 766 956
551 402 100
112 732 47
32 187 383
238 840 407
577 161 47
1 425 65
493 574 471
223 280 555
338 704 852
370 757 451
319 643 296
678 163 4
664 836 127
362 368 576
328 593 598
416 187 469
466 609 417
903 91 253
264 64 110
848 857 730
700 136 950
363 48 592
859 225 626
675 737 544
638 629 533
47 441 442
757 190 289
320 578 915
816 51 359
50 650 92
230 576 115
696 482 637
364 664 15
935 88 378
798 873 300
161 165 506
356 283 468
877 313 856
696 306 330
639 364 111
332 292 303
853 331 192
316 127 429
867 777 618
593 403 14
212 308 430
233 171 375
677 374 441
875 671 611
757 431 301
606 781 222
340 721 211
605 901 328
475 707 205
255 29 943
118 487 956
154 97 721
262 112 57
302 84 551
548 906 888
103 545 929
784 464 621
567 182 698
531 480 704
251 279 385
404 169 512
482 897 309
453 817 823
480 93 752
607 268 505
21 230 274
794 873 437
486 812 369
378 763 318
246 865 721
77 398 812
701 707 992
813 530 523
360 137 911
246 162 724
784 799 105
1 78 739
851 232 288
143 325 447
878 177 580
54 292 765
722 169 702
630 723 194
5 87 982
577 9 804
567 443 354
228 16 419
235 443 277
300 724 450
369 531 478
406 521 892
162 882 252
755 214 570
786 323 299
540 490 941
203 706 399
210 20 761
452 595 305
862 341 776
569 931 569
84 21 519
391 781 349
268 65 301
136 396 163
189 447 797
333 300 621
629 299 321
301 449 145
654 512 79
565 286 25
214 110 538
781 687 661
509 684 661
51 800 983
111 101 265
112 159 540
231 10 266
422 587 205
487 696 241
48 18 459
860 823 664
323 549 449
902 848 469
400 911 66
165 70 453
149 285 815
120 699 475
804 683 816
819 2 654
528 780 583
422 667 903
186 424 829
159 248 269
916 28 149
749 712 834
418 526 534
744 292 479
245 585 79
859 854 764
774 732 384
117 323 614
761 51 808
61 344 614
2 716 430
729 364 566
144 122 23
863 88 711
753 935 23
821 453 804
914 869 264
408 322 117
868 383 436
475 617 628
278 908 763
381 864 231
397 655 683
750 288 844
397 69 58
716 42 71
71 368 316
380 608 496
124 619 420
371 161 123
414 491 482
477 28 820
567 21 611
357 235 188
237 183 20
914 843 76
141 72 13
823 908 116
298 730 881
454 217 415
924 325 664
46 73 837
394 743 653
531 697 432
554 223 214
871 691 603
845 612 468
647 483 563
693 144 352
814 232 840
172 683 74
599 330 992
404 181 726
28 227 509
249 258 364
691 883 208
914 443 887
31 635 405
69 303 118
935 799 881
841 590 289
39 119 275
810 97 266
938 423 206
582 535 880
935 511 174
194 22 442
830 459 376
277 423 308
771 431 972
122 494 101
638 902 340
466 896 281
700 56 398
78 861 2
624 99 492
450 511 105
582 888 544
83 307 315
799 295 467
659 597 942
706 363 236
289 210 148
408 492 683
43 88 801
3 115 163
166 473 778
200 531 789
190 375 815
685 508 187
572 833 346
233 489 682
45 330 817
412 503 726
144 149 326
923 445 242
523 189 762
134 745 633
646 627 526
743 811 449
374 594 6
268 238 460
358 97 916
742 505 22
498 43 1000
808 80 521
887 287 56
222 107 261
726 781 403
377 278 667
449 278 412
145 235 224
457 804 166
504 846 162
172 389 338
47 603 913
274 436 608
55 698 586
225 447 999
541 918 615
374 455 12
91 245 154
207 835 33
400 348 55
152 339 787
675 200 375
566 666 212
689 617 527
593 183 713
831 883 436
940 688 905
170 708 645
195 347 303
598 568 235
4 248 602
529 546 880
304 928 819
222 64 463
414 657 298
384 874 535
937 559 968
22 766 639
812 635 15
550 681 319
462 889 812
94 61 506
397 547 229
34 804 172
575 359 922
579 176 699
90 445 508
175 423 492
19 23 304
81 167 79
644 326 116
554 635 437
206 260 139
221 549 655
549 559 883
443 64 438
875 863 851
634 809 488
492 605 119
347 359 598
24 13 554
580 700 488
698 70 843
181 88 112
519 154 393
251 115 509
481 443 120
600 323 391
363 775 818
299 585 655
512 738 782
309 73 23
131 609 323
790 151 187
276 884 315
117 30 233
933 706 675
124 851 958
291 192 193
746 358 11
448 513 175
923 159 763
853 382 439
533 482 546
691 732 969
507 934 527
630 784 702
598 257 135
565 814 947
3 33 723
417 929 614
356 468 219
148 388 269
2 12 937
423 161 731
302 354 697
711 398 33
712 193 977
905 505 819
383 838 189
762 47 128
6 198 443
709 1 781
940 880 385
189 843 798
356 428 155
4 578 994
643 926 150
258 845 956
539 313 348
882 271 345
258 404 541
544 543 764
307 377 39
749 320 753
508 824 380
796 123 528
1 249 484
478 754 437
391 73 558
130 913 428
633 361 108
643 287 740
890 701 703
657 511 114
884 566 834
817 333 760
302 34 398
524 728 706
396 749 215
266 900 599
657 748 569
725 694 227
355 300 263
823 51 485
58 306 237
499 218 994
570 869 393
248 667 570
306 241 259
501 378 8
886 315 385
257 869 665
797 765 234
523 398 864
543 77 772
334 287 713
276 481 222
43 248 226
103 395 552
363 600 267
317 37 429
920 256 380
374 325 639
718 528 757
900 170 528
103 193 911
92 414 962
273 628 834
641 692 755
84 553 35
679 864 605
787 714 568
141 225 450
487 659 602
590 177 905
176 561 773
497 826 190
721 188 323
201 686 912
379 728 255
751 86 175
40 303 232
577 934 119
373 742 258
341 709 24
324 215 929
125 389 858
371 508 883
605 472 632
885 895 627
341 337 285
41 559 772
671 279 251
730 379 541
828 37 345
700 173 827
432 529 448
442 497 639
64 202 634
125 666 262
241 853 93
284 772 299
633 731 556
60 101 744
741 739 37
258 341 897
467 905 689
661 888 930
752 809 640
311 629 854
790 234 758
344 713 167
82 553 797
888 921 186
301 158 128
278 194 637
935 844 624
930 919 65
517 651 224
739 347 732
149 574 453
326 322 453
58 92 772
193 224 941
153 226 309
756 794 311
941 663 286
540 658 23
89 297 504
166 538 434
450 259 695
729 375 759
17 113 516
245 356 435
783 369 513
27 710 47
217 301 811
324 926 909
901 92 470
298 871 648
193 717 760
428 931 312
319 492 5
638 24 329
295 232 304
87 605 582
303 606 523
688 117 719
1 647 529
134 487 36
196 657 827
802 38 634
160 765 810
353 538 579
922 246 630
1 14 169
91 471 669
426 784 740
896 904 554
641 81 321
303 657 14
777 725 586
437 856 522
622 715 445
766 715 910
586 817 35
270 733 948
616 551 307
605 737 539
712 870 596
80 531 631
249 436 24
233 456 508
685 757 78
505 626 761
115 934 671
299 789 155
686 917 289
603 288 946
582 484 829
859 745 16
574 930 263
485 712 658
431 450 872
19 587 108
280 642 40
88 191 9
564 39 258
230 335 176
437 708 538
580 318 270
93 866 604
46 192 579
517 680 543
1 657 22
344 94 849
420 613 942
9 315 346
553 88 367
772 227 258
20 232 266
262 772 67
690 730 87
613 775 564
231 295 620
348 83 188
221 533 163
197 781 29
63 117 92
771 309 334
197 327 570
746 24 697
488 649 143
740 786 822
229 355 737
925 653 633
73 773 33
375 880 26
309 560 591
695 880 413
586 198 461
669 879 72
219 315 588
797 208 660
344 530 81
12 851 909
603 372 633
88 528 904
757 349 61
931 751 273
703 860 306
184 939 540
276 797 320
824 650 591
151 655 284
431 787 177
167 501 617
527 587 338
109 468 380
288 438 145
115 381 138
573 682 898
1 155 99
2 549 462
179 10 750
878 100 446
202 350 116
633 701 12
882 295 555
435 94 882
623 18 587
16 534 250
755 753 931
282 643 362
839 821 692
608 483 187
461 114 684
94 456 443
22 76 326
414 83 951
691 781 497
422 851 378
44 190 334
771 141 702
674 670 310
744 134 592
147 16 202
203 729 179
896 430 796
407 381 876
687 167 614
585 142 669
240 298 597
149 497 320
56 562 769
797 799 665
386 774 455
51 127 523
383 482 879
669 306 7
197 52 922
645 393 110
430 521 741
771 831 787
381 135 778
490 233 87
327 466 800
309 419 785
910 925 833
814 624 63
187 897 602
761 69 735
495 310 261
627 453 876
510 675 48
108 337 195
54 151 125
847 176 650
201 803 348
53 156 295
503 253 241
229 718 808
860 807 95
752 249 156
781 215 54
557 566 93
185 909 346
7 20 256
301 509 662
406 859 99
155 134 139
616 467 527
509 208 665
321 867 370
866 544 327
360 575 451
484 887 973
616 712 580
160 340 157
758 698 962
391 657 252
710 114 840
56 202 493
73 412 410
640 330 144
715 805 642
21 443 79
496 136 381
564 419 936
767 248 502
459 591 763
535 258 652
297 767 813
741 326 798
171 528 86
867 331 65
44 731 375
531 234 869
427 865 130
520 364 592
63 284 553
350 790 875
374 308 43
928 870 383
895 23 595
741 62 475
913 941 151
831 634 73
599 444 271
864 727 833
525 324 44
433 891 133
99 548 949
331 779 3
665 584 563
716 570 534
81 756 721
439 419 205
474 620 88
588 322 524
309 423 196
448 165 40
246 917 19
169 576 787
437 519 156
124 218 163
479 477 882
276 673 766
304 79 708
70 835 454
809 908 948
574 937 433
508 47 92
241 439 209
614 827 768
26 161 294
127 678 806
900 178 397
361 805 551
157 592 894
78 638 204
146 392 492
427 499 769
754 814 619
668 308 213
540 403 938
445 626 908
440 911 73
292 406 346
564 37 751
230 920 768
370 773 798
885 105 639
232 187 315
178 214 217
722 872 642
314 567 696
350 54 879
571 588 809
709 198 531
903 921 483
87 714 811
151 911 162
841 150 949
926 645 24
489 511 115
319 297 522
483 660 886
208 645 672
133 934 262
725 557 395
698 627 556
926 533 89
877 878 860
130 124 673
293 643 646
152 275 614
355 775 185
441 569 152
361 769 397
662 404 155
696 180 122
571 638 842
34 740 280
96 526 278
725 547 530
146 471 993
666 144 563
257 131 638
93 192 576
348 92 222
44 658 541
79 477 408
632 628 60
776 810 664
891 343 713
761 83 877
229 893 262
740 460 544
389 510 691
140 714 848
396 257 355
94 125 82
173 357 112
220 778 23
98 658 896
370 861 130
568 418 348
655 714 1000
88 898 443
922 859 454
116 547 284
604 829 65
609 607 816
327 418 67
191 380 954
936 297 412
448 314 48
842 659 512
428 416 305
376 358 971
83 907 543
574 157 510
280 282 881
228 643 477
3 449 476
522 181 876
932 572 707
676 175 957
82 76 978
645 550 105
71 343 146
78 900 271
125 234 115
909 609 544
42 523 18
227 904 884
191 211 216
7 58 542
425 597 762
28 505 506
623 179 564
514 573 503
326 598 919
7 9 775
773 437 987
256 779 228
299 478 713
88 140 616
578 138 386
205 831 470
754 228 28
457 264 462
825 353 722
63 545 92
752 60 544
928 671 961
871 362 492
419 611 753
512 548 317
506 400 354
345 333 245
72 239 508
342 687 595
845 23 159
442 182 138
233 427 242
62 435 138
374 411 331
508 900 92
426 329 344
91 330 836
630 371 544
696 667 559
261 79 518
23 30 890
26 421 764
617 658 447
723 472 143
923 644 352
30 450 750
323 277 219
665 17 94
451 414 300
787 421 663
634 25 713
101 433 419
58 285 430
680 923 415
356 825 695
781 274 781
5 337 337
5 252 938
716 423 702
538 796 85
575 143 288
466 550 11
72 425 176
477 425 170
843 259 743
325 586 805
91 879 450
484 705 3
697 486 422
768 633 809
371 556 594
263 45 250
777 504 195
660 790 294
919 459 662
839 455 660
812 113 575
146 413 954
647 861 377
647 761 145
340 348 93
247 369 903
295 376 773
830 48 971
166 547 342
313 39 673
755 822 830
405 38 976
785 68 966
896 493 362
78 901 644
791 507 200
637 925 382
691 185 609
257 706 138
701 932 853
764 210 506
840 133 528
256 571 877
587 84 15
427 776 276
119 699 277
750 251 991
448 284 983
368 899 236
497 831 407
399 324 756
172 83 661
187 843 993
423 487 648
778 431 846
194 596 912
861 319 786
377 602 297
859 57 813
739 37 263
325 650 991
265 414 852
432 536 798
860 895 887
110 281 809
743 490 57
563 652 22
250 833 251
103 820 939
819 278 13
926 147 87
508 937 346
445 598 513
495 247 503
514 807 611
606 294 910
562 262 63
299 936 205
291 764 230
788 783 529
776 510 822
3 939 926
399 567 508
274 134 56
534 528 120
192 758 535
577 164 769
549 463 216
65 541 165
545 282 737
279 652 403
878 607 838
345 337 996
142 913 350
652 115 655
160 419 593
432 885 879
530 241 238
149 504 445
449 324 663
95 159 929
903 734 566
767 525 247
233 79 238
678 866 249
660 845 515
17 63 551
209 744 246
389 13 354
514 764 130
9 475 946
612 665 234
832 264 169
794 916 456
493 758 354
670 899 787
159 797 379
622 627 599
100 185 446
2 797 411
836 158 421
42 400 899
439 795 768
713 243 272
927 2 881
28 258 845
90 14 614
826 342 704
549 815 594
445 421 901
575 168 175
889 707 895
803 153 227
208 670 894
720 387 992
797 22 645
520 488 612
209 747 129
405 710 248
792 896 616
22 839 626
328 538 874
534 385 929
834 803 974
641 917 896
209 447 383
733 699 387
564 96 830
671 39 99
334 249 104
187 221 331
347 91 381
598 421 152
87 161 239
763 294 788
121 124 171
27 262 74
64 738 299
804 236 45
386 430 363
449 898 778
239 661 821
192 685 134
355 797 437
687 715 614
894 749 901
225 337 857
380 706 218
43 716 900
108 597 692
638 836 912
655 346 641
173 420 262
278 732 536
859 663 127
930 899 157
761 208 33
810 473 873
146 446 353
824 609 188
454 280 513
290 501 597
727 336 37
460 827 540
807 108 363
770 421 995
783 805 1000
433 885 173
159 2 912
1 28 952
299 515 474
883 444 241
203 876 663
435 549 557
152 216 897
206 357 808
455 103 778
397 425 774
527 630 532
623 472 138
22 877 823
314 631 332
58 908 409
906 437 975
733 352 551
268 236 498
174 847 644
900 933 721
893 279 12
586 188 877
865 67 659
629 84 899
914 120 763
404 309 905
217 246 330
641 616 836
270 660 463
181 587 185
114 533 599
97 93 948
685 726 638
825 466 327
925 815 582
346 551 545
782 886 884
808 178 448
458 801 698
158 809 562
57 280 313
261 47 981
81 209 863
297 586 116
199 212 492
372 798 959
348 494 260
698 371 303
825 129 688
331 840 424
694 582 740
379 628 136
595 558 674
211 73 123
558 1 365
934 794 29
422 881 895
353 372 137
183 314 136
830 915 746
871 564 270
429 899 609
41 420 434
791 31 196
791 663 400
18 214 228
853 702 207
631 723 9
848 489 486
509 64 615
592 821 425
483 663 282
564 345 719
63 621 272
465 584 851
775 931 397
729 217 429
656 804 263
567 821 643
293 738 341
880 673 776
613 869 259
287 844 831
106 277 403
902 460 265
305 717 123
338 618 187
654 611 679
847 748 864
641 35 682
369 405 534
193 418 279
240 892 6
860 92 849
108 566 12
258 138 648
478 580 253
850 34 741
94 507 345
286 853 900
220 843 918
27 662 958
778 30 624
313 300 581
887 500 404
619 765 677
324 131 655
842 505 755
574 484 559
540 341 717
121 616 393
251 280 837
583 90 822
469 627 228
703 7 490
798 285 55
710 227 438
511 87 168
366 391 499
327 518 977
49 241 529
741 767 212
301 493 760
490 337 975
203 53 300
622 428 267
280 610 494
483 905 68
47 794 158
906 468 231
504 44 145
312 188 17
848 467 35
280 831 161
787 697 495
826 281 106
191 548 678
239 287 508
451 765 590
61 563 496
752 57 214
837 288 573
328 19 1000
923 199 567
47 99 741
758 665 839
63 103 445
230 806 156
237 370 252
806 4 332
303 802 331
777 141 85
4 503 656
889 782 679
842 528 209
371 294 907
213 371 188
834 164 8
755 876 700
380 678 250
936 12 983
468 194 347
102 109 914
628 454 688
716 343 99
71 925 687
206 567 896
615 382 534
79 92 762
374 682 357
607 76 127
272 282 457
305 859 133
64 111 867
391 789 610
551 756 344
816 68 354
586 873 879
778 788 582
50 370 300
224 522 171
684 234 470
189 857 369
256 775 197
427 104 916
377 498 317
217 541 429
399 361 676
152 62 112
609 767 995
894 787 103
290 6 19
295 291 502
764 120 17
55 447 116
844 595 775
841 114 779
765 5 783
925 699 343
189 112 572
490 115 781
786 827 100
543 666 893
411 497 6
815 209 461
145 228 412
355 800 28
680 465 7
586 836 386
115 234 419
142 123 941
643 124 614
283 804 68
875 361 218
329 793 954
76 65 535
54 58 889
190 883 641
290 790 124
813 667 417
89 488 918
29 45 936
714 698 836
856 689 232
527 535 394
564 93 451
741 801 370
376 834 668
422 858 149
498 623 475
143 617 3
117 23 961
529 114 766
238 251 891
506 775 672
638 69 43
297 118 748
746 862 808
167 802 711
430 838 429
771 853 472
600 900 809
587 780 721
382 427 755
55 583 219
721 806 993
652 546 84
500 58 355
787 814 58
603 930 446
1 848 158
300 697 796
120 615 863
584 595 318
221 444 686
902 883 776
927 741 246
487 717 142
855 120 451
237 517 292
118 218 690
504 550 570
628 366 705
828 129 472
659 216 655
253 132 168
238 661 402
7 368 999
110 22 952
695 58 431
672 887 775
186 563 514
342 286 150
53 766 681
70 651 275
39 801 913
931 806 309
493 548 993
879 459 415
285 437 944
209 819 815
814 573 811
876 40 547
80 186 8
59 104 605
926 354 409
462 526 96
105 523 572
58 403 550
391 864 862
813 794 292
144 290 100
785 625 288
720 768 658
546 521 930
310 748 905
882 193 292
567 646 648
295 480 181
508 875 836
542 225 437
802 810 441
499 839 993
813 136 196
119 749 866
107 51 949
106 454 112
641 873 806
165 769 427
70 114 199
650 436 257
170 498 618
816 48 457
671 184 93
168 572 466
732 812 781
662 91 212
748 692 261
263 130 165
182 929 569
81 852 704
617 234 664
915 1 980
187 869 78
363 308 238
749 239 110
871 281 818
643 224 95
933 322 427
834 316 330
347 88 260
427 817 48
303 812 972
189 818 779
59 376 791
502 560 441
266 862 973
408 732 807
207 597 900
574 537 686
602 92 70
673 700 371
754 835 577
174 323 727
294 843 187
458 139 933
786 51 244
128 310 375
110 314 157
75 131 703
448 482 651
360 486 749
529 578 14
789 14 884
538 812 761
889 699 744
894 834 237
588 709 76
644 925 164
393 725 906
507 921 717
450 668 496
811 95 48
667 582 659
673 881 733
130 309 166
629 830 255
135 71 247
10 796 727
655 793 730
450 876 461
261 596 336
92 227 141
267 577 52
57 164 999
145 416 651
830 554 115
819 569 253
907 81 370
939 804 579
283 469 318
43 535 349
256 460 966
559 888 126
761 355 691
179 146 138
13 837 34
635 529 144
837 899 394
420 772 489
921 725 418
427 842 234
205 648 724
46 325 706
484 301 109
73 601 225
198 864 303
445 640 107
283 589 125
135 219 642
287 484 293
479 658 477
151 19 773
560 758 69
106 862 948
793 257 564
740 492 801
324 103 802
851 79 257
385 707 253
29 120 484
307 471 716
640 448 981
214 384 593
551 222 177
631 82 743
49 832 852
293 411 325
735 773 356
408 808 859
404 712 218
536 420 64
546 765 690
756 51 5
934 207 918
438 365 805
851 134 164
19 321 833
71 507 670
171 165 885
105 294 797
270 559 687
724 830 742
670 331 86
116 913 972
690 544 731
75 541 206
139 283 14
60 408 920
390 616 621
695 66 534
673 290 418
