949 4239 289
474 948 930
95 835 834
220 297 926
161 373 360
164 251 66
43 52 7
313 382 252
15 167 82
648 629 90
561 559 493
485 833 741
360 844 921
656 113 225
947 174 414
350 511 146
28 217 742
36 699 6
585 105 278
564 346 117
927 424 602
922 787 743
883 273 212
171 827 595
235 536 191
32 942 325
9 366 175
409 332 321
601 671 935
917 252 30
258 716 158
289 751 356
350 347 52
745 167 490
214 618 907
464 101 33
474 658 333
869 344 473
472 677 205
729 374 233
629 567 930
715 807 633
191 317 248
573 391 399
457 737 940
273 445 893
48 499 126
428 222 195
380 877 63
313 357 599
545 34 970
433 754 207
19 20 104
430 181 130
348 293 767
561 819 610
776 688 618
739 582 86
502 64 403
948 73 184
1 651 471
28 443 746
787 923 930
41 377 610
844 78 592
815 837 916
74 1 631
83 878 427
206 409 712
1 300 859
750 886 873
198 489 580
184 378 352
840 614 429
875 175 309
610 892 948
685 642 867
615 232 100
378 297 442
197 551 768
937 411 794
498 648 6
214 900 98
157 414 356
366 422 320
339 436 695
405 179 822
118 441 30
91 298 127
266 327 707
942 557 739
142 245 652
51 861 399
856 499 672
415 707 917
731 402 683
669 175 286
620 791 48
448 541 741
324 381 160
856 807 590
260 376 192
300 502 357
577 682 505
142 185 963
103 922 888
45 305 696
944 850 573
929 729 395
307 348 8
498 115 122
874 487 838
727 242 273
397 68 456
596 192 224
578 868 132
652 216 799
579 727 46
208 233 798
824 360 833
293 741 33
358 862 489
833 897 535
367 219 925
688 410 366
289 813 112
366 529 457
700 871 812
223 829 676
508 359 506
745 807 625
181 269 316
622 483 969
600 663 722
603 196 159
466 622 752
596 455 783
599 263 200
6 641 89
639 624 489
300 38 128
169 319 64
914 206 82
847 645 904
120 894 249
751 630 960
37 697 564
748 519 133
492 349 992
3 452 75
448 53 277
586 505 530
597 482 60
924 396 511
98 788 796
762 124 235
233 269 929
829 282 652
139 899 43
38 601 762
320 751 712
129 580 691
45 203 328
691 336 8
505 729 754
251 880 980
771 783 937
182 261 595
34 98 237
755 775 337
264 371 821
396 407 945
257 879 574
610 820 992
459 718 395
352 601 1000
74 939 872
173 563 310
97 665 992
353 371 991
310 723 260
898 546 952
740 928 995
40 947 159
23 823 337
536 573 638
35 487 183
275 816 844
456 412 548
831 580 158
436 106 327
558 872 832
734 946 750
228 205 787
60 825 551
53 326 384
120 248 759
87 604 776
318 450 505
346 546 841
454 214 158
779 55 52
121 246 882
378 700 219
829 211 146
695 927 800
190 497 290
405 796 689
40 272 703
98 146 80
563 75 37
369 581 366
891 222 869
24 340 129
731 225 845
551 931 293
605 373 399
385 795 513
543 765 17
140 113 47
179 625 591
524 40 777
57 921 116
766 56 851
252 378 551
88 307 758
435 391 652
450 712 619
25 365 702
479 743 205
896 27 836
847 815 826
222 373 784
603 92 880
106 276 920
152 408 620
1 881 165
758 100 776
486 796 151
44 286 66
381 28 705
463 293 625
625 199 886
439 695 951
415 503 990
417 351 340
924 605 876
442 298 35
652 772 188
79 339 560
347 649 272
17 262 169
2 316 331
220 59 939
916 13 373
625 762 180
747 1 285
717 196 348
189 931 645
361 680 922
584 566 209
74 924 640
730 690 56
342 809 420
427 589 761
660 711 136
508 880 236
35 51 490
651 486 858
915 46 490
28 387 520
393 761 757
698 735 251
430 53 80
361 704 379
55 155 469
233 464 702
118 224 600
430 142 293
383 400 17
745 891 52
442 409 987
631 147 579
10 26 568
226 517 948
818 84 355
725 900 216
631 404 710
211 903 525
570 6 85
207 219 201
633 105 532
283 518 810
363 658 737
209 388 449
532 148 21
186 449 138
168 59 918
333 236 792
402 543 201
917 456 359
652 12 792
53 663 95
488 945 920
529 559 118
544 200 363
289 9 16
662 589 677
885 774 991
335 748 206
898 126 458
654 818 407
325 847 745
382 381 781
17 415 224
112 887 630
206 729 529
533 640 14
99 116 923
541 163 865
235 942 253
373 246 277
302 824 645
191 55 721
258 79 945
751 67 432
32 724 454
156 386 560
887 101 374
177 232 103
704 592 202
742 76 157
81 220 706
487 568 814
270 822 728
112 540 244
940 463 490
89 474 173
712 926 951
828 309 360
365 186 745
574 672 734
29 703 889
713 577 899
287 735 427
844 874 710
424 369 153
539 506 775
778 506 66
885 300 190
628 652 924
61 283 600
901 162 855
69 73 12
598 740 961
132 676 790
478 207 957
728 104 944
731 422 667
274 646 500
458 728 331
114 593 351
726 438 737
215 804 791
326 838 844
345 260 971
190 210 431
886 692 948
263 916 957
79 713 989
511 571 994
65 363 336
907 717 764
916 553 42
286 508 260
599 868 722
434 655 665
838 39 324
303 705 964
929 547 453
570 401 457
42 345 438
884 914 807
509 67 399
248 347 124
917 469 161
221 515 787
248 292 73
502 721 95
870 47 772
471 511 840
109 651 834
765 916 280
137 842 102
658 944 326
543 641 572
759 98 627
49 456 955
403 78 369
456 366 783
885 191 516
193 445 72
869 541 614
9 287 454
779 262 749
508 607 272
42 352 401
319 353 636
647 199 431
180 284 956
23 359 915
732 169 147
398 148 508
365 164 592
55 891 318
67 805 279
508 110 259
390 295 375
89 90 418
304 380 933
426 827 518
583 313 697
90 2 883
194 48 87
859 79 897
654 609 579
279 695 553
640 845 995
536 530 811
707 399 745
324 504 865
772 382 33
703 677 568
97 831 464
557 394 932
719 329 593
550 55 312
869 578 844
20 24 299
247 519 929
534 147 106
15 17 717
232 564 916
505 588 369
519 843 930
75 86 768
776 136 357
136 346 789
938 9 868
208 586 88
274 346 806
395 164 767
326 593 287
153 116 780
226 752 859
61 385 314
620 235 264
254 895 785
172 405 658
659 782 589
601 807 62
154 415 595
827 626 398
366 380 511
1 64 923
646 540 988
64 127 729
729 105 666
251 141 967
653 217 461
253 28 96
602 347 425
65 260 475
742 602 501
896 224 537
492 80 663
463 680 339
419 43 364
572 455 980
205 604 8
852 528 961
420 254 514
452 105 558
524 497 2
379 787 371
759 671 364
606 637 989
430 688 103
748 248 869
18 731 504
553 907 539
792 168 915
85 477 949
221 492 45
283 415 603
420 810 561
8 214 796
86 820 251
182 430 440
929 816 615
713 11 136
501 215 106
121 195 92
293 563 475
536 450 728
513 339 983
300 461 3
700 489 605
2 41 261
685 264 60
814 703 401
456 695 546
757 933 956
188 330 647
513 588 939
297 600 96
460 27 645
594 645 73
308 859 652
68 292 573
12 813 608
177 848 301
370 386 748
925 473 562
63 75 950
286 368 914
448 420 270
47 1 61
417 638 808
363 355 637
786 860 158
702 167 414
242 324 149
111 120 44
608 894 741
753 870 964
150 549 464
750 234 620
363 717 195
278 447 802
73 830 124
845 435 816
859 359 989
293 839 546
4 214 679
634 291 265
397 468 868
863 628 539
95 808 892
507 557 814
423 237 379
730 914 372
719 67 780
119 352 525
65 560 494
170 375 154
368 512 447
850 671 304
306 456 348
193 512 417
764 807 986
512 309 313
357 877 631
100 805 68
438 87 239
124 868 821
539 768 656
373 6 306
745 526 688
331 319 649
69 11 649
900 812 890
219 146 265
939 936 872
438 630 270
336 147 681
193 551 360
272 520 925
509 513 922
895 524 851
42 368 798
850 181 772
529 19 862
434 16 682
75 82 95
883 416 302
484 757 643
809 231 345
274 432 731
879 131 595
40 300 940
100 297 568
603 559 766
867 430 229
695 344 262
498 292 613
891 911 548
45 55 265
121 370 605
694 626 449
7 54 809
761 900 89
79 888 560
46 96 541
779 77 927
238 722 752
303 503 926
717 919 154
395 169 635
492 248 966
574 664 334
295 144 584
542 607 959
232 703 416
3 9 945
289 602 215
899 267 664
300 408 542
443 356 716
782 95 818
115 303 995
458 426 453
289 42 306
360 776 984
29 43 986
926 583 114
224 644 114
559 935 117
790 734 122
934 589 484
105 77 511
942 918 870
739 931 644
214 39 740
287 575 778
430 838 453
564 720 258
33 395 260
768 247 794
877 161 701
117 231 549
664 278 510
706 9 993
10 912 321
900 495 873
520 565 495
743 750 631
434 715 214
313 443 8
364 916 936
5 93 892
54 107 290
239 170 343
562 495 820
66 38 863
391 673 667
53 637 893
508 234 478
925 514 903
162 688 679
106 362 916
291 797 868
664 474 455
261 686 579
934 404 416
141 690 183
940 560 809
113 142 359
376 465 312
647 300 481
763 886 870
258 749 590
415 590 550
81 107 456
89 887 443
297 405 678
218 37 948
284 380 39
228 623 79
106 161 454
109 42 54
409 898 957
137 874 5
719 82 508
233 336 782
716 466 923
814 555 183
43 288 149
839 53 139
711 859 615
836 595 2
490 250 429
775 183 788
15 36 88
126 202 672
314 202 115
383 200 755
160 337 781
742 594 814
825 844 22
336 530 52
282 427 781
367 763 304
586 768 618
172 81 494
283 341 489
228 571 886
475 135 299
253 747 497
93 183 361
469 572 602
392 670 242
2 6 132
731 560 856
606 490 546
314 672 251
377 772 227
358 887 269
17 653 994
832 906 494
397 939 784
352 779 598
155 391 442
820 892 528
769 792 505
920 696 98
732 253 557
290 708 550
135 206 695
755 813 678
113 159 613
703 614 236
795 884 344
417 315 807
411 664 402
265 487 115
96 243 644
858 938 73
263 231 181
925 339 862
512 348 737
175 178 54
14 313 673
370 939 413
384 548 982
581 256 669
29 83 660
439 780 329
168 642 498
41 396 646
129 127 183
708 589 296
432 733 293
287 807 281
370 522 907
877 657 170
417 202 738
876 638 129
677 547 659
668 365 487
802 266 679
882 840 798
252 10 681
243 331 826
325 694 963
50 298 490
14 649 628
615 772 942
76 123 667
250 135 452
633 659 839
209 332 75
428 653 795
658 412 991
666 919 919
510 476 336
246 640 748
13 128 211
849 801 151
697 895 583
919 642 322
214 434 124
255 638 789
788 572 681
253 259 537
766 751 300
625 34 739
51 176 577
677 413 66
12 636 698
924 935 681
304 864 60
174 648 553
224 455 849
834 948 148
148 117 648
264 828 588
696 455 39
550 468 601
128 512 489
110 403 638
141 711 653
55 267 33
795 39 677
221 358 703
442 479 328
189 182 122
365 755 912
528 532 982
135 191 79
688 475 478
9 679 884
869 213 332
622 4 54
47 693 11
488 864 309
810 363 793
66 321 73
54 910 938
500 406 5
890 677 974
460 109 600
117 204 487
668 92 933
25 263 573
368 183 316
1 16 802
130 135 592
796 18 805
949 492 946
245 191 98
751 852 681
125 492 37
770 691 485
499 221 588
300 648 440
60 88 397
305 835 502
1 3 222
9 742 571
717 857 641
229 733 651
703 612 757
33 101 137
73 34 67
826 893 68
32 729 202
364 597 366
422 946 745
493 531 799
312 209 157
62 844 740
248 693 853
1 548 913
778 802 94
14 788 305
107 230 399
911 271 471
855 332 87
848 350 576
811 149 107
526 707 982
819 431 49
557 761 971
83 729 752
87 353 536
483 920 987
569 676 165
86 558 721
371 401 231
274 781 316
789 635 275
461 193 88
564 303 87
572 877 760
458 217 277
119 218 973
123 216 79
702 65 872
585 734 573
121 785 483
644 92 456
899 386 708
418 774 101
881 487 999
778 534 995
820 870 675
636 409 902
784 126 97
109 157 361
43 3 102
847 329 550
215 904 893
135 470 204
316 696 543
450 53 345
304 893 76
181 375 177
320 664 369
27 578 686
535 626 427
812 934 514
794 826 656
37 383 517
409 914 93
141 470 327
794 679 914
325 190 269
285 247 402
436 533 282
136 351 688
252 874 181
613 467 505
353 865 806
829 459 557
855 800 435
8 336 616
20 192 487
204 326 562
716 781 984
11 86 140
872 741 819
592 125 603
192 312 497
259 877 467
261 622 944
879 752 824
76 394 321
725 797 708
5 137 559
645 284 529
157 595 866
467 179 170
416 167 632
429 913 649
469 238 323
26 366 832
610 14 94
911 869 303
203 494 111
197 745 611
805 861 152
589 90 473
651 764 973
251 548 711
618 172 390
725 870 328
689 910 124
47 879 814
544 691 309
18 11 241
740 418 340
8 680 408
582 74 457
190 898 3
229 162 428
283 820 40
141 40 821
415 423 293
632 365 945
475 460 754
848 701 615
460 378 918
367 469 603
554 820 514
54 460 146
539 595 861
819 520 248
607 855 887
209 575 890
379 820 669
600 83 831
1 14 766
363 558 447
909 248 203
870 904 263
810 711 412
460 358 534
938 794 300
550 211 577
371 191 608
88 158 664
631 6 355
14 639 293
246 651 186
376 337 670
85 830 371
47 271 389
764 860 731
207 758 731
222 817 507
473 489 798
683 688 726
161 243 60
534 291 644
445 543 822
433 51 927
264 707 900
182 328 13
422 516 379
128 533 247
22 409 1000
916 310 407
832 604 489
417 647 936
207 96 204
631 947 16
18 47 894
731 561 322
793 382 341
699 437 410
420 326 239
182 586 921
67 475 36
884 404 702
321 329 695
502 311 165
881 906 631
218 601 431
581 330 455
8 436 562
209 364 854
121 604 179
561 250 990
459 877 542
167 729 388
422 802 472
700 610 482
248 562 784
13 91 18
105 8 982
23 254 335
232 406 307
552 736 489
876 294 572
116 900 177
259 754 99
698 182 745
34 296 202
202 653 245
808 836 563
456 902 697
334 110 248
221 921 582
367 609 580
365 628 188
161 737 238
83 221 930
933 143 444
828 313 298
274 925 564
340 551 732
915 461 464
209 380 649
231 59 178
162 168 163
298 606 527
395 443 876
183 934 821
664 784 573
567 914 367
853 617 905
443 191 801
605 381 266
763 147 868
901 668 205
734 474 871
461 741 16
67 327 137
378 69 668
804 66 209
326 735 221
521 799 662
728 34 270
948 689 64
275 825 113
589 807 322
117 841 169
482 10 75
853 795 913
164 715 526
508 363 408
360 144 808
101 789 359
284 31 273
680 876 859
560 599 530
722 904 490
60 747 411
661 701 583
923 657 767
441 277 115
512 365 864
70 451 248
599 468 661
235 708 851
594 877 137
380 85 776
446 227 671
774 469 160
176 760 839
35 903 857
620 439 639
840 549 262
94 573 553
410 426 507
869 300 761
887 368 367
893 263 786
864 509 304
934 34 481
740 231 92
231 301 322
300 891 479
935 871 857
307 799 504
571 756 731
34 110 506
884 520 417
815 576 676
730 692 331
320 369 346
313 563 43
454 202 160
567 67 369
812 371 15
612 224 906
839 130 305
4 148 727
50 354 610
364 433 993
3 503 794
587 123 902
196 172 475
645 825 255
320 932 338
181 905 576
902 754 640
34 230 901
201 376 912
95 156 519
266 207 203
424 691 879
210 656 443
227 260 148
537 430 812
132 753 59
147 24 369
522 450 487
507 519 893
30 165 177
702 277 955
73 931 830
544 122 788
411 439 39
147 44 792
734 170 882
784 137 455
437 500 39
374 510 369
613 108 658
238 923 900
147 509 515
785 344 134
313 660 928
252 748 967
804 664 971
534 565 950
370 756 477
687 479 678
427 274 701
658 103 347
84 536 975
508 544 755
869 62 850
414 155 476
704 214 728
367 777 488
152 659 422
265 667 184
583 552 96
239 387 607
620 287 305
183 498 95
703 946 859
83 680 308
297 86 799
437 725 125
256 771 309
133 908 100
38 17 719
145 891 318
79 39 357
658 337 616
591 241 572
317 681 427
805 817 423
156 858 57
426 736 860
566 768 131
740 825 409
494 704 414
694 453 35
174 678 301
654 367 514
554 685 132
41 62 130
8 59 231
246 859 191
224 631 370
216 773 608
728 415 212
761 520 19
623 939 513
601 510 450
18 683 394
619 517 772
62 360 91
232 874 25
181 565 304
433 643 464
498 917 760
670 559 761
495 434 959
771 766 655
95 640 512
761 265 153
141 421 952
831 282 803
208 555 754
300 450 151
618 834 443
550 405 931
759 12 421
924 96 430
585 135 438
110 238 401
370 364 785
380 490 612
231 310 280
237 366 72
615 133 101
421 915 935
313 339 749
496 697 624
770 653 760
33 37 420
192 900 681
124 227 332
475 233 99
171 2 75
618 807 508
654 245 64
68 77 528
770 674 134
618 706 628
483 663 791
889 196 122
925 716 906
261 470 19
258 843 388
740 768 345
404 779 228
818 327 983
376 486 9
377 193 55
661 259 74
38 124 448
864 547 809
938 418 450
34 132 346
2 137 725
333 755 312
149 830 107
846 440 377
904 837 119
788 653 184
708 734 776
936 507 179
634 145 317
538 565 707
489 160 80
425 45 961
478 701 943
75 217 736
121 133 780
156 932 967
66 170 195
515 757 410
772 103 762
53 469 134
314 438 969
646 397 405
325 946 400
822 515 634
352 393 376
456 490 12
753 784 451
64 881 809
529 627 56
499 585 816
323 472 140
793 669 537
530 181 200
105 943 260
708 832 593
47 61 568
48 689 679
857 768 879
100 904 271
392 509 844
425 473 194
124 575 471
117 555 558
1 33 356
290 128 850
804 540 11
8 489 170
93 144 543
92 229 58
776 428 563
266 463 529
675 661 796
138 717 173
280 635 987
623 550 771
66 513 66
204 729 779
818 157 719
559 731 526
211 926 132
162 320 17
136 146 406
674 744 151
101 725 546
740 525 871
307 734 670
208 582 548
400 561 792
832 339 817
77 118 795
57 426 237
500 384 693
439 358 735
563 419 605
613 210 842
439 487 584
169 389 500
362 300 327
505 67 635
847 549 302
504 800 149
667 186 707
47 393 301
366 238 507
340 346 37
96 196 173
573 737 588
648 891 377
859 933 883
947 751 314
424 154 979
589 709 198
490 430 118
707 949 471
328 24 62
161 96 891
581 343 434
346 296 702
874 251 740
244 937 995
709 891 952
339 575 925
905 726 947
92 357 157
836 28 893
442 663 496
605 815 22
23 838 629
368 943 193
421 557 27
801 666 393
196 879 839
585 47 929
466 467 706
7 318 738
371 831 539
274 540 993
5 389 909
49 580 266
382 47 578
508 846 906
606 823 387
425 393 290
679 777 819
329 711 175
260 333 807
365 554 730
470 714 246
708 483 118
1 461 923
859 890 719
337 690 776
612 79 534
177 412 167
697 859 954
21 416 823
572 5 156
33 170 937
53 141 967
301 718 129
486 262 264
928 723 363
934 660 944
676 872 907
314 699 393
36 67 829
469 780 279
289 707 821
333 54 510
463 289 46
373 352 499
732 847 834
929 125 599
762 329 934
231 467 720
93 274 460
906 872 39
43 255 118
133 24 296
764 300 441
193 65 680
360 174 305
118 615 816
471 651 391
694 725 46
172 937 326
19 51 94
336 106 438
512 828 538
587 14 128
353 809 329
611 843 380
176 317 77
282 874 489
201 260 68
221 890 414
355 212 64
230 408 753
238 649 148
10 22 935
611 61 83
527 456 343
385 563 263
823 54 469
512 711 246
725 542 358
794 426 310
859 577 246
860 877 588
907 789 14
897 191 181
525 438 464
813 716 412
10 457 228
530 472 144
366 900 753
177 455 1000
389 787 114
39 162 483
917 568 900
865 182 590
877 628 674
56 775 541
201 591 333
13 27 29
822 691 470
285 509 826
563 137 425
941 10 999
267 769 560
817 1 347
508 534 123
6 332 241
405 932 464
648 573 815
872 911 961
732 461 660
311 389 467
44 695 885
591 176 956
183 350 735
829 751 10
626 600 87
97 881 456
40 594 134
755 157 478
127 154 597
582 443 430
151 179 940
263 685 148
71 343 520
891 941 267
424 681 390
405 246 588
643 9 817
217 673 596
202 92 544
373 819 274
83 706 563
643 53 161
641 234 785
504 43 738
653 243 660
76 776 282
831 836 545
451 514 980
501 207 692
171 909 944
608 651 185
848 361 477
646 675 49
45 287 26
123 234 422
550 697 528
698 220 997
668 924 717
187 235 201
474 354 245
528 430 850
260 183 646
53 63 442
18 355 952
520 395 882
179 911 752
326 855 548
117 191 287
362 526 152
391 630 433
306 420 83
754 464 777
828 406 901
238 79 999
54 469 540
328 628 181
53 645 654
215 422 964
45 699 584
242 519 367
389 594 716
78 737 211
579 722 699
816 496 8
903 677 187
327 656 547
546 638 622
308 878 897
178 246 177
200 482 702
376 780 494
220 793 128
919 394 359
182 19 284
457 773 113
349 400 955
281 345 530
379 195 725
863 100 206
477 624 596
928 792 324
447 394 764
312 632 135
505 684 759
329 632 747
796 681 472
21 578 914
658 927 192
64 120 675
180 183 379
935 1 983
812 663 8
785 244 986
417 897 709
9 115 608
281 433 90
801 487 469
217 727 268
209 821 342
693 513 352
166 645 173
390 25 24
631 668 431
663 824 131
430 877 362
573 697 880
247 4 590
883 245 494
136 494 705
222 252 711
149 334 39
673 440 745
599 288 889
316 594 164
508 608 219
407 571 909
61 222 287
67 83 271
343 667 88
938 846 478
19 40 852
552 34 392
217 198 393
503 446 193
10 76 886
340 201 541
606 720 852
569 437 155
161 451 840
366 270 594
263 619 617
15 294 33
35 89 812
171 822 449
51 50 958
24 924 665
162 222 877
199 787 628
157 501 542
82 438 812
806 883 931
208 295 392
99 462 249
824 481 373
145 220 188
190 514 868
457 63 889
490 605 821
581 419 990
749 235 240
232 482 774
274 256 151
837 167 93
203 262 525
133 450 501
125 30 117
485 414 77
122 309 967
432 222 900
10 39 43
703 546 33
371 677 586
153 171 516
901 62 988
545 851 203
6 578 901
928 690 551
61 291 545
413 787 705
826 792 378
100 122 671
223 246 56
605 852 11
173 231 606
843 936 572
683 452 521
376 123 339
718 538 764
568 497 728
765 888 995
422 793 604
460 424 383
674 9 215
275 294 732
562 855 90
336 157 956
357 120 21
716 551 882
857 635 504
678 487 405
167 168 753
235 362 1
417 158 557
568 612 959
643 531 136
203 47 170
720 794 736
575 545 462
637 13 221
850 25 996
561 563 427
821 226 636
559 587 708
43 832 281
638 224 31
537 456 347
427 410 276
598 912 640
343 875 246
851 332 396
451 602 350
196 533 836
556 532 161
180 770 858
388 790 186
929 365 147
537 130 315
326 709 519
277 738 702
151 241 496
928 929 395
283 369 426
376 416 945
621 901 681
419 604 705
19 927 89
353 821 608
350 763 438
640 638 82
557 778 367
75 98 508
267 857 645
418 936 405
1 23 564
649 271 415
209 27 450
158 9 356
712 943 767
447 709 158
930 136 584
789 813 591
166 907 967
94 40 400
833 470 659
781 873 971
508 237 980
184 800 993
859 150 727
157 822 20
519 79 705
327 679 322
581 870 874
311 946 254
347 525 758
17 376 538
347 906 143
71 85 550
140 248 3
255 310 94
716 439 558
450 636 192
607 411 10
624 747 482
585 360 529
194 397 783
30 53 981
268 844 587
443 905 429
298 901 635
146 621 172
548 705 548
163 214 617
889 841 837
84 504 335
169 140 557
685 194 683
103 331 628
287 311 218
87 751 474
128 857 212
589 683 240
782 844 659
797 299 690
74 538 836
680 372 872
499 902 288
94 407 127
652 138 851
289 845 947
219 115 389
913 696 785
769 566 203
910 571 302
383 634 939
12 198 748
272 530 89
105 404 486
448 892 362
336 339 50
844 685 993
878 649 796
157 372 25
669 911 307
49 577 406
707 129 231
750 724 12
26 736 527
260 261 31
247 880 7
211 439 202
99 868 995
873 476 746
451 816 791
147 815 187
65 697 648
857 134 108
167 946 317
216 266 57
428 712 840
500 374 677
57 153 531
755 534 588
205 379 907
541 528 950
351 122 926
473 493 860
615 150 438
70 685 173
13 19 221
838 237 837
310 309 659
393 473 820
369 636 50
917 716 945
116 281 825
110 121 25
867 768 799
425 729 169
1 583 51
405 547 737
295 26 262
12 138 713
414 932 458
534 678 881
159 174 269
249 39 745
188 396 69
214 818 324
914 144 941
235 814 261
69 129 333
461 808 898
149 87 722
93 99 598
894 456 713
510 716 285
145 177 859
556 217 634
116 802 219
579 583 35
71 690 475
803 940 195
123 244 303
715 743 498
15 681 889
578 690 709
625 795 27
205 484 956
697 20 348
299 529 633
421 806 899
138 644 736
299 723 830
835 247 692
520 817 293
469 853 573
744 366 53
444 1 451
300 528 854
157 8 24
463 667 374
527 62 254
482 469 795
130 221 199
41 237 715
354 433 74
212 350 491
409 235 599
898 377 180
239 716 280
308 836 287
187 621 335
195 612 517
89 109 879
187 662 902
268 834 518
839 275 84
15 275 248
61 169 367
377 807 86
297 381 469
820 261 886
147 439 874
770 138 875
238 53 431
489 66 235
305 99 463
9 435 186
893 449 303
209 138 75
79 216 941
299 605 652
563 31 532
735 807 548
590 881 946
57 202 668
297 726 493
372 163 327
695 463 558
23 841 187
48 140 247
101 323 971
62 785 369
120 918 141
5 12 397
234 378 989
408 1 405
584 384 279
921 197 690
265 434 650
22 752 830
746 309 707
40 274 531
518 377 68
807 40 808
287 113 902
491 639 61
817 79 594
352 666 460
104 804 491
138 427 958
587 900 46
415 695 294
884 803 560
130 519 608
103 117 807
221 131 37
256 376 803
131 347 814
186 777 323
489 529 263
691 288 255
126 690 700
470 374 37
540 780 724
573 785 925
197 309 946
573 143 280
301 836 795
529 820 87
233 485 42
695 778 159
820 223 933
410 760 519
55 758 685
135 234 973
606 509 566
19 46 475
675 156 4
41 264 177
446 196 309
660 498 662
274 484 742
246 291 448
239 46 910
293 141 7
1 28 77
783 417 855
548 79 851
512 625 506
118 81 222
782 879 687
103 188 986
522 881 911
139 745 459
83 660 966
18 404 144
499 825 566
414 677 777
9 102 165
553 812 83
24 68 152
872 584 756
97 262 177
174 95 724
467 19 628
630 781 865
763 259 52
407 414 45
202 83 156
203 198 819
295 108 550
470 535 567
410 750 282
378 533 156
627 312 22
506 616 820
752 492 157
284 828 698
901 118 669
557 815 702
23 50 86
312 92 41
10 30 697
79 53 139
584 849 171
687 713 728
521 45 399
444 662 949
650 100 350
583 591 283
766 651 713
487 889 315
187 789 592
503 97 731
295 192 260
595 622 782
94 482 545
195 17 786
424 211 414
14 810 170
316 924 414
399 777 350
23 125 432
524 922 320
312 451 340
651 548 486
66 678 163
699 942 81
176 766 81
520 815 509
544 749 386
748 817 434
824 45 258
263 853 374
804 335 289
824 731 163
707 152 958
780 73 990
396 810 137
872 196 992
73 257 968
684 712 640
89 288 649
182 454 566
763 97 430
111 149 145
559 557 121
295 943 219
174 99 190
441 723 941
274 730 822
664 594 900
549 385 624
9 281 722
248 68 701
435 633 186
445 114 230
342 98 796
410 446 926
57 108 786
685 822 754
737 786 829
247 811 296
149 632 423
722 636 144
655 58 108
557 53 56
225 763 534
99 497 100
781 568 10
365 216 134
55 173 657
771 924 519
196 468 804
67 79 353
317 415 943
96 454 597
243 294 458
67 507 630
836 835 676
583 30 886
886 267 608
271 625 697
109 744 224
248 578 68
119 660 339
95 270 391
408 403 316
57 411 754
334 613 935
622 26 19
632 555 56
68 839 61
94 528 258
213 363 848
533 471 578
13 642 270
50 215 910
418 1 245
158 559 755
5 7 330
657 276 834
668 460 502
100 278 860
296 596 505
311 5 512
139 920 864
452 383 583
41 701 929
599 358 412
150 944 812
870 163 326
179 183 364
473 510 845
126 500 115
222 378 164
150 79 933
89 725 889
826 592 692
329 150 391
428 741 118
189 792 530
675 426 808
789 936 45
737 826 791
620 945 680
436 534 644
32 342 336
864 498 571
779 834 229
523 427 762
440 261 364
893 407 292
804 489 790
484 871 509
752 872 47
227 137 839
83 12 284
244 253 874
84 513 655
334 827 168
925 60 29
691 811 849
543 77 873
332 173 761
79 170 491
10 304 808
214 616 772
730 592 314
942 588 340
518 941 949
1 35 622
7 721 937
44 478 991
602 708 314
472 204 939
264 471 638
72 298 257
126 151 444
913 417 669
225 522 387
306 229 294
365 534 167
741 591 928
764 266 530
474 496 486
318 12 579
353 599 195
303 442 835
834 599 419
902 659 734
527 66 361
131 777 962
7 619 614
201 95 80
324 651 553
1 409 620
37 85 165
823 388 166
503 190 130
495 464 211
253 669 941
825 403 664
674 840 753
256 595 230
555 499 508
617 545 216
783 135 952
147 539 206
183 317 434
785 197 166
581 863 76
121 420 465
916 796 116
23 42 677
450 677 46
14 444 499
152 402 812
11 81 292
268 684 815
160 742 219
234 783 998
586 197 449
407 326 931
524 417 867
553 665 752
370 413 998
651 462 133
553 872 891
621 336 271
891 147 234
68 739 353
831 464 530
352 640 222
79 781 496
417 844 58
696 938 423
739 220 53
289 307 848
186 511 333
777 194 1
317 721 936
105 841 881
485 563 591
811 718 956
300 587 488
590 802 165
895 637 348
764 55 559
355 367 938
623 318 384
908 412 945
34 175 117
252 355 885
34 200 682
301 619 630
913 313 344
25 238 309
8 924 254
136 547 911
571 117 930
739 36 990
715 370 713
833 584 586
297 765 84
95 131 995
371 254 260
57 572 344
85 121 349
716 360 380
363 410 200
557 639 360
127 74 439
47 690 771
753 465 818
197 261 777
241 679 420
780 174 983
146 638 161
3 249 496
721 534 975
170 337 319
412 649 749
848 852 158
361 420 67
313 624 723
53 240 752
193 104 750
758 95 761
137 146 432
271 712 656
574 398 717
641 597 498
159 452 287
440 259 960
33 198 8
475 554 593
89 729 354
239 293 926
89 739 948
40 708 245
311 274 22
859 605 919
891 683 342
744 374 840
59 630 228
459 56 362
114 814 729
684 676 822
226 675 956
814 891 851
387 327 182
868 125 919
676 451 686
738 419 436
938 130 557
139 680 8
356 360 936
727 294 633
356 288 617
855 79 390
53 316 552
760 535 166
16 14 910
853 730 763
135 21 907
588 561 990
936 577 826
404 209 680
32 213 671
500 849 622
40 625 738
204 887 757
664 881 296
32 58 308
137 398 621
512 1 430
612 877 875
30 592 55
851 761 74
927 31 532
661 442 542
884 631 76
363 631 129
155 1 470
31 7 56
40 675 650
486 83 775
944 833 291
870 359 732
417 528 957
312 932 589
770 18 412
707 596 377
270 620 904
582 519 383
362 401 301
687 301 376
241 171 473
181 208 280
939 201 878
622 649 604
541 413 632
636 4 113
331 854 936
556 184 299
287 941 326
574 343 570
645 275 344
223 544 564
824 269 594
5 11 969
289 537 330
61 524 660
404 711 336
624 935 94
910 862 612
161 308 724
66 457 752
217 463 978
104 73 668
35 48 98
244 463 11
93 268 52
597 873 914
859 99 900
73 21 145
223 630 559
408 929 92
634 744 4
697 614 735
396 146 639
148 126 625
126 228 89
345 474 394
501 871 5
318 882 238
513 505 908
183 279 588
437 187 591
724 334 619
810 520 427
864 886 833
908 937 102
35 878 398
500 731 6
62 223 784
790 87 862
95 610 237
196 453 267
936 25 261
900 233 862
832 358 300
421 261 803
16 5 738
21 911 427
93 637 887
9 66 393
563 253 321
797 409 392
32 249 522
154 724 877
686 701 760
78 87 208
79 328 264
308 754 344
195 40 505
536 252 876
793 242 529
98 119 783
40 628 367
165 322 119
522 208 202
452 673 876
1 4 782
900 28 694
73 337 326
716 597 62
387 583 231
122 181 251
818 707 141
519 930 545
22 901 850
145 199 656
765 592 753
62 694 396
597 777 738
837 856 164
654 64 230
381 766 410
33 189 21
119 221 368
477 768 385
465 199 868
711 828 185
417 642 317
187 702 46
552 316 867
896 132 718
623 887 719
36 291 76
934 768 365
771 94 591
35 242 621
574 49 944
366 430 607
550 449 606
386 41 495
651 183 112
45 92 89
312 13 145
261 923 110
47 160 27
38 254 697
502 598 350
81 391 117
641 678 1
139 186 209
30 704 268
1 75 743
363 852 748
672 600 786
67 386 989
105 830 503
303 748 881
439 732 628
286 872 306
249 220 333
687 19 127
555 764 440
324 99 939
231 468 59
289 205 557
262 567 875
625 911 843
100 573 594
764 136 604
667 909 596
731 642 629
534 380 789
220 431 157
128 249 127
422 829 649
404 585 319
376 676 506
284 361 144
768 817 748
894 486 537
472 753 422
144 366 355
129 458 240
120 850 679
441 442 153
274 566 639
669 948 124
304 586 346
920 1 615
688 652 589
245 158 74
79 179 651
133 293 570
511 577 125
261 263 235
586 418 951
924 477 53
505 123 317
83 197 364
475 520 567
114 306 845
728 547 99
758 799 330
320 8 389
614 701 270
455 776 2
941 465 521
130 838 790
825 287 93
515 49 589
238 834 185
116 765 736
716 127 803
859 242 727
262 508 222
830 435 515
47 510 61
353 749 364
828 814 486
114 277 976
418 940 599
369 529 966
863 503 98
655 417 698
1 808 344
236 813 263
906 794 826
1 5 984
276 716 53
369 756 475
902 599 51
112 164 98
24 70 239
482 8 654
712 92 342
27 471 639
664 743 667
897 834 317
130 299 199
361 796 464
515 637 211
303 780 15
560 651 962
24 69 69
41 185 334
515 690 1
729 662 440
456 706 828
634 345 997
410 77 642
739 29 285
169 273 4
385 709 252
129 177 753
699 484 640
830 690 931
782 123 325
781 262 481
256 365 90
105 824 275
655 521 453
625 366 916
70 863 457
66 626 780
804 64 262
634 846 82
233 868 459
705 812 417
883 71 969
783 561 459
2 80 774
33 580 317
612 482 187
580 937 688
829 649 533
495 456 418
507 870 614
254 925 632
78 141 773
350 643 222
249 917 390
26 791 433
813 78 892
378 465 572
107 289 397
595 686 729
922 738 622
126 268 842
198 282 293
848 897 682
185 437 559
119 892 473
430 570 552
404 692 985
470 894 790
261 377 235
23 65 297
389 622 484
471 593 626
520 580 130
221 77 203
496 573 595
250 660 994
372 183 353
38 579 256
410 882 153
368 226 510
199 636 199
15 18 647
161 238 858
885 486 761
345 397 338
425 430 577
24 573 978
494 116 833
853 249 352
451 552 266
10 296 449
340 458 619
744 74 950
430 223 936
73 446 55
443 444 924
631 185 761
530 581 58
70 527 811
116 377 917
110 882 116
807 67 633
370 734 240
417 610 948
285 906 716
606 532 803
698 340 673
833 285 264
369 628 608
910 638 560
680 126 237
235 357 661
616 775 359
8 156 843
211 929 699
68 95 596
446 706 843
703 737 800
8 259 800
147 376 789
44 807 548
210 478 495
20 625 255
107 380 865
326 929 807
749 29 849
165 423 66
42 182 30
585 567 850
271 678 85
212 181 303
231 459 360
556 189 108
421 24 467
691 698 15
892 509 685
72 666 645
254 346 610
893 306 423
402 596 645
827 937 150
105 300 145
40 526 50
455 495 911
121 63 375
117 428 19
138 819 953
386 721 127
73 492 438
108 714 207
731 327 702
666 134 599
739 601 898
318 612 128
305 585 265
100 616 247
646 271 996
390 794 532
331 937 465
166 326 880
172 261 983
144 163 153
366 736 153
708 449 295
40 48 926
286 782 899
337 775 754
81 142 253
74 269 919
420 209 869
108 335 356
208 668 854
890 261 79
109 763 964
177 575 981
624 425 338
218 932 256
221 801 397
92 361 203
7 63 863
619 300 855
75 289 854
456 753 770
727 501 256
704 393 667
76 440 614
222 234 382
380 419 312
543 560 133
207 291 391
128 524 284
144 315 632
575 122 935
419 87 187
592 856 831
11 71 558
463 608 320
226 658 939
69 465 681
459 870 225
545 935 70
441 415 233
662 788 765
739 936 263
861 369 523
853 554 878
64 790 702
901 407 181
846 375 543
124 130 607
1 13 811
4 288 964
628 104 857
725 826 702
803 755 371
201 398 912
573 129 653
10 704 809
398 200 288
193 280 261
117 684 863
137 184 738
317 756 832
113 39 601
60 918 12
682 383 520
7 10 592
417 548 639
658 79 66
774 756 499
161 340 305
356 118 329
15 284 162
1 541 762
265 438 722
920 626 903
212 462 645
664 887 652
265 617 164
429 732 831
517 413 308
919 808 685
649 929 921
35 287 249
50 594 237
484 565 618
230 332 152
413 784 873
1 863 186
398 407 975
789 712 448
482 685 951
218 862 863
237 803 794
131 301 704
186 209 258
75 917 52
159 418 890
761 195 469
466 768 685
944 313 975
835 232 402
356 482 413
255 387 451
104 166 789
579 251 919
863 804 83
589 812 459
337 509 637
118 180 958
743 907 602
739 109 838
937 5 152
33 60 71
168 410 457
501 1 193
755 866 822
159 490 376
157 210 42
865 600 603
395 27 127
365 203 780
173 205 106
346 937 897
375 143 840
268 149 683
271 833 774
665 862 229
837 178 422
151 645 442
597 574 279
9 127 498
177 612 888
246 371 373
447 937 75
10 72 631
496 826 78
843 32 578
542 197 483
195 748 274
581 839 723
300 610 375
91 307 530
910 116 908
257 830 210
1 103 614
422 813 127
753 137 927
91 883 468
121 256 656
1 427 251
183 620 721
362 404 867
304 215 298
7 8 290
193 483 268
565 1 536
774 831 436
572 499 198
246 937 299
95 255 22
607 84 727
244 238 618
820 634 537
193 295 677
845 908 45
550 307 641
74 83 67
243 762 687
931 470 14
368 405 340
730 578 346
239 558 158
648 941 387
329 842 745
661 824 900
359 228 148
301 491 569
430 217 417
62 212 239
75 159 64
166 209 43
463 170 271
460 654 2
27 305 329
107 574 11
132 382 808
664 902 891
70 208 720
557 463 992
222 526 411
711 945 407
1 25 284
579 270 703
22 92 864
9 384 920
200 237 245
455 780 959
565 573 745
271 276 114
418 397 804
604 157 912
498 659 853
644 352 328
693 146 229
44 434 386
70 729 324
656 435 835
513 754 161
508 668 594
701 357 597
628 106 572
439 694 527
555 558 32
563 816 874
879 550 378
748 936 968
880 644 804
610 335 247
67 100 249
4 194 194
768 216 195
220 39 132
235 156 649
272 443 168
250 524 732
110 269 177
280 417 416
349 537 529
566 86 559
365 28 299
80 605 280
628 919 149
414 546 362
158 33 1000
59 105 533
259 559 252
477 585 667
372 921 625
532 837 885
947 884 978
858 906 758
373 215 716
398 730 26
219 465 809
47 797 19
337 204 115
183 818 938
527 715 769
720 455 973
86 126 980
428 266 480
316 148 792
846 6 794
145 893 361
242 547 277
6 113 170
877 774 586
154 820 498
46 248 454
289 579 492
920 907 197
465 749 498
165 144 232
712 728 973
777 359 861
217 309 543
331 634 927
25 358 578
922 653 435
587 745 289
77 358 381
241 389 858
94 808 532
175 475 606
657 941 357
449 67 891
281 778 310
334 277 328
243 421 926
287 739 250
429 670 215
2 696 157
236 768 379
119 147 378
402 665 446
161 431 377
366 788 700
789 217 313
795 65 439
114 30 548
83 192 119
940 126 134
328 604 132
566 820 817
350 208 793
2 458 59
596 507 310
435 886 25
716 357 133
401 316 586
457 495 799
332 852 236
418 757 809
514 718 590
526 837 797
941 470 879
872 160 978
129 313 787
726 471 117
31 45 131
119 467 742
38 394 457
296 556 636
417 811 712
464 551 399
727 835 848
572 368 714
301 250 743
464 410 482
61 108 153
81 204 874
173 396 830
381 461 150
92 430 482
417 379 527
425 28 15
213 203 942
618 411 721
675 487 19
179 210 768
373 621 431
586 232 687
887 338 776
578 859 669
811 824 813
272 591 497
908 303 837
486 286 929
55 139 956
412 469 540
755 941 556
676 119 420
552 469 944
197 199 972
805 376 749
737 768 357
130 514 647
258 788 128
555 508 67
136 350 302
877 492 345
846 923 777
482 396 879
38 909 630
493 352 945
422 468 597
844 338 454
658 859 128
671 349 813
314 594 803
873 377 704
52 868 878
390 374 756
938 170 324
855 262 286
437 33 72
134 172 191
802 510 431
163 823 344
538 308 932
14 80 18
272 183 226
12 111 652
352 183 375
343 874 245
421 387 903
19 922 472
603 846 590
491 675 886
219 652 178
217 214 880
248 932 178
949 204 165
157 190 805
586 688 850
281 929 12
187 924 556
746 222 568
794 915 889
308 892 477
602 127 697
815 924 682
507 767 484
151 163 240
702 22 702
56 211 972
600 751 160
496 264 209
61 565 899
612 184 777
906 809 416
256 946 843
133 784 543
888 641 952
441 731 334
214 438 456
530 418 513
409 632 894
185 837 129
103 456 686
836 486 537
669 681 987
297 618 434
274 716 776
834 419 976
560 297 385
195 112 587
331 349 824
723 384 693
74 426 520
936 307 714
1 57 663
451 920 43
517 553 265
327 47 888
766 120 522
927 611 515
805 605 134
116 400 130
193 368 127
588 754 48
332 725 449
310 547 557
856 773 400
903 699 570
573 799 855
873 503 438
266 502 404
639 947 775
247 491 116
808 180 451
736 896 703
540 658 676
695 60 575
229 917 918
823 119 783
1 927 967
807 486 198
216 698 297
522 826 693
593 554 721
464 287 605
550 574 720
594 206 567
949 177 454
336 505 990
742 346 850
675 723 172
144 277 101
652 423 348
34 193 839
816 497 153
184 599 906
30 424 894
44 589 678
418 578 122
216 941 792
494 461 105
235 200 708
653 677 242
79 425 213
243 338 275
103 719 575
865 842 480
198 593 36
758 357 994
829 545 426
367 653 167
144 752 486
340 353 457
742 1 595
838 723 30
612 582 661
949 893 7
75 845 603
283 416 353
93 894 690
599 709 829
15 570 709
62 501 419
830 50 20
669 634 181
510 902 832
790 643 896
862 934 898
808 930 90
221 305 95
874 28 309
754 248 559
198 645 902
872 429 790
344 660 275
531 234 164
8 97 607
278 779 44
243 399 639
672 919 6
115 367 329
14 62 956
5 143 178
517 244 33
407 729 905
194 274 500
576 571 24
128 878 193
612 638 944
670 124 962
747 345 465
573 366 668
602 58 282
617 846 213
234 460 276
571 529 490
195 697 233
565 215 565
671 838 245
452 740 603
731 668 546
596 682 531
627 773 42
826 196 876
664 279 478
400 521 242
100 828 86
262 682 123
604 529 877
719 483 808
560 339 579
23 647 631
890 317 692
442 883 418
185 743 346
313 664 267
363 503 816
19 362 437
731 738 649
68 625 650
753 371 662
326 125 308
908 418 630
785 617 459
109 134 381
482 888 513
736 440 534
467 672 383
189 807 132
676 777 395
112 878 372
175 157 758
821 579 302
730 381 116
846 330 183
197 40 407
291 535 96
943 458 523
53 215 543
354 6 740
13 547 384
853 918 222
138 476 485
924 339 613
263 170 230
112 344 621
33 245 482
788 143 3
399 44 997
75 503 240
86 136 656
756 918 22
99 604 441
315 8 54
211 377 854
222 454 292
369 668 691
835 366 168
28 750 766
556 882 230
211 299 541
593 726 590
643 685 729
722 466 255
850 482 930
925 715 384
1 78 377
889 619 470
629 924 49
707 789 1
726 246 794
174 535 823
852 89 957
841 422 48
560 905 320
132 474 308
902 887 120
101 469 287
709 506 681
697 731 212
365 465 785
313 584 146
349 745 581
21 338 957
528 44 589
679 321 520
198 82 426
330 801 553
309 662 306
166 342 145
542 401 327
43 119 215
282 85 151
367 600 320
233 347 50
937 560 145
44 894 532
843 501 277
173 147 49
279 520 40
343 214 665
572 716 950
463 682 267
118 375 335
248 608 958
672 811 455
14 742 830
602 543 732
454 481 570
562 105 40
500 157 315
545 573 22
813 434 48
439 603 801
546 221 739
670 679 756
560 563 448
241 258 934
849 840 915
933 676 783
809 512 853
749 174 813
246 641 354
122 553 182
614 682 688
7 412 666
195 646 349
775 97 632
58 402 743
126 206 144
1 820 405
73 126 747
743 931 298
313 640 550
7 177 672
638 435 395
789 657 277
519 605 16
428 764 540
216 715 554
128 683 820
211 104 411
1 130 41
797 721 715
205 756 186
235 290 255
785 96 227
928 681 381
798 104 390
142 265 429
794 607 172
629 187 679
89 313 488
710 534 950
468 324 764
324 415 628
488 682 906
347 169 610
293 759 923
839 750 78
349 717 728
685 35 738
36 74 432
75 474 880
26 56 337
67 448 886
22 412 2
785 308 279
894 37 338
425 559 713
488 620 761
20 39 100
703 702 140
89 381 839
43 711 795
436 896 731
350 403 129
148 334 967
738 944 923
228 752 445
480 726 818
282 164 43
332 278 330
91 523 96
604 873 901
430 945 741
25 84 254
189 840 707
9 520 592
816 804 44
789 664 350
583 406 1
151 720 183
35 150 219
74 740 899
609 662 381
20 285 202
690 838 952
857 122 528
358 589 418
734 938 95
453 589 933
295 715 579
47 367 353
521 860 833
766 124 667
353 505 796
30 38 666
155 551 340
151 889 798
881 253 486
84 601 221
235 703 169
428 768 723
341 645 801
462 252 42
183 348 312
108 553 776
27 41 305
496 593 232
200 264 563
685 464 766
38 96 487
3 899 74
128 341 336
453 819 156
244 220 357
523 63 851
10 126 342
321 64 646
471 202 805
627 609 400
706 464 35
761 774 469
516 653 866
492 569 953
44 295 232
313 633 145
21 779 542
622 62 272
757 793 813
738 788 20
473 872 358
380 870 636
824 432 907
247 942 320
548 61 280
607 929 685
756 658 471
807 439 50
671 625 178
241 582 668
179 67 668
605 205 478
75 145 475
252 896 129
361 75 946
549 933 519
751 489 136
106 949 546
623 288 239
764 884 773
432 614 668
539 612 971
60 252 173
905 886 519
456 167 273
629 838 194
582 328 700
508 306 431
274 673 815
807 938 459
721 898 71
569 818 307
394 416 760
248 157 276
548 404 530
517 368 592
295 226 743
509 48 346
672 775 662
803 429 966
319 729 915
552 465 139
284 893 786
599 76 790
157 126 735
678 16 151
99 527 304
703 53 689
111 472 349
187 521 378
757 240 407
51 89 45
35 807 233
413 308 31
733 93 57
494 660 691
635 807 233
69 314 27
914 237 635
785 540 586
359 97 675
586 293 290
889 526 171
330 687 743
599 710 695
423 891 380
153 860 566
651 350 204
267 424 447
176 46 505
762 473 698
342 264 334
511 162 340
193 793 425
71 261 831
411 114 218
254 446 969
346 716 283
343 508 231
397 267 451
538 746 890
723 373 915
615 295 390
178 685 77
14 743 898
479 468 636
275 537 768
457 693 996
446 28 960
563 141 62
23 411 462
575 105 580
781 183 466
190 396 986
105 611 700
371 45 816
30 44 948
740 201 845
341 109 576
604 693 726
700 211 931
599 312 797
127 869 924
354 305 368
846 722 56
396 640 961
273 41 743
679 482 185
239 40 160
839 27 825
344 694 79
937 803 996
450 755 434
170 725 383
133 643 762
501 820 395
325 629 342
9 693 1000
310 313 916
828 306 852
549 133 450
426 58 560
749 859 641
202 280 289
281 66 812
97 161 925
78 392 777
901 480 421
434 545 85
415 448 224
257 784 150
613 741 635
790 745 13
933 737 13
99 897 216
605 257 689
269 881 451
690 720 839
61 786 498
581 618 18
914 930 575
15 43 232
471 935 734
561 692 923
667 168 438
433 535 663
855 526 131
599 867 428
52 129 526
72 112 492
382 384 642
469 590 83
323 723 479
733 37 443
331 274 660
102 132 492
822 309 619
385 128 641
17 652 50
175 250 858
761 860 452
10 840 726
177 669 911
499 934 314
494 372 795
511 430 100
196 532 982
774 719 326
191 248 691
349 876 808
327 929 100
271 487 952
678 583 759
684 875 116
200 630 609
85 27 235
498 931 138
369 438 292
412 211 135
238 831 513
308 863 690
904 658 637
296 690 620
508 696 921
130 566 605
396 902 287
289 846 41
131 381 879
766 42 74
727 709 822
185 374 702
541 518 836
7 402 178
724 242 218
380 822 512
562 23 52
397 820 659
157 703 162
77 431 160
389 528 711
422 753 726
469 683 272
939 838 585
531 74 128
435 542 539
54 100 243
409 635 652
590 798 343
828 158 553
118 72 464
170 731 442
475 25 891
125 242 357
401 791 119
624 679 53
880 54 2
841 456 168
354 115 324
599 659 335
224 576 43
833 32 644
333 349 314
13 340 443
36 836 467
846 169 171
115 352 219
602 384 638
831 300 45
780 853 268
122 763 460
803 248 221
443 864 686
587 415 283
716 152 292
14 545 21
860 738 593
465 357 24
713 575 539
224 373 341
895 827 64
551 626 485
513 714 28
72 83 753
262 437 712
155 209 332
524 879 774
847 649 679
141 746 370
650 232 286
12 94 444
21 657 126
321 155 485
487 911 79
775 855 121
503 192 519
852 190 271
510 690 123
848 552 910
659 87 5
446 885 395
53 18 567
234 588 408
535 700 165
237 25 497
1 2 876
606 244 586
605 612 508
924 293 300
545 866 603
271 842 84
228 627 684
191 831 621
494 703 513
188 598 490
227 131 801
397 829 30
679 314 699
492 46 597
660 125 763
789 24 473
233 188 863
167 390 191
737 486 28
209 18 611
699 494 409
649 945 400
700 39 702
606 375 174
101 239 506
66 568 123
85 484 361
235 429 110
520 490 782
828 650 581
145 612 526
797 914 795
220 557 795
716 348 525
161 704 175
472 778 110
254 640 949
524 707 114
281 483 221
909 9 642
1 690 1
705 343 14
71 152 347
17 31 807
785 852 825
266 769 739
440 679 103
230 156 169
37 39 581
171 488 768
778 820 687
216 838 733
137 207 946
157 893 467
494 601 299
131 646 509
241 871 572
882 721 349
247 251 484
352 691 103
10 674 419
33 201 707
561 752 366
838 900 640
232 942 115
393 560 141
589 808 183
502 156 787
218 791 13
312 462 22
899 1 25
486 11 163
530 918 92
386 194 417
928 44 186
443 447 910
297 704 358
573 877 507
204 801 29
7 794 718
1 120 904
662 248 31
530 541 780
124 59 72
178 251 283
283 507 791
705 924 148
9 690 15
835 258 357
659 170 735
792 379 183
82 729 196
376 506 267
877 838 670
354 657 281
119 648 497
242 232 690
800 810 118
462 829 725
76 825 5
491 212 29
45 49 357
469 165 698
856 829 626
309 650 712
17 923 174
280 708 144
351 661 113
474 549 227
368 209 363
180 498 402
931 98 788
305 845 77
327 520 495
335 591 15
467 594 751
306 352 294
304 145 1000
758 71 616
24 32 835
806 474 676
289 529 84
677 507 301
485 280 116
654 611 396
770 879 512
482 629 397
87 233 238
742 481 156
178 694 799
15 480 25
482 426 341
191 247 512
856 303 824
803 131 374
664 128 878
619 323 566
191 419 417
805 421 77
357 656 95
593 168 641
546 599 928
595 534 613
57 679 455
432 836 127
403 926 330
734 666 132
917 13 802
435 40 135
129 90 879
25 29 604
786 123 521
164 358 125
742 948 855
114 351 709
270 813 495
516 479 157
651 922 431
752 537 371
379 619 139
197 594 930
823 20 181
449 595 339
123 449 280
91 769 258
310 338 286
848 491 718
307 867 175
196 559 142
755 360 933
254 210 873
67 165 443
477 871 93
21 494 976
214 26 586
367 837 200
229 269 862
300 35 362
230 315 902
685 555 164
163 131 243
162 176 365
604 806 541
625 159 30
260 490 83
446 132 164
853 420 310
1 466 872
45 634 180
649 624 779
67 337 393
477 505 885
733 611 211
27 226 921
97 812 952
363 534 213
246 348 345
585 823 759
644 612 928
65 349 175
509 877 710
61 600 165
893 580 451
496 524 649
408 948 354
110 252 440
937 152 774
619 550 908
111 441 872
578 281 74
505 627 125
676 45 680
807 79 336
3 526 556
37 846 391
571 710 726
195 757 710
246 268 782
145 136 40
744 91 695
923 898 381
792 125 68
442 731 182
255 636 566
821 820 978
277 525 327
264 518 182
940 227 438
339 285 130
853 781 418
478 217 730
24 784 946
915 850 318
490 637 214
749 256 762
506 872 112
57 106 480
514 20 408
79 499 164
23 447 873
183 40 525
149 679 604
697 344 637
316 443 101
240 413 412
214 203 704
820 755 647
112 56 378
151 187 945
428 597 138
513 428 865
465 309 313
653 878 953
210 137 964
179 584 989
401 521 678
351 316 993
217 767 368
908 555 379
284 923 156
553 859 255
882 354 594
149 661 383
694 461 961
585 434 799
131 783 835
749 781 787
261 703 137
505 550 805
568 550 124
719 821 272
289 260 795
941 843 975
38 680 749
760 674 300
446 190 83
205 602 753
452 836 216
548 560 334
905 211 163
780 371 512
367 866 315
791 753 781
86 555 985
193 433 372
85 83 288
492 922 597
776 816 124
234 282 798
29 587 667
599 617 921
219 319 479
580 670 640
154 432 772
746 68 679
924 273 99
707 925 765
628 146 440
278 478 540
357 152 936
468 404 945
741 482 990
619 384 146
157 787 780
216 171 153
339 72 959
502 625 12
239 27 188
737 116 920
616 408 659
241 266 6
734 661 663
355 335 913
723 684 54
710 560 819
64 622 876
634 654 395
482 83 21
288 24 320
77 427 213
9 15 716
116 564 503
861 676 221
941 186 421
87 445 487
381 208 596
233 850 938
478 310 645
395 639 609
195 818 99
324 789 64
873 636 624
15 236 799
39 534 560
247 949 366
568 905 338
3 841 775
634 287 342
877 755 699
313 512 886
162 332 756
483 568 751
910 632 753
696 489 866
699 850 432
102 104 752
487 919 36
585 798 56
3 528 62
321 829 296
440 243 2
241 286 659
116 253 852
279 752 812
79 114 722
24 675 906
293 84 281
116 220 865
27 382 13
503 644 292
446 92 507
804 140 537
875 51 435
566 572 227
13 21 545
143 786 550
701 440 42
534 510 390
592 618 335
118 474 662
856 907 319
199 360 551
87 335 385
124 121 372
310 154 191
506 493 167
56 166 135
434 626 461
864 193 525
279 280 501
705 885 690
212 747 405
545 803 20
567 597 584
62 688 92
430 139 186
655 638 896
309 694 761
198 608 785
197 225 533
606 184 289
933 25 135
469 549 415
16 34 133
186 680 760
409 389 674
56 123 643
385 451 828
303 300 816
556 790 258
490 20 109
270 939 339
346 660 861
732 906 467
17 602 214
596 668 554
147 118 470
378 806 367
614 625 870
307 889 892
644 696 408
229 396 96
194 441 881
294 377 796
379 176 281
410 41 516
176 787 104
617 431 873
768 426 249
296 538 721
25 611 47
679 118 713
460 688 680
788 124 681
46 897 71
313 725 927
446 314 176
15 379 801
22 142 836
369 469 420
260 48 862
193 161 674
108 883 157
250 468 450
846 366 347
334 356 819
254 467 928
240 253 487
17 29 273
783 368 674
103 419 264
163 129 409
299 896 838
71 871 629
823 400 518
292 855 72
356 392 225
82 804 388
603 816 335
310 586 778
429 417 318
831 528 427
186 660 393
257 596 673
404 691 634
576 325 840
329 794 993
26 772 610
421 597 854
664 36 351
201 226 145
926 241 508
69 381 883
365 389 775
326 670 316
373 304 727
356 501 829
721 36 703
225 216 496
621 300 517
750 470 809
129 297 700
342 856 727
319 674 34
215 508 1000
61 235 795
223 325 763
643 856 993
594 834 820
83 147 541
818 503 15
852 348 461
274 147 671
130 502 426
633 21 433
810 74 836
40 321 127
892 903 927
214 68 482
81 197 534
279 298 992
390 404 972
795 103 874
154 302 429
811 17 115
632 812 104
442 248 208
945 593 559
598 817 389
77 403 118
684 66 167
5 317 146
81 714 824
784 945 466
505 787 449
944 387 445
345 490 110
759 679 198
677 773 61
798 719 476
240 608 568
