522 2378 44
517 183 794
17 35 118
197 349 439
63 257 268
325 55 878
287 217 818
101 120 8
349 461 951
130 361 461
91 230 776
96 458 205
199 410 580
201 139 619
251 15 55
141 451 459
337 239 512
421 367 858
97 313 905
469 230 209
460 111 358
460 229 49
285 361 86
213 206 557
77 137 154
7 141 557
127 3 603
298 289 702
39 108 194
259 5 351
265 193 497
465 311 167
505 1 448
360 10 373
150 37 865
54 326 381
25 303 971
34 291 951
139 361 756
433 460 615
177 13 200
423 79 528
252 117 96
293 350 827
182 461 545
115 406 497
227 438 305
235 214 440
203 19 197
191 15 429
10 91 761
413 165 574
497 493 538
273 446 451
433 73 762
13 233 779
424 479 69
1 511 85
1 300 152
361 109 797
241 61 269
157 521 312
515 277 253
229 217 366
522 37 274
407 442 140
55 487 280
190 236 632
218 335 803
55 127 469
149 154 871
517 334 161
221 415 215
150 189 529
69 341 903
45 88 117
322 19 127
467 35 667
517 225 255
28 254 607
37 330 476
233 439 770
145 271 659
41 93 755
379 291 450
20 57 109
48 130 302
11 192 505
5 438 185
381 145 871
321 10 344
442 290 710
161 347 632
174 465 178
93 217 994
227 452 522
88 469 507
271 4 862
30 508 305
107 278 620
459 147 729
235 88 782
506 433 357
349 348 315
213 242 249
199 409 961
55 110 957
22 266 41
346 13 675
123 363 331
92 159 544
489 133 290
191 205 606
166 168 356
82 352 428
341 115 509
121 42 77
379 403 330
367 73 41
98 131 979
105 260 20
416 385 613
439 314 333
260 433 238
473 445 147
59 50 605
71 252 998
390 37 42
409 313 170
407 361 717
411 363 661
342 379 430
162 386 747
133 405 150
505 329 690
112 154 897
181 471 84
51 414 728
175 349 801
9 229 222
278 441 569
197 343 599
477 417 93
335 1 976
289 125 378
59 430 64
15 45 683
250 514 247
301 459 431
194 186 323
436 409 595
403 361 602
271 168 621
247 364 418
1 179 50
459 515 830
473 489 710
309 36 155
209 361 829
325 277 492
311 488 819
159 79 287
387 422 851
243 367 802
316 426 886
415 485 736
7 349 627
73 4 887
475 295 33
309 187 136
1 281 758
61 418 941
455 265 220
259 379 487
1 190 104
249 315 308
436 132 114
307 271 180
79 439 817
491 349 39
65 102 557
187 379 207
270 280 863
116 474 931
175 172 567
441 433 797
313 237 211
383 275 596
170 477 249
328 463 299
296 325 330
291 7 593
55 367 542
271 34 561
297 55 159
3 325 133
150 223 205
241 360 611
127 470 208
131 327 420
94 157 942
469 307 903
416 145 933
454 427 132
43 103 72
491 463 916
134 277 62
219 73 85
333 34 666
441 154 397
209 123 4
449 451 609
82 415 530
387 491 5
385 495 23
10 132 678
209 212 970
56 57 669
450 500 310
136 275 299
286 316 720
27 193 410
46 415 623
151 439 221
409 437 956
10 351 932
97 406 652
260 297 475
95 103 796
514 175 752
349 254 750
171 145 787
77 23 186
355 17 148
457 502 212
116 433 389
476 145 598
491 93 717
321 505 730
170 332 261
48 88 418
216 49 811
254 298 201
445 24 339
114 171 456
31 34 647
320 197 535
115 178 714
79 257 471
19 407 357
1 13 623
217 512 359
158 208 114
277 478 770
151 369 116
244 189 411
73 223 213
359 401 203
37 280 175
322 449 538
430 215 780
5 23 42
199 312 856
89 1 436
395 274 674
270 382 400
85 267 263
402 54 959
16 47 303
343 285 622
281 443 156
361 49 949
40 274 286
460 475 927
21 201 146
395 455 265
191 344 474
1 151 970
31 374 142
51 401 64
481 284 243
98 486 594
358 277 210
127 421 853
325 501 452
6 143 568
221 301 494
395 57 351
285 245 991
506 97 580
193 1 358
3 484 688
197 455 312
291 45 270
431 196 406
155 495 970
97 187 844
317 157 593
81 277 533
172 443 747
109 271 724
135 325 273
163 487 666
301 325 416
170 199 716
237 251 656
516 145 357
183 172 81
1 9 753
198 503 715
244 289 865
180 369 909
521 48 990
293 481 515
157 499 908
193 235 513
433 211 785
289 457 897
343 429 726
245 339 389
399 35 505
337 265 676
103 151 610
133 463 946
383 493 575
325 417 132
145 307 565
292 506 149
456 505 666
315 411 66
1 5 252
131 449 313
421 472 428
196 457 217
359 471 870
486 187 87
211 201 686
508 370 313
442 143 135
27 61 138
397 115 493
445 378 532
106 127 9
67 307 589
21 445 949
363 383 664
301 357 339
431 152 728
235 144 197
303 306 757
393 496 61
56 246 26
114 190 496
510 205 513
27 296 121
72 192 990
511 109 787
164 87 230
466 103 777
397 485 889
445 397 640
341 343 566
453 112 432
516 223 876
208 381 13
220 317 908
57 1 657
289 424 542
102 264 705
58 447 623
177 19 560
377 235 441
382 385 926
319 63 974
289 153 158
246 491 596
349 181 886
388 343 990
406 349 904
452 503 543
181 289 802
357 122 56
503 18 30
199 439 920
125 187 240
199 352 515
431 206 864
472 328 155
175 131 194
79 282 71
241 294 768
93 101 264
283 469 801
263 432 245
289 288 864
277 160 307
415 379 111
445 335 705
319 56 198
82 473 517
439 217 813
124 224 713
40 391 496
277 147 652
499 261 315
168 463 505
263 143 180
137 199 583
415 487 98
229 51 850
107 51 785
214 356 660
445 447 746
58 296 604
420 379 444
507 183 887
99 217 543
313 397 516
463 73 591
7 424 430
25 137 76
173 1 70
237 375 545
369 251 502
14 30 711
40 132 663
79 215 123
33 156 136
39 513 383
184 472 873
503 49 945
147 257 905
487 379 582
109 286 120
355 299 585
189 141 91
107 181 954
161 437 490
131 9 222
148 260 355
61 295 417
481 364 4
431 61 947
515 103 436
389 403 205
181 423 123
411 404 396
55 499 896
355 113 741
75 481 752
397 93 837
233 293 463
93 109 741
55 163 547
489 181 396
193 297 987
358 38 465
493 505 784
451 67 563
413 469 550
367 290 521
106 351 586
157 458 633
436 505 756
1 95 115
483 317 786
188 232 254
367 255 731
460 187 168
329 508 204
481 136 712
435 1 877
325 281 201
57 157 622
138 347 136
1 346 886
191 199 390
39 128 236
58 82 261
117 301 77
175 147 704
30 45 870
53 150 918
271 505 557
179 118 531
67 200 730
207 442 891
171 326 262
445 219 690
133 184 980
123 13 319
10 11 391
297 444 249
127 199 920
31 162 277
407 497 274
162 392 45
106 268 57
29 101 709
473 1 205
79 310 314
95 424 827
372 8 362
127 208 267
210 292 343
157 109 278
352 449 877
37 111 679
319 286 538
71 97 476
431 59 694
26 35 711
192 57 831
97 160 921
279 115 930
17 53 670
451 55 818
437 415 751
349 395 881
451 145 23
241 109 542
253 342 28
77 336 310
1 59 156
73 484 322
11 149 862
207 139 171
175 241 821
221 408 538
325 265 688
328 469 936
509 421 800
59 25 781
391 415 444
407 390 162
1 441 800
100 13 266
386 442 952
339 111 479
291 20 142
311 376 920
39 68 280
49 85 632
58 243 238
103 55 52
361 467 361
90 397 752
5 261 419
299 453 6
25 469 650
127 277 498
272 281 125
522 457 712
25 426 112
3 67 233
425 52 1000
115 7 527
303 97 302
53 27 895
199 237 916
273 379 290
217 463 840
214 469 705
298 139 458
426 146 987
157 311 48
50 429 386
175 487 910
61 106 924
349 241 31
202 161 31
287 37 258
190 193 839
92 348 992
91 338 293
469 511 255
395 151 830
8 64 54
379 516 43
6 55 75
88 152 530
268 34 372
369 89 154
467 7 577
328 343 418
194 111 822
16 31 568
1 349 734
214 289 681
491 493 36
361 125 305
127 499 231
397 495 530
179 438 79
59 363 566
478 39 780
297 171 383
31 389 538
6 367 587
378 441 183
55 115 803
194 72 309
204 175 403
514 70 665
277 88 627
190 367 863
271 291 176
148 233 514
56 91 158
262 289 270
466 429 244
91 245 565
315 359 856
346 324 769
391 205 546
129 361 546
291 505 412
373 485 155
157 318 577
111 47 826
163 64 632
3 163 769
128 289 543
307 355 598
352 495 16
520 5 379
11 403 850
67 487 23
493 298 450
1 329 719
522 208 600
491 212 365
200 203 920
388 135 985
250 328 246
439 516 659
124 154 650
230 399 48
167 196 62
175 291 923
493 307 562
189 71 685
373 217 577
298 259 475
61 165 480
7 15 600
131 117 648
334 183 354
148 137 976
67 109 513
109 395 301
212 282 397
428 433 263
223 234 110
271 490 30
417 451 3
148 199 38
118 196 117
109 354 670
241 320 98
474 85 701
97 115 302
409 475 542
92 208 356
123 454 823
405 163 665
133 401 995
410 339 190
88 505 303
67 163 611
469 384 12
419 356 547
461 247 96
244 277 381
435 127 45
318 306 45
241 467 932
297 27 527
204 133 717
181 347 479
343 173 925
247 293 705
436 265 565
75 84 228
269 505 482
41 103 575
385 292 467
68 234 588
7 91 419
465 224 81
80 198 919
107 354 574
145 32 681
326 476 905
88 391 811
2 18 213
245 82 591
485 250 361
243 340 862
145 469 868
483 457 13
465 226 520
477 331 370
475 355 606
229 271 348
109 477 847
379 352 432
5 17 171
97 430 771
169 322 123
361 373 292
517 364 558
292 89 603
441 494 947
303 147 972
303 462 755
34 503 234
219 238 585
78 364 838
53 135 653
465 137 510
63 69 460
299 494 273
391 30 675
153 271 965
409 302 50
517 433 85
513 499 149
23 345 835
91 319 490
517 469 843
513 521 955
421 25 238
419 263 652
1 3 759
361 266 479
1 229 437
517 1 977
117 463 304
361 517 406
171 337 589
304 135 863
401 373 193
495 117 381
287 317 886
31 235 858
73 127 909
294 102 70
273 397 493
449 373 470
385 325 409
75 83 654
269 288 196
348 435 854
7 60 187
169 383 284
175 190 160
9 177 169
269 1 325
51 323 533
107 351 697
147 13 879
179 389 715
275 313 372
343 118 468
294 157 786
31 228 86
496 414 698
93 97 12
63 172 73
317 499 8
320 436 960
393 469 8
145 251 131
175 451 520
61 226 896
358 334 181
37 239 468
198 351 543
505 428 921
277 495 262
5 185 464
277 333 726
367 415 201
10 62 893
190 235 266
281 89 900
142 478 937
31 143 903
431 227 596
303 225 773
325 304 892
355 508 849
294 369 756
465 515 35
1 423 695
337 357 223
3 121 612
511 221 536
413 97 953
193 177 254
441 361 842
330 123 672
273 334 698
289 447 681
313 481 216
47 119 656
88 94 206
13 383 429
1 11 209
45 147 822
13 391 712
280 79 579
190 388 708
131 47 615
69 103 63
204 13 546
366 20 107
501 271 430
257 355 828
409 35 864
349 435 575
462 339 950
466 469 906
49 498 496
467 363 759
53 117 143
120 230 157
82 255 56
417 327 723
17 283 579
351 340 90
143 498 875
443 517 397
172 436 205
442 331 142
19 243 293
203 163 314
102 109 263
53 259 571
89 413 97
247 7 923
173 243 477
313 349 504
451 470 511
331 439 248
454 31 186
359 19 164
415 18 633
19 121 194
291 2 577
287 73 807
451 193 744
196 214 255
145 361 661
103 500 415
387 293 374
21 306 932
143 429 160
97 31 646
287 269 550
215 262 619
137 511 963
197 411 111
145 463 119
64 380 258
127 457 299
49 442 470
397 402 560
510 485 527
471 447 287
81 123 409
41 457 189
7 157 854
67 93 17
145 421 15
19 161 157
4 219 39
73 293 828
169 205 583
101 235 164
505 25 749
82 340 923
69 197 380
311 109 273
118 73 690
36 194 991
49 289 411
303 313 749
318 461 723
67 85 985
262 111 709
271 359 319
32 100 707
411 151 719
28 505 175
406 453 760
49 490 351
460 103 425
85 306 516
212 462 230
31 349 862
257 174 953
385 448 290
52 205 235
259 411 657
511 235 736
367 229 618
359 445 647
37 421 940
22 58 213
6 42 558
406 139 679
382 364 401
229 91 830
1 67 709
217 58 216
464 235 841
313 176 307
351 125 47
433 337 420
413 337 989
429 473 304
151 319 546
148 158 8
84 15 299
291 289 158
175 345 597
283 165 104
373 181 9
343 433 837
86 164 770
63 103 81
283 322 233
21 150 768
157 507 945
189 309 300
7 237 389
21 131 708
253 205 341
85 161 143
1 413 716
483 507 293
151 245 481
313 475 249
5 8 186
313 499 442
398 197 613
109 481 365
172 325 576
95 99 256
439 181 629
345 359 716
311 421 991
387 147 579
515 166 16
35 59 296
59 499 615
175 305 874
73 307 847
338 127 988
58 508 969
88 19 568
55 159 379
119 432 922
415 97 462
107 217 520
287 277 257
185 53 980
139 155 516
397 170 785
376 239 872
19 377 838
469 220 41
501 308 301
268 244 902
43 382 477
199 445 546
38 64 684
237 87 566
9 396 547
389 519 668
114 255 767
447 376 620
176 235 498
39 221 398
285 427 56
105 402 631
99 520 890
298 358 780
170 447 741
43 151 552
359 409 781
17 37 378
473 59 434
83 28 147
313 463 596
100 416 276
28 370 280
319 55 269
69 503 399
182 213 909
439 505 606
115 293 552
117 374 954
451 397 491
6 25 753
22 99 526
1 495 497
209 469 328
23 70 261
83 139 700
47 78 618
162 199 798
419 59 50
76 367 640
187 291 157
163 337 284
363 73 762
173 278 562
442 244 530
323 398 825
263 368 914
177 370 497
317 271 382
136 253 785
118 53 33
9 19 532
465 31 974
46 447 306
4 167 398
247 450 178
397 419 216
208 465 846
415 417 586
457 187 379
28 419 748
59 73 553
17 307 445
413 355 213
59 145 975
195 409 786
455 511 663
177 385 803
255 100 466
89 73 552
271 430 598
266 61 463
486 514 616
229 334 131
511 519 504
462 331 636
149 182 987
91 153 689
303 397 831
270 283 620
257 510 223
1 99 148
261 68 742
181 375 651
232 21 960
238 358 94
169 261 506
63 491 337
479 275 619
161 521 11
396 151 925
366 378 7
184 367 505
439 78 616
1 460 453
433 465 984
299 501 107
219 269 582
178 277 157
225 515 317
59 19 11
429 289 422
175 409 182
281 231 23
250 515 331
115 370 823
301 321 871
82 305 335
89 280 62
353 109 214
135 519 209
390 21 18
244 475 265
111 25 830
125 151 721
183 411 273
141 237 488
64 52 83
112 187 517
378 451 257
109 376 328
9 129 493
220 435 602
411 43 749
192 248 543
253 514 978
331 504 137
467 469 10
195 94 620
343 457 781
185 397 794
133 83 343
105 183 202
385 77 806
43 61 856
121 107 407
181 1 285
433 463 656
9 307 235
257 451 798
343 28 588
157 15 151
259 510 47
37 285 943
487 325 2
450 305 602
11 16 911
3 133 829
86 410 525
307 451 626
113 116 626
52 297 603
433 125 595
125 391 789
307 343 378
352 478 570
360 427 212
353 225 843
235 472 137
298 316 622
134 223 774
96 439 857
33 71 405
5 453 637
265 43 22
9 291 10
137 359 956
517 251 859
33 405 997
262 190 329
313 337 746
61 81 820
433 181 431
162 428 158
163 91 626
24 69 803
373 505 458
353 378 639
251 463 33
273 231 401
163 481 69
385 65 981
245 302 309
255 267 199
281 487 202
17 171 801
149 85 795
370 193 94
363 125 891
429 351 319
54 55 373
332 197 308
311 49 359
73 262 689
83 486 602
429 274 611
135 337 483
183 193 245
411 15 99
321 480 781
207 431 515
360 255 946
45 46 338
436 175 853
409 179 486
29 349 795
391 443 508
81 357 163
199 333 190
23 41 524
199 435 591
495 266 731
261 243 146
103 403 313
249 265 323
19 235 23
451 388 462
385 469 839
239 147 177
106 202 601
331 391 991
7 448 423
53 287 49
187 250 710
234 353 697
307 511 561
239 183 779
65 425 333
55 269 630
355 517 628
193 440 181
149 488 729
469 197 417
463 170 21
49 73 724
451 137 5
283 313 680
49 321 534
487 315 535
163 499 743
200 402 285
191 379 245
38 307 869
213 321 215
304 73 819
183 165 691
283 133 706
253 387 210
50 218 221
204 76 618
453 221 628
495 193 25
125 49 956
199 220 77
229 253 647
211 49 627
25 213 640
72 112 167
54 170 112
413 181 529
2 140 538
7 253 184
274 53 382
317 291 415
211 25 814
119 271 471
271 23 400
55 37 39
32 312 972
19 244 748
111 93 833
20 29 423
160 460 360
111 137 197
70 500 933
68 409 906
93 206 176
496 358 93
291 361 777
235 433 51
73 143 855
372 87 258
451 21 35
163 103 961
446 478 258
459 205 109
202 510 933
435 169 14
241 379 573
154 394 603
88 361 557
27 225 579
171 330 313
226 290 841
117 241 162
409 471 711
169 69 349
195 312 621
259 88 643
469 57 375
373 521 350
190 308 719
85 125 806
403 41 233
363 483 566
40 478 180
115 157 630
83 31 513
100 124 342
57 77 402
235 301 139
194 498 995
239 458 271
291 222 288
487 382 65
31 56 655
191 311 405
157 334 254
136 9 953
22 287 983
154 469 410
403 439 374
18 265 850
379 349 522
346 446 94
481 369 436
349 433 263
352 316 640
283 373 193
24 314 201
19 98 509
199 134 90
347 345 835
299 7 635
168 235 141
468 419 365
449 208 584
327 403 403
203 494 587
375 187 402
114 462 469
117 98 407
139 359 672
351 211 644
40 204 908
262 181 641
211 187 167
105 26 12
370 310 930
475 271 152
199 299 33
99 308 802
167 169 598
97 307 390
89 16 512
64 455 50
110 296 51
420 501 712
409 144 707
55 262 386
235 349 53
243 175 349
85 307 840
505 262 916
353 440 480
106 445 590
19 97 807
375 262 164
291 459 625
83 228 479
186 381 215
71 377 594
397 379 741
445 514 803
96 393 540
415 142 758
375 43 736
235 475 657
54 471 569
499 491 593
365 147 403
55 31 352
244 269 784
37 445 895
204 419 116
265 407 967
34 50 841
473 145 514
243 73 382
32 443 317
442 224 798
109 126 286
505 169 163
237 76 608
113 109 254
349 518 244
40 205 368
310 65 585
125 435 53
478 367 133
265 319 433
489 175 427
252 284 704
62 139 768
197 421 377
292 3 193
409 279 188
367 487 255
71 136 257
502 99 83
21 44 283
311 404 614
5 6 422
237 252 305
499 269 94
421 499 841
388 259 471
171 209 830
497 65 920
149 316 919
449 323 320
173 244 806
248 488 121
297 168 834
157 39 289
174 365 927
61 192 154
463 257 116
55 253 613
343 472 525
117 403 408
51 234 929
437 162 283
457 451 674
10 180 26
419 7 257
103 433 621
201 457 84
505 431 341
141 427 205
139 511 502
397 207 71
75 120 101
49 405 951
431 268 617
133 365 373
217 279 135
104 418 379
417 469 705
1 20 106
333 47 610
53 361 928
243 322 129
6 136 640
281 63 543
121 123 682
29 153 731
25 83 662
247 479 722
123 211 236
215 418 362
41 178 223
475 229 685
157 30 368
115 147 981
433 325 51
124 458 934
86 457 53
403 404 754
482 256 891
143 259 6
485 106 839
251 451 35
349 154 181
21 90 597
241 409 131
69 98 650
85 415 820
19 328 360
475 253 400
281 519 389
260 47 332
335 405 557
3 91 860
129 353 101
371 100 187
179 309 212
37 439 636
79 520 317
171 205 574
411 82 922
184 514 960
337 227 790
73 331 399
148 1 978
335 173 421
130 262 864
271 461 798
450 233 962
343 213 802
85 89 85
340 178 935
200 472 473
395 253 541
429 262 952
247 231 376
381 505 126
33 223 341
517 337 214
172 497 819
451 409 501
289 419 953
188 3 625
175 410 449
49 37 184
151 109 688
484 58 563
25 381 721
205 93 556
85 104 659
325 469 409
295 193 833
279 457 500
119 73 303
253 9 106
496 25 678
82 487 659
349 284 214
289 100 800
87 111 559
237 371 427
434 85 806
145 191 955
236 391 441
475 199 310
442 61 853
509 408 878
39 40 29
361 121 823
23 468 422
7 225 31
163 415 448
359 17 574
10 140 245
58 342 48
360 203 804
39 426 697
328 493 46
325 279 871
325 49 421
221 345 286
204 324 871
223 430 897
122 35 12
129 229 983
299 130 935
34 66 551
298 365 591
379 121 385
209 273 32
153 211 188
369 117 385
50 64 425
289 347 26
33 36 736
244 55 544
255 29 368
159 195 471
265 273 972
362 285 917
151 400 605
451 23 873
124 37 857
125 328 692
469 33 875
93 472 635
57 186 823
481 497 153
437 248 86
303 153 219
499 263 413
280 73 374
449 257 393
481 277 547
226 247 205
484 109 93
42 255 677
173 305 182
238 343 394
103 505 576
125 67 93
181 361 313
151 193 961
109 51 734
199 521 834
49 201 76
343 25 832
325 217 282
482 388 780
448 454 251
29 105 921
511 403 225
435 19 172
391 91 849
307 214 480
16 303 441
307 275 981
38 95 644
59 437 646
251 303 655
159 282 118
101 289 152
258 272 609
507 391 571
87 73 150
255 375 119
462 57 288
337 191 462
361 339 674
288 95 27
101 392 937
387 502 977
329 202 1000
13 429 654
94 288 579
427 289 468
12 27 313
4 96 229
350 469 677
134 221 601
21 522 958
205 413 201
465 410 946
340 400 541
469 118 3
271 301 160
30 1 715
160 163 493
461 20 751
121 420 943
19 65 746
211 423 877
82 437 343
167 331 444
71 209 909
67 139 912
272 205 111
11 128 176
463 10 631
171 11 912
288 275 841
72 312 109
225 289 514
304 199 44
411 22 605
499 241 807
37 236 37
451 320 858
226 274 304
173 217 412
333 487 739
232 362 353
15 307 597
262 406 487
470 375 798
511 178 862
415 271 358
393 425 274
222 55 413
414 424 552
440 430 325
119 225 364
404 379 881
285 25 791
25 18 93
339 223 351
115 334 794
165 469 202
88 51 110
196 442 461
61 50 250
53 176 643
427 461 833
238 88 723
6 235 490
64 217 934
429 190 690
50 107 681
1 127 859
12 349 580
96 372 29
1 4 209
155 239 513
370 242 295
338 398 674
433 418 434
34 286 760
25 43 592
352 355 281
101 83 313
235 344 453
352 349 226
199 222 124
93 391 894
494 87 341
515 83 778
459 199 480
383 357 786
69 125 777
18 227 151
11 351 265
53 141 876
290 225 695
40 65 261
116 366 80
313 359 820
159 215 260
152 216 709
130 397 316
7 511 339
218 391 101
45 490 716
454 397 490
16 421 861
351 439 529
380 364 93
449 179 444
517 43 518
363 19 644
18 361 538
361 107 594
442 505 57
329 235 746
505 481 32
307 445 850
135 142 675
439 382 949
181 330 623
447 394 398
332 109 317
510 199 403
225 493 378
457 110 974
319 233 477
491 1 43
89 251 777
49 53 798
163 379 8
373 127 250
271 83 338
476 465 826
96 483 4
484 127 350
163 365 754
433 475 471
54 512 265
445 46 347
296 81 317
225 205 447
259 91 376
121 459 797
283 145 916
41 91 903
389 94 943
465 151 236
148 13 391
285 495 488
23 32 5
28 75 56
199 207 516
51 359 523
451 334 170
77 134 247
139 19 406
24 339 914
451 325 477
125 401 907
494 482 610
29 259 981
413 358 550
155 253 920
226 446 697
387 125 845
51 333 52
297 343 725
241 97 590
463 264 540
433 221 974
127 389 557
433 339 444
323 337 503
361 371 799
155 111 94
103 133 348
230 309 592
283 239 61
14 79 896
179 233 633
229 163 301
322 262 342
471 283 547
37 426 57
8 10 309
483 29 225
22 19 916
406 63 664
317 81 47
391 325 246
189 69 427
120 142 584
217 84 407
179 177 369
49 393 759
226 49 568
35 38 277
251 455 17
7 24 874
23 473 524
181 11 42
211 453 197
5 33 782
185 275 856
14 225 711
449 481 733
115 172 943
396 520 860
204 103 831
406 113 160
147 475 731
96 206 991
120 421 836
5 263 295
55 475 838
61 403 249
217 100 996
367 271 19
279 307 48
2 65 489
109 149 613
490 399 309
73 349 277
175 478 930
99 85 633
483 496 38
81 275 287
205 291 637
47 247 310
257 118 589
127 409 980
183 470 264
15 459 105
2 14 799
126 361 675
173 513 842
172 163 454
345 177 283
379 265 283
341 449 887
421 468 566
307 480 646
5 39 778
405 73 607
224 230 921
465 127 633
49 188 874
71 74 502
361 55 601
123 475 747
355 55 311
279 434 124
37 463 136
133 276 349
283 439 661
147 151 286
220 448 998
1 210 792
326 445 57
263 359 499
291 259 411
417 58 612
511 475 754
130 453 923
361 59 640
352 343 303
427 97 921
130 145 600
257 211 395
171 492 709
37 163 583
85 1 269
11 357 528
324 335 578
5 287 105
59 214 528
220 277 664
423 380 280
19 49 134
21 255 634
449 100 925
67 465 258
163 145 407
201 333 717
385 514 420
336 307 203
226 271 315
376 41 693
112 118 622
199 165 519
46 114 652
10 215 654
201 189 330
154 166 90
278 425 440
352 405 20
9 121 336
365 102 885
215 219 237
211 327 230
45 435 480
76 345 427
407 306 845
453 174 252
404 1 228
193 389 673
67 107 809
109 173 707
37 411 454
439 101 317
361 91 627
100 226 867
349 109 550
8 415 58
445 78 67
416 415 323
33 403 549
443 425 865
92 407 505
373 325 602
309 465 408
154 307 764
59 139 686
198 390 509
174 354 98
331 375 182
277 65 811
425 332 483
494 337 666
193 373 381
115 48 369
227 475 740
343 345 932
239 136 10
337 451 601
287 133 488
169 61 959
243 504 306
321 415 22
270 286 3
221 163 964
319 195 979
494 421 892
321 337 830
451 235 836
418 33 310
88 28 54
199 313 903
449 152 890
12 72 487
35 99 30
229 359 868
217 205 38
102 514 729
289 211 805
494 10 376
324 496 25
73 253 201
358 492 176
115 175 643
355 427 883
37 181 280
1 51 96
157 399 44
247 507 261
261 493 185
19 272 915
517 257 37
327 330 792
102 240 505
37 363 904
92 317 184
120 505 146
96 398 660
145 155 2
341 439 559
99 424 930
190 73 832
370 33 162
37 277 325
230 43 91
390 10 376
187 515 220
315 325 754
100 166 976
126 7 271
247 511 686
87 181 475
81 231 706
331 433 619
371 515 369
240 418 239
46 301 22
509 286 731
381 303 229
41 113 964
433 223 254
161 103 840
244 520 382
423 464 364
42 303 584
433 283 956
215 397 648
58 65 919
31 3 232
6 80 909
404 296 559
387 191 495
361 479 754
496 433 98
374 456 216
297 443 362
377 281 81
329 127 994
366 295 933
148 45 926
109 43 468
349 453 905
270 1 38
469 65 930
219 53 15
361 244 62
154 235 760
402 489 415
282 123 897
518 376 534
349 431 607
51 515 226
6 378 981
169 229 13
226 367 128
371 334 339
512 52 970
103 118 2
153 1 479
197 214 789
235 141 739
361 395 431
355 433 697
253 376 486
479 235 17
287 87 241
319 109 74
7 12 695
242 277 69
367 19 960
177 444 563
473 349 461
193 64 540
477 319 799
100 241 599
11 48 773
109 161 106
97 223 315
167 95 249
99 335 723
13 63 106
303 518 151
230 199 104
325 415 463
193 125 792
73 397 904
125 210 810
41 146 241
365 79 367
5 86 640
89 198 651
87 461 278
37 235 462
49 167 87
370 15 81
279 376 787
407 331 205
136 315 48
83 483 623
441 46 908
427 175 549
93 258 51
298 133 33
307 232 839
433 253 1000
91 157 782
1 519 141
217 521 943
257 177 417
202 355 317
1 2 266
181 43 119
293 63 27
1 391 696
359 321 622
11 427 214
104 144 320
93 361 866
505 119 618
100 275 753
138 210 974
515 361 526
187 244 451
117 249 776
387 91 478
376 90 896
253 277 909
209 259 58
35 148 587
303 391 961
383 1 782
333 357 496
21 233 291
2 26 199
160 439 797
272 323 946
508 286 437
381 423 336
325 424 466
1 169 282
470 397 666
189 175 164
41 76 773
58 199 968
425 289 820
207 307 940
19 54 98
291 509 926
113 127 477
484 424 409
107 343 271
307 371 966
88 225 771
314 361 969
507 241 196
195 309 581
379 137 146
478 349 31
127 331 907
190 473 365
91 193 213
419 279 82
410 151 502
235 421 856
403 413 350
136 117 490
263 102 840
505 391 76
89 139 222
343 355 598
319 483 406
43 184 541
61 453 852
350 347 108
441 466 265
514 469 39
32 172 425
476 430 313
223 101 496
349 281 949
459 369 460
369 469 198
134 180 21
21 22 376
42 146 519
355 249 937
21 218 235
36 337 896
465 165 107
69 355 824
397 297 335
349 457 181
411 460 914
48 122 165
205 207 765
371 241 294
325 460 62
207 522 171
487 87 680
100 145 929
427 89 505
59 235 366
319 133 827
179 509 376
439 121 255
397 430 557
32 82 765
106 501 508
271 9 564
49 307 898
170 411 814
397 476 542
454 67 742
85 87 58
218 227 650
34 43 885
196 316 759
511 13 54
215 359 949
312 143 830
49 472 281
145 365 759
27 495 983
289 84 386
411 189 304
181 256 624
345 415 583
4 247 21
186 145 42
379 175 641
193 73 363
419 496 609
55 494 221
199 289 89
309 455 623
55 415 351
371 378 438
187 345 77
247 427 829
87 159 957
188 453 740
411 205 435
385 434 81
237 80 869
121 277 82
337 301 965
100 304 471
10 136 802
18 67 816
17 397 598
1 295 748
306 381 401
383 331 871
185 395 481
37 291 173
477 9 265
375 384 775
67 271 527
371 447 1
433 237 153
59 75 189
139 517 458
186 75 471
291 422 629
467 475 83
507 175 876
23 452 723
107 191 934
63 174 243
19 325 389
98 55 545
51 182 376
151 295 238
248 155 322
61 247 356
155 88 1000
205 301 518
190 61 57
507 97 331
415 512 843
478 19 794
162 450 507
223 127 76
17 28 528
211 487 360
248 256 789
195 203 757
403 139 509
295 136 504
325 75 599
165 343 94
123 352 716
445 444 681
301 482 334
304 91 113
211 274 908
19 145 586
19 349 491
10 133 84
91 385 501
291 482 794
353 39 368
15 21 531
31 451 158
363 307 123
135 443 612
116 341 731
253 224 913
77 417 369
217 71 622
505 346 604
103 123 128
305 91 579
155 53 370
496 155 405
11 83 42
115 11 513
185 217 637
314 511 120
124 207 217
147 25 445
151 412 220
199 509 969
358 484 638
89 55 979
118 465 139
493 397 932
184 316 769
313 243 7
516 230 353
217 371 696
229 415 333
167 205 498
263 233 50
12 270 937
301 141 105
73 132 243
1 7 13
117 225 327
311 437 491
87 460 236
199 259 110
145 279 198
31 289 185
329 189 839
81 387 438
143 247 242
85 52 677
101 191 376
493 222 137
217 357 177
337 459 892
151 496 337
439 370 429
168 145 763
427 145 756
19 192 824
121 484 898
262 33 99
109 7 943
343 55 405
235 412 540
172 307 580
212 460 618
308 505 41
451 63 623
307 82 443
409 265 424
271 313 225
367 381 891
117 416 299
253 43 522
325 387 2
366 293 124
141 471 552
251 481 949
125 496 21
273 27 614
13 181 123
55 85 72
417 457 277
8 92 557
32 377 374
194 489 446
280 51 699
22 52 919
164 407 647
63 19 812
113 517 238
262 307 794
1 175 321
442 408 568
449 475 617
13 19 783
294 490 787
9 459 449
37 30 390
371 176 434
75 483 262
347 373 728
124 138 479
91 299 267
272 397 832
187 25 703
465 150 829
451 249 424
497 55 637
153 202 758
409 166 356
