525 7345 278
340 277 357
151 352 136
32 415 157
133 283 598
246 350 541
247 127 75
386 109 393
85 282 157
106 175 794
31 297 344
62 211 66
501 224 29
459 394 514
165 464 143
196 491 871
391 54 737
496 187 812
61 1 619
451 246 458
197 483 573
226 105 584
79 277 243
76 158 415
115 424 271
234 208 636
148 57 89
174 320 553
386 11 779
400 169 479
425 99 52
509 108 396
476 423 417
300 10 987
176 106 518
302 253 277
507 203 201
8 97 542
151 106 534
505 431 963
81 501 618
209 328 849
85 209 3
334 22 189
336 455 621
41 476 60
148 215 936
206 494 35
131 375 141
85 238 367
160 301 287
94 457 531
68 211 891
383 140 726
198 333 419
373 245 410
161 459 733
122 260 863
343 421 703
94 519 405
128 87 412
148 403 218
142 193 314
36 141 6
52 6 910
341 80 984
7 73 735
92 449 75
267 176 229
88 323 905
1 496 1000
491 202 226
226 260 863
127 359 970
358 499 219
281 104 388
160 241 752
416 463 682
342 343 406
372 116 439
463 22 997
5 434 46
71 20 149
45 397 330
371 466 109
41 321 926
283 174 142
345 57 601
111 379 91
271 15 946
437 331 125
112 256 699
227 247 113
40 269 575
276 311 252
231 151 991
31 281 79
236 452 556
68 70 418
472 57 906
85 439 860
401 379 341
193 344 592
421 242 73
511 113 465
92 361 682
171 223 661
427 451 902
359 337 956
109 301 37
480 9 838
3 174 483
397 332 356
1 89 945
461 120 163
373 396 227
336 516 362
123 225 34
132 384 110
259 85 147
194 1 121
211 67 803
426 197 855
231 425 189
226 228 866
16 142 848
61 312 226
64 190 516
16 167 679
498 325 691
241 133 855
290 226 159
448 190 181
139 64 842
433 21 586
12 246 928
433 316 407
454 133 294
433 457 655
130 226 2
490 103 669
358 229 60
1 23 672
220 316 99
361 285 675
466 403 944
246 300 945
198 96 628
1 69 687
524 288 184
342 487 175
44 66 737
112 436 8
151 157 131
49 356 48
70 467 662
518 178 562
111 116 614
472 219 755
385 404 276
435 197 870
127 417 155
470 341 988
63 301 252
421 94 184
316 293 681
238 518 414
421 156 744
280 451 74
28 127 896
320 361 185
138 43 990
151 480 235
301 463 971
111 14 503
93 442 748
22 330 817
18 264 700
387 176 767
225 309 965
28 376 31
269 270 787
295 433 349
476 451 589
117 502 341
428 358 410
321 46 513
4 8 936
200 472 998
367 241 732
278 316 513
308 76 500
37 114 218
142 334 501
96 373 418
146 399 637
46 480 769
125 84 410
361 41 663
365 316 8
319 307 260
307 316 356
283 517 890
471 94 200
74 465 905
433 43 267
331 463 83
226 461 425
389 230 52
42 334 656
350 394 557
508 328 705
57 266 246
391 237 539
379 459 798
409 471 457
133 427 117
372 226 902
256 391 717
393 515 860
307 297 879
124 460 340
247 221 331
379 206 947
269 117 697
255 351 59
47 101 401
223 213 795
281 293 740
301 345 867
498 386 79
466 281 737
113 294 164
37 147 327
25 22 63
473 97 995
105 82 836
501 400 731
449 464 321
412 440 652
326 351 57
301 51 32
463 49 899
196 166 347
507 48 88
1 4 416
202 181 843
75 366 621
8 402 739
91 166 648
157 294 785
11 151 313
132 40 812
330 360 861
404 148 194
222 451 907
423 31 686
313 106 942
468 514 849
134 162 239
22 409 808
135 40 166
49 171 562
257 505 477
470 478 393
120 64 242
276 351 658
324 226 772
132 70 89
177 189 423
484 85 282
510 157 487
75 177 913
443 253 832
213 315 33
316 98 417
436 466 224
342 316 675
154 227 965
454 514 896
129 389 15
421 406 473
435 401 496
406 130 208
274 512 315
349 15 997
47 1 245
85 241 202
116 440 969
146 229 43
148 63 332
253 380 513
246 2 591
523 153 706
496 91 168
496 436 310
421 251 957
379 325 315
155 343 281
153 326 958
24 35 634
79 138 686
85 49 187
442 462 517
170 246 109
409 161 841
106 282 856
445 422 476
251 302 222
217 409 853
382 376 797
286 274 626
107 210 160
88 124 980
379 225 285
217 474 486
366 491 809
215 413 732
58 246 785
283 431 184
486 520 739
169 196 38
286 478 72
148 64 193
61 361 612
408 444 165
497 53 111
396 462 845
61 326 276
501 200 541
482 420 196
52 511 10
325 82 346
146 188 145
463 381 412
335 217 860
276 1 540
227 387 623
46 131 922
85 421 115
308 46 561
381 256 771
486 499 131
318 101 688
113 364 796
76 151 556
201 268 244
172 131 122
208 207 622
328 242 330
509 326 267
19 219 737
305 71 594
5 95 383
261 71 953
217 241 885
285 355 302
5 265 504
34 99 760
288 319 224
268 32 174
288 436 696
129 115 324
295 333 419
277 332 7
469 214 706
322 316 492
60 376 165
95 165 507
334 477 527
131 80 439
119 405 957
326 113 623
143 83 529
150 190 914
379 66 490
110 391 951
52 292 368
519 310 123
9 406 121
316 449 990
214 186 337
155 511 304
426 196 277
145 91 537
240 451 315
504 304 511
51 151 227
379 400 996
481 255 965
196 392 641
267 316 120
460 104 881
151 228 339
304 184 242
416 41 704
382 31 304
106 265 554
316 76 115
307 232 614
102 474 717
416 508 680
91 195 274
295 360 654
221 503 697
438 436 510
201 253 251
169 501 970
295 322 57
64 2 365
173 215 324
386 391 519
166 348 52
43 386 581
352 148 663
462 450 751
276 460 979
460 231 854
119 35 939
331 220 888
197 366 937
222 511 69
22 366 436
127 382 738
169 42 35
134 37 809
142 36 180
167 255 419
438 369 832
76 436 159
26 157 129
190 226 919
103 379 283
147 316 992
421 254 946
395 220 892
440 114 980
139 116 377
367 15 401
186 294 597
472 344 956
2 20 276
96 134 910
70 342 384
215 149 857
400 31 171
337 11 269
337 320 635
386 10 738
312 379 798
93 356 88
91 83 569
500 337 273
357 37 622
217 225 983
379 414 814
401 428 678
366 196 227
71 223 30
262 477 146
2 496 90
460 130 269
413 16 534
248 130 323
346 415 726
39 41 152
2 311 636
419 366 387
433 331 572
67 131 74
256 484 780
22 387 374
520 17 893
448 200 612
133 515 597
463 106 814
345 195 358
463 522 497
253 210 201
60 447 939
215 468 34
106 43 731
94 202 464
507 51 2
391 461 60
175 282 708
173 441 276
415 268 613
78 129 260
491 450 493
54 340 335
515 490 500
160 409 485
150 367 915
97 218 490
86 428 600
176 393 972
202 200 634
253 32 176
181 213 886
147 237 482
374 231 827
400 465 962
136 79 833
313 133 522
293 155 666
31 326 758
226 283 941
110 504 414
511 85 229
493 433 697
316 23 204
128 275 499
21 238 13
411 251 229
326 328 949
352 508 259
144 232 693
105 316 466
227 421 934
71 244 637
435 276 290
154 475 298
147 298 126
41 294 331
328 176 409
384 391 312
190 341 58
181 421 352
267 140 691
11 304 57
351 415 167
398 73 624
486 19 144
313 55 675
193 379 37
357 175 900
475 457 510
505 65 424
512 491 924
402 421 791
194 116 320
364 454 149
260 519 501
234 148 167
313 256 789
253 127 201
293 236 205
486 342 737
320 88 225
86 514 860
277 343 107
470 491 71
283 67 83
76 337 775
96 309 702
181 316 845
328 484 343
448 406 469
520 141 532
303 151 605
127 362 356
498 106 427
112 151 41
218 120 819
276 505 812
469 520 803
237 314 582
302 501 494
421 385 1
288 181 279
41 306 957
511 232 161
178 439 4
273 115 106
455 160 432
149 445 479
243 426 985
186 396 856
181 214 595
63 164 268
216 511 234
419 298 920
25 262 992
293 81 230
25 91 117
226 11 281
365 361 936
138 441 153
64 169 593
484 513 590
56 22 391
38 121 877
192 51 445
524 315 88
221 110 349
337 466 793
157 400 901
129 226 388
318 456 593
326 474 174
403 276 773
223 210 666
458 225 264
46 1 103
441 292 795
20 130 274
3 164 132
102 76 285
315 67 305
505 82 325
439 443 976
1 231 532
17 276 929
442 478 267
428 434 982
76 385 188
57 22 419
151 521 986
176 470 567
457 89 287
524 286 312
123 319 458
10 118 536
60 368 717
415 417 556
102 379 499
360 101 962
436 19 180
371 506 763
356 521 628
409 181 728
430 452 218
372 246 244
264 141 583
345 82 100
86 324 101
305 205 490
475 325 514
71 22 266
99 246 837
451 430 239
508 318 394
205 479 235
17 25 114
295 411 802
90 148 676
467 217 998
345 253 426
54 227 797
196 94 716
196 493 367
187 110 184
456 266 939
273 379 12
267 221 396
150 251 84
88 51 67
476 209 775
396 181 785
296 474 519
36 124 28
211 274 877
22 379 176
386 436 310
193 63 613
3 451 685
143 22 751
28 177 545
128 46 166
253 57 844
55 26 31
496 169 796
451 136 54
41 370 509
379 173 293
241 316 508
301 36 626
323 183 79
71 354 495
7 66 832
228 232 839
276 55 955
302 266 136
445 347 688
148 129 192
258 186 348
346 1 934
445 125 340
346 333 137
260 318 690
133 160 752
253 326 255
118 148 611
491 46 643
19 170 657
377 150 540
139 84 858
355 207 282
301 151 534
323 21 735
486 400 182
454 466 437
171 382 154
247 260 230
463 61 801
141 517 767
295 441 98
135 417 112
101 75 455
511 223 564
101 26 460
492 178 698
388 434 916
450 390 840
285 448 709
106 272 550
1 438 68
361 43 720
382 268 644
118 513 256
21 161 706
16 172 669
35 39 829
255 36 740
235 87 706
145 337 595
301 421 422
525 201 404
165 19 742
426 77 342
386 157 800
61 10 871
248 295 177
237 155 626
351 85 894
4 319 610
176 201 310
259 140 926
203 496 634
358 202 231
166 454 623
501 289 375
13 64 408
473 348 723
252 214 180
82 166 167
241 87 949
232 76 427
461 159 850
103 166 534
146 466 550
211 516 8
18 472 497
346 429 799
286 448 14
307 1 233
281 98 789
131 349 553
141 199 253
142 190 805
400 91 806
412 521 487
31 337 927
456 491 65
433 346 73
160 407 895
275 76 42
358 31 817
406 295 196
304 394 399
334 176 913
463 51 76
118 222 747
512 225 913
64 145 388
100 301 15
178 236 563
386 186 388
205 506 753
104 157 880
474 85 99
82 201 356
281 339 207
26 121 178
203 251 12
76 215 818
184 246 335
475 151 897
72 34 617
1 431 498
121 137 465
338 8 52
330 344 375
160 152 998
346 506 327
123 295 332
451 110 73
426 70 888
249 376 918
151 43 134
113 508 850
243 269 252
181 4 978
190 231 765
113 126 725
239 398 735
181 474 980
96 45 83
428 406 779
171 316 610
226 61 48
80 456 378
71 174 657
289 346 907
318 357 704
86 367 754
481 524 537
232 91 124
327 471 852
142 226 804
498 222 228
441 122 563
1 2 902
106 167 860
21 304 551
422 213 810
455 443 443
241 280 594
363 400 659
211 279 404
253 157 377
51 309 255
424 154 449
387 239 212
4 115 907
337 456 321
512 400 737
520 251 554
271 279 293
501 91 848
305 491 325
106 184 597
375 442 791
211 275 298
310 87 650
119 400 64
184 226 659
217 406 131
421 350 137
228 319 771
4 372 656
275 1 929
155 144 942
517 306 40
316 359 940
27 87 350
514 272 223
256 422 515
469 364 749
106 421 680
464 364 596
40 511 398
202 468 802
291 6 277
4 146 949
176 445 659
311 460 804
388 331 674
401 449 241
38 393 239
281 189 971
173 475 632
120 448 476
247 71 770
6 145 973
190 319 921
106 64 482
216 1 860
365 181 220
409 136 111
394 85 658
226 242 466
286 276 870
338 427 157
379 214 360
393 388 377
38 510 487
301 525 49
63 357 56
121 127 361
370 88 749
149 173 323
76 142 932
61 491 981
393 148 108
491 75 704
64 477 86
521 481 631
313 399 809
73 22 661
22 135 980
521 276 817
155 337 185
256 399 167
177 246 291
16 256 204
171 19 614
323 317 433
44 197 840
133 175 486
241 404 70
196 301 900
202 424 729
200 240 576
321 274 646
78 376 276
78 311 363
214 56 178
484 119 981
190 332 892
316 439 499
358 71 254
289 196 981
253 71 166
325 312 993
448 484 422
301 417 742
276 13 446
418 100 381
71 198 822
356 21 91
286 272 23
313 184 976
286 238 468
470 281 640
57 64 591
36 402 608
340 141 633
511 501 766
205 71 930
43 346 693
202 411 286
106 301 420
88 11 112
271 277 760
271 262 122
17 9 170
56 206 982
253 183 115
478 161 202
337 461 394
232 445 219
512 223 783
68 146 753
491 118 12
401 199 755
58 445 387
323 393 145
40 121 681
152 370 821
510 163 133
238 158 581
145 487 849
212 167 410
466 279 533
195 217 531
253 55 572
265 103 445
76 103 49
421 336 444
323 217 512
124 321 412
434 313 290
245 88 764
408 456 13
32 111 767
486 93 941
190 127 782
29 283 658
307 378 876
48 82 62
9 217 366
383 151 225
442 389 775
190 271 917
316 197 76
93 56 440
20 519 543
433 501 6
454 253 730
376 232 435
305 107 550
262 338 423
1 181 914
289 480 316
246 203 377
266 493 237
181 106 501
21 340 747
303 159 680
411 58 13
127 277 685
87 251 968
427 400 785
138 46 160
214 337 577
61 471 125
409 263 291
81 271 244
274 320 891
58 175 357
92 475 467
238 505 927
91 55 742
85 76 507
248 226 715
213 345 695
337 163 96
151 288 896
42 138 891
307 49 19
268 316 913
211 25 44
127 380 764
394 193 115
115 255 484
127 421 754
303 397 384
208 12 954
286 388 28
199 253 465
306 277 650
186 184 685
503 170 55
13 374 278
230 19 861
46 180 117
194 77 541
178 96 561
477 329 516
157 302 422
196 299 439
421 58 545
146 316 170
55 244 719
166 154 558
106 286 804
105 146 595
208 233 690
296 253 343
228 196 41
316 189 63
438 169 880
65 55 588
237 25 79
240 266 997
169 340 850
239 262 609
321 301 458
124 79 799
214 274 831
416 196 918
160 224 553
68 405 120
351 176 29
120 256 912
124 408 619
139 86 360
211 371 252
48 2 626
309 316 659
256 88 681
38 55 9
431 214 73
200 101 533
259 442 303
79 481 726
186 217 201
400 506 211
223 291 382
435 106 256
358 451 2
187 31 568
288 482 233
515 331 321
229 181 803
122 85 644
22 85 192
126 196 56
46 363 265
155 111 753
462 112 896
316 428 298
510 239 136
36 486 373
316 130 255
502 23 789
134 221 271
455 296 200
112 403 907
172 26 941
53 99 960
163 251 286
311 106 430
94 501 322
196 153 96
361 1 662
205 186 96
331 301 518
210 431 211
351 19 354
143 194 447
393 451 530
518 1 916
328 1 201
166 376 478
325 56 359
385 491 763
55 434 371
361 306 696
151 318 938
100 266 81
375 223 996
13 196 854
2 193 64
111 148 800
118 361 816
163 42 632
471 113 493
210 476 802
86 48 261
161 432 34
93 514 839
306 31 825
136 48 843
347 521 815
429 431 457
135 377 466
31 71 303
225 211 680
377 484 945
38 452 286
64 521 391
262 421 568
217 379 428
29 346 583
15 101 695
1 71 783
43 304 288
313 316 831
463 398 428
212 511 263
323 18 483
376 414 347
357 244 574
145 199 761
301 1 122
1 281 187
211 15 306
344 428 229
31 460 448
312 316 830
127 29 72
248 91 178
154 505 882
247 278 663
59 71 260
107 190 292
172 405 292
124 490 800
241 83 861
263 92 94
66 21 139
523 490 280
108 169 11
139 256 928
145 212 650
5 1 156
301 134 836
385 390 39
46 440 687
53 267 524
26 400 509
304 266 54
379 504 461
232 37 4
520 447 908
28 395 608
23 59 744
160 187 727
151 258 797
490 370 436
158 222 743
343 449 340
211 151 934
160 466 683
334 25 288
1 14 68
172 91 1000
127 64 725
412 151 488
109 345 368
141 43 770
453 525 285
101 126 514
223 388 202
428 520 432
261 361 117
340 246 674
247 366 448
386 65 441
316 294 43
186 120 414
451 76 516
91 470 843
16 15 635
339 461 421
501 272 654
214 155 446
363 421 293
34 133 483
256 262 10
76 2 775
168 116 44
216 382 250
321 225 968
451 445 183
99 186 800
17 44 558
442 288 792
158 326 55
520 505 385
201 517 483
490 166 100
478 201 497
508 176 104
128 211 765
498 336 218
1 422 407
514 281 131
59 436 763
451 275 925
91 225 361
141 358 499
43 340 608
436 121 638
204 171 189
388 26 979
130 85 695
295 176 552
240 16 672
106 70 623
427 370 176
235 306 779
127 439 256
351 474 254
356 229 618
100 305 12
223 430 181
435 499 684
256 169 470
232 364 745
491 157 952
400 301 946
344 486 501
361 322 580
463 227 538
151 100 310
133 337 866
284 193 652
105 115 218
222 182 374
319 163 957
407 319 711
97 165 474
362 326 16
359 106 692
206 512 876
15 30 837
211 437 466
396 56 395
1 229 610
31 123 98
332 491 307
326 322 938
363 180 935
46 148 788
180 368 670
355 391 282
196 127 422
400 244 324
244 274 400
43 60 88
155 197 991
118 183 744
519 102 492
520 210 544
211 429 47
82 286 422
106 79 565
39 40 76
66 202 982
451 148 679
251 351 654
91 274 82
30 1 584
511 79 692
365 136 110
10 392 367
169 102 373
268 16 608
323 113 880
470 421 415
151 446 398
148 484 268
314 229 965
130 331 167
93 458 535
202 212 451
70 34 305
42 59 456
136 388 805
316 276 41
430 351 915
89 475 754
151 351 751
286 26 21
201 403 511
5 118 398
331 71 399
121 25 709
500 194 442
91 282 932
197 136 843
256 99 135
447 1 187
403 121 740
46 451 982
28 372 959
206 421 202
283 106 617
346 218 428
406 504 857
148 17 414
431 172 431
190 388 139
80 106 758
49 192 118
521 246 543
151 131 792
29 116 856
322 501 577
334 467 134
73 340 427
40 180 788
1 156 105
502 61 92
265 108 402
1 186 899
1 213 897
147 420 627
51 361 188
27 68 991
439 190 417
346 381 254
93 511 27
471 460 461
94 167 593
170 286 320
218 369 995
46 99 247
456 463 623
235 280 707
136 312 496
346 182 465
239 451 666
402 340 898
37 22 716
120 15 174
65 129 197
10 28 25
517 139 76
93 463 144
237 10 311
253 22 93
165 121 206
347 276 55
206 321 751
400 295 8
466 469 477
289 409 29
186 101 952
87 134 579
166 218 624
148 166 889
175 501 873
301 316 144
421 456 480
64 401 66
408 368 900
202 401 986
333 326 372
18 40 562
79 442 605
420 512 184
330 470 189
476 415 850
160 13 639
446 416 54
136 424 665
511 277 154
297 281 539
37 379 855
409 71 912
128 508 988
169 379 737
358 325 892
470 476 720
403 41 364
1 364 542
160 441 689
37 490 667
382 51 592
153 158 383
399 488 381
436 185 572
22 521 56
138 276 99
365 468 982
183 436 307
120 359 888
199 272 542
196 151 689
418 379 518
56 354 940
64 465 290
87 367 873
331 66 274
41 101 956
97 19 743
195 469 917
31 501 180
445 337 368
216 129 386
20 451 555
92 165 982
193 452 593
85 451 493
109 203 869
57 1 200
401 388 266
42 354 71
178 259 602
313 378 817
14 166 300
216 113 303
525 119 943
57 482 554
10 481 179
127 47 291
121 357 433
481 190 767
405 80 397
376 389 359
253 323 158
256 374 493
316 324 448
364 268 725
401 260 885
16 21 676
46 490 263
286 386 797
172 267 289
410 448 111
451 523 516
139 1 886
16 346 930
386 364 125
344 454 694
334 351 621
286 91 144
424 268 537
27 76 344
120 271 838
225 332 498
41 435 930
451 418 396
421 476 233
363 523 957
382 474 748
232 457 972
411 373 550
245 371 440
286 86 277
187 211 595
362 501 597
205 70 903
451 151 15
224 275 187
298 91 864
341 6 609
95 501 476
141 241 779
250 370 22
302 337 750
47 89 964
265 302 329
421 216 94
449 400 64
280 336 333
80 95 558
469 238 570
46 76 620
463 187 275
70 253 213
136 207 250
220 134 406
403 489 163
328 28 654
162 144 98
451 141 893
349 97 988
223 468 183
94 69 885
478 328 231
274 203 410
478 499 13
390 406 910
358 379 218
213 217 456
295 23 286
391 333 565
337 328 716
271 227 909
406 495 44
296 433 47
128 214 662
282 402 902
165 278 571
356 421 972
141 524 325
234 361 760
16 7 984
408 441 198
51 80 979
211 101 615
421 518 519
478 173 620
80 376 638
157 178 831
8 103 382
316 491 230
139 377 5
241 81 765
98 293 591
365 65 210
511 184 311
83 323 894
233 151 716
399 189 355
85 55 175
82 74 847
472 22 905
205 85 596
232 184 159
397 355 369
467 442 131
253 442 909
161 426 170
511 204 742
117 151 35
451 100 387
496 381 359
277 166 710
67 416 300
200 230 765
346 209 686
269 329 415
392 203 938
379 487 167
339 331 787
61 331 407
171 311 415
428 319 369
505 419 327
245 249 226
337 246 6
424 376 346
107 496 470
470 376 614
13 281 298
151 379 398
59 70 629
503 76 873
230 337 239
49 1 628
55 404 171
176 522 404
350 105 641
206 115 48
175 156 198
24 46 961
241 274 548
186 280 112
364 124 97
218 250 647
448 408 367
399 277 939
195 85 985
507 352 190
247 1 179
208 482 16
442 241 728
472 226 516
355 339 123
246 141 658
262 244 676
212 445 172
215 363 268
271 451 18
394 197 776
493 50 611
346 397 886
388 356 911
398 504 217
376 157 876
505 466 510
442 148 238
204 433 267
403 286 720
292 16 709
337 171 312
50 78 453
510 186 688
234 373 965
34 374 828
478 506 747
62 168 191
157 169 578
253 385 796
108 205 903
358 393 108
148 61 982
503 285 198
445 99 615
259 514 942
63 184 404
362 360 649
341 85 647
456 366 64
468 256 250
361 416 862
250 1 581
351 431 83
466 286 137
367 116 170
477 209 355
384 451 854
28 151 974
74 84 913
331 401 243
169 475 178
395 469 999
109 86 957
144 41 423
254 93 711
125 261 175
356 295 121
504 294 802
481 523 118
28 477 854
178 38 816
464 406 248
34 372 998
442 61 117
127 286 651
182 199 887
414 396 625
462 379 691
211 397 299
513 226 620
362 76 18
484 421 856
432 514 415
223 36 516
166 428 384
278 313 240
151 376 860
154 208 242
22 337 463
445 421 918
148 466 43
361 337 177
496 325 797
163 225 710
382 65 641
176 268 376
445 126 475
143 171 97
16 417 483
58 80 34
256 387 358
42 43 651
469 127 886
213 492 609
9 88 340
258 202 386
213 296 219
307 488 260
92 496 660
523 253 945
197 280 972
450 85 753
55 336 804
232 463 20
151 94 123
74 206 496
456 51 24
71 168 915
354 43 70
381 430 858
406 261 12
401 313 658
475 50 925
221 233 427
13 127 750
126 232 567
272 281 432
131 462 362
427 372 78
283 397 682
68 385 313
113 128 497
181 445 1
445 160 954
21 157 299
127 488 357
244 245 275
168 64 622
329 78 653
16 411 735
66 281 301
258 376 659
523 421 437
286 152 987
391 13 851
379 315 708
87 407 338
491 20 714
145 89 668
139 351 413
291 312 298
180 473 964
39 152 469
407 340 544
190 43 762
447 148 634
26 426 368
294 244 832
238 67 803
331 43 213
508 346 277
472 514 910
408 333 915
49 205 527
514 29 290
29 478 280
43 375 755
123 482 644
50 376 597
331 471 690
183 207 608
31 146 591
188 456 955
464 379 858
169 421 871
295 264 45
436 428 242
86 451 918
456 299 318
1 457 646
199 450 140
187 403 516
484 169 446
112 378 101
256 61 457
414 406 956
321 480 664
454 486 717
64 121 137
396 177 292
493 397 633
268 301 540
491 16 484
69 341 796
176 115 502
487 484 739
31 1 627
127 43 677
253 403 359
147 379 401
121 283 759
461 517 486
146 247 648
420 52 390
238 501 187
67 265 98
185 195 856
73 391 429
278 147 720
207 373 678
290 85 228
298 517 50
481 471 418
57 496 539
436 181 822
456 133 594
151 13 256
280 521 305
189 451 647
414 295 881
31 216 700
163 167 271
199 22 207
95 166 739
463 25 768
288 99 383
411 132 190
68 471 32
313 25 568
507 82 724
511 127 623
100 181 343
501 146 866
54 86 936
17 207 242
439 517 976
157 160 718
115 305 467
321 351 379
211 521 423
274 280 679
190 293 48
301 433 138
6 514 964
430 478 638
26 187 326
379 76 141
286 169 547
281 420 801
357 6 34
346 73 633
70 400 607
501 139 856
151 206 621
85 286 217
133 46 983
46 106 854
184 373 747
315 174 3
288 236 584
82 417 826
34 247 532
519 201 466
37 89 966
151 436 684
238 489 1000
436 445 765
282 444 473
253 126 426
210 236 582
262 193 837
437 262 94
92 16 174
415 215 119
136 376 25
347 476 708
271 71 90
76 190 253
22 233 526
334 391 847
441 18 684
501 411 616
346 286 451
106 457 662
247 322 561
276 136 726
166 361 760
296 87 230
155 415 123
209 206 993
467 61 872
323 322 856
151 430 271
476 4 743
73 232 212
136 172 546
92 205 633
496 106 666
85 339 498
318 517 285
46 184 343
351 58 593
502 487 30
66 253 289
112 85 913
60 51 13
184 475 771
456 19 881
346 320 222
36 428 228
400 455 503
376 30 159
260 517 155
246 316 558
58 449 834
344 64 92
486 295 926
50 430 502
133 230 342
286 208 217
190 288 611
186 419 262
64 385 631
440 517 589
157 453 928
295 460 530
457 133 591
111 225 141
45 501 789
61 151 955
346 341 629
318 159 101
451 309 660
217 256 181
296 442 165
67 219 634
387 1 262
232 226 885
292 181 167
293 14 367
466 415 637
343 211 690
226 241 6
146 226 934
491 431 116
94 496 395
402 11 424
97 261 223
117 385 218
490 400 394
463 76 871
137 486 462
178 379 13
12 195 720
438 499 24
522 339 806
173 444 980
301 20 597
463 428 741
355 110 591
91 523 884
496 407 919
197 326 253
147 499 887
16 221 722
428 489 559
182 24 856
274 266 541
193 478 243
116 375 918
1 112 907
419 44 329
469 42 97
76 175 609
261 428 376
158 464 400
160 148 130
422 415 694
517 1 768
441 376 665
520 453 863
421 15 381
149 12 666
330 240 265
385 126 679
167 451 570
147 307 700
267 1 811
146 260 763
277 298 180
214 295 205
49 50 514
402 46 308
499 300 641
421 80 368
207 232 894
189 474 31
260 376 470
182 519 123
126 441 200
16 431 533
490 394 330
505 496 594
219 239 210
306 328 516
159 202 485
175 121 359
388 295 569
326 295 413
119 302 56
472 361 320
197 421 307
101 51 439
286 521 971
200 156 449
131 223 709
131 351 615
376 154 42
411 505 212
22 433 189
325 214 774
390 81 45
457 370 932
86 190 314
294 130 105
91 379 237
443 289 883
216 259 651
316 317 247
91 94 188
474 406 391
427 244 582
358 222 467
367 289 366
346 247 735
5 351 738
406 397 968
211 335 352
59 431 107
298 269 233
131 140 838
324 504 109
202 406 438
27 317 320
307 208 685
337 86 206
418 201 348
101 358 655
252 52 482
519 127 400
433 1 23
382 360 806
493 166 662
421 77 492
205 68 279
361 226 172
304 141 978
370 439 851
274 132 609
15 60 971
256 337 183
322 189 519
442 397 493
141 379 440
22 51 35
106 72 306
124 487 745
33 74 919
241 397 681
79 52 773
126 112 180
190 225 965
151 55 935
436 261 516
335 193 389
139 76 157
351 421 492
83 141 655
476 94 900
439 311 747
64 244 601
106 157 937
16 425 500
418 179 810
328 424 234
331 336 348
121 237 6
433 53 54
486 346 284
486 357 660
454 121 265
466 391 947
245 417 811
197 57 801
230 125 668
44 72 310
38 441 884
6 1 460
378 76 945
136 173 41
250 514 40
314 196 843
31 355 541
305 61 120
28 1 890
298 395 968
441 3 345
411 111 552
190 45 910
346 104 423
100 400 46
265 278 411
283 454 944
426 101 980
199 386 917
400 246 630
146 436 454
401 486 975
95 274 282
171 40 704
298 153 36
175 141 874
156 196 478
388 382 952
374 310 258
7 459 901
376 91 560
521 70 507
149 435 318
259 366 168
505 244 561
148 182 675
25 77 587
99 1 188
497 50 564
343 16 834
306 236 545
244 160 190
474 481 384
95 235 519
103 237 144
275 21 144
358 66 134
110 141 852
345 10 145
379 364 884
513 476 453
80 259 977
281 48 440
286 251 265
451 370 682
151 449 649
479 311 905
281 388 731
471 188 778
386 451 643
155 274 807
197 71 220
146 440 220
357 193 127
413 361 294
127 316 803
266 394 726
106 386 670
105 516 20
349 398 965
511 245 24
160 181 24
400 1 398
322 324 937
176 163 491
472 285 355
181 261 555
141 432 982
356 288 919
211 40 59
338 274 489
5 15 38
491 400 194
426 514 842
313 452 469
99 82 640
316 168 187
500 308 197
379 501 218
451 30 502
377 276 603
319 76 955
199 373 898
511 81 689
46 36 106
9 59 49
501 151 430
127 4 769
48 201 480
176 208 159
274 325 191
319 359 864
125 430 107
151 471 390
178 498 603
421 370 996
44 301 558
88 267 636
145 133 662
97 309 634
499 252 559
64 271 799
507 182 921
20 244 862
176 156 134
143 306 496
373 107 972
116 34 56
76 223 183
311 361 437
400 43 957
451 70 490
231 106 297
204 268 108
191 64 126
82 346 769
15 409 81
361 76 933
248 232 995
470 436 500
28 48 768
1 460 556
106 118 110
296 302 105
366 101 402
246 121 409
2 128 972
292 470 183
175 38 379
172 181 223
515 274 139
309 334 328
508 345 623
301 19 624
264 393 40
10 29 804
202 364 171
91 436 496
281 231 537
106 63 997
453 340 463
51 76 239
70 166 760
226 370 27
302 460 110
202 10 600
121 493 245
190 441 454
150 48 414
268 339 219
158 167 920
106 481 462
216 141 441
245 300 554
280 399 945
6 409 438
122 451 905
427 356 345
456 441 972
334 252 348
226 198 661
486 491 253
67 249 815
226 32 823
33 151 83
195 64 864
334 145 103
20 151 348
121 191 109
501 426 675
242 381 910
232 489 480
45 187 228
304 12 255
373 181 924
31 81 477
418 361 199
121 490 212
407 283 163
71 365 269
16 387 783
186 428 128
1 472 786
141 106 153
40 460 259
71 21 130
430 216 18
302 325 146
308 228 19
88 466 238
108 406 725
271 471 371
155 376 11
376 381 149
141 435 678
31 276 409
115 346 318
32 346 631
480 235 21
169 411 6
271 337 660
453 313 150
341 398 990
201 421 54
186 151 82
81 186 918
295 459 399
31 175 238
37 384 626
98 214 6
280 260 944
514 90 269
269 31 269
35 44 665
178 311 836
426 412 101
363 200 886
83 153 541
205 225 806
414 224 43
52 281 554
309 246 912
19 121 11
22 234 163
384 114 945
388 264 614
221 472 870
199 109 908
121 245 114
304 16 821
358 125 364
166 431 322
488 19 442
120 366 319
451 112 834
430 373 798
104 344 38
32 241 442
57 149 793
86 512 735
187 142 361
456 428 324
326 401 809
505 203 42
136 400 360
163 318 613
436 104 966
57 106 867
257 157 891
1 353 325
193 292 947
331 180 474
85 319 723
414 1 972
121 118 266
82 310 667
337 262 887
512 401 630
229 457 690
271 428 672
502 341 662
93 16 107
146 136 357
457 421 872
82 312 977
415 501 860
466 129 655
96 401 322
403 116 513
267 491 823
228 498 370
3 6 427
289 491 279
358 421 791
485 126 136
432 107 706
436 361 952
305 337 539
91 426 729
204 307 40
330 130 752
334 336 302
343 454 229
23 47 315
425 523 149
2 228 804
204 176 583
313 344 857
449 301 164
83 5 462
265 197 594
1 298 586
97 357 560
241 519 946
304 143 879
241 466 262
404 51 697
388 31 735
415 313 824
355 442 769
512 142 333
193 398 836
413 2 51
159 491 804
301 136 162
356 115 313
26 213 457
36 292 911
406 133 345
8 340 788
427 23 333
344 260 244
295 306 851
169 254 572
246 484 602
91 81 973
291 286 859
73 281 575
404 337 709
421 276 738
287 215 11
347 455 657
33 436 193
421 390 65
178 10 813
216 286 575
13 183 470
197 201 131
366 136 936
7 444 184
491 134 865
491 10 811
436 270 729
470 150 40
26 351 411
417 491 385
349 126 696
151 516 76
496 376 463
344 356 838
10 119 247
250 105 490
512 226 646
81 63 132
125 393 479
214 112 518
101 43 169
121 218 387
460 484 286
247 193 234
115 253 49
212 187 346
337 505 568
41 379 42
51 49 255
463 414 55
240 175 830
148 323 14
252 31 322
524 22 147
287 406 938
322 126 730
40 25 460
391 402 652
493 120 336
17 145 774
190 508 683
111 337 724
289 178 476
358 440 548
395 331 1000
431 241 198
166 262 771
366 241 554
278 299 187
106 399 389
37 469 830
332 362 803
177 71 190
129 429 28
58 517 271
169 131 510
187 46 664
433 363 749
421 1 884
310 50 726
260 339 704
178 486 34
220 184 428
463 488 63
467 1 285
114 457 11
170 106 852
106 225 177
126 367 448
204 336 30
92 246 198
312 415 158
472 161 757
21 56 404
36 184 2
413 271 478
380 490 69
229 340 236
166 212 437
316 231 669
141 415 136
428 359 731
205 316 7
151 484 371
176 276 81
484 103 896
455 301 61
148 366 915
229 190 270
26 467 46
496 97 910
135 523 98
374 181 620
167 121 11
51 369 831
33 115 302
138 421 865
301 176 455
15 17 731
224 358 610
43 166 822
376 512 209
330 375 766
218 14 94
214 211 177
33 76 38
169 76 682
451 288 898
501 337 829
498 117 726
250 142 171
525 308 310
80 369 326
491 393 904
460 461 17
101 58 449
72 40 415
268 439 523
136 82 307
295 316 741
487 391 242
16 435 367
61 93 508
525 190 831
295 31 240
66 491 527
141 1 668
460 112 94
79 253 226
226 97 241
351 487 538
140 418 396
291 188 735
91 316 989
1 41 893
292 161 264
169 126 145
33 113 273
49 421 826
361 442 118
37 316 595
518 190 973
505 502 306
223 265 728
226 328 249
277 19 689
150 327 775
371 443 543
160 127 920
336 496 975
316 369 69
151 276 60
169 68 608
442 382 873
226 358 442
113 451 875
263 318 958
156 337 653
505 225 973
516 46 583
8 188 184
187 511 164
512 337 140
447 232 183
445 199 491
514 477 698
298 95 843
136 76 134
301 139 518
257 148 785
497 301 655
323 86 732
351 173 838
197 171 816
169 246 579
415 211 957
255 484 49
147 164 894
351 190 101
513 96 442
28 31 481
73 181 845
58 51 812
92 313 728
281 381 55
181 155 757
171 75 385
386 194 465
122 309 321
295 120 992
334 216 188
376 498 695
31 192 216
232 12 49
346 230 310
47 79 899
337 351 556
79 56 197
462 307 284
241 111 947
442 343 811
498 283 284
362 153 294
320 159 615
451 204 185
52 124 622
193 76 137
505 352 815
18 22 532
223 136 361
391 213 723
155 36 215
14 21 141
284 496 259
391 71 407
81 477 381
31 154 924
87 258 242
226 36 915
71 206 116
358 372 35
141 208 677
491 292 162
208 155 135
36 298 451
313 21 753
321 352 728
306 250 754
206 316 547
265 143 879
88 175 290
292 1 732
284 337 193
346 523 508
1 161 774
290 100 920
402 69 420
457 519 290
31 428 528
395 181 896
448 450 155
18 412 962
64 468 272
394 229 213
69 73 95
110 132 876
68 117 131
487 196 437
171 481 213
203 330 585
453 181 517
298 305 623
251 301 962
44 189 375
481 416 149
76 287 390
298 336 679
92 453 164
163 414 981
243 127 241
61 229 240
264 136 666
206 493 341
76 409 295
470 435 492
117 106 228
361 385 34
416 304 87
265 371 482
187 72 253
400 263 712
451 316 581
105 141 35
176 336 600
358 4 289
318 337 69
463 213 698
56 486 884
516 518 669
246 1 92
17 418 578
344 261 71
129 359 582
506 162 65
109 373 120
176 55 281
65 406 808
430 382 731
101 271 342
462 4 201
496 49 561
386 361 131
268 223 569
9 83 12
375 203 325
409 429 226
43 71 189
317 174 247
76 262 916
253 347 831
178 402 466
253 419 472
358 463 51
484 372 28
442 260 943
215 255 211
244 431 219
163 67 695
28 111 461
318 414 2
496 476 110
157 340 328
271 427 330
330 505 18
460 454 407
508 105 800
298 138 682
301 428 124
487 469 207
438 31 206
201 376 539
356 221 814
396 226 867
15 498 479
193 77 619
392 106 903
467 480 536
299 437 895
68 188 423
342 346 397
157 25 171
101 414 153
520 134 626
190 31 441
46 262 316
234 283 177
315 218 307
84 466 760
354 197 415
127 124 286
322 491 49
343 347 483
91 397 952
108 336 906
127 337 434
134 397 774
502 265 194
348 71 467
106 403 979
242 307 162
5 511 818
106 296 648
180 330 28
289 183 986
523 424 204
271 1 620
295 501 637
82 252 857
109 336 671
343 112 454
272 205 991
451 442 543
151 511 456
191 497 334
403 288 370
340 188 184
154 219 681
58 459 751
226 271 212
517 279 245
281 349 133
146 314 318
134 435 284
421 107 109
463 241 96
376 77 367
295 16 514
270 49 721
205 178 55
302 200 988
7 104 498
277 406 186
451 452 521
150 169 668
301 233 221
72 116 728
474 431 782
36 244 170
238 285 23
497 445 920
204 346 838
226 135 835
326 282 342
337 301 580
133 334 333
286 405 934
101 92 262
241 223 257
106 401 731
477 439 253
108 176 397
490 473 694
1 203 538
67 296 548
391 498 146
79 1 193
276 334 851
152 6 35
116 459 851
293 344 269
463 126 4
515 282 566
214 36 881
148 355 517
115 92 602
187 295 661
151 496 185
494 424 86
515 436 719
3 408 28
456 194 332
207 351 673
481 366 548
30 34 753
271 406 585
517 169 436
67 139 272
38 515 797
1 159 24
510 501 747
292 509 452
276 306 968
496 188 259
38 447 167
154 416 701
7 158 15
372 183 769
251 433 580
22 460 932
240 517 14
436 61 379
337 149 860
511 114 964
40 353 683
391 100 928
43 397 8
1 80 750
241 376 801
416 77 647
114 232 135
254 499 39
460 496 371
202 16 280
97 67 226
376 19 719
511 16 703
168 433 484
279 346 70
280 15 648
354 16 48
80 313 532
262 397 272
469 445 240
337 1 960
386 370 852
115 57 755
109 64 598
229 260 38
164 451 446
388 208 646
316 121 462
142 377 191
371 416 691
406 387 970
295 153 763
113 283 106
518 193 593
130 273 43
261 280 66
427 204 45
431 271 986
21 211 981
1 365 673
106 367 661
203 501 734
106 78 221
76 307 676
245 241 962
15 31 459
328 493 469
511 300 741
161 498 91
274 141 820
36 6 983
2 197 896
410 45 77
386 171 885
57 50 581
511 446 114
121 236 217
60 169 622
278 502 300
482 190 967
334 203 234
238 343 36
261 29 103
484 335 136
269 508 879
265 461 989
298 79 538
382 456 52
465 15 130
166 403 241
457 459 763
415 375 455
250 393 638
163 279 721
201 336 830
516 442 150
232 361 587
115 96 586
161 266 656
497 337 741
370 163 613
496 456 78
308 505 561
183 134 627
223 301 948
311 382 723
211 181 798
280 37 36
20 134 435
29 522 903
162 430 979
25 442 381
148 169 589
394 76 316
421 176 794
223 525 723
207 251 330
372 312 383
331 344 939
198 267 619
418 236 575
156 243 105
52 306 648
522 72 128
138 88 326
424 65 423
1 296 759
4 12 277
189 22 418
225 301 598
68 33 683
52 426 741
281 115 584
298 251 651
216 318 216
207 257 47
10 181 980
520 491 388
197 199 591
76 424 61
60 191 856
264 385 48
351 386 654
288 386 44
493 246 488
79 430 95
76 184 613
139 36 72
441 449 69
351 391 199
176 226 223
454 302 84
316 352 681
226 355 928
152 34 839
211 257 342
330 397 28
464 70 177
262 181 243
169 506 600
43 320 75
64 394 884
187 301 631
256 37 740
68 106 250
301 465 43
261 318 694
7 493 176
358 50 366
194 207 558
4 68 175
127 477 790
233 271 923
501 111 973
197 383 826
480 96 703
403 316 941
401 147 587
305 234 158
446 510 637
164 397 984
149 492 18
409 394 900
202 511 169
328 177 528
25 400 716
373 379 567
357 26 651
331 357 329
400 520 479
448 141 49
7 59 70
490 41 960
106 487 489
348 231 617
108 121 647
488 9 145
406 99 910
413 235 268
50 332 438
176 198 78
95 470 567
488 166 799
229 486 731
127 403 363
89 491 751
451 262 527
207 339 510
421 361 741
346 203 668
404 496 58
229 313 776
441 476 248
7 360 576
344 448 10
341 484 5
139 120 979
343 409 131
281 77 94
511 362 516
52 238 97
511 61 978
277 286 474
371 288 42
112 223 255
11 261 115
51 235 785
69 374 273
121 487 78
176 56 69
121 367 744
169 75 668
286 322 867
199 219 406
478 151 741
83 403 299
190 199 183
120 360 610
8 133 322
105 500 24
412 162 460
110 146 865
288 100 976
1 169 756
151 378 312
376 276 766
10 407 124
331 351 126
130 162 677
64 463 493
216 379 715
376 449 305
284 115 478
184 248 482
211 44 349
316 350 277
506 274 925
3 5 119
158 514 313
379 101 337
359 188 143
1 55 490
460 286 460
364 253 103
55 93 269
165 431 721
40 146 310
211 328 815
43 29 671
238 236 936
8 360 304
255 127 210
298 472 454
36 417 366
510 351 604
246 386 748
410 121 910
498 304 637
85 1 346
101 82 473
511 142 49
22 192 774
456 376 755
163 130 291
22 158 902
309 152 953
427 346 33
79 11 944
64 70 715
108 415 514
328 435 409
22 181 465
175 97 715
164 286 299
301 253 284
246 51 387
217 396 600
481 419 815
451 493 848
316 279 504
85 57 396
439 176 270
121 196 101
26 16 440
78 429 859
481 261 12
11 29 666
151 271 832
61 412 56
245 379 394
160 509 309
394 218 396
156 232 300
92 337 608
234 320 572
286 31 655
290 406 79
521 12 511
365 262 419
142 391 618
118 84 151
55 260 972
505 89 313
181 251 188
289 81 449
394 71 782
25 451 615
31 260 573
316 204 955
366 1 648
22 141 727
361 344 501
106 461 210
131 498 310
280 505 869
303 211 490
499 247 591
185 223 301
26 289 916
44 157 991
82 150 49
496 512 399
97 514 179
386 449 647
349 454 418
105 133 282
106 391 552
235 10 482
294 271 1000
274 226 433
211 5 930
441 326 279
512 361 542
151 226 819
445 346 295
221 226 943
151 155 281
381 457 377
506 143 385
286 323 118
1 446 215
463 514 835
474 28 350
519 445 844
503 251 244
22 32 908
270 181 298
61 354 546
35 106 350
41 344 388
37 211 142
192 76 117
151 153 463
483 276 170
107 101 652
174 122 387
433 30 171
234 171 738
61 443 115
339 472 764
119 477 938
78 235 148
153 521 519
395 31 314
331 82 976
119 403 37
18 407 657
523 427 76
268 484 430
283 433 680
351 261 55
211 311 884
306 93 37
511 139 648
175 249 153
73 131 478
421 76 912
157 190 76
205 328 608
18 62 196
231 83 615
350 238 84
133 79 161
481 361 6
64 362 159
516 421 380
79 328 956
256 110 184
1 105 110
106 484 576
331 53 711
484 311 402
466 189 448
78 191 247
206 226 674
343 116 517
516 259 324
3 254 265
316 296 732
49 308 836
106 243 395
384 206 443
366 158 620
118 481 141
176 379 862
423 360 14
28 331 601
73 471 257
2 204 909
503 470 979
196 505 549
60 375 438
499 239 647
198 236 855
208 366 822
286 304 363
391 394 275
481 442 861
66 461 849
349 301 9
112 16 566
517 106 54
64 448 823
271 148 199
67 157 363
25 58 473
75 421 410
427 220 86
204 385 238
100 460 798
364 488 885
496 433 379
511 466 956
11 246 575
154 301 603
374 289 567
231 37 914
59 244 518
139 389 192
42 308 938
506 39 209
130 16 940
513 67 404
330 27 674
88 232 488
382 477 826
461 451 5
356 358 796
357 283 234
176 442 598
319 412 624
77 451 243
294 332 651
211 172 83
466 191 963
418 288 866
124 381 801
201 103 726
211 378 275
85 332 628
330 94 150
412 316 589
67 193 513
301 319 769
397 484 175
456 413 141
274 302 61
269 251 242
423 289 194
43 351 401
211 355 455
55 214 184
229 390 71
160 96 437
396 323 987
346 121 713
256 6 962
148 298 775
469 400 621
101 364 822
336 525 737
204 82 736
445 203 99
43 511 670
216 226 259
501 106 231
436 346 675
274 271 22
373 233 159
388 282 64
154 45 349
113 226 155
302 463 275
296 330 243
511 253 41
401 226 974
305 211 396
401 115 362
386 384 581
371 253 656
55 442 487
71 335 559
232 24 948
4 412 568
346 64 33
204 288 107
113 358 643
108 135 769
101 355 674
85 505 139
170 34 613
22 136 863
127 416 769
321 477 571
440 491 630
231 286 482
305 31 66
481 445 724
434 341 535
45 105 190
46 194 117
22 21 700
312 222 243
351 118 84
311 151 607
166 494 26
116 396 928
391 505 870
103 136 242
423 1 614
281 286 281
109 385 703
52 71 358
306 47 545
146 155 264
70 141 565
469 38 914
70 377 739
370 406 248
274 77 465
502 22 9
349 379 9
421 96 954
10 256 247
43 426 593
126 220 561
505 121 99
473 37 277
62 423 527
109 202 443
519 435 150
251 260 799
4 344 634
316 444 3
481 302 99
344 298 240
162 319 924
226 431 858
11 314 663
373 19 238
409 121 619
337 485 431
380 396 810
442 151 685
168 450 156
78 168 569
51 28 24
211 277 558
135 346 816
511 358 282
217 115 209
4 43 827
385 493 135
342 255 134
351 347 651
157 65 208
4 347 757
236 454 316
40 148 922
351 54 59
289 520 880
246 205 925
281 511 156
217 13 187
58 142 952
414 421 499
421 298 589
408 457 855
313 250 784
497 484 315
366 508 768
14 191 766
477 386 714
256 514 503
316 126 351
345 9 307
149 309 7
351 319 495
351 16 882
226 500 837
198 463 119
332 286 838
458 15 466
61 433 290
397 28 1000
169 226 918
6 166 739
82 435 888
408 60 88
442 284 604
471 46 46
181 250 239
154 315 144
271 331 364
175 511 225
67 210 594
169 402 594
488 11 869
360 357 917
86 491 564
500 514 524
126 351 629
421 499 794
476 383 47
172 226 995
259 127 676
520 449 614
301 115 685
167 194 822
10 13 846
106 453 523
311 391 598
246 76 488
71 292 670
136 251 488
511 217 694
68 451 334
255 505 422
19 326 286
497 244 334
160 423 694
232 272 350
345 468 947
486 356 632
330 491 119
340 31 609
79 176 55
249 128 171
343 512 364
187 319 953
421 247 820
370 367 411
127 249 267
76 502 690
470 13 324
172 125 583
517 379 211
3 345 952
454 177 844
211 281 338
169 294 290
34 421 799
406 241 663
460 393 942
127 236 867
502 503 191
336 215 276
21 407 284
109 142 648
256 186 364
322 190 391
130 271 498
401 52 965
149 109 633
113 244 636
211 278 463
379 181 387
391 170 167
85 196 379
214 476 972
8 35 346
9 157 743
79 517 565
352 514 846
412 253 913
58 64 42
168 101 974
268 385 779
251 51 392
403 419 490
517 525 815
155 443 192
7 337 885
274 337 190
481 189 49
217 421 877
274 37 481
344 382 976
85 442 364
58 172 714
31 363 234
295 301 115
488 126 184
183 430 241
406 356 572
402 118 691
142 375 653
196 367 360
36 99 309
325 418 200
131 22 960
97 299 958
323 181 907
514 288 392
168 235 948
15 19 723
244 281 145
244 218 888
491 148 388
336 64 948
71 24 851
326 118 603
412 512 832
232 481 579
465 46 858
399 249 507
252 171 461
244 403 318
112 262 839
304 139 752
20 182 814
71 217 43
496 132 166
397 523 707
503 151 826
468 504 329
496 264 468
414 393 916
43 160 68
37 239 359
277 350 30
376 7 526
242 139 591
3 444 996
41 16 696
57 416 205
92 41 301
140 312 307
286 312 428
72 176 84
16 150 244
260 394 310
370 337 180
203 61 764
446 330 734
322 212 237
354 466 245
211 148 899
166 151 706
307 197 85
14 373 728
283 49 405
113 295 221
190 421 735
109 7 298
106 204 824
254 202 511
1 53 434
216 280 886
477 505 857
330 350 485
295 456 901
281 457 475
348 474 621
451 253 99
377 517 861
325 170 641
191 337 646
481 139 482
136 506 263
8 460 6
365 119 146
5 24 250
227 251 989
26 508 253
91 466 599
524 190 888
15 57 313
363 295 861
277 463 167
286 430 628
483 1 905
286 385 218
79 358 977
250 301 712
386 78 662
343 521 267
36 29 809
301 194 461
259 126 133
236 78 342
290 481 219
241 351 39
459 363 834
261 196 349
169 469 615
76 261 340
166 316 232
451 39 951
36 431 334
31 211 885
420 459 668
220 347 907
481 505 242
386 441 145
463 394 17
522 35 227
311 226 892
407 325 194
289 280 355
130 514 304
341 211 772
414 291 97
316 57 411
430 416 660
519 439 663
132 386 945
511 55 102
464 106 489
178 428 660
313 408 932
371 356 912
286 427 630
288 194 865
401 487 393
421 139 413
295 361 141
123 498 297
43 222 202
80 120 695
521 405 119
183 271 45
436 294 432
436 260 1
520 480 938
130 176 199
423 446 701
156 264 332
471 433 538
242 54 583
436 189 83
1 64 322
136 437 950
169 16 828
44 99 18
415 156 142
193 222 685
134 344 819
412 37 108
412 66 738
501 389 163
248 281 32
67 172 210
448 225 162
331 467 830
71 90 812
479 256 745
373 421 297
17 268 119
296 498 109
145 31 603
379 407 743
508 255 918
145 319 711
184 143 578
7 62 149
176 97 688
323 416 500
411 256 719
406 351 778
225 358 904
1 454 766
438 481 518
498 311 578
511 211 960
87 466 108
514 271 326
97 1 545
52 286 208
491 439 955
10 69 920
142 496 660
19 122 270
36 407 235
461 211 614
281 462 179
100 393 299
403 318 233
273 340 823
95 157 554
172 415 334
352 336 151
344 1 496
301 438 775
190 281 401
491 421 420
166 136 308
365 208 407
183 254 528
184 466 284
41 46 33
378 316 105
418 46 324
306 364 696
351 379 991
447 319 891
513 344 275
361 21 39
435 313 986
463 145 969
33 438 422
131 127 735
301 99 634
386 64 365
463 155 569
249 512 237
433 470 491
33 474 167
259 142 678
419 22 460
1 388 885
490 113 656
218 29 616
29 67 180
50 281 860
491 136 95
44 254 903
500 272 416
67 144 139
52 294 473
64 361 609
316 254 347
241 401 506
77 1 970
106 491 78
31 304 779
451 43 527
5 63 439
432 478 616
7 34 706
130 379 996
421 376 675
176 199 804
15 334 984
379 469 32
517 56 755
322 76 603
477 427 660
439 281 222
162 118 236
236 470 886
419 512 979
456 22 722
255 281 482
304 456 579
220 372 607
145 262 710
253 34 915
281 102 41
229 68 100
49 361 119
361 274 452
301 58 865
371 302 138
461 142 36
67 122 934
44 425 729
24 104 581
337 106 682
13 384 803
50 111 486
501 214 849
398 358 384
107 93 826
340 306 111
190 165 680
43 220 426
415 76 140
331 441 696
163 363 784
476 514 219
393 386 401
144 212 128
276 386 432
37 514 655
253 190 319
136 29 616
168 200 502
43 342 89
379 496 351
223 392 713
379 472 29
415 43 827
126 205 858
145 273 8
506 29 767
57 464 548
513 117 468
452 36 120
187 486 823
256 512 544
354 301 972
444 226 170
310 68 865
421 381 210
376 446 492
131 76 380
1 334 958
346 473 664
484 252 233
392 170 952
349 205 546
109 519 924
101 385 585
149 196 886
376 99 619
491 199 537
136 75 856
244 148 901
386 191 590
436 283 72
496 241 429
80 98 98
457 54 915
96 476 375
106 508 607
295 13 536
274 237 997
2 346 1
31 490 947
43 55 374
260 278 382
336 436 731
69 502 340
37 78 734
25 411 807
421 117 565
451 455 651
124 290 932
283 103 108
344 218 120
204 412 158
217 316 257
409 1 537
455 153 810
482 37 616
4 516 926
504 36 495
75 442 753
499 226 193
251 266 392
379 339 250
81 280 768
194 238 77
378 208 655
281 111 629
116 76 403
157 379 25
31 481 723
250 411 248
499 246 385
326 155 651
131 445 898
131 267 291
15 487 391
478 73 710
484 230 24
29 148 383
498 319 572
358 253 185
91 104 368
436 300 580
409 381 701
448 316 440
149 211 279
308 282 5
289 448 384
435 26 228
315 383 293
445 432 172
331 10 217
31 134 834
118 337 826
218 259 522
333 451 312
351 41 132
522 64 126
233 76 196
232 246 86
129 276 843
514 439 629
19 319 596
250 3 720
358 316 769
162 463 378
428 146 740
396 505 208
130 351 287
425 477 669
3 67 960
225 50 385
162 484 884
180 253 568
430 184 976
453 116 848
421 481 14
304 517 466
351 444 855
96 102 181
337 345 63
44 130 315
425 402 917
141 522 376
331 153 689
118 216 722
235 397 97
127 34 876
220 289 336
64 16 535
386 448 798
418 428 126
521 351 197
225 349 92
21 189 775
226 58 58
411 523 395
436 179 782
376 491 75
396 126 391
196 97 686
18 408 78
406 61 560
52 74 187
379 460 443
106 255 698
477 495 56
489 285 529
184 31 221
448 156 47
265 322 647
122 226 769
340 328 668
26 51 600
151 518 155
39 290 207
505 451 74
476 361 379
37 135 327
475 96 658
295 351 338
353 382 184
146 113 773
211 498 761
328 16 630
507 211 732
356 71 174
493 241 483
231 350 529
356 26 359
27 522 798
472 85 686
147 231 925
93 414 441
33 409 859
1 16 195
113 464 464
457 255 201
506 5 736
248 21 247
223 505 806
482 94 35
192 427 600
370 344 746
513 51 495
328 196 39
387 162 466
58 382 221
16 321 713
177 157 879
514 502 218
196 358 891
288 424 693
181 246 660
348 435 615
273 211 757
414 341 92
241 146 952
162 85 836
71 182 108
355 70 77
385 379 640
79 121 568
271 365 366
491 50 433
295 34 732
54 301 193
82 119 656
60 180 456
312 356 803
232 414 90
480 299 33
76 517 922
164 176 220
158 379 585
256 403 744
141 426 905
435 143 803
205 13 586
120 229 456
154 94 734
481 187 85
498 91 431
460 508 838
164 187 863
259 132 828
211 483 976
368 40 411
350 76 939
417 466 934
367 251 464
136 127 81
518 364 853
310 364 436
230 176 199
398 326 237
86 206 39
248 410 702
340 226 552
244 251 849
365 246 832
184 281 511
378 409 346
165 64 451
239 463 128
136 347 177
269 326 133
466 25 423
485 283 163
324 31 343
231 22 408
510 304 485
429 317 673
376 171 641
48 322 285
106 350 792
51 454 213
196 225 836
13 197 661
291 325 554
218 241 933
410 508 642
316 368 416
281 391 577
164 32 574
140 372 842
220 16 663
320 51 637
519 492 984
37 406 886
508 64 583
181 235 84
239 106 913
445 525 614
19 3 889
102 83 596
467 352 388
304 500 260
340 394 429
395 509 476
83 382 442
251 502 394
112 471 982
49 331 411
427 313 472
304 422 971
421 316 755
520 61 80
331 386 19
376 226 114
516 494 634
223 379 546
256 302 241
15 52 821
370 304 705
289 519 806
136 337 867
68 227 230
202 180 85
497 514 434
505 512 912
214 259 601
61 237 588
105 131 701
454 136 926
103 29 681
112 34 260
260 396 94
315 193 75
397 148 605
24 280 316
45 310 627
5 491 820
301 127 971
177 218 513
357 112 867
325 164 479
157 438 281
290 505 473
250 87 58
109 325 460
439 66 371
393 141 14
11 382 278
115 370 439
288 97 999
503 49 2
172 43 6
245 385 264
151 169 256
127 371 751
376 109 28
522 281 874
85 63 942
85 463 527
141 374 74
181 358 4
127 501 564
31 131 156
28 301 103
252 327 966
323 436 129
442 226 292
124 106 632
511 100 281
331 36 369
450 221 361
306 124 18
288 260 447
412 226 560
316 40 725
516 36 114
112 106 622
159 207 598
57 524 78
130 476 174
49 405 506
180 353 482
218 505 632
149 476 448
3 443 200
511 471 858
327 166 100
112 469 349
449 26 326
163 394 788
61 513 16
220 420 605
176 344 186
124 446 393
109 467 432
379 296 312
316 46 245
309 52 532
49 169 511
447 325 275
197 79 717
241 2 166
17 141 46
154 14 562
159 295 538
418 217 576
91 121 455
408 331 667
384 343 498
151 178 70
90 400 256
91 214 188
421 286 831
334 411 361
121 71 580
226 391 435
205 131 22
385 111 253
55 376 727
218 64 860
232 428 134
151 22 799
525 111 325
151 1 730
379 508 418
404 225 583
491 302 98
94 209 940
274 3 501
496 403 292
377 25 783
486 181 376
469 401 924
390 76 221
91 328 241
106 450 726
103 10 317
421 51 879
239 349 263
179 103 167
148 193 986
427 373 339
211 352 138
174 463 806
334 444 205
61 73 505
280 236 482
23 147 299
174 505 978
202 433 941
202 79 384
475 196 554
276 203 566
83 376 415
16 211 384
183 194 914
24 112 551
302 466 827
130 120 319
307 484 740
229 259 732
29 49 670
104 211 577
57 206 782
61 92 607
24 38 674
132 261 776
424 186 269
294 124 758
400 404 801
1 244 406
500 91 97
148 340 892
508 340 241
70 407 467
151 421 44
268 506 830
211 107 567
451 11 636
153 86 405
376 124 226
48 51 701
349 19 981
199 49 955
40 311 298
86 406 857
292 301 776
84 342 655
46 411 345
518 106 103
52 392 418
306 6 992
201 226 339
479 260 710
101 79 16
421 178 374
291 239 373
151 179 945
365 127 638
296 386 481
139 259 240
163 399 453
208 273 794
421 386 969
146 148 926
351 197 892
362 174 144
183 371 451
127 244 310
231 184 978
376 16 991
115 448 149
331 46 828
274 270 597
312 230 582
511 397 121
54 156 413
201 312 131
443 255 741
277 373 481
407 76 462
337 378 666
246 471 875
98 524 511
391 151 132
124 238 234
16 451 878
429 86 64
380 194 740
521 513 738
76 466 971
39 54 184
111 490 548
435 76 731
484 504 998
142 520 327
233 414 706
205 364 690
154 295 226
211 247 106
451 36 657
148 429 953
114 428 157
437 301 958
97 280 753
351 497 970
501 210 408
32 65 637
87 31 400
161 386 18
259 30 177
406 230 953
271 216 473
64 397 56
354 241 323
127 61 642
496 417 325
1 42 847
207 341 600
391 236 794
232 4 130
225 206 35
392 96 72
170 159 731
89 62 874
106 121 308
403 282 242
451 317 747
76 149 756
77 331 313
295 381 926
397 385 620
112 490 289
1 94 488
347 274 396
341 368 289
106 382 877
505 460 445
2 3 836
484 226 623
29 291 152
491 25 86
280 160 637
204 94 661
85 101 856
175 146 91
298 220 555
171 227 261
312 491 540
351 211 935
76 324 273
331 55 538
484 70 870
376 202 102
198 151 397
412 144 5
448 38 816
155 366 641
285 456 407
9 8 836
74 242 506
186 392 723
296 139 614
211 250 134
408 24 32
38 350 359
267 142 628
183 100 634
41 301 980
42 141 928
383 393 399
259 251 727
480 71 972
174 324 682
81 190 329
93 291 227
85 406 993
328 108 873
214 356 517
57 59 776
63 244 805
496 472 665
261 512 647
59 78 300
124 382 196
62 331 485
171 276 558
103 319 422
387 199 377
247 281 968
399 217 31
488 490 231
427 166 291
151 388 160
18 33 814
456 103 321
504 116 115
31 169 123
1 157 431
78 20 512
50 66 752
316 28 605
99 432 787
131 178 131
451 274 566
142 13 933
459 342 119
21 315 306
167 189 174
277 121 784
1 136 314
256 295 125
107 1 554
190 172 986
29 394 125
38 112 119
91 236 249
421 388 11
268 71 323
37 151 929
220 245 969
276 146 307
23 490 306
307 106 601
211 112 354
78 136 148
236 162 210
130 436 387
361 126 176
98 310 121
346 391 38
379 506 475
3 43 784
96 151 944
84 403 847
52 360 548
327 484 47
184 453 748
25 393 530
289 465 581
4 106 595
79 469 487
291 134 206
409 25 778
46 141 626
446 368 628
157 404 769
3 295 60
229 51 74
301 76 788
41 85 615
203 127 3
158 505 408
289 198 459
302 524 83
386 466 648
214 161 844
429 396 490
81 519 639
465 334 66
49 288 258
445 73 472
58 331 336
92 440 106
401 513 579
10 114 695
484 313 580
118 484 219
293 181 937
281 187 819
482 141 738
24 6 769
74 184 356
129 358 926
55 280 608
275 372 737
141 202 267
311 305 101
319 379 295
451 270 223
324 33 627
436 7 208
9 215 516
185 49 654
109 439 917
146 326 5
131 139 869
106 82 102
300 506 816
358 114 271
491 139 95
7 367 625
323 194 810
379 187 78
155 359 870
426 351 21
95 103 542
367 376 888
412 476 145
158 21 921
4 274 160
302 123 618
446 176 578
211 19 618
109 277 466
441 31 328
69 106 94
296 358 534
37 88 131
343 418 698
442 211 77
26 134 738
123 396 766
288 395 940
106 49 261
407 211 421
379 442 125
372 202 308
414 191 824
295 466 728
130 442 231
355 483 858
34 371 730
220 519 863
109 409 689
332 7 622
242 298 844
256 136 864
1 211 986
288 415 835
318 231 856
506 287 959
432 391 49
278 439 397
112 131 541
325 196 906
512 306 840
169 106 200
441 459 391
360 62 233
501 485 277
211 309 492
139 376 144
326 389 767
121 120 257
76 265 938
175 256 243
76 473 376
358 344 68
266 234 510
502 491 768
330 292 318
10 388 956
457 219 899
413 35 850
106 103 109
355 251 155
126 13 567
384 421 113
381 400 314
141 407 130
396 456 129
260 101 184
370 407 170
443 478 343
35 422 192
124 343 773
397 445 442
301 220 298
290 211 329
325 46 386
273 185 428
350 148 169
382 404 339
326 499 182
416 516 501
447 482 773
29 317 434
51 215 12
106 234 122
484 79 186
466 127 538
28 256 177
160 162 698
301 461 766
377 181 322
421 327 917
14 6 222
23 235 877
421 495 160
7 480 193
440 141 77
83 408 100
306 166 644
421 194 758
241 115 922
170 274 186
407 481 817
253 154 78
394 206 68
324 337 566
170 361 786
195 256 119
262 381 246
453 138 678
169 486 873
13 443 533
445 94 166
166 107 892
345 37 944
482 183 273
315 159 793
247 310 329
16 496 97
379 525 180
496 181 726
43 206 339
138 9 337
32 174 553
328 391 597
54 192 931
24 239 427
75 43 253
150 412 894
235 34 926
505 426 536
411 500 359
316 498 115
97 169 129
424 301 869
16 179 914
6 216 657
64 426 279
231 391 921
512 506 788
131 201 344
232 66 83
435 178 512
372 398 195
316 151 15
486 307 98
76 26 265
308 523 887
295 412 54
357 274 749
56 115 675
346 72 565
81 379 288
159 11 263
292 475 437
286 221 531
237 470 154
373 268 795
365 412 176
324 488 119
149 223 535
393 379 547
145 211 242
59 316 928
421 261 181
442 190 130
425 349 728
472 424 397
109 402 111
295 325 974
514 322 367
285 250 747
226 107 912
29 74 67
400 232 455
106 205 824
351 511 336
112 476 783
226 382 472
181 238 873
442 496 102
70 136 109
74 307 541
280 349 776
198 434 305
400 457 29
49 326 394
235 88 785
16 43 349
1 155 358
29 310 996
76 173 275
282 116 803
127 66 807
76 43 478
64 123 561
46 340 81
250 474 551
191 9 551
370 169 299
320 332 365
417 484 98
231 511 36
359 1 505
91 253 668
25 391 720
435 112 681
71 36 729
181 508 446
12 96 243
126 22 926
162 211 403
303 247 664
103 1 473
315 190 745
373 322 913
319 91 726
7 11 36
26 41 262
67 451 402
146 181 167
16 147 913
193 502 257
63 364 858
238 282 530
223 491 455
184 491 246
286 381 509
225 55 308
124 325 164
401 100 281
226 265 47
486 456 386
471 49 3
276 253 123
104 46 729
365 232 865
451 291 538
409 208 952
250 414 877
235 63 694
505 142 681
372 457 265
36 76 810
258 246 1
204 175 316
127 40 118
481 132 732
407 295 533
95 7 590
274 272 376
122 430 626
253 8 126
64 151 158
291 376 110
297 328 665
184 454 581
238 523 149
115 390 825
487 386 182
19 255 888
47 286 144
436 399 639
312 449 726
22 96 170
418 206 946
76 88 105
199 365 241
30 442 284
426 439 425
100 429 810
265 426 893
426 276 460
374 226 208
76 107 411
8 330 578
350 456 900
231 232 515
52 340 273
393 381 644
57 267 740
446 301 901
195 22 352
60 292 859
376 386 272
304 276 201
293 407 490
1 193 147
82 376 852
415 90 451
55 146 777
185 245 144
2 71 376
126 130 73
523 11 127
1 83 77
429 515 748
490 351 92
499 85 738
214 22 21
412 1 240
164 13 688
298 434 577
186 13 56
71 149 156
25 61 840
280 367 567
1 160 352
278 358 686
401 418 358
274 322 604
25 385 720
337 397 390
306 286 87
403 236 88
517 456 656
301 502 186
229 218 552
169 424 109
496 70 412
121 400 270
276 247 830
437 43 945
182 479 117
397 49 859
286 307 939
225 445 31
219 45 496
47 289 177
323 155 512
323 104 60
400 391 203
323 64 578
442 407 44
153 217 360
31 121 300
415 119 223
241 448 497
259 238 216
426 482 929
466 448 209
221 426 535
120 463 285
422 451 683
469 473 559
166 92 172
400 487 764
49 478 732
364 499 979
340 131 130
136 61 464
220 199 222
375 454 793
191 506 661
304 421 453
76 481 976
190 497 957
330 251 138
111 101 416
523 208 36
342 397 549
42 75 181
166 335 391
281 502 78
1 66 673
48 149 613
73 163 43
351 301 220
461 129 137
113 371 10
4 7 123
366 83 266
98 313 855
295 69 143
484 52 273
272 217 915
521 235 353
469 421 85
451 496 839
281 106 956
118 376 291
514 464 260
139 245 830
184 503 1000
181 39 411
85 396 226
493 51 707
234 389 756
176 45 817
230 148 470
76 197 129
159 448 406
396 5 988
322 433 984
464 241 332
133 460 94
125 373 433
316 247 923
70 236 294
136 10 61
448 421 401
189 491 112
394 323 333
319 115 474
451 250 538
334 511 689
493 265 306
10 196 452
319 322 911
388 443 663
368 189 54
106 86 353
125 463 296
246 85 671
329 5 266
193 36 820
68 34 144
328 290 713
178 43 394
43 514 646
469 472 122
113 376 144
136 91 798
225 229 973
152 358 645
191 283 710
71 378 766
97 269 855
1 375 297
382 63 908
104 363 562
145 176 730
21 495 553
436 226 444
1 18 176
10 393 821
421 214 706
163 169 81
443 277 902
1 476 990
496 154 402
382 220 648
52 400 433
223 353 105
67 433 699
181 376 502
12 414 611
31 201 415
274 282 44
356 409 215
190 435 482
419 181 993
424 275 84
238 429 771
293 443 833
490 281 756
31 253 706
502 410 54
488 468 854
469 451 120
460 166 235
22 1 908
319 127 77
204 205 788
415 61 160
86 421 554
427 50 258
261 393 730
156 169 335
50 211 636
170 297 361
1 266 877
326 370 25
476 170 688
389 481 280
84 61 550
99 316 735
520 307 295
145 115 485
78 337 176
187 151 195
342 246 733
136 464 219
156 439 298
421 346 445
73 121 373
346 151 425
98 386 436
76 358 388
271 40 617
244 376 43
160 342 806
208 220 748
256 51 669
67 343 848
57 437 450
376 274 821
218 4 894
320 241 471
288 310 783
145 308 934
4 112 78
91 85 764
1 466 120
421 118 14
274 380 339
362 424 180
223 162 183
203 391 170
33 460 999
431 326 290
220 7 146
44 200 711
421 279 173
454 356 137
209 325 220
74 217 481
296 464 374
411 190 544
352 187 345
396 382 937
505 106 909
439 362 57
246 265 986
285 160 868
212 163 344
177 22 669
351 109 590
376 295 166
79 187 825
385 151 984
484 143 715
413 4 545
43 180 535
386 371 975
508 231 380
67 155 630
216 100 63
85 199 998
524 457 655
127 172 304
214 328 972
439 310 208
106 7 27
1 93 738
350 281 348
169 43 47
294 345 573
340 79 997
442 58 608
241 242 945
272 209 474
368 493 631
156 284 343
226 304 904
154 414 888
241 258 160
8 120 491
215 463 114
353 117 739
294 457 857
436 293 612
88 295 251
256 444 420
6 253 739
268 168 543
456 321 637
449 237 977
494 481 168
306 478 225
201 1 883
422 84 771
60 276 964
281 159 973
410 128 204
201 9 176
314 413 453
190 169 978
302 82 42
175 513 330
89 127 331
229 151 313
491 56 162
437 421 470
433 36 782
365 242 240
114 288 873
412 311 898
45 22 717
299 246 76
22 319 535
33 233 81
144 1 585
178 411 427
1 175 6
358 491 947
418 205 618
51 352 43
95 136 175
386 516 886
136 306 953
316 462 100
471 502 264
41 221 496
217 1 513
193 176 172
295 246 23
280 317 609
341 79 64
296 397 686
438 54 497
211 406 616
216 181 352
397 247 134
523 367 510
95 24 636
301 170 729
196 295 826
321 97 532
256 298 556
235 175 168
354 286 471
100 66 71
2 27 459
286 515 76
252 284 349
397 507 262
358 169 501
496 148 817
289 401 384
502 245 795
157 495 737
438 211 343
477 412 869
31 106 852
416 365 949
283 151 842
274 370 144
219 401 192
5 298 994
116 357 810
51 106 6
403 34 66
370 184 715
366 141 458
355 145 121
511 91 86
161 377 932
236 38 845
60 158 236
451 241 732
279 81 559
248 221 668
506 451 452
242 305 638
176 31 371
471 457 83
426 424 363
286 513 317
26 239 443
401 148 500
326 122 320
31 451 485
21 204 818
108 283 725
85 198 616
209 295 636
346 51 405
90 134 373
310 166 868
160 426 19
1 101 659
295 28 963
79 201 373
381 162 688
280 136 67
377 439 580
223 366 732
29 187 770
341 481 972
1 352 534
31 399 507
229 179 606
226 31 763
308 420 906
91 144 203
277 151 934
128 43 971
148 379 394
37 269 358
271 373 747
1 386 292
1 373 365
36 363 10
343 352 14
190 200 73
156 430 517
511 309 335
246 249 891
455 497 296
420 502 61
449 455 732
304 351 592
86 26 585
106 191 824
371 451 134
154 76 579
484 234 268
337 477 181
190 509 831
169 309 219
306 308 28
412 335 231
88 364 586
232 355 568
386 292 176
22 176 103
415 217 315
133 381 439
163 198 71
395 301 826
369 344 133
34 491 411
418 461 721
331 64 639
173 461 22
22 418 932
379 139 100
37 323 172
331 451 925
121 112 170
314 484 211
226 421 393
121 176 529
313 73 782
148 505 413
456 395 727
49 211 537
483 277 239
356 108 70
98 130 255
301 451 687
361 340 875
343 36 29
121 439 401
211 193 324
282 499 310
138 324 966
256 166 10
264 251 785
439 136 414
463 429 137
64 476 228
476 92 391
372 523 450
163 484 560
15 401 80
160 457 329
316 232 569
122 481 158
470 449 169
326 214 189
388 407 308
427 106 893
85 40 384
16 463 458
463 451 241
26 500 436
1 325 36
113 62 739
172 185 449
106 433 382
3 243 325
388 169 976
286 487 959
87 297 558
106 379 542
330 84 480
126 26 810
425 244 454
190 407 910
272 156 13
106 152 902
400 13 293
156 483 480
206 518 741
5 97 284
120 22 797
509 74 981
48 49 309
106 402 39
462 336 157
456 82 23
346 30 840
98 472 422
1 166 244
7 426 582
291 346 126
1 406 401
474 463 607
271 302 146
3 376 803
289 476 270
176 302 268
376 406 448
157 483 781
316 148 476
159 205 857
182 151 182
464 82 717
228 348 325
295 42 119
50 426 615
4 292 810
492 274 726
153 129 318
179 61 494
466 217 699
392 76 615
26 502 575
520 394 161
209 226 748
64 197 235
127 393 666
406 96 277
490 446 494
218 105 909
142 521 320
148 151 68
366 359 543
261 42 477
128 37 533
464 282 486
239 244 698
280 403 46
238 431 949
414 203 211
136 382 590
374 85 208
282 349 821
106 238 882
142 281 607
472 202 392
41 86 596
213 98 471
296 34 391
259 403 490
442 145 648
470 221 212
92 271 688
31 210 428
103 355 191
330 133 974
1 351 838
202 373 833
55 80 911
96 202 508
38 232 676
251 337 449
273 37 334
61 69 451
76 199 129
196 91 464
458 343 478
494 490 513
55 210 300
198 211 400
382 139 802
473 361 732
236 37 298
324 487 723
229 148 4
126 219 232
199 271 626
304 332 832
409 316 677
394 164 355
481 478 376
394 205 581
7 371 375
36 349 607
259 407 35
34 76 987
370 463 102
221 306 303
73 274 177
281 175 289
107 429 772
319 121 320
7 36 815
16 76 1
151 445 656
421 16 874
304 17 708
349 247 138
295 308 362
472 41 716
385 71 389
53 500 238
337 379 361
76 455 662
472 26 206
373 226 366
426 106 615
121 361 854
25 519 157
19 102 745
421 128 310
175 358 673
256 416 793
203 415 166
66 209 248
353 51 686
35 127 975
216 69 839
349 111 919
77 159 565
76 202 768
274 281 839
143 202 787
1 38 354
505 334 248
298 451 808
34 148 812
386 337 10
184 64 511
412 457 58
214 166 761
31 283 617
372 58 653
95 379 747
76 343 316
232 218 180
356 254 21
10 451 266
374 315 519
172 379 403
67 301 490
388 211 514
277 76 597
251 176 364
376 271 77
280 31 194
241 173 670
309 379 484
271 293 650
61 373 810
204 431 411
61 94 705
37 391 23
249 316 504
101 145 149
17 85 277
472 81 217
481 296 391
460 115 483
345 456 62
287 93 174
103 498 563
498 1 909
37 375 767
145 106 687
43 297 395
61 247 512
385 113 999
376 481 857
147 135 333
286 406 239
201 265 563
51 371 820
349 341 800
457 467 799
350 440 899
281 331 67
143 73 393
415 213 703
217 56 70
318 355 106
201 211 10
358 106 500
201 276 202
246 10 757
63 391 83
271 351 708
121 456 790
417 376 871
33 191 555
225 487 507
246 483 767
476 103 740
40 295 772
40 86 694
148 28 750
76 97 991
155 246 931
95 285 952
226 455 362
146 523 233
463 442 257
166 249 952
131 241 50
43 59 248
317 514 551
295 312 332
414 418 278
60 331 10
433 225 275
134 516 64
436 343 541
520 197 297
40 358 828
43 498 267
383 504 64
85 445 194
268 25 157
113 81 971
231 276 625
406 355 264
288 139 385
262 74 879
149 191 391
85 316 660
379 253 588
116 264 662
483 521 179
351 29 971
11 53 386
1 172 793
418 301 45
505 381 75
19 125 509
511 386 492
99 442 611
61 248 784
316 53 990
451 356 768
523 331 35
277 15 558
50 93 133
29 141 126
94 22 28
326 100 82
234 154 935
159 455 950
524 464 831
453 171 963
22 88 89
373 490 99
103 118 544
197 255 358
339 146 248
79 211 750
330 412 733
456 224 788
352 217 694
106 365 13
508 43 702
297 292 940
376 305 72
199 424 352
251 506 353
340 426 717
409 491 344
218 367 351
256 36 25
192 507 340
454 355 625
211 11 837
412 42 232
211 295 770
251 212 40
441 46 918
286 481 693
22 500 227
418 273 284
401 371 940
380 501 576
111 133 99
484 351 23
435 198 911
235 361 343
463 497 20
276 328 791
325 250 426
232 235 122
401 411 388
320 47 553
126 284 605
31 160 995
46 281 117
376 172 580
287 214 98
205 244 123
420 316 895
367 331 796
20 250 673
337 268 102
160 10 739
106 376 245
352 196 424
376 331 464
396 301 112
394 52 850
191 351 127
318 454 728
106 16 404
492 51 109
383 377 787
249 350 901
226 34 44
355 447 884
52 208 883
159 58 846
346 484 24
155 316 942
379 346 371
181 512 418
142 26 126
92 190 410
472 53 953
240 448 766
451 237 627
515 276 787
262 288 660
138 375 723
21 148 756
323 374 680
32 515 264
10 453 683
62 367 706
217 366 918
460 85 569
341 244 859
516 466 453
298 505 199
64 456 94
371 341 357
262 91 192
231 245 924
265 16 196
72 411 939
449 71 646
432 167 377
233 416 144
46 70 910
507 129 50
173 210 913
213 456 203
46 5 13
85 346 78
292 313 294
491 379 227
52 356 754
313 58 501
250 511 847
97 40 819
315 136 54
232 448 850
141 507 593
451 311 581
164 1 640
415 183 875
176 180 997
315 321 470
456 273 73
60 154 73
50 28 506
380 469 818
133 211 835
424 14 75
131 452 526
166 200 28
298 520 357
439 292 158
356 281 992
95 98 484
497 340 423
467 310 683
201 301 195
211 176 699
341 16 831
169 271 724
424 94 10
155 116 252
89 274 731
415 71 678
256 286 197
36 203 517
291 151 546
238 349 134
218 318 913
99 364 741
421 502 876
197 466 784
41 118 112
355 10 481
433 385 296
308 283 655
415 256 967
388 133 953
172 234 448
362 525 444
276 181 991
145 274 303
221 491 351
138 235 242
316 506 996
289 351 344
167 112 305
316 502 418
480 316 560
165 299 790
115 27 325
400 165 952
418 168 149
301 64 512
117 509 498
246 376 2
394 475 555
191 147 849
503 234 161
64 124 972
195 139 801
151 132 514
204 400 328
127 472 880
123 20 178
53 246 112
160 23 246
501 216 289
24 517 564
2 304 810
95 302 515
264 489 597
205 286 679
10 370 193
261 342 649
180 31 965
22 226 439
208 438 825
1 341 505
428 260 651
274 490 62
494 520 565
314 126 482
411 511 54
421 205 81
470 291 145
301 408 889
222 172 222
502 19 920
156 191 67
431 119 393
51 241 134
295 437 195
345 58 330
217 347 959
493 504 515
477 463 389
292 96 29
30 212 176
95 14 471
25 1 57
1 407 356
79 400 384
121 217 736
313 85 229
363 260 28
418 330 509
199 388 798
361 11 153
4 436 684
400 517 5
206 146 689
271 222 37
331 476 268
330 361 818
151 167 729
338 457 957
101 463 947
57 421 768
70 127 995
184 211 573
397 65 580
480 503 266
3 487 796
110 240 820
92 25 272
463 310 769
511 121 946
163 244 220
462 136 55
404 438 867
10 369 104
432 171 987
523 313 214
49 43 435
139 169 972
181 457 563
227 253 297
67 16 722
251 112 621
227 423 751
328 156 332
274 301 819
427 316 741
251 1 102
238 129 299
79 111 381
192 87 84
178 473 711
48 206 369
496 444 31
316 308 884
106 212 76
110 300 952
450 313 337
361 304 539
176 166 176
136 119 80
4 178 785
76 286 337
97 15 429
140 1 168
272 37 635
3 318 497
393 183 680
90 246 665
334 395 79
445 265 319
484 116 883
181 506 640
222 457 609
405 391 719
182 147 625
26 160 838
427 111 990
208 75 927
319 120 152
148 458 216
87 91 751
262 50 631
113 394 56
186 400 519
9 117 604
26 208 358
449 389 272
102 91 904
310 73 692
57 260 353
495 15 550
132 161 152
176 487 68
176 358 760
361 316 54
394 231 504
346 56 322
65 421 365
316 106 239
480 140 643
257 166 759
235 216 701
377 218 673
117 394 858
64 256 24
109 1 785
401 18 952
436 217 927
436 82 594
99 55 268
407 257 369
116 288 731
71 155 38
462 193 288
176 73 488
29 511 161
15 304 447
428 273 792
136 151 284
211 46 314
428 30 950
120 34 633
232 43 6
111 57 541
343 230 707
142 288 191
214 409 415
91 406 354
341 67 306
76 159 828
23 26 550
37 390 740
351 196 949
336 343 945
73 301 697
136 4 906
196 335 350
316 233 916
472 241 687
412 261 979
148 73 737
99 196 696
270 208 212
118 283 714
49 98 884
482 166 378
106 292 283
301 78 714
184 355 549
426 175 468
340 325 519
196 190 215
288 385 260
181 304 178
451 163 392
106 476 955
370 202 827
508 84 513
44 226 112
84 131 165
76 367 495
21 162 416
163 302 281
442 510 206
81 347 155
57 196 787
19 124 1
211 364 895
461 386 502
125 496 616
421 295 568
424 347 34
517 497 558
517 295 47
16 185 422
197 151 191
226 308 462
475 91 634
232 469 499
454 309 256
302 37 930
492 518 573
155 267 663
406 196 796
436 186 304
216 349 198
14 478 336
441 454 760
43 1 579
251 85 515
239 439 28
211 316 540
12 176 326
181 282 62
211 286 880
196 61 944
75 278 912
370 136 866
469 226 914
19 79 93
14 523 928
331 442 795
266 361 115
301 50 783
104 124 226
101 202 62
162 481 21
509 435 343
452 262 476
351 57 192
286 457 976
361 509 518
491 209 642
259 191 201
247 166 684
493 1 405
424 79 293
274 481 304
361 404 247
391 493 978
351 61 150
208 355 893
343 286 325
370 259 241
4 410 770
506 226 105
203 306 577
142 395 516
132 295 788
26 127 731
19 421 43
293 49 924
351 469 604
169 66 771
412 181 626
268 283 577
183 425 941
278 391 391
412 10 316
76 397 509
517 393 163
331 111 594
106 190 333
155 442 891
286 247 769
446 134 353
382 319 831
520 187 542
28 37 972
392 213 517
76 380 316
404 259 287
172 250 755
238 176 249
415 482 449
409 285 183
428 78 329
83 421 292
148 59 383
254 11 138
250 422 382
265 235 835
88 197 279
282 431 969
510 400 41
379 26 265
130 372 183
518 181 422
441 21 935
486 136 589
91 106 889
228 473 183
134 523 288
95 316 791
514 424 973
193 400 418
76 280 425
1 326 935
71 301 636
22 421 866
23 22 614
496 390 263
332 22 515
484 229 21
267 78 641
186 91 91
157 161 126
496 12 439
291 121 34
183 195 775
406 18 90
250 401 684
304 241 324
337 454 536
292 121 793
455 1 964
491 129 277
82 409 408
385 337 649
292 320 980
79 160 471
439 472 116
226 2 608
351 442 16
103 271 151
16 271 139
196 16 78
363 76 802
188 485 757
334 331 760
418 277 909
323 337 192
169 83 25
64 150 374
475 397 596
200 466 171
61 251 87
503 22 833
238 273 362
176 11 238
436 463 449
453 211 115
34 220 271
22 520 682
113 263 276
176 90 102
8 1 37
241 337 801
324 441 886
461 406 735
41 366 667
211 470 570
16 468 843
424 184 340
442 261 620
512 13 814
436 472 580
93 435 399
63 108 612
64 393 400
263 358 940
121 33 547
154 211 744
176 155 491
349 351 544
25 26 89
176 491 95
407 256 383
35 157 403
256 249 795
1 88 445
421 134 963
486 289 669
352 58 274
316 385 282
237 440 320
366 441 930
372 113 703
145 58 744
454 233 531
61 7 968
85 256 187
226 326 663
247 162 167
406 184 376
55 216 535
1 106 355
101 415 540
239 443 936
328 95 739
288 182 321
215 524 226
287 410 183
224 470 921
29 361 515
469 208 890
34 268 37
229 511 53
148 325 327
133 71 960
56 253 930
400 231 205
391 1 946
516 227 158
211 106 321
109 16 626
335 421 258
166 241 439
190 457 10
22 178 420
291 31 930
141 61 358
300 370 160
373 442 112
255 206 843
229 191 402
55 373 427
7 323 881
4 70 522
61 181 315
491 85 111
121 323 734
250 153 731
470 127 950
517 485 726
340 352 413
49 476 878
36 57 673
126 365 905
36 303 316
348 120 389
201 156 862
507 482 40
229 362 196
441 139 715
361 225 519
127 152 562
386 392 947
161 216 117
489 1 537
1 10 271
226 86 235
302 11 891
191 172 644
442 386 625
470 106 265
393 363 194
199 361 562
25 220 384
449 78 464
226 1 113
505 511 413
505 494 527
70 1 364
394 211 151
351 62 898
101 206 839
517 256 462
301 214 769
108 267 279
365 225 79
87 61 336
509 1 159
15 416 703
291 7 137
232 394 806
148 157 884
168 36 900
416 451 80
492 256 422
457 26 556
114 1 769
87 13 499
139 268 41
45 91 204
71 145 906
73 297 60
166 435 805
469 313 486
451 396 591
30 508 667
196 232 276
376 344 401
145 475 267
157 122 140
161 190 18
358 61 668
395 388 54
106 370 825
286 511 411
495 118 406
459 99 304
420 223 21
290 55 976
1 174 297
346 514 757
475 451 655
156 496 982
282 496 867
99 511 312
309 183 96
290 289 640
144 453 57
301 298 946
201 127 513
241 357 633
440 373 728
40 512 819
24 226 694
463 386 300
381 248 267
150 514 88
523 471 725
350 127 216
8 384 940
323 376 465
297 482 435
467 118 487
396 1 154
61 269 56
139 418 16
281 275 511
43 11 289
246 283 500
85 412 724
199 289 506
233 239 243
356 466 950
226 91 61
337 151 575
170 344 358
304 511 919
147 516 361
421 487 597
482 146 879
414 485 535
141 334 161
177 46 717
97 287 603
76 15 214
316 145 285
372 402 722
57 178 871
102 173 310
239 43 40
71 426 89
88 92 564
169 154 751
309 130 428
442 317 971
483 32 261
448 9 199
421 418 778
36 1 918
439 283 198
22 256 776
493 431 712
130 22 602
320 425 219
155 221 866
376 379 852
320 118 344
284 358 333
326 304 46
82 61 158
362 26 697
325 516 65
51 201 658
366 186 323
253 151 900
264 22 249
330 319 76
292 336 123
71 13 451
22 179 408
57 349 169
466 176 126
352 243 606
478 6 391
29 139 25
162 225 668
24 51 77
242 433 420
9 386 435
197 1 505
181 484 694
46 75 195
109 256 197
73 253 43
67 241 347
54 176 229
64 6 748
365 148 557
16 316 952
366 424 49
76 340 170
253 88 299
440 157 749
376 306 439
301 423 96
249 136 910
140 211 699
241 416 370
421 465 548
195 275 30
386 143 271
491 351 773
252 12 234
439 406 527
256 301 385
144 201 818
163 388 345
269 36 235
166 59 815
142 116 847
475 404 372
271 361 626
480 523 809
441 284 623
262 170 983
235 410 303
426 19 228
422 6 56
142 442 490
364 81 734
491 476 970
235 97 44
346 193 926
237 164 131
154 460 966
352 437 605
218 126 284
16 110 866
366 418 537
388 326 949
284 386 930
381 71 359
80 481 375
249 253 642
81 70 730
138 7 817
244 329 949
169 430 524
452 472 924
307 510 738
190 306 604
220 266 536
277 426 272
43 463 597
46 358 139
84 397 106
266 376 512
208 291 610
291 306 142
512 266 267
172 20 646
181 281 976
36 94 875
146 166 138
131 446 107
136 461 528
450 238 971
232 262 949
466 106 315
373 182 163
484 12 741
347 414 250
183 43 677
196 46 994
289 37 360
241 443 469
165 69 537
73 481 604
442 402 729
373 510 469
281 4 130
298 406 319
61 506 270
443 35 264
366 104 58
209 252 909
159 289 463
360 403 550
485 73 317
106 420 614
516 289 388
37 26 208
505 136 426
485 70 905
471 436 50
369 479 432
281 379 659
466 280 899
79 123 791
52 279 638
467 79 936
427 409 808
179 176 546
43 380 820
505 415 400
372 445 350
291 281 231
416 517 494
346 173 193
235 358 525
330 26 59
214 372 895
274 391 491
14 487 653
89 27 41
214 82 589
379 241 304
168 361 83
375 27 471
67 371 141
376 517 88
91 264 495
221 440 674
225 56 8
513 76 695
242 337 174
478 489 784
96 276 308
85 37 686
266 337 183
155 259 861
499 209 622
110 176 553
446 106 836
463 400 93
76 413 487
491 428 868
91 197 374
364 337 398
134 388 734
393 298 892
105 119 251
247 231 184
343 319 324
238 316 687
91 66 942
309 132 556
172 22 851
346 295 244
376 176 670
443 503 757
286 271 348
35 409 671
420 295 968
172 61 113
319 72 576
406 43 974
126 148 468
152 36 273
154 520 429
91 15 448
451 196 849
80 208 19
143 225 629
390 155 226
169 498 316
371 174 429
26 167 358
36 47 3
379 200 543
351 314 678
344 159 989
190 305 483
91 1 480
426 266 251
236 153 560
511 115 557
125 64 923
298 43 857
434 64 169
382 351 766
187 483 254
28 283 819
476 339 919
246 17 67
295 334 273
280 129 226
408 131 602
61 158 442
301 94 504
451 502 619
35 58 739
431 461 362
469 410 899
406 49 513
441 491 170
297 459 671
361 124 345
361 401 508
146 127 825
331 421 888
446 22 866
232 25 293
372 7 842
1 9 473
304 136 946
250 7 315
233 323 689
106 50 95
211 358 862
51 276 394
421 35 445
286 75 416
380 505 449
169 112 66
159 466 886
229 488 437
1 358 187
26 211 938
342 253 559
299 442 932
3 62 27
148 180 830
53 213 466
115 127 999
241 460 865
442 169 995
202 155 539
40 105 263
216 364 55
266 283 188
49 250 557
264 36 758
224 79 884
150 203 872
337 469 654
148 197 24
221 170 410
279 46 338
378 469 77
265 1 452
143 421 558
123 142 23
198 253 362
388 149 394
46 73 901
256 351 810
511 146 560
19 299 93
302 506 15
429 205 581
9 10 700
368 21 935
401 294 818
166 281 819
357 72 115
175 378 90
241 293 811
76 465 524
6 313 808
319 357 31
253 508 606
331 133 237
76 295 508
365 178 5
75 193 669
241 477 452
355 505 569
183 166 954
10 253 667
193 133 187
79 451 372
351 451 934
15 370 340
211 264 5
190 358 384
362 505 560
35 345 287
113 188 269
111 162 534
476 517 507
57 331 594
313 35 895
436 397 59
311 415 599
46 91 686
339 96 409
217 221 474
463 446 518
214 249 331
106 113 564
511 86 832
149 364 660
281 76 191
422 484 326
22 390 911
100 162 180
384 306 822
48 120 473
229 373 513
465 292 739
86 281 543
304 229 635
180 324 502
76 499 6
218 441 68
15 276 10
45 123 756
244 348 426
189 256 315
407 333 569
211 122 682
316 226 306
15 511 292
284 463 24
406 260 451
169 418 725
496 193 471
518 223 324
71 237 615
205 379 325
322 121 553
76 438 989
150 259 247
97 31 493
301 328 34
481 396 33
335 285 281
500 420 988
169 410 478
424 221 785
225 79 191
382 406 510
491 411 893
463 211 364
472 411 678
451 286 285
496 295 135
385 44 111
281 482 506
515 74 163
194 490 725
175 41 742
94 480 160
295 127 274
442 290 11
471 208 519
32 376 475
76 196 774
38 467 47
401 304 199
322 154 887
72 1 708
316 242 133
267 401 74
283 136 470
342 337 529
183 127 391
418 133 843
457 23 413
122 129 289
57 370 303
492 232 639
241 105 92
88 190 53
372 433 607
467 477 958
379 68 392
226 313 548
363 511 463
484 356 788
379 1 440
301 361 598
1 370 287
169 11 725
85 126 404
253 59 351
406 131 179
142 320 336
95 421 507
500 187 860
495 84 316
23 376 573
203 13 922
513 122 22
3 391 260
358 112 503
106 14 700
281 343 420
151 304 547
161 430 147
81 328 387
36 145 102
451 509 493
48 370 698
98 300 484
309 141 812
477 523 603
10 99 910
359 476 415
433 141 727
109 127 506
351 177 930
141 330 148
290 47 212
148 441 804
71 472 362
472 435 133
277 130 632
353 463 759
206 273 841
158 211 708
76 306 755
413 499 214
388 225 891
295 35 635
32 498 775
279 382 654
301 342 368
316 136 917
246 421 479
301 487 820
200 218 243
346 376 559
211 76 601
465 487 775
36 358 28
496 51 416
24 224 888
421 305 832
501 159 619
28 206 802
211 383 910
40 463 252
109 251 829
442 412 1
60 224 145
66 370 109
517 303 404
176 158 346
295 286 369
274 366 246
440 88 802
67 510 18
371 11 888
46 142 707
46 442 505
514 516 218
361 169 636
100 190 567
503 163 164
140 258 882
6 470 673
351 115 560
453 250 332
331 214 571
385 345 116
504 325 409
94 177 102
59 355 721
89 143 36
106 451 276
100 268 391
474 373 889
520 99 341
491 77 215
245 201 185
78 25 150
282 56 192
436 32 65
203 108 507
476 95 324
334 328 971
4 10 663
211 484 395
71 302 159
28 484 343
412 59 791
323 258 674
476 446 149
85 127 425
60 76 781
62 73 793
205 502 136
250 481 624
66 262 145
505 358 526
412 23 342
327 514 134
165 270 185
469 184 798
301 246 11
399 1 670
484 276 946
370 128 435
369 250 291
463 115 421
14 81 445
224 112 103
337 34 528
301 281 804
421 211 570
187 344 233
422 199 628
64 273 3
145 257 566
453 312 204
48 286 634
457 113 859
5 162 497
21 371 561
10 338 184
393 480 122
18 45 609
466 50 565
38 340 3
444 415 612
406 432 988
109 274 840
121 301 76
211 474 298
226 310 425
196 271 403
443 251 680
56 463 856
496 477 888
335 14 870
250 215 906
199 442 707
183 381 520
442 421 95
163 148 848
188 262 90
31 348 550
168 106 52
451 346 100
185 310 186
159 156 42
376 149 215
472 415 727
226 239 834
416 391 882
281 269 237
122 327 362
366 388 862
160 291 896
151 97 195
406 127 588
73 451 573
328 169 531
176 14 195
487 16 256
478 316 407
173 58 981
85 448 608
328 184 902
216 198 321
281 319 178
457 490 719
454 281 914
246 391 912
155 331 552
432 241 80
139 455 607
341 465 812
444 469 962
206 37 339
19 65 867
263 421 397
70 100 711
376 97 825
301 312 505
14 108 321
214 213 39
225 282 678
164 370 2
316 298 936
472 288 20
331 190 804
39 220 778
316 169 99
129 287 249
145 172 421
397 396 648
280 452 415
437 418 237
175 64 510
295 512 635
401 283 445
334 211 920
303 355 911
382 206 774
231 307 904
261 1 181
208 22 382
96 400 81
471 133 392
163 109 798
442 1 375
316 524 332
199 334 668
181 514 721
57 305 834
45 141 814
5 288 29
85 111 90
520 1 769
178 235 706
130 198 792
337 289 887
289 106 919
316 391 238
211 207 439
379 86 645
11 173 252
375 462 296
91 331 435
63 22 109
226 15 615
517 316 615
474 100 265
491 473 255
301 211 285
115 242 228
355 509 711
268 350 582
448 239 732
406 352 328
175 331 905
108 126 77
127 68 349
181 414 183
44 20 191
186 142 754
355 174 449
381 274 282
88 91 323
34 192 188
520 352 298
353 501 354
430 232 33
349 496 935
198 112 475
232 109 418
71 211 496
26 8 257
55 211 329
364 116 529
484 4 734
517 113 43
413 211 832
295 85 361
100 481 476
36 169 350
301 313 581
353 391 299
400 250 514
483 235 459
379 224 266
200 348 187
142 61 84
205 525 851
266 281 354
8 236 388
398 197 311
241 207 21
274 502 284
169 111 319
91 35 226
421 249 518
99 311 961
421 161 110
1 502 419
145 401 136
228 362 811
230 491 548
154 434 832
359 253 652
313 364 199
181 440 955
306 134 737
505 341 17
167 337 477
418 477 174
58 112 427
357 395 406
461 316 448
60 445 290
249 482 650
461 371 46
133 277 528
324 283 278
190 1 319
506 266 205
211 45 390
23 453 196
235 106 529
281 478 266
1 238 359
445 13 115
367 111 415
349 262 296
145 512 359
120 138 420
76 1 867
357 269 990
458 73 674
169 136 638
456 281 664
160 128 430
211 202 316
67 1 465
85 280 24
148 385 540
433 502 275
31 127 134
421 446 125
466 94 656
349 58 442
302 88 787
329 499 615
10 148 112
508 326 468
442 352 2
440 25 654
306 293 251
333 311 364
334 431 137
231 169 506
90 142 764
376 87 99
456 211 643
241 456 224
151 295 770
133 484 1
151 349 9
379 512 449
22 445 529
28 55 217
69 117 481
226 456 865
493 76 219
42 152 38
511 442 228
46 154 331
88 109 652
22 295 354
161 83 105
71 304 231
71 483 361
59 239 23
394 140 657
256 316 58
480 304 954
106 342 441
344 189 544
257 116 790
259 22 136
49 382 88
211 405 24
414 61 54
361 36 321
361 45 338
135 301 656
41 211 644
366 218 217
420 351 301
124 163 883
402 129 393
323 156 318
291 122 998
84 37 649
31 433 964
43 105 682
136 11 632
176 457 699
22 76 552
322 382 925
400 478 249
454 274 730
376 235 64
190 83 816
359 341 559
496 273 46
295 442 788
519 488 401
190 103 209
326 176 866
421 198 86
141 499 38
249 72 283
248 510 949
226 418 146
422 130 273
410 512 313
61 59 687
444 146 321
441 241 949
224 1 579
346 463 332
197 175 86
9 316 451
304 27 982
397 136 499
208 322 147
238 456 511
484 136 271
402 386 609
142 508 734
176 373 461
89 484 903
388 520 434
90 186 599
10 217 347
252 176 324
228 145 384
525 226 766
133 169 814
505 27 940
365 451 715
436 1 555
13 63 163
157 307 572
289 426 286
429 5 908
113 256 490
365 157 669
472 388 53
71 126 559
273 149 305
321 90 63
295 192 925
206 250 68
76 310 555
339 364 541
148 297 166
496 413 257
405 144 431
223 352 31
103 299 975
288 238 84
255 491 895
498 256 662
24 246 423
267 95 467
353 37 310
76 150 497
457 148 382
32 514 113
260 202 85
154 179 209
4 331 616
376 400 868
174 231 753
521 257 487
298 171 692
61 411 624
226 238 370
109 6 458
466 410 850
238 100 317
199 263 659
173 405 885
291 488 512
493 226 36
211 91 786
505 281 452
445 358 566
487 183 792
517 457 195
62 54 899
128 412 93
316 470 964
176 172 392
278 20 282
32 107 686
196 427 956
163 256 93
421 338 165
379 334 30
266 294 104
236 94 637
501 475 996
379 202 878
130 97 350
337 6 76
239 375 467
52 497 102
521 402 734
144 182 845
446 519 136
378 134 957
438 407 210
108 490 414
282 331 84
26 30 227
118 36 844
316 90 835
178 296 900
34 497 400
270 361 906
264 379 591
439 197 764
436 304 539
16 337 890
141 456 648
140 3 922
323 385 990
6 296 9
351 414 115
127 163 320
171 205 601
419 427 170
13 115 424
199 349 688
1 286 590
316 486 986
410 1 437
441 169 855
303 98 736
22 466 833
491 295 378
367 486 568
470 66 34
