379 8654 255
315 243 514
266 183 84
214 70 932
119 247 789
167 207 286
308 145 289
330 270 206
203 244 968
285 286 774
337 179 674
193 272 730
292 23 673
320 375 885
89 337 497
310 102 308
168 263 269
310 109 696
137 328 506
135 187 247
49 68 680
290 204 394
379 97 756
192 239 33
290 54 991
294 22 603
65 152 251
329 140 539
157 116 444
287 3 511
21 18 179
118 129 424
332 182 869
173 74 705
194 192 49
321 44 877
304 58 81
202 137 112
313 207 475
360 337 359
16 6 262
56 134 961
323 203 922
93 239 512
29 269 881
272 70 171
73 343 173
187 70 877
343 332 158
286 255 64
87 379 806
288 44 578
130 199 626
8 157 818
101 113 469
306 288 644
212 8 804
19 99 559
237 51 214
192 62 103
92 3 529
60 313 508
292 326 700
93 13 526
82 376 960
128 47 77
155 84 519
160 27 158
333 181 803
232 340 329
362 155 442
57 48 304
353 99 775
140 187 703
331 273 866
205 368 126
77 46 850
251 373 419
117 327 230
78 171 499
268 220 297
340 317 458
90 318 705
17 88 95
39 21 78
54 122 526
14 67 908
55 5 335
154 359 595
155 151 919
298 247 953
138 343 381
146 148 346
42 331 677
359 169 599
210 330 817
104 201 516
310 93 952
285 155 780
317 359 169
26 88 23
234 66 981
97 165 308
178 257 939
26 253 65
246 289 579
305 50 17
228 375 283
205 194 687
72 62 557
254 109 139
345 259 17
178 81 407
171 362 965
375 230 189
11 50 82
211 276 435
352 191 579
107 79 144
181 206 146
140 44 499
88 266 527
252 19 183
299 138 480
166 55 831
301 373 460
272 372 798
162 194 780
4 71 337
41 118 183
169 280 525
93 265 86
340 308 467
176 96 145
127 111 96
91 199 443
317 324 843
311 7 701
48 39 293
169 232 481
26 38 156
189 176 541
20 46 272
18 340 555
83 214 366
130 201 202
176 93 655
35 286 605
247 192 749
38 331 68
335 334 153
281 64 395
324 126 807
62 131 761
27 225 25
290 248 283
186 311 577
369 245 331
1 2 125
89 202 181
141 222 378
34 332 152
46 10 849
296 84 864
355 141 516
178 135 926
322 13 735
248 65 276
230 318 981
119 43 711
339 54 19
215 244 995
366 129 678
366 240 363
192 342 914
241 350 518
211 350 206
240 59 320
287 301 902
68 331 511
117 338 729
60 165 114
101 1 819
102 305 684
264 50 967
219 320 527
240 57 5
262 353 460
332 166 831
219 79 796
255 117 315
49 50 66
147 332 752
282 284 777
174 358 259
239 316 242
71 375 206
41 164 464
305 106 63
100 63 179
168 3 502
142 76 780
144 251 926
279 295 883
122 209 328
128 169 42
91 81 250
73 117 594
333 16 117
317 361 1000
208 196 139
87 366 427
332 219 741
208 23 872
267 234 932
302 175 895
9 59 583
325 313 263
181 155 60
13 174 457
362 359 499
170 188 390
158 377 8
83 248 762
113 123 725
169 49 502
190 371 663
365 100 737
71 277 232
96 68 926
154 292 821
8 262 175
233 49 589
99 331 614
120 121 150
33 83 985
254 149 840
63 226 630
26 40 375
95 347 750
234 358 445
52 174 453
270 53 978
209 339 764
3 80 807
210 147 526
29 139 185
15 216 191
55 12 414
313 186 941
110 188 527
242 195 506
279 301 141
306 236 681
121 372 753
100 54 878
252 233 722
368 82 307
120 357 380
365 363 651
333 219 944
24 260 513
80 107 659
205 261 569
56 312 581
366 51 448
188 64 235
20 121 921
209 307 603
218 101 211
251 281 289
366 125 235
275 42 693
245 169 424
146 154 440
135 374 712
361 61 604
140 238 292
326 185 183
249 37 17
58 54 377
175 283 61
221 46 154
294 340 616
361 113 973
320 161 268
370 111 1
44 29 304
110 198 323
29 325 699
87 221 131
305 86 63
267 26 347
98 119 457
359 347 130
216 132 945
322 19 972
357 178 50
163 296 130
348 49 92
105 143 661
70 144 900
308 335 899
325 377 581
123 105 519
65 379 186
132 291 950
33 6 243
274 176 466
192 277 417
82 306 431
190 328 97
46 131 545
248 318 656
285 297 94
374 52 581
137 245 870
184 87 782
4 208 114
61 185 210
150 140 264
37 46 720
225 323 46
181 180 838
214 103 104
367 107 21
378 310 697
87 276 170
256 95 411
320 178 716
33 238 191
54 209 681
108 255 717
87 98 842
367 104 18
238 295 599
93 32 737
373 332 546
289 279 342
46 259 110
379 67 385
210 189 181
71 96 346
306 17 441
310 142 145
309 237 289
19 165 904
182 80 974
40 201 361
109 51 883
314 165 356
43 329 49
282 319 440
74 233 941
28 137 661
339 213 618
140 340 534
115 27 499
339 31 727
337 310 392
336 34 707
288 275 277
75 45 180
107 173 653
345 38 127
131 73 213
161 281 364
245 179 381
7 306 319
169 282 841
358 152 852
300 257 847
40 315 7
120 8 893
46 307 246
34 45 335
99 150 564
181 337 55
237 107 551
287 47 149
346 136 631
131 195 265
338 57 899
222 275 556
47 197 897
49 38 464
362 216 916
126 338 829
267 84 611
34 353 217
154 262 493
133 34 39
111 27 822
338 49 93
44 152 265
9 192 753
264 182 905
190 220 223
211 223 563
175 346 303
255 375 392
351 245 938
217 329 127
285 116 771
48 310 634
7 242 893
367 186 360
52 180 350
298 119 343
214 205 581
135 160 405
1 150 242
110 65 523
263 248 650
374 331 823
101 88 744
119 147 843
219 379 924
52 287 160
302 141 677
283 292 966
72 184 531
206 104 175
324 323 821
249 140 875
294 207 56
7 48 20
371 296 507
363 206 723
72 250 111
23 29 145
154 220 19
365 225 239
79 142 239
322 214 216
213 266 977
93 159 227
60 161 555
351 115 820
215 258 336
185 88 178
224 124 24
235 126 244
272 336 171
291 32 535
46 278 795
202 245 112
346 363 910
44 28 638
201 128 486
139 326 147
21 129 150
221 314 888
220 6 829
341 12 860
294 214 731
338 365 143
293 328 589
340 318 427
364 145 223
242 131 905
133 142 147
371 125 550
164 132 467
193 165 299
16 306 674
92 141 579
294 84 345
176 171 400
54 136 282
278 299 666
263 249 425
334 220 924
269 273 73
332 76 253
26 314 635
227 359 821
85 78 486
87 336 656
9 204 632
149 308 801
170 276 847
208 280 38
358 31 15
151 217 318
18 193 531
22 214 540
61 152 41
373 40 57
135 291 646
169 200 872
218 268 990
78 129 436
86 130 634
84 194 121
200 361 864
243 105 170
348 372 705
304 77 77
131 373 534
162 368 426
113 347 508
281 231 842
235 157 31
153 265 591
32 5 948
48 322 20
60 345 112
319 371 193
179 103 540
134 316 254
151 157 767
39 38 5
186 27 233
4 140 398
288 178 825
55 361 858
228 54 86
135 100 113
183 253 304
303 142 206
305 274 714
322 304 148
27 366 680
368 250 953
199 147 905
188 154 108
256 286 710
328 215 602
220 102 325
117 295 981
314 282 984
349 171 232
11 45 701
1 17 201
286 87 848
378 72 344
98 23 399
185 97 543
5 99 864
243 85 117
300 271 806
217 236 607
348 22 456
379 112 80
99 203 405
276 127 202
373 264 908
234 67 764
109 320 977
16 370 385
302 167 356
13 106 333
317 104 808
243 44 455
219 286 943
324 80 752
21 69 323
47 165 668
221 296 785
349 282 505
38 29 59
115 373 966
8 99 917
47 85 402
34 143 356
241 22 502
203 275 852
290 9 507
287 44 711
328 31 224
265 374 933
262 218 717
305 262 164
60 280 326
144 377 120
157 184 14
4 267 653
43 92 827
45 280 380
203 27 947
346 275 717
310 368 67
163 376 314
361 65 339
297 117 477
121 167 399
301 112 211
86 262 785
73 34 286
316 218 863
114 203 152
93 166 943
244 47 963
260 217 116
174 367 337
163 117 177
93 293 3
260 363 407
194 204 301
14 325 559
296 32 695
322 200 871
26 95 142
132 60 771
73 308 526
294 226 927
299 146 462
320 157 949
330 185 797
10 378 61
9 193 132
364 340 976
352 354 848
308 78 776
80 81 575
22 293 282
2 335 800
232 69 992
291 68 701
319 251 658
289 223 220
220 127 662
229 75 152
147 94 137
33 138 624
149 233 918
190 115 28
251 23 455
311 167 201
54 17 488
60 229 732
53 52 134
268 158 697
348 371 700
28 246 97
31 132 717
320 153 834
285 161 831
211 192 464
19 298 184
39 252 192
157 325 93
42 41 840
257 148 77
377 87 948
316 233 36
24 45 818
12 321 374
247 312 388
68 341 651
167 349 405
372 198 637
340 235 584
116 276 941
151 143 410
368 289 464
327 134 160
335 287 267
273 79 555
120 167 786
152 63 542
337 319 222
145 369 964
340 262 23
210 130 594
35 267 333
148 115 184
5 6 646
371 332 63
59 76 368
244 333 393
263 101 175
144 114 721
243 96 522
98 345 961
280 50 130
7 262 623
114 157 277
315 108 4
42 237 985
10 365 383
9 49 201
292 7 103
102 74 640
202 191 866
10 20 481
227 281 833
296 66 459
108 228 222
110 203 465
306 21 266
11 20 382
367 256 648
228 225 991
254 274 100
98 375 174
343 198 793
203 322 797
304 370 569
233 323 306
356 60 216
174 326 771
374 245 793
251 201 532
103 205 798
205 238 353
89 311 731
61 95 672
37 85 511
298 360 835
6 128 373
233 220 640
189 244 457
48 313 874
328 144 350
118 299 245
96 14 588
327 244 971
145 199 606
246 43 809
153 317 990
213 337 218
93 191 289
311 340 107
303 356 172
76 150 86
100 297 521
297 50 691
250 367 232
42 90 525
174 352 201
276 204 102
145 69 331
314 207 182
60 31 493
134 270 25
36 131 372
368 76 995
32 263 171
299 114 898
33 313 280
64 96 952
162 188 449
138 355 21
234 82 816
180 246 305
319 28 486
114 27 685
368 68 301
334 248 3
2 323 197
295 318 362
83 96 176
356 70 641
185 361 532
300 106 484
98 191 799
47 341 700
101 141 890
226 183 834
77 354 381
106 59 358
9 259 809
368 351 94
207 305 476
360 254 648
328 116 601
317 365 576
274 354 919
214 173 265
277 245 79
333 130 657
103 75 632
275 181 778
37 371 35
344 254 967
51 276 195
315 143 538
368 138 633
260 147 847
185 282 589
273 69 78
259 42 357
246 1 120
241 3 24
377 378 252
153 16 688
203 37 689
39 22 246
69 364 938
129 81 152
86 55 18
200 327 243
70 352 541
17 265 906
112 254 1000
80 98 749
272 198 121
95 84 507
94 55 267
219 63 448
15 312 387
368 240 37
160 361 455
112 294 297
288 303 366
202 312 217
191 109 471
318 15 860
358 196 24
211 149 690
31 180 278
357 99 66
24 196 602
211 366 115
80 101 240
230 276 308
74 87 979
6 25 227
182 201 558
162 119 259
15 50 805
12 168 533
113 121 818
342 350 349
52 169 729
265 156 782
95 246 194
331 10 280
232 246 463
345 218 883
145 296 334
209 72 501
142 160 988
321 223 408
169 22 455
25 124 40
278 76 679
157 247 361
121 28 685
62 135 609
295 364 616
257 137 341
220 84 178
32 4 379
91 301 890
145 160 783
300 66 39
321 285 334
234 216 152
374 294 403
6 51 581
55 359 617
269 152 217
327 319 539
311 139 960
73 330 762
251 344 979
72 300 512
258 11 703
354 109 231
287 185 438
257 169 679
141 69 169
64 117 147
22 179 106
349 268 335
179 223 475
287 354 654
322 75 583
291 321 114
366 334 915
258 217 773
353 211 578
147 321 51
87 55 406
147 80 203
22 82 158
82 34 954
80 83 986
107 110 939
33 120 511
149 160 250
73 347 904
298 121 130
239 133 994
375 7 960
59 191 331
71 97 79
78 23 757
199 265 951
370 360 215
157 362 793
329 151 719
202 42 131
158 186 322
128 152 991
48 298 181
346 337 744
114 224 990
20 177 964
72 158 852
233 205 407
205 100 625
131 302 211
290 379 577
353 165 64
45 154 475
152 243 248
78 288 533
77 253 502
183 132 708
341 71 493
321 343 201
175 97 584
187 23 331
343 373 639
54 247 864
85 142 864
305 168 972
292 302 424
66 102 934
287 296 733
216 120 71
337 42 193
319 228 884
303 155 753
288 62 498
147 134 167
10 221 61
259 182 340
105 57 131
196 237 828
377 346 167
35 129 448
59 1 433
263 195 316
65 4 688
150 337 408
6 360 555
269 319 253
59 379 46
329 332 584
308 17 991
322 56 894
353 349 773
187 189 3
200 50 320
163 166 17
192 11 458
122 303 603
234 369 80
345 136 457
127 132 787
75 276 277
324 227 270
128 273 683
123 153 417
287 288 341
56 277 559
115 104 338
233 356 1000
133 171 612
102 132 685
175 333 133
46 327 114
102 279 730
301 146 116
156 313 11
288 319 391
222 1 889
272 216 474
242 170 988
208 172 635
375 48 635
355 162 772
33 234 573
73 160 183
200 104 883
244 377 988
219 72 166
63 315 317
7 105 809
185 37 8
93 304 364
314 9 1000
182 5 781
216 288 466
42 291 551
226 336 710
141 313 972
7 153 522
181 202 703
118 137 660
223 109 828
114 192 97
209 262 798
260 319 184
12 81 25
225 207 605
40 285 749
240 140 575
312 83 98
162 286 713
235 198 256
193 104 144
124 122 374
132 340 148
215 43 492
333 208 795
43 354 385
345 230 106
328 272 22
185 98 886
278 32 394
289 297 267
158 134 867
294 9 664
280 318 224
68 354 970
249 208 115
15 281 60
111 169 6
193 302 562
277 355 988
133 115 105
114 7 38
214 34 465
249 84 774
161 230 776
248 92 387
154 38 989
219 172 517
71 128 531
330 306 404
165 138 411
143 338 890
78 90 323
302 183 800
163 109 371
147 322 146
286 170 380
102 32 448
80 198 102
54 124 551
184 107 516
303 114 554
239 353 524
215 365 216
216 221 275
185 72 368
379 47 749
184 365 722
345 233 670
49 229 82
235 16 8
91 218 453
249 129 810
354 249 74
294 208 547
160 338 42
42 14 197
144 86 151
120 323 511
377 188 831
83 31 960
350 313 959
260 252 364
143 358 754
173 252 829
313 264 194
313 183 850
183 168 558
238 294 113
181 342 796
266 132 60
116 242 750
281 18 466
40 31 765
224 227 600
364 30 195
19 59 735
263 2 755
69 162 426
134 36 754
327 204 649
274 140 121
336 301 348
233 352 889
108 133 654
130 339 547
235 308 754
142 354 617
355 170 656
297 119 934
119 159 573
222 226 739
181 282 966
214 235 696
2 52 23
341 145 744
70 83 224
136 312 117
52 69 150
251 267 284
241 9 576
97 18 932
151 91 720
295 138 648
329 348 901
325 246 782
224 85 475
89 148 116
99 241 354
350 205 709
16 323 281
351 375 622
45 174 14
220 321 326
287 329 224
300 376 616
278 175 921
82 15 853
79 188 155
102 124 540
371 191 271
310 25 634
192 165 732
39 325 822
47 337 63
21 136 330
25 190 495
156 78 787
132 299 977
164 352 412
13 310 990
137 57 413
214 354 758
317 276 138
66 96 480
187 243 304
67 79 890
279 272 646
212 113 283
291 92 824
222 137 845
105 307 333
363 179 250
153 88 767
139 25 687
325 379 180
284 95 436
168 250 487
275 185 304
20 143 165
88 263 474
49 85 889
366 277 65
372 293 429
321 290 700
97 43 188
68 241 167
279 99 354
174 20 546
103 51 842
374 168 464
69 90 204
9 6 249
352 297 561
36 57 54
186 216 483
231 178 393
361 220 810
252 153 410
283 333 675
357 3 315
9 355 697
369 274 332
80 105 515
178 353 924
16 284 666
78 217 496
244 112 449
191 120 938
1 143 887
202 179 901
134 305 441
196 368 94
282 72 770
247 155 970
249 218 779
103 63 346
296 245 481
366 89 605
173 178 47
149 112 593
58 333 897
283 211 966
314 157 898
317 52 960
62 239 879
39 296 264
344 187 811
166 321 167
192 21 287
248 223 346
371 86 470
56 26 20
86 94 641
303 12 340
230 19 921
163 179 552
222 28 821
165 319 175
200 207 177
329 48 843
365 173 731
124 274 215
174 280 417
351 319 51
194 124 320
276 48 820
199 266 427
199 238 698
342 201 873
287 88 105
134 151 466
299 290 716
328 218 974
131 157 670
307 356 181
73 89 312
142 374 47
308 243 597
341 42 752
69 180 168
267 194 890
352 237 484
230 188 913
371 287 1
220 120 95
334 52 805
359 378 999
56 5 39
320 374 770
106 55 366
318 203 694
281 84 417
301 20 465
139 349 157
149 169 612
299 137 39
250 82 709
37 361 359
378 67 394
215 313 935
179 164 69
338 176 806
216 278 449
160 65 645
280 307 125
334 14 672
302 86 20
113 345 652
358 337 278
259 71 665
175 308 715
156 161 417
287 337 803
152 244 523
206 120 168
68 71 17
271 213 29
258 167 66
113 236 981
25 46 945
293 159 80
76 18 616
232 319 606
114 131 86
258 63 67
284 190 44
257 10 328
9 101 408
195 279 138
377 2 235
157 75 985
210 290 398
251 170 304
199 297 251
122 269 619
275 239 769
298 130 432
361 99 970
331 336 666
22 120 482
122 149 316
290 236 489
310 69 891
220 180 594
31 26 243
68 23 62
32 90 679
205 366 986
317 139 945
99 45 869
16 228 875
241 191 487
316 362 351
74 293 377
312 376 805
71 45 429
335 69 46
348 244 598
363 106 644
59 134 163
107 252 838
192 336 3
217 334 785
104 146 579
74 139 346
234 35 388
215 366 375
310 246 135
85 175 11
82 362 472
72 276 649
137 253 460
5 122 434
201 289 494
215 373 251
158 229 32
144 105 456
239 216 611
118 38 172
201 155 980
56 260 874
331 259 367
266 119 476
359 29 539
1 224 212
104 34 10
135 22 462
254 114 183
70 359 442
274 341 949
120 76 423
274 121 968
97 366 71
377 122 123
347 24 661
109 101 129
301 49 491
153 46 575
1 27 901
346 350 443
42 37 7
315 41 990
222 345 779
263 194 401
135 99 439
146 72 512
14 247 548
2 71 721
259 308 721
336 24 583
223 186 654
104 136 227
22 318 381
31 364 119
101 221 356
26 124 630
49 137 324
182 266 781
153 89 28
322 260 241
47 365 827
172 292 632
219 51 310
140 33 141
142 213 133
52 191 965
100 211 759
31 225 857
379 71 570
268 164 572
139 23 161
283 40 51
124 9 596
357 169 244
209 194 152
342 369 275
141 220 668
296 316 783
201 353 318
289 311 308
12 210 348
328 238 300
20 320 414
369 104 112
335 241 560
305 349 91
188 345 870
174 65 946
87 371 381
375 49 861
150 39 238
237 104 651
262 292 304
216 289 589
273 13 729
12 167 656
137 266 348
241 125 801
6 356 510
128 198 723
83 152 943
267 233 548
294 110 900
132 1 973
359 110 989
3 136 858
17 375 140
367 278 211
68 120 989
43 1 950
263 83 875
272 11 97
273 256 679
68 281 987
240 125 20
2 252 178
226 330 37
379 245 652
123 120 154
60 128 329
20 237 106
258 356 329
100 330 106
237 97 620
211 364 507
35 80 167
283 1 887
291 90 145
158 159 74
260 97 810
165 235 622
95 174 849
217 209 503
63 1 77
226 216 645
273 280 879
334 96 423
370 226 364
257 362 399
169 171 491
30 60 802
200 285 66
130 187 317
189 247 45
265 221 84
359 335 778
284 377 324
79 71 120
156 342 971
304 232 582
65 187 125
111 328 278
272 48 255
253 108 170
360 166 928
226 10 509
247 190 601
357 5 121
310 376 770
185 336 895
100 192 698
18 346 81
284 41 89
115 306 509
343 143 671
271 284 140
208 356 704
28 51 96
129 151 170
109 216 200
12 233 867
323 378 556
372 130 38
308 357 586
276 3 522
173 24 770
325 316 969
281 97 713
133 310 459
200 74 794
174 94 50
151 152 63
114 207 482
194 350 946
108 273 613
194 230 274
130 350 282
181 228 835
67 131 282
247 328 612
95 134 149
337 85 850
276 195 639
357 44 604
99 366 182
185 274 136
190 202 403
186 334 124
378 105 166
84 261 605
10 124 531
29 209 709
229 88 760
33 243 1000
79 83 159
346 59 376
342 7 149
235 67 543
297 97 767
100 23 736
75 311 836
113 240 208
70 202 494
322 9 686
343 184 704
68 124 144
253 48 998
163 60 439
87 360 27
66 230 273
336 233 779
224 285 205
125 270 572
203 6 610
212 198 349
362 242 278
235 374 455
267 329 318
133 319 183
59 148 823
298 215 902
1 140 47
137 379 840
337 171 143
93 168 579
1 64 577
329 52 159
370 196 704
163 311 640
34 267 291
268 352 945
332 36 701
14 111 151
23 305 530
7 29 53
360 90 447
144 27 53
358 110 341
193 45 260
213 274 368
332 141 302
83 361 654
90 371 850
228 135 874
209 117 372
142 291 430
331 302 307
365 150 909
350 27 744
318 96 798
316 144 30
284 51 435
22 142 562
266 203 716
10 149 462
138 225 657
354 360 103
244 352 194
40 185 561
165 345 246
274 198 215
262 308 599
312 179 1000
365 244 363
351 265 380
1 243 82
1 343 11
147 63 749
170 144 570
197 40 658
35 299 278
108 145 670
340 237 529
45 312 962
140 282 785
208 61 998
36 158 661
17 132 223
372 200 29
86 255 207
322 255 165
128 342 478
141 278 491
377 130 567
354 55 580
269 5 564
29 161 792
96 357 314
245 50 395
172 194 917
24 97 423
39 28 85
229 161 878
250 171 707
62 143 461
28 175 389
236 240 780
225 213 342
135 373 182
318 73 401
110 317 80
5 341 876
69 297 964
346 58 862
77 131 410
42 154 342
284 85 407
224 300 363
274 92 332
349 265 558
244 27 57
298 12 791
308 359 115
193 260 415
140 62 644
321 221 230
321 37 170
221 67 198
70 343 257
111 294 84
270 44 798
158 56 967
9 338 331
211 113 710
282 110 413
79 332 512
257 335 888
70 320 349
287 201 889
297 79 946
322 287 909
205 40 618
277 229 186
48 170 430
57 272 260
140 362 366
369 270 928
96 311 93
69 331 68
286 296 159
29 372 61
21 255 659
62 103 967
18 158 183
283 173 274
377 303 821
84 123 102
58 233 842
210 365 327
377 342 883
331 186 315
231 47 840
321 311 935
367 111 720
277 369 403
125 225 15
40 274 387
264 138 568
74 303 871
4 155 719
104 78 526
44 75 684
379 307 70
178 65 20
222 34 276
272 22 412
333 166 140
285 121 509
67 190 349
165 363 669
87 180 652
92 333 985
321 93 304
65 28 408
362 232 366
88 13 814
213 173 602
287 89 66
179 55 6
136 327 229
269 79 828
43 41 537
300 170 456
323 80 366
249 126 713
278 323 710
290 373 289
220 258 301
90 45 146
225 321 82
170 319 33
145 309 882
125 153 793
330 212 505
371 152 72
229 16 636
260 13 515
175 313 571
245 282 610
344 50 527
53 130 218
36 217 683
85 300 574
19 61 845
308 306 298
50 343 342
54 99 892
308 186 19
72 124 341
97 47 676
104 260 28
63 87 621
213 35 230
220 298 739
321 320 201
373 267 349
100 260 318
154 17 627
129 180 171
286 298 275
183 321 818
19 307 921
113 230 27
84 105 128
15 297 71
236 285 512
212 306 854
195 257 900
186 130 853
220 306 311
251 96 705
313 254 560
176 273 363
157 360 902
127 105 781
75 173 150
378 64 62
329 198 655
173 12 213
295 182 42
6 56 12
154 167 333
38 289 374
107 338 654
144 100 874
374 237 720
373 68 101
321 269 382
237 192 219
212 256 316
34 342 760
341 304 52
335 1 312
121 251 607
192 320 539
125 131 652
348 223 24
221 325 965
237 55 885
162 306 651
40 67 20
333 358 693
303 1 494
1 110 656
121 222 893
110 378 250
58 234 750
361 119 715
103 237 397
84 208 196
171 48 31
14 172 31
211 136 421
99 212 874
344 366 778
340 211 372
260 166 878
165 348 370
30 343 740
77 36 967
244 43 163
238 341 780
156 75 300
94 370 150
365 42 320
230 162 317
272 68 284
167 35 556
301 85 597
52 236 281
195 197 167
253 295 136
182 26 525
200 89 434
144 360 75
92 262 768
312 77 198
300 88 808
314 290 491
112 145 765
86 127 884
316 57 471
96 377 77
266 325 40
183 106 652
184 209 294
147 44 508
254 198 225
338 370 146
372 11 233
63 293 733
306 317 508
39 266 183
219 14 178
23 136 565
201 13 495
312 172 314
212 36 886
193 273 9
356 59 849
36 278 15
26 34 31
142 16 232
26 305 7
36 105 663
218 1 907
325 78 578
348 376 755
113 96 948
11 271 812
75 238 544
176 378 927
264 333 885
1 155 644
373 258 114
154 291 32
117 58 71
159 7 744
347 155 362
350 22 67
39 279 359
358 342 511
331 96 724
144 182 320
87 375 589
129 272 824
249 343 861
223 376 421
272 369 545
278 19 804
59 227 494
211 308 444
173 228 785
329 225 945
101 188 144
207 334 324
145 243 505
130 323 142
230 12 165
139 122 384
287 133 96
88 264 654
67 148 980
325 72 238
196 302 543
291 277 532
370 53 937
29 242 873
235 1 327
157 317 531
174 372 669
192 3 162
336 299 982
231 188 62
187 220 392
368 317 621
98 357 975
41 117 189
372 213 26
12 325 666
260 239 50
186 157 218
185 292 548
91 193 162
136 250 696
76 160 908
55 294 498
310 239 552
93 216 907
183 178 825
346 170 28
303 56 326
195 254 876
289 1 885
34 366 403
10 376 140
259 338 785
218 349 610
242 232 370
322 363 337
324 303 348
77 237 117
133 18 289
29 39 177
242 330 260
141 260 399
115 163 445
114 199 537
27 295 215
60 131 900
203 157 427
148 61 373
97 261 643
147 247 931
31 250 11
47 312 730
9 31 817
16 165 960
345 271 421
97 247 561
191 165 505
75 341 297
356 36 392
178 16 160
241 195 803
308 331 210
325 28 946
133 16 479
356 337 316
49 257 9
59 293 270
267 293 104
309 248 344
182 40 123
159 248 615
309 183 187
169 143 219
94 268 693
1 62 621
246 206 98
211 377 465
206 234 740
282 271 965
348 351 95
138 1 922
88 102 402
361 175 758
152 106 781
89 378 499
147 99 300
88 30 569
91 330 629
176 83 716
32 34 557
283 143 511
201 136 371
248 109 672
114 318 489
53 98 274
156 19 511
329 355 624
137 315 518
269 294 526
296 165 761
289 268 808
341 11 323
277 149 570
137 26 672
351 93 669
46 188 771
46 356 692
107 190 243
312 299 161
279 217 650
61 168 71
168 92 789
71 172 264
256 366 746
80 203 690
215 62 854
278 252 375
354 97 281
175 343 131
83 148 440
285 221 738
19 216 260
222 105 671
176 92 349
183 289 562
291 262 741
323 136 585
323 330 895
1 13 978
217 379 579
269 102 56
214 113 799
19 236 511
74 176 650
330 304 608
334 205 520
170 141 197
259 172 114
124 104 459
88 51 816
131 172 21
54 39 726
234 245 706
271 2 818
213 278 829
119 173 736
199 65 743
60 5 394
354 7 357
252 192 413
225 332 828
150 47 85
236 161 552
189 141 715
150 157 191
234 262 391
373 266 830
236 21 140
229 70 605
352 332 698
272 364 427
276 328 292
378 235 811
100 360 618
70 130 508
231 212 192
35 85 714
355 255 23
245 117 174
207 272 862
98 173 756
110 234 566
30 334 45
39 303 218
301 366 364
98 132 952
116 169 558
328 150 799
172 52 883
2 342 755
228 126 640
237 305 363
29 195 910
281 88 60
31 162 918
266 300 892
134 46 419
168 126 701
336 335 117
121 96 16
31 35 594
216 283 394
25 161 804
266 288 413
123 210 772
43 214 522
112 239 134
61 217 192
343 363 406
217 373 882
354 248 751
306 346 810
10 2 448
190 103 151
241 14 513
216 16 537
1 76 69
9 316 366
283 33 173
70 190 19
6 67 107
275 293 193
303 184 700
164 135 953
62 83 160
280 355 266
155 193 378
371 149 412
17 352 736
88 10 389
316 114 344
80 74 856
233 237 343
27 263 861
352 186 720
334 244 355
246 116 953
173 44 722
247 53 5
322 347 53
173 190 731
32 139 201
40 237 863
292 110 409
138 24 430
140 211 133
302 210 987
131 367 246
312 369 378
108 162 644
196 236 176
229 157 138
99 354 443
299 133 872
245 107 294
80 14 161
223 80 893
21 202 14
295 236 256
186 250 554
175 188 552
221 306 470
130 237 713
228 30 302
152 141 172
31 245 384
42 28 569
104 198 187
127 369 398
192 366 337
225 212 19
87 175 330
197 298 269
154 12 493
159 167 222
342 46 767
237 375 629
319 177 982
1 202 309
306 123 67
336 75 378
153 274 774
120 18 853
325 335 551
280 254 953
294 174 865
142 70 460
314 359 123
311 95 952
325 158 17
159 13 657
31 171 256
209 379 311
194 356 867
11 207 707
168 306 154
291 267 934
98 227 656
262 323 527
257 329 632
190 7 182
276 244 389
116 137 355
9 368 737
201 153 130
92 301 676
217 212 323
333 83 648
235 115 3
336 342 71
164 336 605
107 236 876
377 207 687
259 1 150
55 251 268
1 52 312
110 187 725
214 152 146
364 193 518
104 81 130
374 206 713
106 221 399
152 59 467
36 235 109
230 117 486
172 143 407
98 56 93
182 281 367
363 337 15
134 271 775
322 96 550
48 29 73
238 139 412
104 279 808
113 234 473
137 132 144
88 168 957
85 368 75
257 358 445
311 120 472
121 94 543
5 168 684
335 38 279
167 272 708
127 57 455
335 244 574
18 308 270
53 135 129
322 209 884
352 103 600
119 188 69
65 166 630
73 31 86
37 58 685
80 171 352
330 285 361
159 347 582
234 129 826
88 123 915
317 376 53
256 312 328
302 371 243
279 233 375
233 26 546
123 128 225
330 176 431
148 186 115
40 259 575
92 332 922
145 246 420
335 222 644
138 298 316
310 336 268
175 243 7
261 163 19
287 193 752
50 185 362
241 184 253
319 130 485
375 307 369
271 188 582
357 162 16
166 217 995
27 261 226
207 217 507
12 186 810
23 126 762
221 204 917
237 323 137
358 161 765
100 322 502
41 226 479
249 127 320
238 305 973
67 329 521
216 358 746
242 22 792
219 17 1
119 17 303
148 224 213
263 167 730
131 337 848
259 365 760
333 298 912
224 40 230
273 109 134
97 20 793
337 80 353
67 72 621
378 216 800
235 44 324
37 177 53
213 310 5
232 237 89
89 132 459
113 44 678
110 214 948
6 242 114
135 91 926
10 359 337
263 199 716
108 75 769
160 88 462
177 87 69
240 10 969
7 22 280
65 251 288
299 372 22
19 292 312
31 64 165
243 193 341
332 37 396
311 227 616
128 221 902
219 255 412
46 257 648
327 37 514
196 74 67
291 116 849
179 149 15
209 41 975
352 365 235
18 223 977
274 306 860
301 130 368
3 161 420
73 22 906
7 362 902
90 241 909
372 201 343
122 361 855
305 327 840
122 123 920
155 336 294
245 30 684
66 114 404
6 298 785
63 55 887
328 372 757
223 141 380
43 348 17
305 240 479
210 233 815
169 354 618
134 47 347
255 318 532
357 224 3
125 36 572
198 126 233
3 247 711
2 246 718
140 213 395
34 298 700
100 316 984
368 188 416
252 46 122
183 187 918
332 113 519
271 294 61
332 172 972
82 113 422
2 258 650
43 88 342
135 351 297
79 278 378
271 111 698
1 280 341
358 302 220
199 237 807
77 162 924
245 319 792
210 188 482
35 86 170
236 165 403
244 101 591
104 4 529
315 180 222
86 338 93
352 239 716
302 25 382
8 102 533
361 370 879
244 354 212
296 227 308
157 57 600
3 67 880
325 311 395
49 231 832
28 94 935
142 63 799
254 233 932
222 212 115
263 30 52
12 113 594
72 256 959
66 53 238
21 251 752
75 253 247
181 55 884
359 369 411
200 56 607
86 182 926
21 375 35
84 24 648
344 28 65
201 66 307
66 99 816
280 327 938
77 115 69
258 55 349
275 9 514
167 151 438
75 148 591
334 182 290
168 34 424
39 189 726
70 2 13
121 324 160
298 11 447
176 190 635
180 332 728
108 354 582
350 230 807
200 94 717
73 5 894
48 17 140
23 70 62
36 329 850
297 367 734
143 164 114
22 1 46
35 40 24
268 44 287
129 188 834
108 91 912
104 353 851
155 200 28
34 274 462
20 40 920
374 68 806
307 170 249
19 279 465
77 252 143
31 82 754
256 101 616
210 269 569
8 36 729
321 364 775
97 32 807
262 182 471
193 294 888
221 276 834
202 135 638
210 223 93
80 106 255
129 71 319
125 191 574
286 222 659
353 275 786
353 298 974
143 335 49
93 7 376
112 258 844
60 151 267
61 218 483
126 344 997
48 327 629
189 316 724
315 78 416
287 57 49
286 36 613
309 117 254
353 250 654
297 305 18
118 221 130
141 171 999
109 369 846
41 162 248
47 203 781
62 110 738
358 314 383
203 174 862
141 77 815
284 236 389
16 129 37
236 191 465
96 130 128
365 218 619
129 54 248
65 37 929
356 75 49
270 220 108
75 374 450
370 281 19
117 109 573
4 189 499
258 236 358
102 90 168
6 30 174
98 9 553
249 71 615
238 332 155
373 160 886
312 308 557
371 309 708
63 31 988
292 210 782
242 117 499
258 267 554
345 318 765
166 128 518
201 325 56
368 323 670
145 324 791
67 215 107
218 342 916
176 305 329
253 192 739
123 60 557
28 322 470
238 162 607
79 137 133
268 64 550
341 290 408
149 212 726
21 172 933
7 166 810
63 99 239
218 110 611
7 61 508
327 284 316
158 149 282
260 223 47
6 78 771
273 294 12
39 329 146
193 164 364
152 165 762
119 182 188
17 21 238
286 53 40
64 198 464
151 92 158
338 94 325
314 100 131
149 87 122
196 339 423
336 319 685
260 254 950
142 284 859
277 33 956
122 110 883
314 310 869
281 46 862
105 88 767
310 252 684
132 128 693
176 161 916
131 137 414
1 196 161
300 223 467
283 250 584
343 151 603
196 355 511
166 103 160
334 253 796
321 185 546
171 165 611
75 116 108
268 136 133
231 126 219
160 212 855
37 216 638
331 201 594
322 294 199
268 103 296
346 79 760
229 233 124
292 51 203
259 94 626
85 31 364
157 200 678
169 11 19
2 15 23
277 171 787
92 152 112
121 73 963
105 33 402
295 325 200
340 247 670
120 21 525
222 347 96
78 236 687
351 291 369
122 212 369
112 375 496
15 322 437
108 115 36
36 255 321
266 205 695
141 235 957
276 257 300
162 303 527
51 225 644
93 258 712
289 258 312
54 174 423
315 33 878
108 7 81
356 213 473
152 176 670
71 281 321
243 47 69
47 222 954
1 144 723
371 282 213
346 379 642
255 346 285
278 82 178
291 340 687
168 222 128
83 310 806
128 17 565
340 229 29
125 330 561
188 270 241
42 62 725
367 230 150
228 70 390
86 14 201
336 274 454
200 116 298
253 73 460
36 138 869
265 379 544
156 227 557
348 178 658
26 84 682
207 278 891
53 28 136
73 214 151
167 196 252
11 164 826
295 343 12
278 258 594
45 57 350
180 103 324
376 46 932
197 326 249
112 129 191
288 292 238
235 295 318
36 28 388
361 176 839
304 148 235
11 283 105
231 170 910
262 12 987
192 110 565
306 255 40
379 274 564
305 338 908
118 243 344
322 99 479
185 23 694
301 320 853
272 88 485
183 287 201
53 74 904
149 194 671
197 358 946
192 85 291
168 118 555
220 277 950
130 255 457
66 89 595
287 102 498
200 95 438
104 166 360
328 239 815
301 120 951
151 103 45
328 192 746
318 7 730
94 334 922
152 253 191
96 58 518
147 159 621
251 133 87
376 80 797
45 216 565
2 3 392
349 294 534
280 282 683
12 239 670
277 2 449
294 72 272
28 351 669
251 300 344
34 221 842
25 293 907
71 136 156
18 188 213
279 287 719
96 282 413
271 53 460
289 299 127
341 73 624
74 183 373
133 341 694
164 306 652
325 282 653
80 30 627
285 246 467
284 98 88
73 177 16
302 262 704
212 339 191
7 371 681
203 181 33
118 111 976
360 146 270
282 105 180
110 151 88
59 163 907
378 178 953
117 91 390
314 181 579
173 360 334
204 118 142
307 322 899
15 126 398
143 378 157
38 81 917
32 127 596
131 160 955
354 73 374
350 60 84
220 247 183
246 70 308
47 12 842
130 334 501
16 303 300
36 377 393
105 178 682
76 315 486
220 359 432
205 63 924
269 308 739
260 346 74
201 160 270
112 46 952
126 266 992
326 264 410
194 268 648
74 315 663
278 282 321
269 232 57
134 11 748
243 208 394
240 23 554
152 28 502
45 218 707
329 315 446
1 160 175
272 344 643
363 167 283
81 156 688
14 145 620
110 74 529
183 225 755
288 126 511
296 152 556
99 223 148
1 48 685
269 49 140
13 111 56
227 211 535
231 103 726
367 69 858
219 220 65
49 2 979
28 52 110
365 73 148
55 41 82
108 280 627
220 286 987
182 265 312
340 334 445
206 195 235
303 137 265
260 377 576
91 341 137
194 87 388
345 225 107
287 79 219
88 83 512
211 197 928
44 26 742
114 253 764
225 10 862
64 142 910
215 359 751
119 313 756
107 336 202
78 347 832
176 101 473
60 258 154
348 179 218
334 372 454
324 258 700
305 259 879
86 50 748
265 149 955
142 199 312
140 192 543
312 325 724
251 254 737
229 224 999
77 215 885
181 215 980
75 146 637
136 329 746
77 189 963
164 200 817
161 265 840
249 39 220
110 178 605
13 297 753
256 73 271
81 4 722
12 157 185
283 295 343
11 349 744
81 87 861
56 204 221
251 22 495
206 372 654
98 4 606
325 265 850
12 345 170
200 263 490
204 296 865
106 71 705
316 277 887
274 316 955
315 18 265
213 307 217
353 341 926
310 234 965
195 205 264
273 202 888
191 230 656
29 346 318
301 229 276
32 310 549
120 94 862
215 324 310
161 205 947
309 69 151
108 193 510
13 166 80
332 178 253
190 372 110
328 106 839
73 333 959
95 33 559
266 309 740
371 36 183
91 16 622
77 12 311
129 34 801
126 206 445
274 141 296
185 84 513
192 300 708
237 218 612
363 156 838
139 8 640
158 236 409
288 52 230
138 345 938
346 319 145
369 78 483
174 159 238
22 150 239
109 262 221
205 186 485
58 62 70
314 327 653
229 45 972
166 4 57
152 367 431
368 264 667
136 146 648
83 185 854
379 158 656
361 309 888
215 251 96
201 7 803
142 71 45
1 217 649
356 294 95
340 48 737
205 230 106
378 304 929
230 320 718
185 174 919
201 95 85
268 101 371
91 169 390
1 126 509
77 283 706
167 108 693
363 237 785
238 107 489
147 239 519
246 282 266
22 220 228
196 374 78
203 8 770
181 134 131
41 134 758
154 80 181
127 298 193
254 73 250
283 317 499
258 313 886
127 227 629
48 283 267
318 168 508
18 333 558
358 118 889
2 360 558
103 141 746
44 275 541
33 213 748
31 193 856
94 44 334
134 207 22
246 284 499
82 65 224
255 331 748
4 202 68
70 213 957
363 202 671
48 187 110
1 7 380
302 154 324
121 263 175
187 173 228
334 113 791
132 301 822
12 219 412
310 82 551
365 262 37
111 351 502
252 65 956
1 94 681
378 154 835
240 256 129
104 49 243
44 329 610
47 280 806
264 86 557
355 49 75
340 333 334
73 140 255
1 193 497
80 367 947
4 26 998
90 127 360
135 294 77
11 344 978
285 256 230
234 221 791
240 301 118
379 189 720
95 83 826
123 12 289
191 139 511
242 229 645
113 369 430
252 309 244
42 102 620
1 111 571
37 238 377
242 44 794
189 321 100
347 67 815
329 242 348
181 14 484
133 157 54
152 278 365
59 221 999
308 80 8
94 52 922
353 332 832
300 135 210
170 53 77
67 275 11
83 328 481
251 175 126
224 291 932
288 39 74
172 163 115
350 203 630
51 135 538
279 8 853
309 323 93
188 89 420
133 66 1
377 161 968
280 225 262
150 215 325
201 187 211
181 163 85
324 181 88
85 83 44
71 240 281
247 373 756
141 162 766
367 74 939
343 329 773
189 26 836
223 60 593
223 262 53
128 15 279
187 113 887
116 124 369
79 286 5
364 347 361
286 17 478
160 370 140
187 49 917
274 323 391
209 314 778
171 243 28
273 64 28
45 230 329
227 344 359
218 356 452
50 327 161
77 210 961
30 179 612
7 17 518
117 223 686
145 228 626
87 69 672
338 185 850
49 1 141
290 154 978
287 224 273
68 200 653
74 179 170
117 12 797
134 194 437
26 174 288
9 267 932
128 308 391
23 285 387
346 42 132
268 191 634
347 83 616
23 74 619
187 104 16
164 367 350
364 66 49
216 54 504
174 339 13
165 58 780
164 263 338
187 129 365
261 75 864
91 354 100
23 200 269
219 227 396
74 356 813
289 52 568
335 347 576
40 127 366
129 233 150
11 47 39
42 87 26
312 173 484
248 86 225
356 189 42
258 91 809
195 198 349
216 313 221
323 250 576
5 77 771
49 162 388
359 34 472
297 366 290
89 293 509
112 290 684
156 178 604
104 96 188
23 103 872
153 225 603
302 57 274
295 220 528
269 350 893
193 77 128
61 198 800
86 201 67
307 312 680
356 198 301
99 321 450
79 261 305
50 105 305
59 154 686
253 35 689
180 61 889
86 154 218
108 112 253
325 5 139
91 90 834
330 298 217
110 63 598
265 378 567
174 245 707
355 327 504
226 154 887
187 59 647
77 233 450
346 298 862
295 269 456
124 344 807
36 182 972
334 123 485
252 345 454
191 208 920
224 345 193
45 160 483
102 374 439
326 235 140
126 164 676
234 335 607
50 368 339
42 344 642
129 275 514
285 248 214
101 242 677
66 336 571
278 25 625
213 114 8
166 218 477
6 221 959
7 207 108
138 312 587
184 346 740
54 329 910
129 168 829
273 287 330
29 51 913
200 132 822
172 148 870
272 244 654
344 230 250
363 182 933
378 175 25
37 277 166
253 33 470
349 191 967
198 83 976
67 299 749
334 227 621
306 281 170
71 10 319
22 268 119
244 163 555
188 205 506
150 254 93
273 21 860
258 279 921
201 300 309
206 19 959
209 89 502
350 89 82
195 15 152
342 232 708
182 322 638
19 45 861
354 25 237
273 83 225
299 62 647
125 158 525
74 365 68
188 285 589
194 100 20
297 317 909
208 79 699
283 374 452
155 100 851
93 365 91
294 348 338
210 303 361
30 366 492
83 246 524
59 342 581
363 270 173
113 3 940
272 235 24
329 57 65
291 361 220
258 287 957
181 76 527
326 125 820
323 360 388
41 99 463
253 245 26
133 363 95
278 305 758
24 183 248
321 135 581
224 186 944
201 19 962
54 309 506
259 307 815
55 20 361
248 335 927
218 30 252
166 227 810
114 278 225
359 200 140
157 76 132
26 185 793
113 97 860
316 149 114
250 190 665
121 226 535
337 142 471
103 58 193
375 302 452
49 3 853
152 16 250
219 110 356
18 177 373
167 342 137
246 100 430
245 363 189
361 92 314
195 180 300
146 260 68
108 267 663
147 218 451
147 117 48
284 296 831
7 314 887
273 285 617
132 232 905
99 74 583
294 325 483
360 375 796
281 58 860
171 302 39
149 291 755
120 95 258
127 250 80
224 262 269
291 182 280
125 268 382
135 237 567
75 24 344
204 229 116
229 266 692
315 31 179
113 268 896
43 67 242
164 370 134
219 109 925
313 80 869
247 316 418
142 166 129
352 321 922
118 256 259
4 273 110
232 151 435
106 298 944
228 328 105
146 354 627
70 80 346
151 257 948
56 170 526
188 257 142
352 179 257
164 337 499
337 72 75
189 165 746
95 221 133
297 204 490
32 113 204
49 225 188
72 103 909
343 228 68
309 175 111
322 137 462
371 95 353
363 340 173
98 265 745
171 343 900
140 131 422
272 77 595
325 89 274
48 269 916
145 102 642
322 86 947
140 254 763
108 111 67
260 195 549
270 312 481
127 70 381
185 226 592
312 41 715
142 348 130
202 336 883
177 95 65
123 243 394
360 193 696
216 4 672
377 50 342
354 304 318
10 139 588
224 48 214
282 334 444
185 159 671
46 108 14
308 236 88
376 227 531
295 216 786
251 253 35
280 130 448
145 352 636
268 20 575
33 276 382
135 305 188
32 40 302
167 362 241
307 89 457
185 11 580
97 230 783
171 82 292
314 288 403
251 206 678
325 302 972
282 9 401
213 146 666
316 306 257
149 80 697
76 319 125
267 173 952
172 281 577
352 180 556
201 12 30
186 196 975
55 209 752
15 271 940
148 282 248
33 106 916
41 151 998
376 75 404
248 302 997
36 246 995
226 351 558
75 314 34
334 277 88
183 232 53
24 108 560
356 214 978
267 333 971
367 56 566
206 193 616
327 332 789
175 124 324
314 252 983
263 245 422
347 18 740
76 375 739
241 331 804
309 109 156
348 40 764
135 303 520
350 375 301
18 272 943
17 302 178
192 92 142
54 192 280
141 113 176
224 187 847
161 290 377
279 351 814
215 105 971
182 299 944
272 212 647
263 137 318
299 174 537
274 38 960
362 159 611
40 56 907
241 88 747
1 275 127
113 57 535
198 90 420
323 344 683
84 374 897
370 195 460
282 362 28
204 172 445
221 184 649
341 368 718
348 145 823
253 212 994
322 228 274
33 48 810
193 190 304
360 352 329
314 319 783
326 354 184
350 54 166
115 257 754
107 29 616
16 340 950
8 274 278
105 19 541
26 338 793
142 375 55
202 94 297
230 51 752
272 179 563
112 99 951
135 154 772
62 190 510
72 319 713
5 335 289
259 313 197
7 273 502
207 359 199
360 253 670
190 204 875
359 375 985
40 159 234
198 160 987
37 364 31
196 16 92
17 140 514
191 35 379
44 291 59
337 32 699
113 324 724
231 368 341
167 68 323
24 18 657
31 352 982
299 286 17
138 202 413
125 334 651
130 113 378
17 175 197
156 287 257
157 282 477
133 46 270
314 375 71
143 192 10
236 63 18
256 214 482
105 87 247
73 276 104
260 348 697
67 34 70
356 119 82
113 26 393
277 368 689
100 374 809
190 64 847
93 132 771
376 157 677
114 298 54
116 172 768
242 266 190
133 242 426
354 377 139
366 39 456
249 8 477
190 337 964
202 118 960
135 201 782
365 368 851
267 290 648
10 44 905
337 371 703
82 121 556
39 1 892
131 121 793
194 57 91
81 337 511
132 176 845
53 254 960
207 261 81
316 260 381
45 292 799
144 361 165
369 128 979
141 242 981
27 346 606
100 22 472
26 22 259
148 300 414
10 155 881
31 304 745
215 261 675
283 367 856
68 97 285
345 37 945
92 108 27
11 317 382
330 309 659
110 256 845
3 273 608
141 290 758
163 41 287
314 79 361
305 317 861
297 70 582
199 102 82
39 126 123
140 199 286
315 263 700
39 193 971
326 172 455
69 242 115
205 98 299
14 88 247
292 218 422
19 58 801
339 194 569
44 34 193
60 28 101
110 305 837
345 266 364
57 3 744
302 198 720
299 217 953
374 337 744
61 227 463
14 378 839
221 292 208
268 277 826
215 307 633
362 353 215
322 150 12
365 246 831
353 307 727
318 362 515
46 186 615
92 349 753
371 271 42
154 283 533
275 360 89
11 91 531
51 44 784
127 244 55
115 270 334
369 362 159
39 111 384
327 6 58
2 233 143
348 185 621
198 261 315
268 256 355
11 157 853
373 357 56
322 22 211
22 302 390
283 176 614
51 89 75
318 302 547
103 263 301
103 126 811
155 307 624
229 53 683
206 344 928
96 10 668
21 86 298
58 70 536
29 131 918
107 341 563
337 15 520
167 30 668
47 56 575
133 202 86
72 253 488
185 284 77
358 370 633
1 307 375
79 183 296
198 158 461
102 222 572
109 110 759
119 177 129
284 44 242
184 375 675
22 186 236
66 13 956
180 73 135
168 7 452
169 211 822
321 281 601
297 116 536
365 324 593
271 198 302
173 26 627
200 335 513
359 267 126
259 110 408
186 243 917
125 38 686
334 114 899
169 295 963
84 101 364
185 36 766
106 224 87
322 125 23
269 45 590
289 252 49
298 79 838
197 336 534
133 152 73
157 67 633
1 348 745
259 161 556
185 173 619
45 68 648
37 125 284
293 98 569
204 272 561
292 366 273
55 297 880
225 83 901
343 225 603
193 378 831
259 3 757
160 315 804
358 115 715
84 103 732
341 99 227
131 175 216
84 369 979
9 276 557
5 233 573
27 130 727
40 107 800
184 256 48
259 113 184
170 42 800
17 23 384
342 245 306
331 211 104
173 106 762
229 307 886
262 194 965
209 368 639
98 308 599
254 102 146
151 89 617
107 132 183
191 320 92
245 305 400
249 311 290
247 210 932
223 244 328
284 351 896
1 282 241
137 351 617
70 288 98
162 125 798
177 244 856
364 70 936
4 70 236
201 48 305
377 32 933
21 158 832
150 358 423
275 59 370
265 219 130
331 277 263
181 13 475
323 313 949
86 206 861
183 351 645
179 171 667
53 261 163
151 11 425
137 182 596
233 269 108
365 258 297
81 330 637
4 6 158
27 170 704
361 59 33
26 313 755
16 70 146
1 51 740
255 291 823
363 73 981
359 196 776
143 78 618
356 33 820
209 92 308
244 36 236
36 87 768
163 58 248
273 10 7
168 312 352
101 231 276
129 83 650
323 6 536
269 75 5
210 335 260
268 215 896
261 182 130
66 75 457
203 316 514
151 194 361
245 362 887
210 244 242
136 347 463
146 87 191
128 248 602
202 114 775
112 367 956
4 8 50
257 302 147
366 296 342
61 36 928
79 266 263
92 276 673
288 372 621
186 252 458
268 264 754
319 138 414
16 194 391
345 349 265
29 110 692
135 45 377
311 175 589
231 22 167
209 3 248
352 157 697
334 137 368
62 78 524
317 215 367
312 130 939
263 371 315
234 300 221
116 166 970
249 238 134
129 17 481
61 106 195
366 117 477
178 171 814
42 253 379
253 333 58
76 283 74
179 378 848
134 148 621
304 97 838
80 67 621
100 112 345
272 20 320
267 89 364
308 56 605
182 267 411
18 64 948
29 287 341
301 203 53
212 375 46
347 336 780
274 334 634
145 240 800
106 329 948
177 359 595
161 225 794
226 339 35
292 245 519
122 103 779
28 20 365
298 285 510
311 48 854
44 379 500
180 166 994
105 334 336
292 120 981
251 333 100
216 246 876
136 186 759
312 85 148
337 103 364
92 197 575
214 300 838
375 64 429
251 132 820
247 324 743
340 203 411
263 124 440
206 310 734
163 122 763
48 132 276
227 321 426
5 204 946
356 351 870
211 266 976
275 375 532
334 232 208
173 93 751
216 363 104
259 349 506
76 344 186
216 117 180
94 323 535
79 202 640
221 80 767
100 351 706
232 281 481
72 369 215
177 148 847
360 348 930
5 134 789
227 14 241
168 309 235
248 291 399
198 35 382
71 195 767
113 302 852
173 32 653
68 27 238
183 207 546
140 260 858
32 170 454
143 307 840
27 37 332
360 240 884
319 268 725
54 326 477
8 208 597
162 266 11
297 244 233
207 127 311
296 69 943
6 351 657
378 20 554
361 131 626
256 141 992
158 79 32
162 369 335
31 355 154
54 248 36
34 315 310
321 216 400
67 271 881
124 132 230
10 50 179
135 268 726
36 34 254
346 194 604
193 172 926
215 40 814
82 333 185
255 207 684
137 139 709
224 129 496
46 198 754
115 272 987
59 303 177
263 363 705
341 278 34
40 65 199
176 136 89
211 326 235
240 308 921
319 118 281
156 210 95
249 128 32
55 280 399
83 258 318
22 65 326
200 91 37
338 299 131
231 286 371
176 68 962
256 309 119
232 328 781
182 101 123
23 125 421
366 156 128
318 337 989
14 368 594
130 89 335
32 378 597
287 234 383
374 200 712
162 282 960
252 214 125
155 164 558
300 65 22
229 169 188
51 54 973
218 119 410
98 324 299
190 110 810
48 296 907
85 149 733
214 147 374
105 14 181
20 8 816
91 28 500
302 184 929
31 198 959
234 312 127
190 32 718
59 122 551
237 200 55
35 93 577
39 226 269
187 363 833
84 193 469
128 64 335
331 298 648
358 316 794
11 116 152
79 167 33
207 35 992
279 10 398
21 32 561
237 84 733
313 357 324
170 58 470
169 83 60
301 134 347
339 359 399
195 135 764
352 289 819
341 66 557
127 44 76
226 260 485
363 259 380
230 9 762
85 305 604
284 38 45
353 147 525
210 39 78
53 36 751
220 358 316
231 327 624
305 325 923
178 251 154
63 252 183
348 239 111
369 255 231
272 258 827
209 352 670
216 64 232
52 283 807
219 114 206
99 32 413
339 357 748
149 96 870
76 40 654
39 172 774
328 128 718
5 344 301
268 111 828
361 136 367
1 267 48
37 162 647
53 202 811
281 305 282
100 300 937
222 367 387
99 370 421
142 368 791
165 213 898
167 252 515
362 367 599
291 353 809
263 60 485
122 119 957
104 341 277
149 377 898
366 235 416
220 322 857
191 148 653
337 203 94
289 199 211
196 262 261
246 281 249
372 64 336
128 229 34
63 353 241
14 152 682
349 7 782
294 199 868
20 258 968
368 192 551
27 150 789
310 272 705
102 65 797
182 220 329
245 83 840
60 169 880
106 104 858
198 48 690
8 68 199
157 118 233
67 15 222
352 281 161
133 330 583
87 226 234
26 296 141
134 242 511
273 160 611
194 181 735
134 277 411
359 111 783
58 178 342
32 277 506
180 364 394
241 369 375
197 363 651
163 252 216
341 34 707
215 216 74
191 99 748
129 244 999
112 282 134
244 236 458
208 244 616
188 359 281
283 139 782
351 190 555
204 43 638
376 291 15
1 164 3
210 300 182
158 312 206
33 252 968
323 245 140
15 356 869
233 24 593
336 26 250
353 72 588
135 149 759
172 109 863
14 299 700
76 147 248
193 101 405
130 171 100
179 321 316
274 161 860
201 97 870
81 212 748
14 376 371
52 251 287
284 102 27
280 87 332
275 146 378
227 47 244
239 342 468
42 111 341
3 60 551
345 114 534
350 318 941
363 242 564
166 118 931
316 84 305
150 199 699
233 69 656
272 155 821
136 288 363
182 128 685
172 338 205
112 334 693
216 63 72
207 206 955
68 4 97
109 331 225
296 2 875
146 306 240
57 85 456
280 27 620
365 22 970
69 115 54
134 320 926
140 323 858
195 169 154
367 334 267
377 226 601
111 201 56
111 92 396
233 120 531
142 334 361
139 77 568
39 293 142
157 214 474
147 372 912
13 2 1000
234 251 902
246 221 73
326 96 300
301 291 790
322 297 144
277 43 102
114 350 187
175 69 502
316 32 19
46 317 67
2 145 667
263 374 504
85 120 962
253 209 538
306 206 908
26 171 179
293 251 691
186 120 273
266 192 388
21 14 317
163 21 639
22 232 54
344 341 28
53 83 864
117 376 347
214 250 628
378 278 983
328 364 666
179 90 849
324 370 671
217 231 381
113 244 373
274 30 590
85 313 170
68 106 794
27 258 156
243 29 892
61 231 145
301 131 715
99 338 400
195 60 514
350 143 91
73 235 830
220 272 14
338 182 328
70 93 82
151 86 357
93 307 536
131 238 646
261 9 909
361 351 242
130 139 669
264 315 229
1 28 178
290 121 491
193 324 415
207 74 509
326 74 773
31 303 416
219 75 463
48 220 57
76 304 579
93 58 76
347 124 982
339 147 820
177 45 886
127 295 700
26 180 482
6 359 171
307 125 369
301 349 373
188 211 890
81 263 298
200 98 56
93 103 751
97 211 510
272 90 954
9 111 187
52 168 113
21 358 14
208 50 115
283 322 373
108 63 505
356 178 116
70 86 565
350 128 962
6 83 277
207 239 103
204 104 952
344 217 10
329 378 779
135 185 856
112 13 322
368 350 778
55 97 509
255 133 543
241 328 699
356 285 146
159 164 489
233 176 609
186 259 703
311 172 862
253 235 148
204 267 256
73 164 768
114 73 21
10 80 500
17 201 32
7 53 974
87 340 696
222 167 891
29 157 718
119 19 33
20 99 108
296 40 100
229 147 142
344 67 448
175 49 257
2 129 77
244 221 102
330 290 399
186 271 414
175 335 95
229 15 24
232 377 358
168 342 379
337 308 599
180 188 549
270 1 992
243 174 911
187 293 534
250 18 663
140 206 364
171 220 242
309 21 435
48 4 564
206 185 975
209 338 78
16 247 54
293 145 899
233 10 680
161 316 986
355 313 812
352 96 533
236 234 993
1 131 586
204 97 854
140 129 512
214 26 833
187 310 447
300 370 989
354 79 368
108 52 232
58 316 92
289 148 295
1 292 428
37 98 33
42 278 23
338 11 670
158 314 278
98 85 118
87 46 168
311 190 118
361 73 49
17 253 187
349 321 659
190 321 35
218 115 662
237 341 631
319 343 349
134 199 295
123 207 712
198 8 519
39 173 965
279 73 403
167 325 128
199 239 242
35 1 315
224 17 502
228 300 272
57 38 830
96 119 449
49 132 517
208 204 641
39 247 488
158 353 182
134 260 213
323 300 808
377 298 374
285 51 884
153 105 453
288 146 788
214 335 155
12 96 939
1 79 428
8 201 453
109 229 363
39 231 794
302 269 156
87 314 176
303 192 99
231 10 988
116 244 14
166 91 353
277 15 95
115 177 71
37 108 599
78 83 950
83 217 687
289 133 829
77 167 685
170 52 750
126 150 709
213 124 708
379 48 571
267 276 437
244 227 861
113 291 853
271 378 594
372 275 188
344 161 563
241 362 665
32 211 84
48 106 917
338 144 834
370 116 276
224 331 558
227 358 843
205 88 238
94 20 859
341 3 410
63 292 517
1 263 402
241 81 179
114 128 906
218 3 985
271 46 168
333 67 275
219 218 740
82 152 229
187 317 886
222 223 697
182 149 950
112 103 553
56 37 893
65 336 202
268 36 469
170 316 58
71 217 701
323 255 306
11 299 85
175 330 871
54 59 936
345 198 603
109 288 108
369 17 287
364 325 545
298 227 261
227 174 509
133 271 470
176 64 313
329 273 598
345 191 819
114 359 875
36 263 218
282 31 139
216 85 572
73 102 53
301 82 654
299 30 76
189 262 571
3 19 977
188 235 58
111 162 517
376 63 751
40 34 573
368 152 962
245 258 441
368 178 932
143 135 584
47 163 14
331 128 772
150 336 241
64 317 442
119 228 990
260 126 465
77 205 473
271 156 298
295 274 333
358 102 11
154 111 186
70 159 862
308 206 248
9 10 284
207 105 807
192 317 223
291 95 880
83 250 114
33 205 521
184 207 282
367 202 625
194 20 509
100 241 246
134 225 985
325 250 75
17 158 919
238 246 446
116 143 980
87 210 653
202 16 464
358 279 91
82 219 878
213 268 461
10 12 514
299 116 524
361 128 769
54 263 374
191 101 547
74 16 535
256 318 134
190 339 900
257 116 669
149 232 404
339 173 833
140 281 856
211 251 724
58 174 207
10 357 312
203 338 380
302 174 384
198 4 167
95 288 680
321 243 311
331 25 137
120 104 323
7 8 827
34 186 467
199 330 566
79 198 303
238 170 226
377 333 858
163 310 843
159 107 480
215 171 585
285 312 363
314 300 827
209 310 301
220 275 999
68 277 896
161 14 681
224 330 57
30 367 758
273 327 602
100 229 414
47 182 880
167 305 476
357 208 109
199 322 255
6 146 258
191 185 679
140 334 365
39 131 258
141 226 831
148 181 536
269 108 97
248 209 54
117 40 768
82 325 858
376 185 420
52 331 149
285 210 492
370 72 45
221 119 628
151 267 681
299 28 41
152 302 128
102 210 693
8 100 35
89 313 846
370 228 560
84 291 518
25 94 225
324 213 205
327 375 917
168 316 454
173 35 454
347 355 240
172 102 163
315 79 134
149 70 746
323 352 604
166 54 638
96 155 136
54 159 77
2 357 739
133 113 418
351 312 523
126 263 887
214 149 952
338 148 213
318 120 776
138 96 392
163 369 93
222 261 452
195 72 167
59 34 612
281 343 122
219 161 714
31 155 83
304 186 496
12 373 338
368 307 163
234 89 360
295 320 73
79 72 556
85 229 136
340 181 126
217 251 27
205 325 16
350 5 551
1 96 214
337 376 596
327 177 296
14 70 286
336 11 654
192 130 214
23 151 24
376 342 178
59 289 287
154 280 793
320 248 652
75 293 810
263 337 34
171 310 51
369 105 90
177 270 743
75 288 836
209 43 801
263 362 478
60 105 332
35 13 820
49 95 597
340 66 864
178 68 800
248 4 697
277 7 648
28 290 89
127 17 723
327 205 945
237 131 406
51 144 644
371 14 578
368 34 790
195 69 736
60 278 793
251 112 502
88 322 533
262 148 72
157 46 727
104 332 947
64 118 243
157 271 461
340 19 52
276 113 348
290 206 347
170 16 912
329 266 374
89 235 496
35 345 154
7 268 945
218 305 268
214 98 748
138 332 848
343 121 758
305 87 416
158 366 742
367 299 962
108 100 902
78 354 191
38 251 769
240 279 892
317 209 891
47 173 470
20 321 459
368 329 456
188 23 628
75 23 956
91 7 945
165 89 46
323 367 86
280 340 791
81 106 139
238 220 401
303 19 111
306 148 742
302 337 306
369 296 526
22 40 792
208 261 742
165 264 569
376 191 795
356 201 271
74 279 59
151 260 515
47 107 766
278 116 429
286 58 893
101 12 545
98 102 743
188 100 323
361 283 656
275 318 142
359 170 608
200 212 816
329 73 743
111 133 696
274 181 966
111 193 266
356 187 56
94 369 55
317 213 121
262 324 722
62 111 70
161 257 448
324 285 928
106 283 495
333 260 720
45 191 945
30 89 39
9 334 540
144 248 897
239 327 103
313 198 588
282 339 539
239 294 825
266 114 962
357 291 831
15 183 91
354 50 100
107 191 43
125 317 783
199 79 928
203 10 683
274 102 495
114 307 387
136 199 545
249 12 621
76 222 69
205 302 227
32 103 174
66 37 770
363 227 55
108 22 341
320 238 477
173 208 320
293 138 851
174 182 145
368 345 894
121 37 386
271 357 307
23 306 9
32 3 38
154 254 450
61 294 517
137 204 521
239 61 39
202 297 944
234 218 203
221 195 954
330 39 259
26 219 748
253 306 352
80 131 984
315 269 263
74 214 878
100 230 260
148 55 180
287 248 476
91 174 165
279 77 638
346 347 305
234 194 409
304 15 178
51 139 948
130 88 948
128 119 880
5 316 207
123 40 605
24 235 531
93 269 123
110 255 550
109 187 216
36 330 216
145 336 195
190 341 915
98 292 515
118 199 737
90 96 592
24 30 202
57 164 132
287 150 706
110 171 475
119 59 454
318 32 872
88 276 403
73 373 409
63 90 253
191 310 652
291 157 596
79 126 33
188 372 344
342 5 748
210 261 421
335 259 556
164 180 771
267 208 518
188 328 838
33 279 491
241 8 301
104 224 247
113 186 723
309 260 526
79 191 428
373 315 277
70 111 94
109 66 954
21 80 715
7 11 80
141 268 534
328 362 551
94 354 790
264 123 422
106 113 309
345 369 315
8 215 743
100 74 279
206 178 252
111 109 975
180 148 226
38 293 665
232 82 898
85 340 676
107 280 35
287 83 23
298 156 950
244 97 736
265 202 442
323 201 331
317 32 564
313 41 900
41 213 79
367 197 597
20 79 509
190 99 979
33 247 640
104 262 875
246 261 737
3 72 290
242 27 179
313 155 478
316 308 367
375 343 801
18 180 307
351 249 531
261 126 647
369 183 387
208 77 44
148 86 535
92 205 901
142 316 105
296 260 622
40 181 77
325 275 7
259 99 894
307 28 17
125 13 367
45 254 428
53 50 597
197 117 492
104 215 733
238 157 334
193 156 731
352 261 924
6 254 757
283 2 840
351 21 891
208 210 214
206 163 178
110 44 893
250 260 208
282 298 540
283 29 254
350 271 849
99 340 756
148 352 756
302 32 697
171 276 255
99 105 327
68 141 692
71 283 881
202 277 875
201 168 471
2 74 670
110 262 446
333 190 498
145 196 207
284 159 980
97 13 968
21 203 544
166 156 320
34 241 630
360 378 854
283 369 16
26 320 636
219 363 125
354 181 107
95 267 817
72 118 200
242 307 584
153 81 135
167 17 965
84 247 743
64 211 941
302 353 235
45 55 747
104 89 363
313 130 547
97 360 937
210 235 328
172 308 806
102 12 932
361 202 840
101 5 857
97 348 277
138 174 9
289 7 110
226 248 604
323 295 169
63 54 518
52 71 295
219 162 143
325 355 617
36 269 967
121 100 602
328 180 130
320 322 300
267 179 878
281 216 313
289 106 701
332 74 375
208 25 590
106 257 474
177 120 16
339 85 964
268 379 427
7 305 531
260 79 985
298 100 99
109 78 499
273 30 52
78 241 715
140 136 523
50 41 911
58 202 215
58 327 685
262 40 260
209 81 681
232 167 190
109 182 215
1 136 362
66 32 129
259 166 95
332 288 228
45 212 733
1 44 25
315 227 667
363 336 854
158 59 441
265 33 284
289 229 317
47 51 908
214 213 418
308 330 478
21 245 708
80 305 761
220 88 970
372 369 953
219 285 531
137 144 644
88 208 975
231 104 832
119 73 624
210 175 922
271 138 210
188 84 684
294 160 93
298 321 353
346 109 685
126 316 136
28 353 588
77 299 876
310 155 400
221 17 222
160 161 400
303 267 957
1 325 441
353 27 729
329 150 523
61 267 23
367 55 803
225 275 352
285 133 347
142 186 12
216 177 862
171 292 901
366 66 127
175 319 574
60 14 890
136 62 378
274 59 906
107 22 960
100 343 529
139 209 177
257 29 15
214 361 113
151 128 631
89 228 213
346 54 838
55 335 12
61 291 351
46 105 230
360 24 986
24 243 787
69 353 929
317 249 108
186 248 521
135 377 645
288 272 47
277 200 412
135 38 422
289 307 127
140 306 168
261 69 996
70 131 908
379 129 740
126 24 770
260 278 918
102 119 807
342 171 486
27 81 885
65 333 467
158 292 609
306 83 326
79 3 835
49 114 570
121 53 368
300 69 105
109 73 579
61 351 364
209 56 100
16 106 968
245 81 587
182 228 224
350 149 848
314 21 807
289 292 627
231 247 6
252 313 52
33 89 763
354 177 390
198 10 812
361 349 398
48 37 313
92 284 343
372 259 36
345 328 790
323 128 977
204 235 737
350 98 994
2 328 601
231 195 180
235 365 150
60 27 894
323 3 874
163 144 291
330 32 493
182 146 450
339 300 609
190 295 373
221 228 880
113 88 912
59 146 807
116 196 684
222 10 254
310 91 787
183 283 420
85 349 450
4 272 202
173 195 43
250 178 866
167 104 939
246 125 836
201 375 73
338 81 268
287 178 383
110 312 171
109 271 200
303 352 62
253 111 765
355 281 890
111 334 1000
8 371 145
81 256 1
111 242 907
123 267 236
127 142 215
59 121 560
17 281 639
158 66 668
199 190 444
9 40 48
254 133 390
296 343 537
32 281 169
376 186 781
75 283 744
255 126 993
118 197 728
19 233 885
100 262 392
7 64 249
8 18 120
28 81 954
318 278 286
282 323 747
210 360 628
360 319 798
250 266 523
341 130 120
162 165 74
190 61 302
331 89 885
221 307 214
180 70 857
216 167 945
305 125 411
61 126 977
97 330 428
105 264 995
88 29 938
128 93 475
129 319 361
169 158 918
257 113 998
355 96 824
86 216 678
91 176 33
307 173 979
312 95 323
3 9 581
273 60 939
91 292 969
41 339 562
157 69 250
124 81 751
210 44 170
306 15 791
169 286 856
57 182 672
201 108 304
366 201 335
282 308 460
332 70 941
134 333 912
367 282 319
364 270 935
203 175 667
216 360 949
330 148 510
2 372 591
65 328 613
369 83 586
47 111 534
175 105 627
176 275 427
88 195 622
17 20 267
95 357 106
109 193 373
127 38 415
176 226 664
272 55 567
91 217 95
307 195 735
22 371 826
118 162 974
360 316 423
131 227 451
163 290 569
230 240 112
194 1 777
133 327 447
364 88 292
254 35 131
324 322 191
300 259 691
154 263 406
218 193 360
271 33 479
280 278 839
90 212 130
29 378 63
378 312 590
119 234 311
253 258 911
31 207 295
250 161 673
357 1 214
350 176 263
93 97 507
176 286 889
289 4 37
71 58 309
231 53 57
9 198 492
114 312 524
243 272 791
140 180 290
192 234 224
219 78 622
318 236 850
119 7 336
243 168 542
181 97 920
293 227 341
30 255 284
201 118 721
173 136 472
72 101 971
110 37 891
137 65 347
335 275 429
331 324 42
250 121 482
142 178 255
77 165 373
7 173 78
348 301 194
126 138 414
222 74 754
327 75 118
17 284 217
158 108 825
300 168 361
95 56 957
147 299 202
146 152 925
201 272 198
355 231 114
73 185 481
350 160 561
116 353 709
24 259 811
341 241 251
75 27 50
283 336 719
151 14 742
379 191 393
285 93 351
278 89 38
289 128 917
303 199 71
222 306 895
123 272 100
175 18 355
27 260 772
320 279 94
321 337 560
310 134 915
122 257 937
256 40 62
369 334 256
8 25 43
300 167 852
146 186 582
124 79 436
67 100 715
315 290 936
44 247 844
375 168 656
23 349 358
86 189 107
330 372 1000
361 234 265
341 173 33
266 334 359
154 371 42
250 279 873
114 296 658
356 137 215
95 129 61
332 90 704
28 305 552
209 16 224
133 73 401
289 328 263
246 18 85
46 58 133
217 246 751
222 140 196
235 6 707
88 158 919
326 91 685
5 24 764
281 219 156
232 179 309
29 60 716
23 150 840
239 48 94
91 247 972
308 374 359
5 305 822
198 199 991
181 284 12
221 94 262
176 90 380
144 84 506
303 230 945
51 152 914
333 369 441
107 87 160
240 36 790
174 332 985
101 57 313
177 366 592
377 91 454
110 162 803
247 6 360
65 2 153
277 345 50
222 320 24
313 69 132
84 104 146
282 118 313
324 254 8
148 72 353
308 209 479
81 357 768
294 292 941
355 121 686
33 194 12
168 326 805
216 259 233
274 164 656
104 100 389
273 175 320
69 225 223
343 95 671
48 108 623
246 178 75
362 273 721
350 129 515
23 18 225
148 203 436
143 193 415
273 288 243
290 332 158
263 106 648
75 100 691
47 164 866
167 106 389
48 68 287
272 73 869
355 30 753
68 345 330
360 217 77
350 78 412
276 303 131
150 137 943
178 157 690
61 362 126
150 84 614
277 174 795
4 79 713
301 265 886
27 379 147
271 6 834
73 179 436
204 329 918
50 278 288
361 281 186
167 301 595
111 116 170
163 322 218
9 264 735
270 180 755
52 160 799
59 283 400
126 286 777
184 295 472
298 4 315
228 48 285
227 368 526
216 87 891
215 154 398
245 7 973
167 231 762
255 162 948
148 103 935
286 242 234
75 41 385
205 127 814
252 205 297
261 109 797
361 14 172
183 244 753
40 339 394
354 143 316
18 301 512
177 151 47
250 175 535
135 41 912
205 296 403
231 377 134
61 75 627
85 200 702
214 189 481
209 276 628
147 274 740
98 206 223
284 357 383
85 84 375
263 274 578
29 112 154
160 207 207
367 38 189
27 106 878
274 47 241
86 141 354
337 209 445
157 223 269
133 315 833
62 219 546
313 143 164
103 286 635
52 85 941
197 134 280
260 265 765
5 203 490
128 91 215
25 44 519
117 226 121
4 171 421
270 43 755
360 364 886
153 197 101
176 317 114
215 352 152
32 370 157
222 107 219
16 241 998
1 286 683
38 130 317
124 130 587
378 133 42
336 132 41
51 208 977
74 231 790
2 199 733
16 200 532
151 79 422
191 366 868
114 252 766
29 248 127
372 23 75
193 118 45
341 79 479
139 284 280
118 267 663
114 265 368
72 163 563
298 192 927
118 363 854
171 201 908
90 285 78
245 16 560
35 66 656
40 146 687
194 188 310
35 206 785
245 210 366
37 112 973
245 148 490
281 272 280
148 175 325
78 194 119
194 4 924
1 137 544
276 342 290
91 351 583
269 60 544
65 296 357
94 73 688
353 344 297
160 49 431
178 293 348
292 323 528
276 179 40
350 104 324
11 205 581
149 157 271
117 189 964
4 15 659
19 1 567
257 333 423
45 223 938
234 50 165
374 326 602
211 25 139
91 114 863
371 146 547
61 120 848
251 54 615
109 340 614
200 209 287
331 192 48
87 155 559
334 58 763
239 218 96
348 84 294
319 11 507
2 175 739
162 354 47
336 47 756
246 347 282
73 15 597
239 251 927
43 282 760
235 244 365
97 121 17
222 71 819
300 319 143
280 170 458
344 208 736
140 48 478
5 187 280
323 239 40
83 242 22
300 293 496
50 48 688
78 89 166
211 156 384
97 375 818
184 82 620
60 122 319
182 181 152
139 356 619
206 161 549
191 177 578
371 85 92
156 145 88
155 265 952
217 204 892
72 23 712
187 373 136
18 55 300
173 299 740
248 210 409
201 336 571
81 13 656
119 129 953
239 215 124
329 361 772
106 12 794
93 143 988
345 314 649
273 148 378
163 68 243
115 333 424
334 85 254
80 135 41
295 200 153
7 251 977
88 164 782
81 11 767
65 224 409
359 66 799
311 330 872
348 124 871
39 130 878
277 255 347
321 101 462
262 314 87
11 234 210
71 113 618
2 98 234
351 337 858
196 42 92
247 56 3
180 90 161
361 63 340
297 132 362
256 147 568
369 313 789
285 363 146
165 57 896
227 87 27
170 263 447
116 141 373
55 229 665
291 234 199
209 178 8
173 340 930
265 266 867
346 173 216
86 129 375
89 262 700
46 144 558
234 309 280
358 198 346
292 368 584
267 58 663
56 18 238
104 370 7
302 272 934
243 61 793
214 17 763
320 364 321
374 79 420
25 37 765
141 27 418
62 130 57
167 166 863
94 178 234
223 5 387
323 10 722
287 181 60
217 70 340
156 266 152
338 129 657
151 354 134
76 38 785
339 188 898
159 228 939
323 82 443
240 198 229
80 289 935
164 110 259
322 268 574
227 265 439
177 15 897
339 15 424
31 249 456
171 334 60
195 234 28
137 172 647
232 376 128
118 338 455
276 117 312
205 129 269
241 74 183
29 65 486
257 297 741
52 205 85
214 290 429
173 292 661
290 370 498
148 129 915
356 104 790
272 308 550
232 280 341
350 362 588
58 171 987
154 360 873
36 116 958
379 45 985
85 217 23
301 231 171
185 89 589
1 149 312
47 302 5
105 359 454
283 37 688
369 182 238
108 121 340
23 164 758
177 69 901
182 207 78
49 61 823
58 182 984
77 54 156
215 308 655
210 137 665
131 349 951
371 336 131
318 365 15
355 209 981
265 8 62
183 199 894
154 296 641
341 309 768
110 61 479
12 80 983
124 275 327
225 76 914
41 379 233
81 298 722
189 291 363
192 107 263
324 139 153
334 283 44
112 9 193
236 311 265
319 372 40
104 255 600
248 193 202
197 223 246
183 37 977
351 191 447
355 140 781
222 26 829
45 139 196
53 215 92
174 183 337
205 14 540
191 206 387
369 20 155
161 21 396
97 83 119
157 85 886
41 354 472
269 205 454
13 126 581
164 282 614
278 225 870
100 299 747
2 188 554
263 226 197
240 223 442
265 21 573
229 258 917
171 239 171
194 215 568
197 96 344
223 122 282
109 323 662
299 169 483
292 26 10
228 93 340
85 299 469
297 306 663
332 255 17
265 165 615
155 352 940
131 15 822
225 9 457
140 127 638
335 203 554
207 24 787
377 160 559
62 212 98
365 379 617
301 352 37
117 280 188
132 237 975
359 268 970
280 97 202
235 76 497
120 347 203
174 357 129
189 361 274
183 360 394
198 168 893
199 7 747
156 362 839
375 210 986
267 273 640
11 16 817
129 37 96
77 164 637
111 310 946
319 6 515
88 376 951
202 372 827
48 324 302
262 121 97
52 104 958
158 105 434
36 340 946
182 88 742
289 95 404
184 15 617
144 302 832
205 66 766
126 59 302
149 101 961
308 253 849
176 210 97
199 211 585
126 209 11
186 245 812
1 115 426
370 197 280
107 242 890
219 334 256
203 14 939
282 348 937
355 317 122
282 276 579
252 174 34
111 329 104
349 152 342
284 89 541
81 288 930
222 85 119
18 80 36
310 60 672
161 334 578
298 178 14
312 348 971
226 250 607
305 119 772
370 310 793
215 361 464
319 311 889
96 223 878
337 216 883
141 41 169
274 151 262
283 278 73
249 28 31
183 54 504
209 94 988
316 198 514
192 29 430
52 40 402
105 376 227
291 51 333
280 237 352
245 293 536
288 338 997
291 358 873
84 7 76
122 100 662
152 64 761
305 180 58
168 156 384
236 192 249
99 358 158
333 84 325
328 333 414
195 223 52
209 273 919
95 301 998
134 190 145
320 204 776
13 276 494
263 118 529
184 349 303
241 276 493
256 140 425
34 176 510
174 175 957
59 56 969
305 265 996
45 23 852
10 14 598
204 82 555
126 157 182
67 310 49
229 34 978
350 281 795
219 173 446
79 350 924
66 214 490
290 87 416
169 241 398
317 76 776
19 107 366
115 64 850
338 190 855
212 353 313
344 188 484
221 189 941
100 206 338
208 234 302
73 236 58
256 255 7
253 191 527
312 205 325
155 372 994
175 336 891
339 155 709
327 180 549
215 63 189
355 360 185
145 184 755
309 91 929
365 199 567
78 332 255
123 166 656
75 8 734
361 141 117
312 152 246
181 188 136
63 170 811
270 299 729
172 280 707
375 325 398
13 205 491
152 311 92
171 134 8
143 271 509
129 344 547
377 194 460
283 319 186
282 156 476
23 236 102
67 73 537
158 128 396
18 227 527
6 326 903
90 162 291
5 270 607
293 257 638
262 106 862
297 101 956
341 329 709
364 262 843
210 190 266
137 336 23
292 74 689
284 194 338
305 57 571
44 351 476
141 132 16
241 317 932
221 288 186
31 374 81
175 272 915
263 262 865
317 339 142
75 137 998
265 192 670
114 274 526
131 174 62
268 114 483
142 288 613
287 289 101
374 48 342
210 108 991
342 284 962
15 140 686
304 346 934
11 83 436
66 15 161
193 102 896
38 147 655
123 376 897
128 103 880
154 165 491
280 256 414
160 93 561
373 155 324
330 17 73
142 342 272
84 229 167
92 255 14
219 157 355
170 252 735
155 130 744
236 11 704
58 84 59
84 50 199
122 20 922
355 135 567
10 24 966
239 190 927
116 21 600
302 112 330
349 76 136
9 212 501
265 355 238
21 323 504
302 304 855
5 219 118
62 7 578
207 37 359
317 77 319
375 69 663
37 53 54
15 315 819
267 318 590
169 308 958
165 4 682
117 318 909
230 236 865
57 260 79
305 269 712
8 70 933
198 169 584
87 62 174
297 293 817
296 311 19
198 260 398
119 31 662
368 265 112
307 301 210
161 86 546
244 356 241
51 81 763
56 166 729
38 66 661
71 112 588
281 301 499
203 255 604
110 331 540
36 200 186
183 246 772
125 359 285
105 112 903
262 129 154
231 77 877
214 125 426
144 296 682
126 192 511
20 318 791
23 234 476
152 303 872
2 5 768
174 49 35
258 163 243
250 366 453
150 207 249
344 361 310
231 207 86
127 89 452
177 228 66
370 155 219
33 314 890
291 322 639
312 29 133
193 17 834
351 82 479
83 255 915
311 100 143
305 188 405
285 165 624
95 114 903
238 11 901
374 134 980
169 46 306
98 26 797
321 137 924
125 133 220
239 309 386
67 138 972
73 136 720
345 44 202
340 348 336
83 138 407
120 1 645
154 225 470
9 311 197
75 331 452
153 260 740
374 179 137
116 351 411
265 336 951
20 132 472
313 312 302
31 50 682
17 316 276
286 2 765
87 182 577
173 353 534
132 136 288
294 113 238
354 40 991
67 294 709
312 316 763
178 302 57
298 257 68
97 129 70
350 42 310
59 215 303
188 167 348
345 27 161
335 52 315
299 220 261
182 328 133
20 345 81
348 218 943
32 156 546
49 151 755
37 196 831
207 163 728
9 15 456
198 115 118
330 216 783
376 253 780
198 143 477
219 342 828
58 374 440
67 290 141
39 101 330
85 63 665
151 102 127
134 256 331
73 228 475
220 191 698
122 168 783
234 159 594
138 49 481
288 334 811
117 315 506
114 69 903
20 56 152
183 42 926
33 118 998
94 128 225
314 306 843
92 50 710
325 111 587
44 245 106
210 178 840
176 267 34
314 176 960
126 224 85
110 148 239
359 238 980
255 234 272
91 164 980
332 22 206
366 184 666
349 324 800
296 113 578
138 125 51
313 341 676
209 88 772
70 163 748
111 213 989
78 371 375
187 122 553
84 202 528
312 106 28
219 349 888
327 203 823
91 51 197
60 116 863
78 356 31
296 368 923
288 312 874
83 9 205
23 51 964
376 187 9
201 245 681
103 20 428
177 62 859
110 92 180
14 316 981
281 31 960
61 181 356
154 158 228
49 219 749
375 200 318
193 152 95
173 82 179
38 282 583
292 22 184
375 245 95
206 334 267
6 21 402
324 284 445
11 247 275
347 20 506
250 125 352
97 187 586
166 134 886
217 192 513
213 238 967
255 191 359
202 207 143
230 69 743
54 375 88
218 140 118
15 141 833
298 62 783
352 80 606
91 5 738
289 327 187
346 166 870
219 224 532
46 181 523
146 265 786
346 243 283
120 306 440
180 334 999
195 300 798
54 354 776
68 351 812
301 116 15
98 331 312
209 311 688
180 189 309
1 42 39
119 285 59
305 328 910
284 281 510
255 236 75
312 53 296
154 11 349
353 271 145
110 131 94
339 12 148
16 64 49
53 67 348
142 118 384
377 277 161
147 188 628
293 203 977
3 31 735
59 300 381
239 205 189
282 261 509
324 152 863
27 102 715
228 222 351
356 141 564
43 177 972
212 89 866
173 378 570
45 83 576
256 128 861
334 76 626
176 133 394
192 69 645
109 46 499
214 127 793
36 97 817
352 378 101
80 350 446
129 76 519
227 223 385
327 186 818
281 337 54
142 159 340
296 345 210
272 195 794
124 178 835
261 35 698
131 126 543
149 16 47
175 229 911
102 188 211
77 6 79
280 189 341
153 281 947
46 19 494
322 74 627
239 186 786
95 40 486
87 43 795
218 251 323
356 136 842
287 307 72
147 352 238
41 71 25
31 96 739
271 247 84
246 307 951
379 84 57
285 247 882
240 272 679
33 43 857
1 127 957
286 93 232
282 34 756
160 128 419
329 46 378
30 86 222
220 203 338
244 277 100
171 90 808
162 237 224
299 15 290
265 27 854
189 345 260
167 98 111
343 113 771
212 138 382
333 378 586
99 68 930
82 350 324
13 326 487
377 204 577
191 252 232
135 35 28
136 289 259
196 40 502
37 231 78
130 172 584
226 367 411
251 357 243
32 110 265
339 119 788
154 349 524
194 67 680
340 245 788
20 150 247
29 315 489
14 193 485
11 180 82
303 178 787
368 204 931
50 294 985
195 187 73
80 89 430
8 65 891
240 51 236
191 339 561
328 193 363
154 58 544
63 297 985
152 99 974
260 208 801
162 54 251
115 359 654
251 235 26
25 148 139
237 28 705
365 34 27
54 308 305
203 304 322
181 346 459
216 361 768
47 375 318
111 17 817
368 57 636
302 344 452
48 246 41
85 1 108
120 51 64
145 347 247
290 374 483
101 103 109
73 208 660
349 243 917
109 132 315
145 49 416
240 67 311
236 61 292
210 26 86
301 356 785
290 91 49
19 223 862
110 339 52
16 190 761
309 68 803
206 359 661
6 372 161
274 154 849
176 323 497
230 206 85
125 117 219
89 354 149
286 68 787
10 107 809
14 345 767
324 110 842
60 349 216
344 220 452
370 320 705
36 74 448
277 6 60
107 16 157
40 194 187
226 324 263
39 12 661
291 309 729
90 125 827
143 293 868
124 256 508
122 331 493
311 254 741
131 26 126
372 127 875
345 118 538
197 347 457
302 103 579
116 373 264
61 15 483
351 330 228
73 371 632
202 37 464
353 296 440
295 16 775
206 288 450
114 14 493
27 286 320
319 115 992
335 98 968
366 207 195
315 350 141
102 115 650
248 324 910
250 185 804
182 367 494
234 280 616
326 56 238
12 279 216
44 9 825
344 214 643
358 332 934
27 47 285
55 327 686
54 365 234
318 200 510
5 367 904
271 173 612
130 165 635
148 252 165
252 60 161
163 8 786
325 40 475
99 53 992
235 43 342
209 320 137
150 34 84
369 51 140
159 153 80
77 352 39
207 233 31
26 271 335
295 345 410
209 157 259
350 7 900
145 280 666
313 320 25
36 33 314
57 103 846
35 142 55
224 71 513
68 31 894
49 268 951
106 25 297
154 98 848
103 79 500
290 16 930
69 163 89
259 58 926
211 230 968
168 79 191
192 305 956
189 142 427
98 315 21
30 58 808
326 166 466
215 139 769
314 178 506
38 283 416
98 323 666
306 203 459
266 367 486
26 333 578
38 148 110
132 133 601
64 168 830
278 379 639
120 354 421
176 365 860
159 263 458
228 200 609
192 122 766
106 274 646
269 278 902
311 248 99
374 88 168
290 378 810
304 292 343
245 313 852
314 234 49
51 321 637
358 92 768
263 370 885
189 146 922
108 80 405
340 319 415
211 12 786
131 86 622
143 16 295
141 155 153
180 3 193
137 168 5
300 281 947
338 285 961
328 206 982
69 34 496
149 247 419
107 118 158
142 41 204
36 350 411
220 86 853
132 19 544
201 77 294
332 346 454
376 18 615
53 176 98
16 232 588
97 1 290
353 192 191
139 321 406
197 234 677
187 138 606
61 302 638
81 90 457
373 59 632
204 291 564
226 22 838
371 192 981
183 84 627
82 210 59
38 37 371
115 96 969
203 262 996
72 317 667
304 280 266
136 14 544
221 102 249
364 306 723
290 145 418
328 101 828
102 236 89
92 115 402
288 198 953
135 127 975
306 261 947
15 134 234
292 115 326
250 15 15
171 135 77
359 260 938
38 190 418
103 315 662
245 91 740
49 315 6
150 232 437
159 58 761
197 61 506
266 228 916
13 24 881
192 272 511
280 146 205
241 346 406
267 316 359
209 143 126
295 242 562
130 327 691
253 25 546
155 216 98
219 148 42
297 33 54
298 2 59
329 214 705
230 52 946
136 95 693
100 161 516
69 276 934
314 263 269
83 41 251
136 374 593
253 56 462
342 373 380
203 311 919
336 79 323
88 62 863
183 65 30
37 61 529
144 30 449
345 190 687
96 63 734
236 43 541
90 54 92
85 372 578
214 310 48
8 258 325
12 34 522
346 81 75
89 294 782
17 319 649
208 156 323
309 33 267
58 167 680
169 358 783
365 16 709
172 217 939
118 190 580
193 314 113
188 17 304
89 159 385
229 305 617
37 169 683
219 303 134
324 134 534
165 324 468
13 122 568
63 249 144
22 219 544
175 35 196
59 276 484
328 100 995
105 29 523
192 349 703
213 350 533
46 47 436
90 47 536
176 315 342
1 133 508
159 172 35
364 225 551
374 63 708
329 112 645
101 346 537
303 62 477
298 92 137
335 16 237
146 46 643
214 29 957
138 333 956
79 351 22
131 106 484
366 43 73
10 40 6
256 46 737
195 65 575
341 376 605
82 319 469
138 121 756
307 265 526
238 358 21
368 262 539
173 167 213
162 127 300
90 104 839
68 69 953
339 355 520
161 44 284
358 354 523
251 226 930
27 309 681
128 207 974
256 174 568
268 8 543
212 170 311
32 364 537
279 146 932
102 68 44
329 180 771
296 370 40
185 371 471
87 101 192
17 14 312
108 370 632
229 191 525
207 234 105
13 195 653
364 278 447
184 57 329
225 371 667
121 147 880
223 370 520
197 161 390
19 124 19
230 268 87
277 362 498
326 257 485
175 176 181
220 324 657
164 136 414
203 216 454
271 131 310
178 208 596
175 178 325
298 163 422
22 233 650
167 248 814
200 15 77
264 303 622
242 88 688
197 89 774
121 135 987
196 204 471
121 364 564
138 249 407
25 121 728
323 137 48
295 104 242
53 105 703
376 313 187
123 141 645
281 270 500
330 106 873
257 147 583
225 309 530
141 323 252
341 347 510
75 264 628
169 268 594
369 266 243
81 234 635
66 90 10
149 341 29
348 187 637
248 317 42
217 303 979
129 326 690
52 297 546
238 323 850
26 254 317
358 2 314
271 137 15
228 342 664
243 64 475
251 79 230
378 156 504
44 347 261
131 63 159
71 39 732
202 241 398
105 121 187
79 373 141
322 286 769
140 159 564
254 325 196
111 288 579
271 320 100
135 39 509
144 141 918
282 318 637
29 291 580
295 113 147
291 4 674
267 315 662
332 8 727
326 81 720
129 222 836
89 310 732
123 7 232
104 347 905
133 269 646
339 17 824
258 297 559
44 370 622
115 166 893
165 35 404
326 337 302
53 240 601
324 147 359
343 54 719
23 237 447
43 51 213
198 353 439
362 368 557
331 46 201
271 83 613
65 373 842
363 231 778
118 128 540
90 178 718
132 151 775
137 277 375
138 141 135
276 81 59
20 252 523
159 41 366
176 336 810
275 252 28
241 151 826
65 304 289
369 300 188
182 309 557
86 153 962
118 84 570
8 323 689
270 19 766
134 217 941
234 302 578
10 374 523
80 361 598
316 372 718
175 286 606
32 100 845
120 271 982
243 318 824
236 55 593
213 319 722
113 297 554
26 301 338
90 194 855
271 20 74
190 212 464
277 120 580
282 131 601
71 297 238
356 63 303
310 245 466
194 316 526
127 332 319
97 189 683
149 378 892
74 362 258
66 204 977
321 306 490
233 232 88
192 351 936
219 81 814
60 157 360
358 362 323
127 216 709
371 248 8
259 129 396
86 256 886
277 287 427
242 48 358
33 302 656
33 50 738
205 268 312
68 231 393
301 210 451
184 88 737
203 271 893
196 345 703
239 42 986
184 12 861
258 316 979
108 248 143
347 345 358
306 375 317
190 188 948
260 201 77
29 297 465
159 323 947
166 289 155
345 11 303
265 341 846
379 40 845
2 4 706
41 329 831
69 249 973
147 171 581
15 52 414
259 34 156
110 196 53
235 159 943
80 77 193
190 312 201
327 343 843
186 103 607
364 63 681
351 344 558
176 263 527
194 186 628
350 32 381
18 60 212
215 345 182
256 186 178
1 3 79
294 73 391
1 190 857
1 320 420
39 212 850
144 91 691
231 161 810
239 174 932
162 240 403
87 282 150
81 347 923
118 144 587
9 128 72
30 16 412
300 316 828
201 246 292
292 354 217
306 29 646
59 333 780
324 86 500
299 199 323
273 351 369
110 90 806
244 264 890
196 233 577
353 197 840
96 297 158
358 85 129
368 150 212
366 154 168
157 41 604
27 204 122
361 347 379
270 173 800
48 125 593
90 153 653
203 19 852
225 368 545
98 43 810
123 260 822
195 12 330
87 147 782
294 310 178
97 171 197
199 295 632
194 86 16
361 356 808
48 130 61
137 333 548
330 316 437
23 260 949
106 89 697
251 28 641
267 23 639
249 236 467
27 320 75
59 112 782
151 360 146
92 346 878
311 375 889
108 239 689
41 19 916
96 368 463
46 99 315
4 152 262
194 322 472
371 67 512
73 282 421
362 160 981
183 374 808
23 171 213
122 272 622
187 332 171
92 245 745
179 59 222
35 2 90
144 195 391
93 40 878
233 291 449
5 107 528
214 67 742
331 5 772
145 90 83
284 70 208
337 175 377
118 262 568
39 96 401
167 171 685
117 131 982
308 309 661
97 173 376
4 256 90
23 65 519
107 70 586
333 167 623
164 334 411
107 264 16
370 98 787
27 241 719
266 85 664
156 353 672
39 256 426
237 169 424
275 260 367
376 41 66
315 292 868
29 275 823
275 232 214
379 362 757
22 14 19
131 313 945
288 6 361
110 177 43
16 99 172
358 308 866
348 78 238
54 272 170
323 88 496
366 100 841
101 355 271
169 70 771
238 116 855
28 188 498
4 109 443
67 196 814
72 154 85
180 68 605
88 181 94
337 161 838
328 203 411
36 315 474
327 31 852
5 333 764
3 358 131
144 293 504
264 124 126
157 63 63
257 101 257
284 1 905
355 193 45
75 144 549
80 190 238
177 31 146
135 11 261
97 162 599
216 111 442
350 187 134
320 52 523
236 360 61
28 341 543
238 171 677
1 367 416
197 262 651
251 374 476
252 50 247
321 300 193
15 289 95
116 88 106
326 271 589
364 274 81
35 109 829
107 335 286
336 350 193
86 303 987
211 206 505
83 56 433
72 138 168
31 33 998
260 379 115
16 90 304
334 90 548
99 83 594
223 32 989
189 323 117
222 230 558
250 233 960
124 316 464
55 38 667
196 35 884
272 2 328
70 105 501
259 162 611
374 364 452
132 167 734
341 286 27
132 6 554
57 63 780
309 93 113
128 185 288
244 290 120
12 52 408
28 373 119
99 90 997
249 345 640
304 88 449
326 314 599
206 273 546
299 7 624
213 113 792
79 207 113
304 284 81
344 329 680
32 104 988
158 220 399
155 62 705
156 269 17
337 231 344
189 324 219
75 152 601
311 354 214
243 130 265
356 191 452
22 28 346
306 156 382
134 247 369
289 192 872
294 173 213
1 302 402
33 267 413
30 332 510
379 355 726
375 25 381
29 358 552
244 355 986
36 193 256
58 206 979
138 337 969
5 38 755
187 69 946
346 142 778
179 88 404
306 242 631
293 3 728
170 331 336
139 221 619
182 172 534
59 96 735
151 281 84
77 273 322
330 243 834
79 120 876
77 109 730
27 289 584
73 42 224
371 29 856
64 30 320
247 58 285
254 98 507
325 231 426
42 39 613
346 151 617
294 355 220
349 111 145
245 247 922
311 337 170
230 255 493
156 308 428
187 12 91
176 165 640
178 53 47
334 144 171
275 358 750
291 82 690
23 215 746
288 53 727
209 285 507
243 111 990
104 315 600
339 211 519
187 261 241
262 155 966
357 281 630
26 341 63
140 12 144
273 56 304
84 57 506
334 275 701
323 144 672
31 191 714
26 153 346
311 255 794
370 133 60
313 103 18
243 265 613
245 232 692
183 300 559
311 362 62
200 236 480
255 226 239
368 369 47
361 297 502
67 219 603
207 372 92
25 12 175
377 117 993
93 48 682
184 299 658
120 350 707
29 109 806
154 206 731
160 42 904
366 340 195
178 64 409
147 11 464
146 193 843
352 43 666
55 197 45
34 273 688
374 152 954
292 41 463
318 81 827
202 286 129
303 374 346
56 304 900
176 278 401
327 313 587
278 109 918
234 161 890
182 159 689
260 46 820
44 184 321
273 78 196
379 159 753
98 93 80
157 224 986
347 179 472
186 366 309
359 146 693
134 172 3
208 253 733
51 141 928
372 50 594
173 27 147
34 225 434
373 106 437
65 269 223
364 175 801
235 227 788
171 222 582
342 88 694
228 49 97
42 329 501
240 250 449
129 183 628
162 121 21
234 20 569
4 50 705
54 377 574
199 241 779
377 363 292
40 210 166
168 142 416
289 264 215
323 153 172
255 364 747
253 260 667
271 103 537
9 28 837
227 195 295
95 57 66
38 33 156
35 235 662
40 360 374
195 207 384
98 10 905
233 27 226
294 2 494
55 68 828
157 56 430
194 249 283
211 132 847
224 372 979
98 210 17
11 177 376
56 130 64
140 171 643
166 202 662
168 182 785
339 274 25
368 211 536
249 337 640
193 150 925
11 363 266
66 331 203
156 159 366
16 54 886
1 108 993
280 336 83
190 368 836
74 78 252
175 357 261
161 239 119
22 224 412
94 267 852
27 54 319
305 230 829
237 127 247
337 119 622
251 177 680
240 280 227
250 271 128
9 80 204
93 283 929
273 75 527
340 171 6
228 52 458
39 78 810
13 114 9
291 147 21
158 323 547
158 257 614
23 320 966
157 373 269
375 157 729
48 330 414
106 98 147
15 55 125
359 37 535
33 331 159
5 160 580
48 219 378
267 67 476
187 333 174
177 276 201
86 313 975
214 134 944
16 325 93
15 296 188
275 342 646
335 357 453
354 85 751
200 358 403
241 277 200
372 221 886
38 6 72
158 9 856
239 261 765
154 369 898
103 90 482
62 345 589
302 245 753
342 30 136
198 258 881
194 24 889
145 189 844
204 249 427
319 179 697
274 230 246
85 87 751
286 332 593
183 219 66
54 164 941
174 17 67
365 149 53
61 321 656
105 201 691
289 277 954
169 343 859
7 192 181
3 300 251
19 297 979
116 261 332
32 292 118
258 199 369
284 147 858
374 221 947
201 18 675
286 236 14
171 335 398
9 150 630
367 238 533
273 336 279
207 173 421
311 225 114
188 338 390
131 246 861
201 262 945
263 285 522
125 237 855
140 301 528
156 377 408
49 103 818
277 108 693
99 10 478
168 229 210
293 201 306
252 265 989
211 270 2
107 195 366
182 358 799
202 246 228
80 201 341
69 60 534
189 312 651
341 365 852
314 14 169
115 323 219
206 186 284
281 1 298
1 219 580
146 12 418
20 273 367
194 317 69
244 19 8
322 277 494
342 90 324
135 147 863
289 334 969
35 70 563
249 285 297
279 43 284
136 64 53
290 71 166
366 189 249
68 110 176
262 270 38
261 91 524
158 364 339
177 301 107
218 272 575
330 326 132
30 324 247
367 360 33
183 88 309
274 236 1
102 9 587
98 337 677
238 248 879
161 338 307
248 103 75
6 213 651
56 151 665
31 311 743
304 33 605
50 40 854
341 128 731
34 330 348
316 80 890
232 178 175
366 263 832
156 110 91
92 330 820
125 12 37
175 342 911
325 197 3
165 59 204
305 343 805
86 83 996
14 282 129
221 334 38
9 125 602
159 67 884
170 190 81
97 130 969
297 368 549
28 206 541
194 51 478
262 95 95
2 293 973
361 241 604
252 61 51
141 104 781
331 100 605
148 170 911
245 168 698
45 159 621
233 215 309
6 317 440
266 298 264
76 340 217
279 236 362
64 56 598
167 168 331
144 4 936
128 335 823
73 68 226
284 340 802
40 195 284
190 150 28
99 151 260
70 5 554
223 115 71
168 83 724
222 288 435
311 40 948
346 52 10
113 36 890
246 270 950
156 252 469
29 189 913
263 378 779
306 351 484
216 331 288
235 118 144
13 221 186
294 276 490
298 332 13
143 228 471
90 345 510
16 364 155
134 174 429
221 283 992
276 106 611
136 353 950
95 50 489
181 74 274
364 250 9
377 283 151
270 32 350
367 49 372
188 248 449
209 84 268
25 108 731
197 183 887
253 354 375
47 373 765
95 354 373
122 268 699
93 117 323
232 74 984
7 117 886
147 225 561
104 58 787
360 36 687
355 275 760
15 12 186
273 241 575
284 262 107
88 361 825
6 162 996
322 121 190
154 227 928
51 13 938
46 72 184
106 1 271
372 94 98
289 110 180
49 86 243
70 164 615
364 45 870
335 130 346
138 100 632
70 286 828
9 213 990
282 342 2
121 67 714
95 278 118
372 95 440
283 267 904
229 254 643
16 34 272
230 337 621
173 121 44
158 207 337
244 140 348
378 153 414
41 254 116
283 345 211
278 349 110
145 333 998
376 265 678
147 314 816
62 33 738
124 204 843
97 146 791
363 379 41
210 5 841
214 118 788
125 107 424
175 15 34
171 115 320
94 243 600
246 322 389
378 73 506
166 179 81
262 80 929
350 188 111
57 283 565
14 256 169
25 267 59
270 151 993
106 78 733
131 178 317
239 129 369
83 191 667
164 280 323
194 364 468
238 290 896
37 69 911
243 258 804
225 121 286
215 197 929
147 75 521
109 308 333
356 147 198
289 163 13
172 344 895
119 107 94
279 239 982
217 232 292
118 122 645
353 251 619
44 81 457
147 136 588
228 131 988
259 364 722
215 61 281
172 173 115
127 219 213
95 287 230
87 13 401
82 275 253
158 337 1
346 224 140
1 92 195
224 155 268
165 217 883
370 115 382
162 376 808
22 57 397
46 364 606
89 355 833
223 28 754
163 185 199
10 254 709
141 46 728
263 142 272
332 95 584
38 333 61
181 4 155
124 169 508
301 282 417
13 283 677
281 218 751
84 83 18
251 27 112
340 161 558
279 1 287
165 33 656
75 370 113
307 90 866
257 149 284
65 114 345
215 120 684
32 10 194
69 62 316
41 291 798
259 8 891
195 280 228
373 322 158
89 133 689
339 189 210
147 2 569
107 248 443
93 78 320
150 305 637
16 266 4
34 132 967
91 352 319
216 108 734
233 108 10
303 8 317
294 261 389
194 244 501
352 241 758
255 319 964
41 84 650
224 79 483
223 208 419
83 37 488
149 192 591
13 219 18
304 118 34
92 137 82
53 335 185
196 115 43
100 46 743
165 149 995
138 205 177
169 14 341
42 24 643
222 86 76
117 254 84
326 128 661
151 138 72
263 85 65
359 44 947
177 121 603
253 272 576
363 374 795
340 47 351
307 298 671
221 322 366
120 158 954
222 378 754
77 61 412
105 68 533
47 191 575
244 96 654
374 261 41
117 5 798
148 29 896
280 144 628
16 134 456
370 313 90
358 93 759
66 107 764
101 163 54
45 224 726
176 38 191
7 272 535
336 366 250
371 189 478
296 146 341
100 372 625
33 164 107
163 67 297
99 89 409
24 305 755
192 76 990
175 331 998
241 171 738
161 114 39
32 208 633
194 147 661
173 28 721
108 187 884
5 368 548
156 113 53
142 378 679
2 220 990
274 52 159
334 360 827
162 172 361
323 224 464
262 347 585
175 164 810
370 199 232
366 172 581
70 327 474
101 353 129
24 101 201
5 116 235
314 138 784
55 73 484
104 25 942
139 164 598
205 85 935
4 159 329
129 229 465
1 10 20
264 365 220
15 99 250
166 225 104
170 33 710
304 334 893
154 156 333
343 199 556
126 146 221
167 127 842
166 319 774
363 235 156
21 119 275
128 85 240
332 234 547
15 346 15
37 353 952
319 244 93
259 29 379
9 32 201
296 294 789
180 100 87
189 78 843
52 209 603
47 34 795
318 371 641
354 58 824
280 106 647
251 247 949
73 97 566
55 37 160
72 4 508
106 7 173
227 216 248
207 337 721
322 274 982
10 140 345
245 203 752
172 24 725
201 106 676
44 269 359
286 143 756
195 349 562
365 314 664
192 8 778
250 282 719
56 11 902
346 190 272
130 180 104
13 74 200
213 104 387
27 41 144
241 149 199
309 342 712
236 180 664
47 86 254
14 154 888
230 168 47
182 277 64
88 78 6
297 195 275
237 166 448
181 221 690
220 317 90
276 136 803
318 123 559
155 330 202
200 227 243
268 67 585
160 79 543
323 105 88
211 328 581
352 149 52
115 201 282
84 186 685
68 367 645
118 249 430
153 325 63
152 379 745
334 298 826
39 295 85
286 10 657
331 325 830
8 48 323
265 67 279
94 79 198
122 375 296
335 136 295
217 235 345
210 74 762
304 260 176
217 94 351
192 282 835
210 289 64
109 374 723
97 238 47
2 179 653
261 173 171
316 257 894
293 17 538
65 377 724
16 38 631
235 199 579
139 291 52
44 221 208
214 362 946
331 311 819
193 354 320
310 271 813
357 69 768
125 297 834
5 318 652
185 153 218
328 304 748
322 285 110
155 275 780
42 249 152
140 365 424
237 257 348
364 332 148
232 87 153
249 251 76
168 367 541
324 130 795
58 98 539
19 209 928
129 26 970
46 316 495
171 68 625
112 283 631
143 215 403
203 365 301
343 315 713
375 225 411
374 227 259
355 5 149
245 124 891
243 192 803
77 102 47
77 119 693
199 80 168
327 167 363
328 135 832
261 343 10
12 225 981
289 89 284
373 163 37
203 88 339
223 325 597
232 352 303
209 315 337
37 377 513
157 182 454
330 200 810
134 12 942
299 373 230
216 38 957
346 167 582
25 328 50
266 171 833
156 231 775
76 91 18
226 47 740
212 38 745
266 305 160
2 284 311
64 262 99
13 113 216
35 264 322
196 93 440
325 147 857
278 206 547
306 170 392
7 335 408
222 60 311
290 148 435
299 55 9
44 316 613
131 254 826
223 136 604
290 182 50
288 71 776
17 45 684
136 282 375
78 140 547
341 369 318
105 184 572
163 257 332
213 177 313
160 80 603
365 315 485
325 202 739
298 241 317
183 355 944
145 121 323
74 180 865
84 259 330
157 266 789
71 9 973
317 50 877
72 20 878
121 39 977
17 206 144
63 329 449
372 280 38
198 285 494
71 362 747
199 170 748
51 181 94
285 277 609
335 367 97
348 48 961
75 265 604
379 76 818
108 320 718
371 142 999
148 125 888
36 213 483
318 291 29
83 254 558
147 114 489
232 214 597
208 45 705
182 167 173
363 81 620
120 26 550
341 202 977
366 54 439
339 115 142
379 231 333
25 97 663
217 175 38
203 39 94
4 195 62
156 163 209
205 180 745
157 205 315
231 229 243
272 137 523
267 200 51
154 62 184
45 79 681
105 72 879
183 268 578
314 24 6
101 279 433
362 290 673
157 369 932
201 15 88
184 319 721
276 309 316
62 202 144
256 96 21
83 367 202
3 332 47
142 195 376
212 51 209
232 353 510
113 144 933
172 56 23
194 13 172
360 335 466
341 330 856
192 22 886
123 47 658
107 53 877
189 32 759
300 22 564
130 292 89
18 57 309
272 49 929
158 47 724
109 198 381
160 81 766
217 356 606
127 234 403
46 212 661
235 302 659
13 279 690
293 378 999
150 24 915
334 346 978
65 54 846
23 111 110
93 39 104
19 23 88
55 368 754
349 316 872
132 25 767
313 356 27
229 9 827
330 169 958
300 38 654
162 61 739
202 36 147
379 212 888
108 129 417
168 349 133
239 60 909
216 335 815
311 257 881
241 203 377
16 208 161
237 139 431
181 359 946
112 259 336
5 82 116
71 56 165
243 301 629
269 177 562
366 218 817
139 165 311
263 181 293
285 9 732
99 326 432
61 73 256
368 67 587
253 350 954
273 205 973
69 36 465
377 27 131
138 235 837
283 170 704
305 118 363
359 77 477
158 31 735
377 286 36
82 206 794
79 123 372
250 302 74
134 259 176
280 235 188
326 1 869
291 13 162
188 203 319
94 156 118
24 216 296
229 329 391
266 248 658
253 315 377
134 143 629
344 9 242
63 196 7
278 22 256
336 313 303
361 43 992
254 279 300
178 366 163
161 4 977
281 250 533
230 193 759
233 30 239
277 3 297
40 74 207
174 111 11
201 156 141
292 47 184
246 196 69
74 265 929
10 336 634
112 336 683
152 181 475
273 378 489
167 307 156
210 263 888
104 184 412
279 114 412
211 343 8
182 283 2
160 272 463
265 226 883
38 342 329
39 109 33
168 370 828
176 356 119
280 160 507
129 132 181
73 129 298
248 145 78
284 168 193
334 234 435
210 170 587
159 21 75
252 206 561
215 179 414
208 301 935
130 262 606
181 116 973
222 188 979
150 37 386
111 98 139
61 234 721
242 323 664
238 282 642
16 155 178
304 204 973
17 32 428
307 26 906
153 2 355
125 50 611
214 323 794
115 180 617
232 256 850
323 372 95
260 354 870
148 63 483
249 314 920
290 271 15
51 169 320
10 182 722
62 160 801
157 232 491
325 119 781
259 311 910
348 236 787
73 252 79
297 326 789
352 304 350
6 284 749
10 25 325
128 43 718
109 215 364
121 300 885
205 62 646
312 354 785
46 297 412
105 5 983
111 173 671
53 104 636
199 336 453
46 353 967
216 61 714
292 102 556
53 322 447
269 33 24
135 313 531
240 310 827
172 122 399
186 267 81
61 260 14
272 159 268
344 96 867
270 374 911
50 362 981
72 265 489
97 108 329
287 22 669
54 13 721
183 341 886
280 379 314
120 83 110
340 287 441
267 222 916
293 207 710
201 306 293
314 1 285
272 117 675
36 78 152
117 99 48
7 100 67
136 303 314
10 214 895
48 227 976
57 262 386
7 125 330
343 283 80
295 249 277
227 132 272
371 187 245
85 276 799
43 264 180
196 144 19
293 326 732
188 266 866
283 214 256
27 367 370
215 22 690
28 64 699
289 161 401
21 85 699
99 356 324
213 217 218
66 237 762
49 331 349
223 332 742
200 129 165
116 3 393
144 277 793
163 38 116
335 65 764
176 188 924
121 107 758
125 309 923
229 151 104
275 363 15
96 69 979
370 169 313
49 123 172
226 99 887
313 317 735
355 321 124
93 244 938
362 12 703
93 363 826
42 179 573
39 262 385
27 283 91
54 134 146
147 326 172
205 115 909
171 298 569
279 249 502
116 179 879
140 27 984
170 44 187
348 184 855
165 290 23
104 246 499
32 333 124
280 32 606
102 159 48
227 116 678
157 259 569
376 15 122
139 232 577
8 325 983
58 145 623
305 156 124
312 38 860
83 51 914
359 122 536
339 373 119
58 290 116
342 164 104
68 130 40
19 168 513
118 14 808
319 216 621
147 290 74
273 65 576
227 367 378
168 251 878
9 183 666
13 354 905
83 23 482
218 332 68
177 33 271
367 62 549
226 361 242
195 327 514
138 272 330
250 202 443
1 237 567
362 102 855
93 287 346
34 155 319
102 153 48
326 191 467
199 316 246
206 168 736
40 120 479
240 260 24
118 95 315
6 300 404
221 275 534
42 213 614
301 205 489
364 257 438
34 80 612
307 139 301
62 246 274
8 179 711
214 368 409
298 82 557
144 15 90
22 170 961
249 2 222
20 193 455
31 256 307
310 183 802
135 216 538
264 343 43
46 231 760
99 169 304
219 350 926
98 42 790
252 22 24
150 279 288
48 319 764
266 27 522
314 244 235
182 337 7
312 98 838
276 182 754
23 378 721
69 260 350
115 66 344
156 228 816
10 112 252
264 340 241
328 273 315
179 161 684
120 136 163
376 9 383
11 261 19
353 125 926
210 284 146
46 284 5
251 340 342
274 367 662
290 353 995
344 280 765
157 188 706
48 197 951
291 227 71
323 375 467
319 377 533
304 234 506
9 145 781
117 207 753
3 84 809
54 37 146
222 281 848
169 213 415
257 9 758
278 251 887
116 210 656
175 241 500
97 120 169
107 146 91
319 14 440
213 342 843
111 57 404
16 227 561
3 262 620
183 17 204
241 180 622
187 100 999
191 140 46
70 216 654
14 238 245
64 289 736
101 319 442
79 305 371
120 283 196
120 203 133
107 263 827
167 317 496
267 320 952
78 27 561
253 248 197
11 33 215
1 30 925
1 6 366
240 131 251
372 48 717
123 149 220
159 192 736
1 141 429
13 198 178
4 164 289
258 216 850
89 109 68
140 90 447
183 10 521
149 280 253
79 301 930
361 159 567
3 15 287
68 227 820
87 220 906
205 72 805
370 48 486
345 24 258
171 326 157
312 264 333
126 127 118
190 141 517
77 257 495
84 53 233
22 16 904
167 287 40
319 317 262
255 302 961
348 194 507
75 277 244
279 309 512
214 360 950
300 303 356
59 49 146
1 112 755
325 239 487
333 347 641
320 51 536
76 316 58
333 17 536
99 282 466
24 309 612
299 337 786
105 374 648
289 66 737
250 14 464
83 8 751
163 102 637
364 288 779
358 290 337
122 154 61
262 91 149
48 15 234
212 59 61
345 21 452
41 143 802
277 226 267
35 91 564
186 173 371
327 170 55
28 215 608
143 262 870
104 113 610
118 352 434
129 135 460
91 288 493
64 222 755
378 261 315
170 60 815
123 361 623
377 30 239
221 316 875
22 176 193
111 338 24
52 324 285
310 47 404
311 49 354
278 187 39
156 1 510
321 54 611
138 104 992
221 166 617
224 109 477
3 201 93
320 331 965
319 95 754
358 317 978
299 150 610
339 223 75
314 92 280
232 49 324
356 82 344
173 255 938
300 56 366
233 101 427
24 209 771
293 271 978
348 253 685
356 175 957
231 266 327
301 351 60
110 103 615
219 39 345
295 298 510
112 41 815
26 16 402
35 22 932
190 308 571
325 378 176
360 312 682
255 11 20
87 369 468
325 199 153
103 131 269
33 246 136
32 149 224
266 40 388
229 170 617
66 139 262
228 372 342
256 233 516
180 200 870
225 145 329
319 169 456
250 379 863
70 125 886
165 14 753
137 196 841
199 5 514
11 379 160
177 320 295
299 258 974
148 34 280
167 8 49
304 199 18
62 373 769
149 313 599
1 31 195
213 8 636
256 139 668
40 342 896
80 295 563
247 348 23
47 344 231
8 294 442
134 366 998
293 264 175
169 126 381
354 30 234
320 234 702
329 77 397
103 159 968
321 282 936
313 269 547
166 77 998
281 368 801
194 221 403
350 106 614
315 8 283
293 263 810
326 177 828
321 152 889
220 163 108
248 34 484
37 10 38
108 171 493
167 1 804
15 143 260
48 366 970
216 208 379
18 19 714
123 28 996
330 205 864
322 270 881
137 206 167
217 359 203
283 226 198
282 269 39
13 134 138
7 70 184
90 319 894
78 307 92
117 181 384
289 314 735
237 324 839
7 142 53
166 12 353
63 178 570
130 345 238
341 337 768
240 75 618
38 60 120
208 250 837
376 69 373
67 300 144
335 233 869
287 229 548
109 43 546
253 205 156
125 176 874
119 284 507
154 271 463
94 210 889
95 263 636
302 188 86
195 265 869
352 83 8
46 106 971
306 320 915
172 319 161
163 341 973
294 327 36
91 62 412
59 370 903
261 258 130
241 66 175
202 91 882
3 213 663
312 150 819
288 210 734
273 72 701
339 325 593
163 151 268
156 199 498
45 255 612
329 26 644
310 115 555
111 195 920
112 308 686
72 257 838
85 141 435
37 63 781
329 305 947
66 156 489
144 95 291
184 175 450
74 299 225
268 184 789
356 13 7
101 47 399
345 170 244
204 350 660
331 132 36
50 350 118
143 367 489
312 237 278
93 313 446
146 162 99
250 162 880
161 323 184
319 207 229
296 178 46
63 16 782
212 76 369
211 133 645
233 53 951
3 264 384
278 38 266
19 213 899
25 75 211
333 25 980
100 376 29
20 127 906
73 231 433
159 173 183
275 137 26
302 18 455
6 293 82
166 64 598
236 84 935
336 152 532
72 290 637
203 167 991
31 169 365
30 47 90
191 239 395
341 261 483
252 188 396
299 264 52
49 113 601
52 305 804
338 267 952
303 18 820
225 17 42
370 84 129
69 74 405
71 138 72
63 104 768
316 235 535
236 302 333
143 233 142
26 194 98
2 9 616
58 232 814
269 57 741
185 218 565
107 48 265
109 179 179
168 275 322
338 112 958
235 20 182
85 79 634
259 284 855
12 37 112
56 218 120
368 181 639
110 105 302
190 241 612
331 177 409
363 10 465
366 31 574
194 102 54
289 249 782
164 29 835
111 236 237
202 78 36
83 106 44
341 351 43
297 230 774
327 229 517
363 68 609
169 313 473
132 270 655
91 210 715
267 278 436
48 128 915
21 47 19
272 47 191
205 146 396
195 367 581
111 33 241
374 242 283
46 154 606
175 205 242
273 39 157
233 47 536
67 348 750
348 74 372
211 299 248
323 252 296
160 260 936
92 86 725
37 8 542
105 44 115
100 109 96
248 222 234
187 230 533
150 162 126
96 204 487
114 273 655
326 146 885
211 307 51
131 264 302
101 194 843
342 8 216
333 234 981
55 24 939
6 281 87
46 85 725
25 247 608
285 44 940
35 59 397
162 263 965
39 132 45
305 201 159
52 59 146
312 112 524
35 36 899
231 9 158
131 209 987
212 183 907
162 277 755
52 32 390
331 53 445
40 305 394
