534 2409 123
443 370 283
274 425 158
484 440 217
530 307 976
155 431 442
484 279 648
83 289 205
159 190 550
298 379 353
292 523 259
21 208 609
325 4 819
122 505 513
146 182 653
30 347 476
175 1 49
67 105 392
245 187 121
77 265 343
367 481 894
108 249 738
388 301 772
19 322 306
202 473 304
130 518 489
57 401 949
11 180 385
336 185 559
181 511 282
172 168 796
273 513 460
479 504 587
308 113 134
64 124 369
506 403 559
70 416 220
166 520 289
265 431 202
127 138 783
1 331 552
447 85 785
415 505 733
203 149 645
469 67 38
60 261 764
41 198 508
5 106 110
129 139 512
386 112 57
461 280 540
321 438 105
125 121 761
130 214 77
89 399 768
106 66 800
232 380 828
331 531 543
10 88 987
99 206 424
178 300 681
118 431 89
226 439 182
449 301 900
527 274 430
235 287 251
381 143 649
479 29 91
75 91 717
5 521 909
411 367 834
233 311 925
43 407 465
244 179 671
327 259 274
304 209 189
379 322 620
11 529 270
160 183 557
195 118 270
275 214 60
46 128 470
511 529 713
49 451 622
397 377 307
468 486 538
329 169 921
203 140 247
219 139 221
91 412 803
104 207 970
280 429 962
519 70 315
15 32 333
183 344 345
55 377 744
205 239 853
406 179 259
316 99 376
221 367 922
229 361 389
125 55 789
175 193 335
451 151 509
307 310 902
1 343 426
1 19 892
105 521 451
114 503 182
51 235 434
139 413 849
520 361 62
117 304 625
259 93 81
43 419 535
12 440 458
130 407 92
415 483 686
370 298 787
364 454 229
14 99 987
37 49 7
61 473 924
9 85 165
409 91 217
76 307 992
409 280 599
187 523 301
433 412 178
93 485 437
115 8 962
349 70 68
33 42 437
221 445 573
225 285 25
433 339 823
253 519 257
437 129 117
195 261 634
385 21 548
385 91 621
215 258 810
325 157 964
165 397 1000
357 363 923
31 502 997
279 67 933
1 5 83
151 335 961
263 226 243
373 333 453
481 529 735
35 382 412
137 427 553
529 335 910
129 459 101
41 245 426
253 496 202
501 507 789
111 519 286
85 389 510
301 23 721
446 526 850
307 285 452
1 45 345
234 499 60
289 379 759
126 374 557
454 241 704
523 145 468
304 327 575
61 1 505
47 8 117
60 62 114
481 279 11
171 292 1000
44 137 448
47 423 984
409 443 867
184 510 871
20 13 37
126 515 86
125 461 538
62 223 158
136 187 559
55 82 493
326 187 19
115 525 749
247 297 261
96 496 254
165 37 291
229 198 821
121 472 735
35 177 702
168 209 514
483 157 902
224 206 879
388 429 205
382 436 920
232 385 809
337 91 201
487 50 862
1 153 821
205 451 252
229 362 129
160 489 213
73 129 633
529 396 388
408 270 477
451 532 460
181 524 324
487 496 103
331 13 727
185 530 248
339 283 191
348 100 302
124 268 277
493 314 537
201 281 373
355 383 991
106 264 323
121 475 595
146 418 13
133 219 432
47 320 520
193 475 630
126 362 458
229 15 152
28 507 83
156 319 118
145 433 422
134 402 83
91 313 484
227 294 335
428 157 510
91 217 624
387 179 399
182 410 135
469 243 3
383 173 894
289 514 68
199 73 503
85 172 327
182 193 968
151 23 716
157 79 918
323 399 93
477 126 372
291 9 193
406 328 51
255 165 127
223 39 616
15 211 494
429 253 829
157 250 394
280 83 54
306 80 314
103 105 409
319 421 220
447 393 843
262 169 287
179 187 70
93 70 714
49 349 290
213 199 73
68 494 582
463 305 811
149 37 364
152 268 950
396 105 60
103 190 825
89 187 655
299 277 60
85 472 844
68 37 927
73 85 560
239 259 973
275 346 443
275 404 456
356 97 982
73 13 717
88 31 55
496 495 464
211 300 321
151 69 938
112 169 717
325 126 403
430 123 27
406 163 347
169 436 598
413 271 366
523 119 522
533 107 97
385 353 482
178 288 772
523 327 746
266 376 267
121 30 951
112 319 925
470 342 121
45 330 85
179 533 326
451 261 334
49 180 214
325 73 74
448 99 874
282 257 207
229 403 878
109 476 747
223 65 325
453 455 23
151 157 153
17 321 39
201 339 229
4 98 600
24 146 706
307 533 99
416 403 174
146 505 542
307 119 97
13 498 629
73 155 417
491 301 496
157 103 643
206 415 405
261 191 936
166 484 105
205 247 174
79 269 148
259 15 450
1 193 84
322 345 449
444 445 391
69 307 429
168 337 298
235 373 520
142 454 510
292 435 637
405 394 281
389 293 829
217 405 569
505 515 223
14 71 70
84 90 309
44 285 132
23 162 905
225 217 784
400 23 280
143 265 703
403 361 272
262 133 844
233 320 416
331 481 952
27 143 737
245 317 239
294 161 566
67 425 381
105 187 168
57 467 754
285 97 704
367 493 578
91 388 739
342 146 550
49 466 810
265 91 732
409 93 18
11 26 15
113 15 930
503 487 552
100 307 834
397 52 297
490 313 226
113 309 250
455 1 951
365 231 402
231 23 284
393 398 748
317 241 75
277 304 293
31 450 458
241 369 756
177 381 242
217 124 871
329 71 545
85 347 891
259 194 88
454 349 258
25 194 555
140 417 478
520 265 71
487 103 291
316 193 871
218 517 202
327 373 139
217 189 617
76 83 572
469 337 258
347 221 902
4 63 314
168 25 206
395 39 164
58 427 824
20 277 430
297 345 789
250 115 884
246 333 479
139 367 357
73 489 315
247 115 422
345 303 386
196 328 438
259 521 559
215 471 549
167 73 467
325 445 719
69 225 447
321 527 800
379 19 657
496 139 245
59 263 784
533 261 429
403 9 695
293 486 818
441 139 616
71 245 443
361 67 624
217 251 612
464 491 7
204 1 396
76 532 41
330 233 555
3 195 515
441 157 91
8 72 620
1 150 888
477 7 141
451 277 844
291 435 936
74 117 802
394 426 48
7 28 471
237 266 140
127 228 559
44 374 811
31 256 649
403 369 489
446 85 14
129 465 494
279 227 815
79 271 285
355 145 923
3 382 330
515 46 250
46 61 244
106 111 969
220 17 287
55 331 510
151 523 825
158 55 890
178 145 297
84 237 858
453 319 557
335 509 631
17 247 432
87 73 860
457 233 892
29 532 912
283 449 815
409 77 787
250 393 605
127 193 137
292 521 534
262 411 989
377 205 297
159 268 29
282 21 347
397 487 908
27 37 5
291 330 913
319 1 464
361 139 853
77 93 470
73 71 48
165 171 179
341 447 236
25 325 79
245 366 909
4 7 639
98 189 388
95 520 29
5 244 840
91 32 526
182 485 635
61 290 725
436 86 964
512 505 938
383 55 779
366 355 966
451 397 772
493 425 249
101 279 648
14 396 925
149 511 294
17 20 230
30 171 857
325 435 471
265 63 252
2 4 206
22 389 457
91 525 870
331 436 106
187 21 540
509 451 613
87 361 367
21 442 406
142 475 221
451 70 965
48 157 720
530 145 336
64 19 832
83 439 847
141 533 180
338 361 881
109 111 688
236 420 998
1 17 977
511 1 509
29 57 419
158 165 937
529 439 826
15 336 770
479 247 786
485 25 646
221 293 492
327 409 735
15 310 999
4 52 732
295 485 936
247 250 661
418 145 333
492 155 711
475 233 93
141 153 813
315 269 313
85 421 574
429 430 787
505 360 815
253 99 253
65 274 295
30 39 839
69 375 476
67 178 433
77 91 437
148 372 877
203 244 464
533 461 681
89 99 504
22 465 900
313 413 752
379 372 670
337 463 204
517 147 111
352 259 240
43 511 677
399 19 281
106 168 58
116 180 452
481 305 111
355 321 57
332 515 618
36 50 724
439 403 580
499 33 364
288 242 840
313 509 783
437 332 778
73 89 997
20 24 197
112 126 123
205 99 979
499 111 366
3 43 268
95 266 89
151 18 413
386 480 489
345 405 378
16 112 69
11 415 310
49 116 985
223 267 240
373 33 709
361 495 889
253 369 232
480 490 114
62 351 545
64 100 78
1 310 332
1 21 533
321 465 970
105 534 243
387 519 52
179 13 103
59 457 938
90 61 706
203 322 391
181 409 434
120 232 301
389 505 339
405 5 925
129 360 720
403 85 211
403 409 8
16 205 600
193 353 992
219 45 465
448 169 154
529 325 116
372 340 594
259 73 210
97 123 286
418 434 560
381 399 896
319 521 928
195 115 682
225 268 453
25 479 789
303 79 81
126 388 52
472 257 862
122 131 980
314 447 347
19 413 476
268 190 722
327 336 630
256 343 830
29 322 375
358 470 50
174 304 354
16 163 179
190 408 805
31 48 181
445 140 136
125 141 991
47 66 857
475 445 699
319 437 155
451 181 425
175 253 439
19 96 211
82 364 93
207 58 431
449 330 227
499 222 625
487 394 926
439 451 489
463 373 61
386 517 83
87 346 742
247 302 277
463 371 567
530 457 213
415 199 621
205 446 167
199 391 299
472 225 850
104 447 96
355 212 961
391 403 157
337 241 879
233 383 235
159 461 763
279 247 390
507 176 370
7 51 880
278 378 404
391 49 946
195 367 647
373 355 56
73 181 323
254 488 461
217 494 450
265 439 102
291 296 308
217 383 657
251 431 860
171 366 543
397 289 2
391 135 444
1 9 115
147 241 238
335 379 589
25 419 500
85 117 10
137 506 833
184 205 551
268 257 607
337 381 1
199 77 54
7 121 923
285 107 529
151 328 697
337 88 868
5 155 929
160 454 715
105 271 878
205 31 45
442 429 425
27 174 605
276 533 707
16 430 149
94 385 43
424 365 818
91 326 289
349 515 500
330 499 447
121 187 4
308 193 224
351 157 116
422 197 610
4 154 656
318 500 328
70 81 196
69 111 507
457 352 632
440 451 159
187 233 149
511 121 148
483 376 701
166 196 524
477 472 714
44 118 337
122 257 874
118 202 606
491 521 200
1 273 84
47 127 809
126 455 871
443 425 378
269 377 58
52 421 69
148 454 428
458 299 47
421 145 999
139 411 513
401 491 966
133 81 825
526 531 487
37 427 607
85 406 960
55 373 171
439 53 985
502 170 928
96 149 277
533 232 193
4 42 553
93 39 650
475 141 845
102 432 259
5 6 138
79 247 287
283 115 546
406 47 940
407 331 856
61 132 481
524 453 987
389 277 336
61 11 167
45 397 105
289 261 300
27 483 285
36 492 341
84 415 477
40 312 635
1 13 518
369 49 138
415 347 957
438 413 498
1 2 271
31 226 95
76 95 706
73 37 590
529 136 390
133 117 331
349 451 896
493 263 304
531 354 462
131 485 277
191 455 148
88 493 538
269 223 8
129 198 233
267 148 481
37 466 977
99 493 256
1 248 167
211 286 547
15 85 504
529 267 535
172 111 648
310 254 443
124 347 892
499 109 826
517 193 341
85 493 878
388 289 438
195 210 485
196 523 939
343 502 967
457 27 687
157 431 688
133 334 974
277 353 451
6 10 918
61 325 610
193 262 385
22 38 603
25 457 528
249 225 892
442 277 264
487 423 627
337 87 986
127 430 400
10 55 678
418 181 801
151 277 507
145 299 838
173 55 984
54 207 172
361 211 102
315 287 213
435 97 529
484 223 70
286 61 160
327 497 718
46 86 156
259 81 224
405 457 226
56 133 29
466 121 409
406 176 766
221 284 114
95 100 581
2 110 854
491 99 896
489 49 29
332 7 827
151 61 413
448 43 500
503 433 850
1 430 27
121 199 128
155 400 493
320 326 220
79 233 593
291 381 247
194 501 173
115 449 608
344 58 521
127 41 55
361 529 365
127 57 5
323 531 944
425 429 341
133 152 638
450 84 396
163 485 334
371 379 917
2 12 376
124 321 671
263 282 386
365 473 90
393 1 983
39 216 140
209 218 113
1 43 498
30 167 3
47 285 290
145 49 191
85 463 213
21 429 441
343 337 955
283 54 69
202 254 514
247 81 59
270 353 551
499 261 900
69 271 245
337 412 930
325 514 533
356 363 795
191 338 159
475 170 40
313 289 722
373 243 455
45 452 149
401 127 206
107 103 672
70 97 705
279 475 785
469 73 98
499 492 725
24 360 949
7 22 53
259 31 652
40 113 911
263 323 103
472 204 701
309 115 639
317 199 348
453 493 8
425 197 115
445 301 690
131 251 304
311 361 877
148 7 100
223 336 544
526 137 574
421 268 794
484 330 510
9 47 811
4 534 318
5 267 807
397 430 105
77 517 18
354 389 41
502 383 632
403 422 547
127 306 239
355 115 844
97 519 515
56 37 953
65 317 64
252 255 622
380 451 268
1 349 900
43 170 217
445 196 350
137 505 26
121 23 289
152 205 578
24 255 132
497 528 743
433 129 978
487 440 913
505 226 145
183 358 963
58 122 593
53 79 73
119 487 161
25 47 901
43 373 411
214 375 959
61 324 777
237 370 360
391 329 735
307 3 26
341 202 31
158 442 516
164 349 662
141 506 609
227 355 548
232 241 107
393 408 645
201 511 852
459 41 876
127 527 47
291 265 766
217 141 524
505 361 165
13 31 12
56 172 117
298 524 500
169 296 852
181 47 14
439 462 196
43 145 186
13 40 504
109 447 498
265 173 734
146 373 677
269 462 469
115 364 5
59 448 846
130 213 926
246 323 507
131 501 914
160 283 921
511 271 696
106 202 42
61 140 305
135 139 150
217 355 592
252 447 201
166 303 479
315 103 115
187 484 945
5 65 284
13 183 148
273 517 316
74 297 828
205 379 842
1 149 849
154 289 73
160 475 991
241 259 1
219 443 596
461 269 690
320 238 989
121 167 188
341 199 308
169 265 293
105 61 295
329 167 933
1 265 46
310 167 248
215 399 670
55 455 886
47 123 583
496 305 566
203 16 568
96 385 708
343 262 352
295 349 202
195 493 874
3 439 1
501 231 286
421 325 651
41 279 736
65 73 923
175 529 589
193 340 747
118 157 790
511 10 652
466 103 981
165 178 78
205 103 543
163 436 350
25 296 423
96 282 916
308 512 209
19 147 787
175 430 877
125 409 72
489 3 770
101 325 274
133 516 119
167 157 577
353 349 553
339 357 75
187 329 140
349 169 605
22 125 87
522 77 942
101 109 168
325 461 536
80 92 543
514 433 928
294 271 838
94 4 569
309 389 521
215 142 151
217 191 545
361 379 785
37 385 475
44 387 642
500 483 507
103 188 81
75 307 555
288 25 954
20 384 582
186 157 860
317 414 139
19 522 670
151 274 342
32 46 905
85 451 853
101 369 488
385 334 476
316 263 327
335 415 347
97 439 13
436 361 12
157 69 4
350 151 606
382 181 937
25 13 418
94 119 405
241 418 97
142 154 744
355 286 103
88 461 219
369 207 503
157 434 609
171 333 344
420 477 692
313 283 358
268 392 646
152 67 184
123 155 64
34 148 332
123 526 147
455 400 317
413 231 36
400 163 479
157 241 991
267 427 500
394 469 655
311 7 200
45 7 858
233 525 527
228 457 524
171 186 225
80 379 423
507 517 284
253 301 761
261 381 382
330 337 170
275 463 925
407 457 590
9 30 437
388 294 990
505 307 703
472 149 981
524 79 793
299 533 218
147 77 475
10 448 255
115 427 316
54 215 276
349 253 424
360 13 40
393 34 85
407 464 547
79 455 28
146 270 495
129 303 335
186 237 680
247 461 801
196 382 219
391 131 374
90 275 944
207 130 835
125 355 723
56 73 772
40 214 808
40 295 696
193 118 905
188 222 580
478 316 399
377 220 669
134 379 405
370 307 873
294 460 989
306 301 919
380 247 266
442 509 405
111 352 181
296 368 579
24 332 798
161 33 636
107 263 924
467 259 295
64 435 53
404 461 932
19 407 51
178 510 274
25 121 815
391 175 218
116 433 454
173 339 353
178 313 523
19 439 843
513 489 591
290 47 123
31 412 11
473 298 975
435 172 452
285 284 645
215 317 494
165 184 269
169 390 660
246 386 783
25 532 695
181 248 120
214 445 848
169 273 686
274 370 517
292 175 263
514 251 980
221 527 456
93 441 173
311 402 8
103 55 767
127 309 522
161 344 178
367 497 897
311 167 837
36 331 767
433 259 107
427 112 47
34 169 806
207 413 920
509 296 526
328 436 984
53 5 921
280 433 266
227 49 6
95 289 229
331 195 421
159 298 184
127 58 620
227 234 428
431 269 274
265 506 559
193 419 837
149 252 300
501 349 451
116 303 596
197 487 207
418 65 194
320 25 380
89 337 61
515 418 764
521 481 532
63 421 761
422 391 487
497 95 523
295 373 908
37 496 367
79 416 376
217 177 13
257 103 146
321 446 14
135 428 923
66 411 218
393 337 77
281 481 341
22 349 299
19 229 859
19 124 336
304 74 561
169 72 22
25 196 406
247 9 939
66 81 842
333 316 445
484 313 737
187 241 938
443 172 465
130 340 898
299 93 843
223 233 934
34 385 429
453 431 506
197 379 486
451 481 711
277 506 643
1 453 227
525 53 226
235 247 803
432 199 381
331 334 127
278 25 706
39 94 245
23 75 135
463 274 437
63 236 619
81 76 310
79 73 537
7 94 410
93 163 249
109 205 502
421 514 502
487 147 524
373 93 4
377 511 591
65 445 246
7 8 44
56 161 835
508 48 971
9 11 341
355 334 495
79 175 959
191 291 122
484 531 452
461 43 59
69 153 786
489 334 455
348 443 932
7 26 435
361 308 454
427 179 324
106 151 903
391 433 202
2 447 889
313 135 483
407 531 9
436 109 196
57 451 780
11 29 778
19 196 478
27 101 947
259 272 390
526 417 341
147 342 652
88 447 713
264 482 601
520 202 80
95 408 649
259 84 117
73 151 101
119 249 737
279 349 306
103 523 950
461 179 125
511 29 307
340 361 60
427 507 143
433 289 641
215 493 82
517 529 928
202 325 462
15 449 410
358 121 119
157 237 236
115 451 939
475 103 800
191 476 402
493 64 256
129 95 587
169 173 787
232 525 480
229 523 412
400 181 411
259 275 25
282 448 873
71 337 202
500 289 266
289 263 411
89 265 7
64 451 495
19 97 580
499 249 36
303 247 983
219 10 372
283 393 478
415 454 938
61 166 941
176 271 141
511 129 339
183 513 561
220 471 313
337 133 713
415 337 312
205 46 324
376 517 744
80 358 965
505 511 833
501 324 204
1 27 951
479 195 277
157 207 658
214 1 752
293 425 324
354 190 871
39 475 461
403 37 428
517 235 524
64 295 124
24 25 517
119 308 682
340 204 882
229 374 511
363 171 504
217 61 671
364 438 862
17 502 332
487 13 953
112 529 29
397 475 384
166 157 868
83 139 383
233 367 586
184 1 279
396 171 148
239 488 650
45 520 459
61 228 659
184 324 957
9 501 534
229 478 400
199 169 486
64 491 256
507 422 108
16 29 821
340 462 121
433 97 665
499 338 911
367 251 405
104 213 126
21 211 171
81 440 458
189 523 693
136 105 117
141 528 704
413 234 120
33 239 572
271 411 932
163 275 758
412 37 905
170 403 59
418 1 902
157 385 691
39 292 169
287 241 287
491 409 514
373 91 878
162 232 793
55 70 110
169 360 232
117 233 360
51 471 848
227 259 217
34 412 770
457 358 156
37 433 295
473 62 172
31 445 591
208 268 889
275 451 732
369 193 293
531 217 918
381 7 878
61 351 734
464 97 753
334 359 35
137 357 361
337 361 812
367 431 833
25 33 159
7 2 6
433 509 519
59 510 720
45 68 667
10 15 346
67 499 746
95 267 768
215 419 961
80 89 328
115 181 716
187 437 603
43 468 737
241 522 602
461 505 740
336 428 15
301 83 970
219 461 723
321 417 234
276 159 13
420 197 358
291 163 916
443 133 52
523 401 962
138 242 544
1 493 559
365 528 649
379 251 204
453 415 860
205 25 53
271 37 121
228 475 79
421 159 913
58 247 211
339 229 638
240 499 738
367 216 758
377 469 846
250 112 318
37 64 661
427 187 967
181 81 703
501 73 50
174 213 293
127 433 354
10 44 394
391 185 328
244 56 687
139 464 661
147 145 484
25 187 595
105 316 584
191 220 956
370 295 401
343 395 154
343 403 810
157 13 55
253 361 314
379 317 162
148 443 418
129 376 727
47 447 631
499 241 744
3 34 470
73 173 973
237 209 291
145 403 760
349 365 866
371 67 159
137 26 488
1 221 247
411 161 133
23 357 286
450 299 993
169 103 83
202 457 568
19 33 169
111 33 727
230 15 888
112 204 655
40 265 823
133 445 745
232 416 704
19 349 154
3 69 820
91 295 282
289 478 478
199 35 768
443 209 909
457 403 18
531 187 888
287 91 798
190 148 675
247 169 225
1 37 537
20 85 693
39 370 522
53 233 944
35 142 39
430 463 892
146 215 761
56 214 850
123 17 51
5 144 881
29 35 78
448 499 965
21 29 758
471 361 849
159 106 174
6 87 874
197 383 852
479 157 875
114 350 844
205 283 597
355 155 543
106 131 27
58 225 296
142 97 776
199 379 619
17 48 299
7 230 970
204 260 332
352 401 100
277 116 779
515 105 649
13 173 251
29 169 507
393 413 968
529 20 151
225 289 650
29 102 286
153 227 633
452 469 361
420 478 789
13 303 405
335 356 131
42 533 911
289 107 169
421 328 675
109 158 585
104 168 267
127 337 389
529 100 809
103 104 831
190 382 517
530 474 910
131 504 752
368 131 535
229 273 634
273 434 384
417 115 330
232 269 395
70 84 506
313 137 697
385 367 724
133 448 828
58 76 501
121 256 402
459 363 823
463 489 46
401 458 855
359 115 671
520 187 968
113 25 937
100 172 662
249 426 447
108 107 138
463 364 643
66 223 758
67 133 937
481 301 91
35 504 258
325 13 255
479 257 107
218 229 501
157 225 540
421 323 40
184 261 336
409 500 626
163 201 43
337 55 989
11 119 884
215 391 519
367 323 582
217 99 195
370 487 334
93 337 346
211 94 441
31 49 990
223 331 653
91 479 806
433 85 211
1 277 37
311 21 47
441 394 209
1 396 685
437 293 275
31 223 243
155 343 237
531 66 707
271 75 996
337 374 381
481 441 917
464 67 382
463 469 848
305 341 144
425 460 831
301 479 551
179 349 21
121 411 306
126 371 116
18 54 946
273 271 425
527 250 340
517 29 252
10 49 916
148 277 117
385 507 247
431 531 206
91 67 148
274 417 779
275 161 263
139 326 935
155 65 275
106 220 507
139 255 603
443 43 787
343 351 788
84 277 714
170 205 881
36 41 845
32 156 144
499 521 413
173 231 396
475 21 722
278 423 499
49 212 663
466 223 899
225 356 855
156 276 943
293 289 471
151 295 36
287 460 829
79 485 672
436 265 911
7 275 94
71 427 748
1 31 984
313 403 763
74 116 219
79 353 200
349 133 507
517 277 439
396 66 770
526 90 844
448 177 584
445 293 479
421 343 943
65 194 139
120 125 189
19 187 403
205 212 344
491 456 261
475 281 309
448 495 199
439 157 655
75 440 731
361 75 186
101 184 225
347 331 50
211 449 787
479 177 326
456 331 808
159 247 521
1 512 31
41 394 679
213 126 322
451 133 770
219 349 385
298 299 903
103 210 26
451 353 817
51 321 882
197 365 111
349 289 447
115 253 993
412 493 327
262 475 15
277 392 574
165 477 454
357 191 358
411 475 862
160 263 668
19 475 898
346 258 941
421 193 83
116 419 952
425 136 616
487 405 825
288 451 49
127 267 963
79 21 557
117 281 994
127 115 842
39 56 856
10 487 537
57 185 640
512 166 456
106 516 439
227 474 274
130 156 697
205 189 324
43 55 208
136 213 388
514 529 461
49 203 581
14 89 186
9 67 33
351 325 329
469 179 973
403 292 820
1 173 302
28 325 190
433 253 811
481 187 746
199 337 87
75 214 495
477 433 884
191 7 677
197 333 517
238 460 542
513 427 727
186 191 213
10 60 662
124 466 4
118 7 165
205 374 847
61 318 642
447 261 234
87 189 525
123 439 950
224 145 792
303 340 373
529 525 428
181 237 16
301 289 60
81 87 801
55 278 571
369 97 945
70 200 271
350 133 954
412 64 398
331 313 652
77 422 437
523 483 41
29 107 74
184 280 777
369 395 739
149 196 692
22 78 656
223 319 784
52 53 374
139 261 75
479 455 888
69 498 217
447 175 888
267 323 498
199 249 498
182 224 416
406 22 176
469 235 45
424 397 437
34 241 450
273 48 794
460 154 259
358 97 927
67 135 564
78 519 741
96 165 426
289 449 766
15 513 920
221 479 372
415 478 464
1 70 761
223 403 908
531 124 587
325 125 971
11 7 718
181 316 808
5 23 964
57 329 456
197 248 879
361 23 89
103 334 990
131 289 273
209 215 233
121 315 126
439 242 38
201 243 314
126 71 578
37 462 609
263 385 258
253 187 961
55 395 774
176 366 438
67 441 27
122 385 358
396 43 63
151 524 370
117 1 124
292 484 513
399 379 881
56 354 213
360 145 280
166 499 273
1 73 62
425 162 836
160 511 264
379 500 698
393 379 841
415 120 793
505 157 151
499 139 866
481 511 561
197 469 816
317 106 945
145 463 644
233 107 493
259 493 992
60 134 198
211 305 447
439 445 671
423 97 873
1 314 791
147 313 529
101 298 153
109 123 321
142 497 523
245 520 827
321 203 613
13 240 362
447 145 679
173 380 896
85 196 665
267 83 831
68 120 221
379 15 954
67 308 834
250 5 88
391 456 760
495 200 594
77 73 574
265 190 590
209 433 971
469 35 161
202 163 243
345 493 593
179 317 601
181 189 349
289 147 432
331 365 778
72 444 734
175 429 47
5 295 575
460 435 65
251 481 456
269 40 949
471 523 219
265 121 411
5 14 593
204 47 983
59 80 882
80 177 871
13 454 660
94 256 65
247 474 895
77 335 689
147 195 702
75 149 237
55 269 140
223 451 723
196 121 149
96 297 690
271 285 79
127 424 966
322 523 377
83 419 732
502 523 995
109 25 457
31 353 103
153 161 207
67 164 844
136 257 351
301 453 294
19 135 421
48 465 620
80 502 446
450 81 719
153 196 80
463 326 648
234 344 929
77 255 830
19 431 294
17 262 706
253 186 637
200 445 102
466 520 168
106 65 382
51 166 608
431 514 511
19 69 6
225 517 576
402 453 206
339 71 285
421 25 671
118 160 547
223 37 593
367 265 601
487 131 128
263 403 421
1 481 848
223 337 376
178 499 693
1 115 554
469 97 485
10 73 807
301 517 32
204 286 666
170 315 685
195 61 825
207 224 434
61 5 149
453 447 998
115 163 108
337 305 389
118 129 455
256 47 803
329 480 820
445 517 7
241 365 967
469 65 314
149 206 718
321 113 302
25 499 267
253 137 407
24 7 804
145 187 879
430 489 203
121 285 50
79 193 160
456 39 56
113 275 655
2 3 614
383 247 125
37 470 938
307 257 418
97 470 859
6 246 483
313 252 500
67 118 104
367 39 857
227 532 800
312 348 183
72 521 461
85 490 651
55 352 584
493 349 52
493 303 27
367 316 921
7 319 410
321 490 42
190 26 521
498 78 440
1 136 673
338 127 323
73 19 872
475 439 606
73 465 124
341 407 313
38 393 302
198 207 821
379 516 849
401 89 375
97 33 362
353 467 11
511 151 839
426 401 729
129 185 326
507 241 60
115 17 813
478 181 600
112 193 859
159 115 441
252 379 452
142 221 152
244 314 356
66 121 825
497 83 693
249 480 221
401 533 855
172 415 948
377 119 252
127 211 388
299 63 949
352 91 527
493 357 9
283 367 423
55 235 578
515 331 485
1 379 443
122 263 626
391 369 130
307 387 296
1 53 746
229 100 105
491 189 738
476 297 697
23 96 786
265 117 510
475 155 195
425 311 580
370 121 570
253 379 265
357 498 385
95 491 326
14 198 370
526 229 825
57 79 634
376 337 364
121 85 155
43 185 993
459 329 900
213 262 248
185 121 504
514 153 816
142 284 185
483 234 18
453 64 639
115 192 111
282 295 106
141 508 136
83 115 740
463 1 130
277 413 5
183 43 774
45 115 209
271 289 420
321 169 512
497 487 740
282 423 16
350 283 381
151 313 977
225 439 818
261 513 809
284 127 581
7 528 666
361 319 803
469 527 924
33 11 340
39 77 130
203 216 18
121 151 967
343 497 620
402 499 655
241 312 590
349 125 107
343 175 756
196 248 195
1 245 266
259 513 757
205 305 54
107 445 708
58 316 53
433 301 778
135 409 792
401 212 276
97 263 457
91 208 878
337 385 649
379 533 942
19 383 613
258 133 361
75 313 97
421 237 653
126 283 79
63 317 864
1 88 794
136 455 221
169 75 573
443 398 267
167 127 492
268 133 708
109 100 444
58 289 411
319 157 510
160 443 145
397 133 151
172 284 784
495 23 290
193 292 977
112 421 530
118 253 840
199 385 75
187 131 165
529 59 140
399 352 97
313 45 236
485 165 322
89 145 455
469 66 675
351 519 279
367 64 819
118 396 195
469 265 433
43 52 72
445 442 236
1 18 574
49 297 352
391 435 305
295 486 96
31 126 742
127 319 331
354 406 734
213 315 264
335 24 205
90 105 48
262 385 229
71 385 926
291 104 512
133 361 37
163 409 160
148 47 560
285 57 973
119 27 645
390 319 152
259 19 791
343 483 705
487 345 21
456 79 739
11 319 556
283 497 783
361 309 801
93 445 954
83 221 464
458 348 771
123 57 626
325 424 374
218 325 770
232 9 420
229 424 170
307 509 670
111 157 872
387 511 820
253 79 830
97 426 171
27 184 724
179 509 770
33 175 722
268 163 496
262 199 86
148 85 663
31 103 151
417 355 762
80 375 2
173 361 666
307 424 209
13 207 420
522 328 431
103 361 464
113 35 656
169 412 240
329 264 420
492 16 365
1 421 741
363 123 471
223 389 730
72 265 32
453 417 114
137 250 727
288 275 331
218 337 642
225 425 498
379 67 602
238 73 659
207 257 728
457 371 260
283 107 570
97 413 47
317 367 513
469 165 556
352 164 190
49 143 242
413 479 998
203 214 191
29 159 149
265 507 395
386 526 586
231 317 852
495 451 171
250 84 462
434 38 538
171 267 887
63 19 328
119 64 387
341 178 28
397 317 259
104 69 787
125 165 1
190 311 78
228 163 855
13 107 513
91 73 25
64 238 168
433 297 795
51 299 970
71 471 98
91 43 788
419 238 896
196 229 348
521 148 223
313 419 717
16 130 957
49 216 344
203 526 544
485 85 317
16 443 4
323 433 31
414 307 862
163 214 615
237 352 176
145 142 852
165 341 791
176 415 455
397 367 382
338 357 254
291 165 964
461 81 507
117 407 401
147 283 13
422 528 192
19 211 411
193 203 586
84 105 769
521 23 990
47 74 836
17 59 803
433 352 801
1 369 363
169 313 732
79 241 798
9 433 584
283 114 272
1 16 569
154 529 610
411 489 147
89 376 674
111 247 830
113 502 219
117 197 773
523 43 556
391 534 544
229 7 63
77 99 66
181 171 857
246 43 148
24 176 588
151 199 920
207 296 685
358 397 443
344 502 495
259 328 417
505 31 750
516 341 943
397 457 825
289 150 189
36 133 396
76 108 387
169 185 546
61 153 277
496 427 159
314 190 696
393 479 804
262 500 9
169 493 245
457 486 163
37 481 485
163 521 945
315 517 842
124 513 148
397 325 245
240 450 396
488 522 662
3 114 68
391 104 674
64 485 574
9 397 629
177 211 957
53 283 736
115 335 889
28 459 120
475 462 382
309 283 150
287 83 423
9 241 653
241 519 990
69 359 873
475 305 123
229 195 443
329 346 471
53 199 326
47 179 734
463 217 720
221 523 224
166 265 534
245 413 13
34 58 228
320 219 499
43 207 829
394 19 241
211 301 794
19 503 291
148 380 273
327 351 579
9 416 395
262 461 788
522 339 457
299 441 292
277 295 609
268 526 629
41 141 836
103 470 377
223 383 866
47 257 780
31 36 255
323 391 611
229 79 410
502 457 274
447 311 810
433 103 576
519 264 362
299 499 641
259 417 729
1 490 669
319 249 814
137 55 266
55 511 390
66 92 641
433 155 333
337 97 484
517 283 175
466 84 693
529 343 803
433 333 686
399 111 274
517 179 655
191 345 4
9 437 212
443 448 135
398 517 293
499 526 829
193 359 317
472 185 682
467 163 257
214 507 554
343 511 994
217 517 981
318 220 718
229 391 60
255 527 926
103 299 501
223 309 211
