385 2030 183
199 21 139
22 83 373
366 218 902
21 320 406
352 326 765
239 169 139
91 296 976
21 63 144
7 34 427
212 376 245
232 60 220
121 151 213
86 127 364
41 290 382
286 281 834
169 316 686
380 89 819
159 16 925
142 328 884
204 227 304
238 32 264
26 68 882
72 218 567
106 216 293
1 336 62
183 190 534
228 286 437
26 42 323
225 316 728
43 92 276
136 31 985
159 178 373
194 278 439
19 361 711
140 160 496
46 145 808
325 12 955
177 155 517
221 91 574
281 62 418
35 87 602
292 92 116
326 8 246
225 146 730
262 256 476
155 40 690
111 359 55
231 62 354
54 260 527
263 65 557
380 253 47
123 191 651
113 95 671
51 1 453
316 85 52
135 111 512
356 78 598
60 274 745
246 111 175
254 30 509
101 353 417
91 86 102
218 41 897
328 161 227
288 320 814
91 175 672
154 169 688
129 155 29
366 80 856
345 369 265
331 121 555
339 183 61
216 1 120
91 95 617
177 230 410
109 103 758
159 181 286
11 18 217
306 331 677
184 304 649
246 250 863
308 191 774
106 1 46
53 121 725
133 84 189
336 288 820
265 21 769
227 3 172
59 115 379
336 31 504
320 32 419
124 242 727
33 169 366
236 243 92
235 82 501
365 1 457
366 197 692
14 36 217
1 345 838
31 122 237
12 50 212
282 134 398
314 82 128
376 370 697
322 166 355
167 258 874
348 175 580
351 69 941
353 340 112
148 281 265
73 316 41
247 336 797
131 287 399
14 242 115
251 31 507
246 378 898
254 262 953
155 126 824
177 13 444
281 12 354
83 169 420
335 276 16
205 15 803
43 302 324
183 341 779
43 191 876
36 166 155
234 309 245
101 177 785
329 256 466
107 261 838
148 229 5
384 216 551
330 196 585
384 276 531
157 319 857
361 101 963
212 81 170
91 305 157
221 151 329
363 21 48
171 296 794
20 331 519
199 262 933
236 266 983
133 56 279
246 296 589
134 6 945
231 78 882
351 84 963
64 96 831
327 59 40
234 226 17
260 178 644
96 236 492
151 307 55
23 164 645
36 96 741
371 266 247
189 207 675
275 231 82
335 238 696
371 113 112
51 235 316
21 25 181
258 15 153
275 335 37
43 111 980
113 155 881
65 230 946
241 64 70
330 15 380
209 34 974
91 111 419
317 89 516
211 34 94
31 71 749
55 133 119
42 281 980
171 216 53
274 166 672
99 279 393
211 257 717
88 151 124
67 211 747
43 309 905
45 23 183
121 69 80
345 363 733
316 34 631
109 229 194
41 75 742
384 316 858
42 242 337
177 196 613
176 325 555
246 124 190
353 133 85
368 372 945
238 151 410
276 158 326
299 27 798
154 202 782
218 194 958
31 148 548
75 146 412
159 123 465
232 82 227
131 223 110
8 141 646
292 151 900
71 295 810
124 361 805
34 22 923
246 26 920
30 32 400
224 78 469
1 87 473
15 11 103
5 287 966
316 223 592
11 19 147
24 366 449
286 319 342
102 64 665
314 35 978
70 128 826
9 264 517
202 141 449
100 364 19
221 210 591
78 208 397
101 336 798
120 370 477
56 320 287
225 331 332
71 169 212
295 106 701
315 246 833
313 365 184
79 377 761
240 352 25
95 127 99
364 281 213
89 188 540
36 241 22
91 298 287
117 382 573
212 134 324
101 106 178
80 90 11
273 250 685
266 141 554
277 141 543
267 149 493
276 315 282
246 267 340
10 57 364
175 121 770
14 143 400
301 199 609
81 148 250
119 129 338
300 17 97
144 376 77
127 298 892
112 267 109
258 187 178
166 115 188
29 30 870
37 49 117
254 376 722
274 229 676
244 107 580
163 376 862
64 359 665
369 333 921
22 110 811
273 121 701
161 37 253
22 351 731
377 375 7
285 141 199
40 364 617
111 235 731
320 328 732
127 358 837
266 324 272
246 100 998
295 298 394
172 272 992
120 381 810
23 24 103
7 200 730
121 385 583
131 249 573
101 381 226
92 58 108
170 330 305
188 138 580
98 152 478
341 46 160
305 284 846
65 153 506
99 75 114
221 321 788
176 1 1000
263 113 975
319 367 770
362 36 72
11 185 70
270 300 955
1 266 394
209 221 103
228 275 486
55 180 547
307 199 18
374 190 284
28 88 28
8 232 930
367 81 37
269 337 127
276 324 571
311 229 760
236 8 147
41 199 67
196 95 751
316 53 793
115 106 587
308 304 346
3 22 460
112 243 24
139 184 867
92 111 467
331 101 580
307 182 106
67 94 612
354 109 285
316 69 860
169 237 356
170 171 693
216 60 239
104 339 340
284 118 101
1 13 296
166 331 764
226 100 226
76 240 667
276 12 89
20 137 422
101 169 640
190 276 779
247 204 137
265 141 774
376 267 119
127 274 667
31 161 733
8 68 525
86 35 302
78 325 635
131 189 784
91 149 982
316 92 694
209 234 406
95 241 921
193 221 344
192 32 909
117 122 1000
265 309 991
361 353 862
259 365 318
216 84 432
379 158 76
241 119 405
155 339 482
382 231 20
201 24 702
203 198 447
1 46 304
105 246 574
267 296 400
300 265 29
17 43 280
1 44 250
65 100 257
89 132 705
156 291 776
309 78 356
264 359 641
306 66 23
92 342 725
280 106 878
331 176 723
316 1 551
115 198 656
302 84 27
307 344 986
121 241 1
113 32 457
8 17 570
90 380 350
351 196 467
311 353 780
196 197 229
106 36 85
121 106 317
71 374 503
210 94 947
56 240 159
365 321 762
218 56 134
344 260 273
181 312 189
302 175 640
286 315 585
149 201 679
153 206 639
139 286 447
198 309 216
85 51 57
155 344 426
142 192 139
249 34 541
191 327 210
238 100 591
100 259 742
122 333 528
312 151 595
11 140 191
221 2 303
49 334 875
365 16 105
7 226 73
157 58 204
60 346 186
344 126 181
161 193 669
197 372 381
264 181 439
176 375 21
323 218 492
114 64 478
49 141 662
133 376 175
380 177 475
66 230 450
44 286 226
331 1 307
56 352 806
36 60 681
81 308 643
21 44 408
385 28 429
42 1 104
50 66 301
187 288 226
246 351 855
89 167 401
41 353 20
52 234 222
131 213 446
23 242 772
383 375 850
353 33 802
64 354 822
164 71 331
340 13 6
379 361 129
1 6 558
12 170 658
99 34 357
147 200 291
320 221 813
91 366 518
330 162 368
81 106 95
280 364 58
56 151 310
26 225 902
85 321 285
231 255 561
118 207 244
241 325 793
57 383 451
281 301 770
358 42 808
126 16 589
61 111 426
8 371 266
246 334 531
1 231 378
11 20 429
344 23 440
2 91 585
309 110 98
20 293 761
67 106 542
301 177 267
212 267 241
214 61 319
353 166 263
81 137 863
258 317 356
105 212 710
3 56 509
332 78 963
67 283 259
7 41 257
7 58 519
213 269 724
81 221 345
50 155 666
182 254 990
246 122 132
212 241 933
2 12 637
366 276 350
221 234 796
224 105 20
168 372 216
358 331 853
281 163 289
32 260 375
90 325 141
28 84 647
138 379 578
134 211 365
296 243 991
21 124 459
319 1 582
76 282 423
23 154 402
215 306 76
87 6 372
83 86 567
214 267 137
328 136 252
303 341 50
242 356 876
169 232 290
169 241 221
156 126 855
275 351 318
211 247 412
310 223 459
226 331 495
36 302 860
1 315 821
105 309 852
328 308 270
189 357 239
171 162 909
28 210 928
51 152 990
321 302 317
144 106 691
94 64 318
51 230 240
28 352 430
297 261 407
157 154 80
325 353 7
111 295 616
58 265 439
309 96 71
292 366 212
233 316 151
34 51 338
105 189 995
24 353 171
346 216 290
41 36 230
139 254 308
281 34 522
10 48 616
379 152 390
321 253 617
231 135 640
64 164 905
78 29 265
232 286 740
51 236 86
291 50 923
309 48 724
103 144 85
86 323 105
28 298 42
342 285 818
373 292 488
141 205 718
127 216 104
289 28 828
173 6 193
307 353 425
45 189 415
133 364 894
351 292 102
229 313 70
298 56 300
65 89 986
60 12 971
359 155 876
53 69 105
379 235 517
311 275 704
263 376 199
12 248 63
111 8 374
276 254 391
189 169 30
15 328 927
186 235 637
116 25 260
281 149 759
80 109 780
123 297 786
358 333 197
321 133 262
61 79 918
57 129 665
232 372 974
211 343 815
52 45 226
211 114 983
1 2 868
121 139 879
8 193 946
161 185 639
196 381 805
260 316 288
191 311 238
292 131 658
177 66 696
181 156 869
127 197 454
12 19 1000
27 211 116
334 174 19
9 16 516
61 69 44
139 384 992
9 34 284
37 111 319
94 372 11
247 169 439
251 64 459
127 26 551
36 54 127
358 64 420
302 124 244
86 278 844
34 89 785
169 347 372
303 141 991
138 347 670
211 221 502
83 365 456
354 241 565
36 115 867
220 337 951
237 343 598
372 212 865
25 264 221
1 126 840
226 265 965
31 1 12
2 4 3
104 362 934
93 277 32
39 191 767
353 76 864
219 1 986
92 360 911
58 68 178
4 5 4
245 131 869
302 171 84
155 46 13
93 100 5
348 11 685
155 188 191
316 336 991
366 256 252
155 166 135
34 260 60
311 113 361
140 274 339
138 142 927
3 51 588
82 154 838
372 96 367
364 166 514
281 10 680
29 55 454
372 183 534
232 219 921
52 290 855
138 322 324
251 84 947
51 53 977
232 184 719
134 208 888
375 269 26
6 47 692
25 320 922
71 58 645
336 92 436
287 291 97
273 155 783
125 338 903
31 325 945
160 43 303
169 289 228
1 14 598
360 76 103
82 138 77
183 306 197
223 1 696
154 75 168
287 7 703
141 122 179
326 281 208
166 211 164
56 177 417
161 29 28
360 231 367
133 12 496
49 123 201
172 28 726
239 80 977
88 109 16
210 71 198
64 46 229
23 41 482
46 287 951
106 154 562
311 268 78
188 271 771
361 254 600
340 380 988
63 85 909
290 336 268
25 91 203
36 294 731
134 283 531
356 315 318
12 51 892
55 102 382
45 343 725
308 11 425
34 71 123
186 318 180
200 141 422
211 176 340
92 281 512
10 91 159
199 221 406
24 301 570
348 168 456
113 232 880
93 303 217
266 315 303
381 197 468
241 150 69
322 343 393
27 301 304
112 29 622
299 309 900
226 225 715
5 21 802
351 332 14
162 113 242
381 169 612
383 52 903
339 222 646
281 1 627
70 26 378
18 29 560
63 365 642
97 276 225
228 329 365
368 246 631
155 356 201
34 193 619
56 76 793
1 154 57
280 195 192
173 139 640
243 113 355
52 139 687
153 250 792
353 159 70
249 367 250
116 336 788
116 11 93
87 281 469
36 126 823
46 49 768
351 121 52
194 238 917
64 122 448
13 225 138
268 253 725
358 91 965
179 185 825
31 174 260
233 301 167
50 141 553
78 271 334
96 141 887
12 101 909
348 145 190
191 339 621
261 284 56
210 329 431
135 90 182
366 116 51
104 194 339
131 302 517
347 274 170
232 224 198
320 231 998
27 365 918
199 322 787
17 27 26
226 254 75
189 100 213
311 243 683
298 302 913
130 11 941
61 157 284
260 85 731
158 313 176
336 323 336
78 213 314
360 287 669
146 196 262
260 363 446
221 21 695
365 69 978
116 298 239
56 156 21
171 225 782
15 211 265
302 310 776
233 122 96
321 15 872
170 111 940
320 88 232
266 46 319
267 61 333
59 146 464
137 214 40
36 82 438
192 244 275
3 8 951
260 136 30
21 62 963
120 261 680
78 287 403
83 156 837
13 356 548
197 248 395
267 220 365
60 120 78
126 68 109
310 10 890
50 290 271
183 199 418
218 125 225
113 158 187
238 341 277
218 6 220
385 355 839
156 155 877
37 54 843
21 51 897
17 332 804
13 80 616
71 124 870
193 162 656
331 76 290
256 249 17
45 364 643
287 218 768
180 166 599
274 163 337
208 382 392
66 72 26
58 243 408
61 133 879
211 216 728
3 35 553
123 186 971
381 326 491
46 36 750
384 64 613
59 210 327
1 371 95
113 202 97
38 376 571
161 44 18
36 296 633
309 368 731
251 183 680
40 121 375
361 248 346
330 301 727
88 355 830
281 361 889
264 39 786
382 291 856
78 47 925
120 86 698
345 374 474
4 306 236
227 330 48
96 81 730
61 363 610
106 134 845
188 191 60
13 23 520
287 238 724
149 34 161
331 297 798
193 301 247
325 169 709
56 79 721
256 45 523
99 209 15
36 286 102
243 28 876
161 267 778
43 159 900
247 148 54
74 206 529
151 375 308
330 310 818
35 267 868
47 64 124
372 265 204
274 272 717
61 206 533
251 196 685
279 378 920
333 357 148
176 65 145
1 182 174
64 356 329
288 249 735
65 373 629
1 360 949
51 70 460
127 147 567
260 194 663
336 252 612
43 342 91
36 345 70
129 342 219
7 40 21
172 64 832
346 343 355
166 86 617
69 225 747
198 314 878
99 181 605
339 276 501
81 134 765
380 1 71
276 8 514
99 232 656
37 224 647
312 78 427
142 228 309
21 204 44
129 35 55
253 320 805
140 166 400
174 342 1000
133 319 800
246 365 841
152 217 175
260 81 963
83 208 253
183 147 835
89 222 975
198 324 674
182 309 399
180 31 731
67 260 789
341 100 222
4 302 299
153 169 842
122 172 685
186 256 874
21 15 252
361 232 492
303 36 522
154 346 59
283 22 438
102 31 218
44 276 965
319 360 453
328 58 316
6 106 692
136 331 343
68 346 534
286 122 567
61 6 24
170 113 369
318 1 538
281 103 859
166 276 594
272 12 266
295 173 210
356 61 210
211 19 74
382 67 322
234 12 264
69 161 244
244 194 800
199 32 410
246 35 950
220 353 109
62 276 139
305 50 499
51 176 640
371 142 340
37 114 21
218 261 695
39 177 841
131 309 455
263 15 279
199 343 830
302 335 534
177 261 556
96 193 969
111 9 155
330 309 252
4 31 729
269 81 303
4 265 129
72 222 794
379 236 503
264 260 381
133 62 883
118 280 1
57 348 178
232 288 349
37 82 346
66 58 475
246 384 276
374 176 161
145 366 596
273 351 664
281 193 913
252 211 590
356 267 449
6 167 213
298 106 368
275 358 647
337 375 825
49 337 993
46 259 629
123 81 68
184 306 924
291 251 706
53 256 202
102 253 12
155 283 733
282 122 474
364 105 955
151 331 650
173 50 908
317 151 330
39 56 292
109 265 776
252 147 555
49 344 997
329 181 425
145 246 112
166 197 940
320 299 878
93 165 31
61 168 457
103 206 666
86 71 659
41 243 78
88 64 342
309 17 341
43 63 423
323 11 97
41 105 336
39 119 272
57 190 693
145 197 679
265 161 675
29 369 217
102 78 304
127 256 489
11 21 355
211 306 725
341 101 511
18 347 565
353 316 352
64 56 91
54 183 241
148 142 191
32 4 133
309 266 467
51 326 890
321 246 122
126 191 96
221 156 152
1 92 576
191 351 451
51 238 113
22 78 594
56 186 261
133 381 879
85 162 824
156 106 138
71 351 630
314 174 695
170 309 832
208 252 48
23 365 148
127 181 230
136 226 477
351 127 837
182 161 197
87 44 65
289 161 314
243 373 434
49 8 705
169 242 787
175 178 979
241 127 220
269 263 155
116 106 570
359 75 588
77 11 462
203 1 404
125 60 348
292 112 316
300 258 188
90 301 203
7 26 882
315 357 336
159 133 12
206 239 827
176 306 493
342 368 746
65 351 960
1 30 727
65 86 738
341 71 663
1 118 824
379 122 597
379 336 814
166 246 128
79 174 67
348 356 786
245 36 979
263 118 985
341 78 819
76 215 427
239 337 754
342 136 382
142 227 991
64 29 228
258 65 208
274 346 58
231 38 38
131 243 295
81 100 87
22 92 70
308 253 410
122 27 924
294 84 80
320 34 114
110 125 206
222 332 744
190 117 9
286 371 100
47 100 81
287 151 135
220 188 205
281 41 135
372 253 926
31 276 313
37 55 868
169 155 565
350 232 347
364 253 1
101 232 688
120 299 248
267 46 496
211 90 81
37 142 505
308 302 693
290 67 259
51 107 148
197 207 289
73 94 242
225 50 349
166 198 348
196 178 230
131 376 933
326 286 334
66 316 435
71 381 205
291 23 214
211 270 120
202 375 432
379 54 419
7 9 159
50 300 935
78 8 810
309 287 484
4 94 338
45 169 337
36 348 597
275 55 737
181 341 7
127 6 273
160 372 303
381 239 58
384 232 761
384 162 736
237 236 103
1 337 985
3 312 326
109 251 33
172 104 137
82 164 402
190 137 620
359 132 207
89 122 382
366 114 574
275 199 765
257 385 636
56 227 965
11 61 823
210 281 188
165 281 355
7 31 340
5 37 620
135 204 476
326 122 110
100 31 238
122 375 368
363 275 143
267 282 695
73 121 781
381 315 670
102 172 952
32 291 596
155 200 688
196 186 356
33 71 965
142 354 467
26 302 957
326 245 46
269 219 974
151 93 481
125 38 945
62 182 544
311 85 452
134 174 78
41 246 245
26 196 823
288 365 705
211 346 146
71 271 272
201 321 908
125 92 365
361 243 166
366 252 952
153 182 419
331 186 887
88 366 348
3 78 434
249 219 56
200 301 201
141 296 296
55 104 231
338 271 824
78 240 180
9 11 226
111 18 678
19 91 259
276 286 83
101 308 274
316 36 141
29 367 447
56 312 614
197 26 924
333 227 854
78 186 117
104 225 781
29 33 85
105 144 818
137 170 586
336 56 175
239 141 850
94 34 648
18 77 838
45 72 860
81 241 466
203 22 779
263 235 525
36 375 509
32 263 553
51 319 948
32 233 154
20 291 945
206 332 92
193 287 342
77 131 262
136 176 755
54 107 227
327 296 331
368 232 850
166 104 116
162 214 396
131 199 184
299 1 852
147 259 503
172 309 841
41 181 679
197 339 930
243 285 430
136 248 8
145 317 12
68 307 379
219 285 877
109 337 890
281 356 912
54 168 400
327 185 566
41 294 823
354 265 365
109 116 557
132 257 737
241 136 779
211 117 857
151 159 674
356 35 588
36 365 690
298 1 541
375 152 953
107 255 18
146 229 820
127 22 233
309 216 617
3 270 850
97 204 731
212 127 646
109 176 830
45 101 180
321 56 867
209 286 764
165 181 199
259 281 5
104 358 284
21 84 769
32 336 624
342 155 795
151 23 567
370 274 419
375 100 783
37 195 157
342 243 462
41 81 287
243 221 39
134 359 253
103 209 240
41 342 774
47 90 34
103 336 127
124 57 353
27 187 287
343 110 772
58 225 594
217 367 382
96 378 503
276 307 455
163 244 850
16 221 832
234 25 117
342 214 860
121 247 463
253 51 794
364 336 986
321 375 545
204 342 890
101 365 3
314 130 64
214 207 650
78 190 193
25 74 336
204 268 51
381 116 588
343 95 90
334 194 264
267 19 151
46 205 400
13 219 16
113 70 307
183 265 840
125 239 59
23 47 338
68 337 3
321 8 69
16 55 501
240 349 389
9 181 447
126 227 790
226 66 664
235 311 463
188 66 908
13 103 220
111 250 323
37 177 453
21 144 568
344 221 751
233 273 994
31 34 254
93 190 914
106 193 900
10 93 691
221 177 618
258 228 807
17 45 226
284 34 816
45 34 603
21 99 767
240 218 595
188 384 976
284 57 267
145 277 503
221 375 728
121 36 980
1 33 779
26 94 215
321 23 407
76 75 827
147 372 588
181 330 704
381 91 275
231 31 953
354 362 818
151 61 824
6 324 609
272 74 511
309 144 533
336 47 295
24 197 1000
202 252 982
212 71 44
385 56 422
341 371 316
131 111 888
159 200 898
24 258 749
236 40 888
181 100 880
187 220 715
12 176 164
139 381 288
10 341 10
303 89 530
27 352 512
111 217 642
129 221 432
155 292 789
366 186 222
160 326 855
316 382 344
355 105 662
218 351 1000
84 85 671
15 199 434
351 346 824
359 383 102
166 57 969
307 333 616
206 294 366
235 26 233
197 260 201
56 96 348
279 1 991
64 108 588
181 7 378
64 104 288
27 52 140
348 291 86
270 355 515
258 295 596
57 173 224
1 56 305
336 58 930
288 302 651
133 173 607
155 28 171
94 286 318
217 55 461
133 320 488
176 169 913
4 273 994
5 203 553
21 194 357
233 252 336
68 118 220
93 29 627
211 240 171
223 301 920
19 48 15
96 92 743
46 142 897
223 171 799
78 320 356
228 211 339
47 109 605
110 310 129
327 276 186
201 224 845
331 18 734
1 7 899
77 112 118
130 226 186
50 210 714
173 264 697
76 193 254
63 45 953
24 350 585
123 190 475
11 45 23
155 135 514
42 124 778
20 327 833
103 89 440
19 28 860
82 358 706
199 73 871
172 338 698
160 181 459
17 161 331
330 100 113
218 91 494
37 77 899
71 309 351
26 256 565
74 77 997
52 98 606
339 111 179
209 311 417
379 365 869
109 50 417
151 95 353
226 56 423
85 258 235
336 141 280
281 328 546
53 155 501
267 44 21
63 316 878
33 116 830
205 253 574
215 41 554
210 197 448
227 116 342
27 65 184
166 106 838
55 113 578
309 15 20
37 307 920
339 23 411
66 150 261
147 370 558
66 335 170
356 141 186
8 337 997
15 35 236
373 71 261
385 21 189
83 54 210
265 282 786
213 155 483
331 267 589
280 352 772
83 316 947
36 2 51
11 199 939
298 383 913
360 73 864
243 340 536
342 146 28
331 8 293
384 24 989
242 321 775
246 186 242
133 328 525
90 73 643
276 323 824
8 186 865
144 1 925
157 111 892
118 298 953
24 294 195
11 87 773
66 326 886
21 132 239
174 188 900
380 163 859
211 192 339
1 78 771
99 64 526
218 291 615
334 156 281
236 310 12
194 204 538
101 78 581
29 266 752
353 113 334
321 101 833
218 310 527
24 225 593
379 161 277
381 176 97
51 336 972
304 225 992
320 50 542
109 346 947
16 6 413
82 351 928
364 89 265
163 288 230
195 246 28
188 344 195
49 256 598
110 1 419
141 166 138
157 247 130
41 132 122
379 266 477
326 291 212
312 374 731
166 326 137
221 253 134
357 222 692
122 374 300
243 317 346
254 278 941
384 149 423
339 241 281
325 32 975
152 323 50
276 21 969
32 56 440
12 102 854
130 210 88
203 180 594
18 136 48
81 145 493
55 279 60
56 369 186
379 254 223
110 236 679
174 338 672
1 3 917
20 48 87
111 291 639
369 150 982
311 33 909
72 199 889
246 1 279
8 34 790
160 196 688
67 314 762
285 276 556
133 135 671
174 301 719
362 111 260
267 29 483
71 326 52
290 6 782
48 179 331
58 141 837
89 276 255
244 86 495
59 234 892
235 275 57
168 312 886
116 122 746
4 38 649
382 161 405
137 163 505
82 88 325
309 109 336
380 237 892
37 242 962
303 1 531
30 146 2
383 177 14
59 384 316
323 183 42
335 220 538
211 348 825
42 253 742
32 158 827
316 191 64
1 291 381
195 5 325
3 362 379
342 165 360
78 112 79
191 1 158
279 348 48
40 96 980
121 304 937
1 15 646
269 235 763
359 36 217
347 287 327
201 311 413
141 90 921
214 64 568
250 316 209
364 34 736
309 255 718
197 176 855
31 329 386
48 27 901
163 136 712
382 376 661
43 13 820
115 377 383
351 194 900
4 196 240
103 167 533
236 212 268
340 358 75
111 119 551
327 383 123
343 330 817
259 176 764
232 203 579
172 362 444
297 170 577
107 267 520
338 166 585
199 209 450
372 376 950
301 292 842
77 107 467
110 134 765
341 289 617
113 339 517
176 144 859
257 268 993
239 31 739
276 1 656
58 39 151
1 221 301
11 39 324
15 207 212
287 12 60
86 309 310
128 191 676
220 97 254
239 369 933
22 364 829
295 344 333
253 303 782
96 191 418
150 284 449
132 261 397
79 172 369
201 313 678
142 276 545
176 294 657
207 204 400
176 111 787
12 271 706
93 106 425
130 270 203
326 359 471
212 310 128
301 158 481
89 375 838
77 85 857
214 213 3
180 126 30
65 379 840
318 176 377
270 143 431
344 130 94
149 186 688
166 273 482
341 188 891
266 125 219
260 211 280
321 216 339
218 239 798
136 11 936
2 10 208
124 285 139
314 265 179
35 120 849
375 297 97
57 162 200
127 366 4
348 249 778
22 130 799
288 75 507
225 56 191
148 212 863
62 64 726
5 350 843
141 94 826
351 56 17
363 95 97
276 205 179
123 31 637
75 261 658
1 156 376
295 163 464
1 22 228
323 296 107
7 263 701
27 260 489
1 237 128
223 274 570
61 72 559
83 99 963
309 231 180
86 34 105
31 184 516
3 375 472
166 195 295
106 332 485
372 217 256
365 60 468
128 106 103
26 245 353
222 279 731
366 295 947
263 220 548
155 101 585
199 296 697
220 123 977
111 48 930
194 358 271
302 383 410
116 258 721
376 45 454
172 381 202
21 342 775
33 73 126
236 45 799
41 286 290
56 146 720
232 133 922
1 35 742
370 262 814
46 170 81
115 291 88
12 316 373
71 233 900
65 192 778
89 138 456
348 353 929
328 122 152
181 192 562
304 177 587
111 271 776
23 232 822
310 340 119
67 335 592
122 26 576
193 58 443
339 29 806
130 197 47
245 353 163
141 156 317
331 12 801
324 371 664
243 122 167
176 221 773
327 176 956
375 246 860
4 316 910
169 174 602
56 65 122
281 8 906
210 36 611
96 101 570
96 122 240
275 191 780
33 215 430
19 67 411
1 101 969
110 344 410
379 296 374
162 184 224
301 257 136
306 147 443
211 293 616
192 321 662
117 78 792
176 234 205
31 106 231
316 287 822
307 21 153
55 8 10
292 1 907
69 116 262
311 144 201
251 290 467
114 258 644
85 349 12
358 321 243
265 254 942
323 353 978
135 364 33
126 198 187
274 1 847
116 34 768
250 282 988
96 78 838
47 380 886
8 132 58
1 244 761
252 316 974
56 287 935
133 152 78
375 348 610
188 101 506
23 341 702
264 369 871
97 123 375
243 246 484
166 171 833
252 243 624
22 246 637
218 66 240
229 247 604
97 171 200
124 366 243
383 282 445
88 146 871
141 31 912
280 82 92
133 304 367
364 49 429
303 122 82
12 257 601
102 103 104
281 271 432
10 136 402
226 303 749
250 305 80
265 291 34
277 363 625
341 21 104
240 8 580
72 351 912
304 219 643
35 66 749
155 111 605
155 216 814
133 206 445
9 245 500
203 146 836
62 175 804
160 221 23
29 176 335
80 152 979
34 125 347
119 338 734
375 111 431
304 351 276
359 221 900
330 291 152
314 19 718
383 281 464
85 98 161
295 329 954
185 297 361
2 287 966
115 281 628
252 126 859
166 116 65
265 91 582
65 321 634
281 76 152
327 113 624
105 208 485
1 104 506
346 89 830
28 97 609
270 101 774
70 299 9
67 181 899
153 225 603
17 356 395
51 37 726
265 155 852
49 71 893
21 59 686
264 278 539
246 155 860
181 246 25
65 382 342
69 250 858
1 11 702
120 342 126
43 206 79
298 336 758
283 341 983
198 73 395
225 12 773
22 163 685
105 344 643
376 146 679
103 117 362
36 66 876
212 235 316
