791 7999 19
340 230 763
98 564 308
246 232 67
740 190 808
502 699 443
209 556 711
295 85 630
106 582 489
689 677 223
747 697 112
137 231 599
309 694 917
749 556 400
570 214 815
428 341 953
408 253 970
229 393 391
517 566 905
82 673 932
553 679 937
782 224 802
421 356 661
255 257 928
410 435 474
85 636 671
241 129 442
333 411 935
17 29 874
681 422 794
96 274 341
327 133 725
418 638 169
759 104 537
446 260 377
43 638 396
205 59 103
353 690 39
589 627 505
41 738 459
377 410 510
329 72 215
259 679 239
234 119 106
296 765 117
676 694 462
627 677 149
57 348 833
220 531 314
403 669 482
73 381 32
586 66 60
453 554 914
641 402 112
771 685 25
659 560 909
245 496 445
17 44 591
109 365 452
307 383 797
50 699 993
430 172 146
523 220 675
739 268 3
657 757 134
227 42 322
321 246 740
673 660 853
183 287 988
50 753 949
754 254 92
115 422 701
640 487 919
628 86 161
219 113 149
347 149 339
532 316 920
129 759 368
7 157 4
218 704 9
116 131 211
525 737 594
43 593 48
765 368 658
243 76 77
602 203 76
190 328 786
780 415 618
288 162 487
780 92 541
108 620 640
715 647 328
119 669 516
437 334 61
724 422 996
507 224 300
456 526 105
438 361 898
499 132 311
599 1 942
161 785 193
325 675 238
680 339 530
39 150 429
31 120 746
610 507 222
630 93 606
27 656 253
379 508 719
323 315 189
732 333 413
92 415 624
435 218 480
327 361 523
780 424 819
422 606 374
474 118 733
246 138 25
777 595 206
306 13 517
519 297 458
92 703 198
8 508 222
722 680 120
373 596 914
229 242 375
408 698 41
227 50 651
477 197 228
334 502 74
435 12 913
729 712 454
282 323 603
41 509 499
586 393 285
611 405 499
540 28 677
689 451 590
609 531 283
208 625 79
602 79 61
252 542 526
600 179 818
146 329 603
441 389 596
75 554 94
281 270 119
415 781 137
612 683 345
18 37 818
200 519 951
44 1 853
664 419 872
621 783 271
367 236 325
252 714 47
130 530 815
381 380 457
181 147 956
510 159 873
99 362 306
123 494 692
361 218 270
735 38 457
651 114 260
589 680 860
457 146 228
568 757 545
255 290 54
758 657 490
316 486 758
473 463 333
590 206 653
485 587 516
485 179 68
658 561 653
89 195 689
36 54 164
582 670 629
487 101 156
599 636 533
531 727 849
33 246 98
764 524 652
143 564 899
174 632 499
624 379 981
641 205 264
27 716 1
790 433 208
787 289 292
601 751 561
662 64 799
521 140 623
330 162 16
736 616 303
81 477 360
13 702 978
489 493 636
716 547 986
434 718 875
506 1 177
784 218 515
148 649 811
130 687 357
537 212 822
123 400 416
529 127 261
124 445 547
560 343 620
687 769 934
721 372 924
397 127 71
288 374 39
744 568 127
456 773 721
30 708 365
482 500 653
270 791 126
163 764 209
305 144 413
248 615 56
239 463 5
191 553 94
209 258 821
374 650 771
651 8 691
409 747 623
426 386 257
14 49 42
463 122 194
224 739 19
295 413 794
99 112 936
36 451 947
208 764 590
583 723 189
264 177 642
626 608 523
33 393 696
736 31 614
114 173 381
193 395 527
608 669 212
723 371 892
759 378 844
106 655 924
429 113 651
145 134 753
724 172 535
129 12 605
575 791 600
715 406 147
283 237 966
25 227 460
404 205 631
59 189 145
42 770 71
384 507 740
204 13 331
221 417 462
122 527 771
49 444 991
271 784 625
22 188 124
217 583 86
364 752 349
466 74 29
666 270 324
120 440 702
83 91 456
62 295 8
745 257 989
339 596 399
758 626 807
608 498 75
679 255 85
445 538 248
433 147 783
35 701 811
729 8 203
694 760 978
363 463 168
295 70 436
369 772 455
443 477 430
112 187 426
530 750 113
667 1 199
208 342 490
285 57 514
2 34 621
449 463 640
385 449 417
23 261 524
235 570 564
20 124 829
397 102 976
451 765 925
679 148 769
393 540 93
227 194 263
416 389 687
638 670 28
135 121 429
470 380 655
160 150 78
414 332 849
600 655 892
364 35 769
691 416 403
638 769 353
433 367 508
550 232 847
385 20 472
386 218 997
323 247 744
358 369 473
652 296 79
605 103 262
414 294 66
686 169 23
160 633 273
487 621 969
565 365 615
522 113 763
439 481 696
385 46 379
379 125 535
444 523 985
344 135 785
644 265 729
124 164 982
717 156 114
746 505 95
491 122 369
206 308 346
570 85 162
709 495 552
694 148 149
98 645 716
648 483 454
180 259 891
318 439 209
708 315 121
676 229 37
786 143 80
261 720 845
160 558 581
181 276 650
328 26 2
437 734 581
247 297 487
309 263 701
578 238 179
178 428 133
597 456 364
183 467 121
540 659 815
207 203 393
102 202 520
83 535 525
137 360 944
264 456 113
246 469 634
220 405 577
481 768 967
96 304 425
27 53 809
309 86 963
27 430 347
436 58 873
149 558 113
423 520 884
731 659 758
113 192 95
564 756 150
486 343 475
399 54 459
672 164 823
222 690 685
235 402 50
665 316 183
517 543 355
382 350 860
744 51 583
120 316 305
576 754 150
143 154 24
758 100 337
393 670 596
573 530 712
463 199 720
681 741 39
438 726 326
659 137 404
446 117 848
505 398 505
780 647 993
47 477 371
385 679 542
698 393 135
610 330 485
263 37 200
689 470 795
116 100 169
721 52 921
529 354 504
30 267 357
28 88 121
362 540 987
714 274 55
165 677 934
297 164 290
208 754 16
365 475 648
590 254 236
52 695 759
335 452 626
514 484 340
302 683 885
320 514 788
243 404 161
11 725 220
421 384 727
621 182 1
576 555 757
449 44 367
208 316 578
43 397 282
749 486 272
716 258 162
364 713 926
103 677 784
213 708 897
90 499 591
157 186 634
412 472 950
367 304 707
270 386 715
413 464 164
421 522 962
216 162 943
513 20 948
87 337 362
294 500 519
243 603 304
116 378 309
137 548 325
32 55 353
582 231 25
133 476 305
729 169 394
468 13 380
266 309 37
582 282 585
603 10 790
773 16 915
341 400 973
291 276 48
424 92 938
728 538 823
236 731 307
409 682 537
638 396 999
642 267 48
349 763 419
704 454 787
167 1 653
785 313 400
316 90 845
687 53 785
203 320 646
356 526 20
482 70 517
104 330 187
773 149 158
335 202 420
723 348 252
154 731 965
475 350 493
514 632 517
610 303 292
590 417 925
661 246 156
208 107 553
381 119 159
441 509 256
574 300 813
492 617 317
496 580 615
639 263 775
501 789 194
364 238 574
123 474 9
715 534 14
74 162 455
122 344 96
369 237 793
10 460 810
260 189 35
527 101 225
237 414 472
431 280 552
537 654 537
88 104 347
402 556 801
169 274 741
339 462 668
153 545 204
378 484 475
719 180 26
781 662 762
400 173 437
355 106 123
341 661 365
376 484 931
476 721 276
259 440 866
182 636 462
22 85 357
406 636 777
185 176 229
465 92 156
611 41 771
146 610 513
368 183 696
644 116 894
709 134 643
380 50 129
32 241 668
386 442 965
717 500 119
234 569 659
89 396 132
519 262 637
729 669 226
593 1 27
787 596 796
360 193 858
301 403 394
340 336 614
231 70 993
98 131 683
498 420 809
91 363 328
21 331 119
157 22 69
342 433 634
314 721 50
369 719 904
478 318 215
782 533 638
694 549 892
1 3 269
473 684 80
785 618 249
430 519 151
221 717 88
761 70 257
295 218 570
572 722 378
113 442 600
666 570 837
413 370 398
504 369 470
703 736 774
517 620 442
599 601 756
461 624 172
563 378 409
35 670 71
639 741 995
54 181 926
639 65 230
488 512 906
300 778 968
294 389 438
14 150 789
1 758 762
440 602 339
442 141 909
679 369 426
15 642 306
49 80 531
282 607 293
486 662 95
198 518 721
547 120 364
132 764 525
58 322 317
549 645 967
680 606 897
693 365 107
756 513 48
263 50 292
247 101 522
724 113 955
435 107 754
51 56 150
601 700 831
284 772 931
554 37 452
88 139 189
216 322 285
599 288 944
520 71 21
736 643 450
73 457 230
493 343 46
470 211 546
294 628 453
120 512 273
96 365 416
456 205 991
257 616 309
495 440 565
591 538 641
7 14 973
302 309 528
718 291 10
355 120 209
40 453 916
227 421 666
225 118 944
675 773 609
346 136 381
22 105 477
592 361 300
307 232 944
757 471 834
664 23 725
259 217 807
701 59 479
571 261 645
598 673 307
373 708 236
624 40 7
398 183 602
489 385 849
172 678 242
346 526 461
244 511 711
761 511 428
234 724 823
79 23 665
540 561 565
662 605 579
211 64 925
371 355 628
12 20 74
787 37 237
108 716 235
30 365 305
659 185 829
685 689 781
373 772 685
155 408 210
477 182 873
642 78 823
372 472 695
717 455 798
192 709 181
36 369 912
278 516 699
536 167 24
338 250 612
63 435 798
148 260 975
430 538 982
81 199 620
778 361 418
525 435 307
628 116 25
168 475 511
643 596 259
788 475 529
668 569 283
15 195 517
428 176 252
449 43 453
271 197 979
527 443 478
367 564 862
364 680 245
123 533 447
297 75 402
786 317 517
642 676 751
13 235 266
134 697 702
171 639 38
135 595 824
428 8 407
141 287 371
234 554 238
328 750 177
450 362 807
432 29 885
733 523 319
742 652 784
266 717 270
580 252 125
323 93 255
650 468 384
491 457 109
11 39 79
363 482 795
315 370 89
593 623 428
652 773 627
128 225 245
64 73 649
213 112 448
497 274 168
333 376 700
257 631 402
134 326 801
86 556 390
428 135 862
672 762 430
294 696 167
194 328 957
776 760 116
46 340 965
757 192 197
382 453 384
602 542 10
535 349 566
4 727 97
193 40 902
696 355 805
252 187 104
15 305 800
105 354 574
468 372 238
372 126 89
56 563 117
521 514 455
725 593 169
137 290 356
420 565 787
518 407 78
273 281 256
577 65 665
579 605 823
480 750 35
67 232 327
237 409 222
253 26 62
487 476 953
8 340 584
13 58 665
791 31 329
192 695 628
30 293 327
427 436 549
715 204 119
85 709 607
322 387 318
668 602 850
578 97 198
271 545 7
219 377 475
457 181 531
110 150 36
454 190 831
557 430 26
444 456 692
253 113 485
94 591 584
550 8 793
651 550 341
537 463 582
212 308 459
631 378 766
127 729 314
197 505 920
355 751 877
316 476 602
56 555 381
43 787 459
175 422 658
286 619 235
603 651 57
140 519 206
220 162 614
288 678 226
157 6 164
533 763 662
369 604 834
758 504 32
190 641 668
771 265 441
704 619 450
645 59 828
1 636 817
688 595 971
700 225 165
129 606 59
308 715 123
247 15 678
106 85 317
97 276 364
228 785 210
140 73 564
347 95 768
93 251 35
554 54 63
469 467 589
236 488 397
711 306 666
239 118 708
610 464 750
525 312 478
99 103 144
2 630 860
537 307 276
464 562 721
638 278 649
707 239 555
583 288 840
449 545 263
399 412 804
95 508 315
386 247 193
745 730 387
283 541 645
371 344 870
86 146 130
624 513 253
564 200 560
785 223 965
102 3 193
245 681 413
340 591 856
645 423 285
301 199 14
768 201 407
213 106 105
473 31 33
321 631 709
788 566 205
445 609 939
84 790 191
427 306 227
284 33 792
158 201 425
290 462 989
508 240 55
64 75 660
83 150 712
598 523 622
722 746 203
302 467 500
237 20 67
550 679 742
684 492 847
238 185 882
29 694 987
595 397 755
619 701 567
363 615 177
430 499 532
52 715 459
756 25 559
485 411 536
249 388 526
435 485 45
133 149 746
232 227 184
774 547 801
685 739 6
467 507 193
449 240 817
259 156 123
353 183 971
365 776 710
726 481 386
791 340 972
374 585 10
1 6 86
59 294 47
396 731 812
209 26 421
453 645 829
267 635 559
592 421 34
490 25 557
127 140 833
470 457 903
5 48 198
756 522 694
274 508 871
113 48 425
22 288 759
1 174 502
160 631 335
57 121 257
212 568 914
645 459 126
88 594 107
701 626 315
643 56 726
181 185 416
26 47 982
17 745 654
785 691 203
391 528 349
624 356 552
107 163 450
716 715 459
553 543 150
687 396 944
544 558 408
477 42 629
75 268 168
582 547 330
165 443 855
25 32 701
276 316 23
382 191 606
278 20 325
246 714 901
384 735 62
239 184 160
635 379 892
234 325 808
610 652 646
741 322 114
727 22 52
49 386 837
361 675 317
557 629 971
178 380 421
452 372 267
267 371 357
245 55 50
257 243 45
673 39 444
677 762 779
367 749 637
505 693 583
144 487 342
470 450 288
618 38 236
659 379 171
680 43 122
409 244 229
317 190 847
743 774 215
325 311 845
1 293 62
715 104 658
774 209 931
380 36 2
367 616 394
532 640 83
247 130 880
325 132 24
652 432 101
114 50 517
120 88 304
467 573 398
324 677 568
480 414 746
239 82 530
492 262 591
274 627 575
68 114 403
474 145 224
331 236 391
420 668 873
127 205 381
778 702 790
138 247 860
749 603 964
362 98 601
111 609 673
724 760 534
695 274 132
391 356 52
139 658 869
309 180 23
303 212 249
326 430 509
218 526 407
29 166 689
309 109 379
33 312 822
446 410 95
119 743 536
495 509 733
98 471 198
197 57 304
58 276 979
309 92 981
348 237 371
178 36 75
177 787 646
279 572 476
406 630 78
660 623 333
128 262 871
462 586 398
568 687 731
9 379 480
299 709 32
686 313 369
324 288 706
266 415 156
180 233 386
302 527 559
246 750 152
11 134 454
523 449 575
766 513 817
456 357 711
656 247 348
295 116 428
422 767 864
518 50 89
396 748 651
712 719 253
313 186 62
15 547 841
690 687 246
130 460 242
341 106 817
358 169 316
385 170 897
551 344 162
119 276 121
337 400 141
435 339 419
142 746 994
79 598 280
103 161 163
148 376 470
680 136 656
384 80 354
33 528 254
184 218 770
762 649 484
217 709 346
389 414 880
310 182 12
469 105 621
11 416 655
720 521 847
680 457 254
131 309 970
473 773 849
5 195 126
52 710 68
722 687 867
460 9 267
31 359 163
209 637 232
198 500 132
550 549 492
669 49 582
419 34 242
743 785 650
750 472 226
391 592 691
672 776 434
730 444 150
630 652 597
355 222 687
438 552 983
436 305 315
384 547 426
137 708 975
683 231 568
771 735 911
627 687 489
180 209 504
204 729 994
599 351 62
29 62 308
16 52 532
371 436 532
316 190 344
315 540 495
264 130 710
213 354 272
99 337 849
117 306 183
129 277 911
681 724 270
687 246 875
246 104 579
545 538 702
426 55 763
232 189 403
407 460 166
479 558 859
419 565 240
117 78 8
318 339 588
160 522 843
741 773 648
582 730 370
297 222 746
114 74 632
155 724 512
33 497 35
394 32 138
205 588 823
485 514 255
749 326 582
638 673 978
447 347 412
159 357 494
204 593 863
245 575 116
8 706 144
433 524 595
554 688 452
293 604 299
274 141 863
77 162 275
29 463 979
757 461 805
115 710 739
581 1 518
580 317 494
490 322 968
22 660 806
135 260 600
81 658 523
234 687 644
423 239 703
162 412 500
620 516 967
169 483 133
385 517 19
191 708 470
386 213 503
522 126 601
277 555 165
3 4 58
502 694 645
149 151 522
690 165 162
59 137 359
596 481 120
259 63 182
528 216 268
399 434 775
376 44 711
563 216 763
196 562 830
668 641 67
228 209 231
148 475 57
125 6 288
22 185 972
284 15 777
762 199 320
790 165 725
138 723 189
785 377 928
397 427 314
448 135 870
513 136 982
344 331 29
461 662 61
148 730 963
647 577 215
496 48 244
183 239 339
687 239 391
645 400 69
283 560 495
398 488 454
506 699 493
77 317 252
339 637 988
720 566 321
99 345 448
739 478 958
232 776 441
450 330 377
172 537 652
604 713 372
83 533 701
50 157 375
57 161 476
475 750 997
20 1 889
667 712 562
257 239 839
652 298 583
309 2 736
498 485 304
754 748 477
537 168 941
528 715 264
658 78 663
617 652 319
274 692 427
648 25 468
70 112 974
180 659 892
440 471 365
401 271 160
553 497 945
232 612 142
171 304 206
77 505 624
403 687 316
383 619 586
408 232 695
651 684 239
91 379 601
243 481 201
634 188 825
229 770 740
407 78 957
509 412 959
157 571 871
508 471 247
332 223 695
154 512 404
766 78 268
786 386 746
185 216 476
331 289 190
623 438 632
611 9 158
218 176 725
454 365 976
682 421 693
337 212 667
698 506 280
270 380 593
392 311 425
98 559 448
149 757 820
394 494 882
336 448 157
343 185 464
231 673 106
31 157 111
631 450 942
604 418 484
775 766 550
416 754 382
412 568 964
638 473 980
81 357 157
27 720 928
744 482 276
54 104 49
26 314 371
736 41 707
30 200 634
113 397 33
780 680 848
480 52 205
206 349 714
516 764 981
599 223 692
771 351 852
243 139 504
718 66 614
402 226 189
676 139 947
251 8 137
45 496 947
549 680 563
472 290 513
154 155 950
239 491 225
185 648 789
791 515 986
485 460 63
103 651 335
602 93 996
771 565 130
190 220 235
257 682 335
93 322 485
40 57 101
296 408 305
223 731 275
404 706 902
529 239 63
397 318 979
127 207 957
524 763 592
568 108 251
256 418 254
585 606 782
45 121 662
40 46 899
449 8 260
34 570 362
679 267 789
430 206 939
38 228 793
614 50 28
35 549 312
463 78 870
635 41 335
727 41 909
51 615 616
256 292 704
467 84 828
386 401 732
259 7 366
52 647 409
66 490 989
609 680 998
321 436 606
274 214 730
81 566 451
712 771 686
127 625 255
58 471 824
749 625 505
213 647 157
353 57 41
384 554 586
231 561 726
24 340 393
677 484 391
586 197 98
666 689 265
414 550 247
594 558 325
518 662 88
630 98 93
73 63 842
414 359 862
176 298 816
762 266 968
791 428 794
466 114 995
87 754 291
83 666 413
612 437 398
451 702 746
107 478 218
164 518 485
252 512 446
700 463 344
120 294 598
407 733 619
734 723 824
95 286 53
26 768 368
662 377 323
218 67 555
547 66 679
120 759 1000
477 514 7
286 750 427
525 700 293
8 408 461
75 107 730
94 127 885
635 787 198
626 678 440
197 70 144
267 544 323
755 241 666
394 354 248
110 413 413
394 235 443
125 435 491
412 759 301
8 787 401
377 646 835
724 519 875
764 550 584
242 704 887
130 392 436
419 785 678
43 151 17
294 268 118
190 770 13
596 539 576
586 668 107
22 106 449
423 484 353
260 785 151
740 778 815
608 787 385
440 668 277
1 656 436
421 204 34
785 35 774
426 626 174
263 5 963
18 356 576
182 222 456
43 79 184
308 288 829
211 635 93
13 16 138
275 556 698
777 440 826
746 656 822
18 370 779
355 586 329
60 734 151
65 6 569
299 594 266
94 341 6
753 74 741
174 669 834
410 609 661
313 86 358
619 742 760
164 477 483
454 632 804
365 449 35
614 255 255
610 219 884
187 126 550
152 15 118
337 330 545
421 444 891
104 132 419
216 165 292
367 209 335
57 565 605
314 390 948
736 687 921
510 252 118
551 665 308
584 140 518
730 261 685
733 28 876
717 469 472
780 74 943
772 496 944
428 49 625
650 720 263
568 608 598
350 418 475
287 447 827
161 182 423
537 164 371
447 290 744
763 204 196
143 3 972
664 423 217
599 76 365
104 345 947
772 767 591
75 477 601
108 702 906
749 124 1
421 774 139
707 155 596
303 452 701
425 617 183
570 594 169
15 747 945
544 71 810
469 342 951
27 161 883
284 172 835
391 757 808
260 43 674
768 542 402
600 671 693
160 103 528
35 249 9
143 112 787
152 192 766
690 624 445
198 537 381
71 6 694
414 243 775
595 654 839
505 108 132
68 459 76
218 676 423
442 280 390
442 305 337
748 690 851
59 478 41
206 11 380
300 584 840
582 496 916
716 667 141
169 200 141
71 782 532
150 101 443
247 761 177
401 400 910
479 534 405
190 151 839
28 172 277
106 475 754
71 514 412
8 415 292
176 269 238
646 766 708
723 365 666
139 118 297
317 134 560
226 641 798
607 570 8
470 579 84
679 558 806
554 455 91
294 583 474
407 509 334
455 552 62
528 583 437
476 790 695
238 559 111
172 488 780
1 752 57
152 266 758
143 110 392
554 222 796
767 471 635
229 470 565
414 113 129
317 625 781
79 328 59
39 492 213
15 292 228
533 243 937
763 201 491
467 581 433
352 295 353
544 459 190
92 509 895
510 613 619
457 325 976
209 517 675
618 175 697
574 219 468
137 756 563
269 789 806
59 486 730
1 723 782
70 362 313
342 305 682
750 538 114
184 613 443
670 522 348
667 757 137
42 92 239
239 240 103
414 791 766
366 293 209
642 650 487
343 704 619
532 594 465
102 140 301
587 57 878
176 157 763
323 19 134
5 586 817
78 488 270
318 471 241
533 512 330
474 457 569
333 149 279
252 729 545
6 66 41
589 685 714
42 721 586
396 624 677
133 525 633
647 463 521
417 439 767
204 749 274
327 445 611
162 536 735
482 632 313
127 782 163
147 230 71
249 407 832
611 22 5
155 86 882
232 50 271
591 293 937
33 780 282
280 80 188
483 115 215
36 219 685
351 712 768
83 501 101
36 260 670
260 586 822
669 163 619
288 654 494
688 504 498
409 127 801
284 225 832
98 259 779
575 631 739
579 16 183
557 208 192
335 258 708
494 99 327
442 487 102
331 505 994
8 694 822
473 752 859
346 621 582
468 260 203
333 272 591
674 49 322
101 211 997
671 620 220
744 118 757
720 131 169
366 347 439
228 375 888
323 281 924
127 783 679
588 643 290
87 130 913
72 540 929
575 515 983
16 732 765
790 527 350
5 456 7
132 238 661
183 785 719
753 323 306
134 602 312
127 739 348
303 454 498
666 279 521
558 564 788
323 273 207
443 340 109
766 53 984
81 258 956
54 15 718
36 211 488
521 396 237
1 601 619
772 232 670
647 203 165
137 597 526
705 128 47
103 538 754
141 15 84
447 332 450
318 285 634
769 528 687
728 742 878
206 647 276
791 289 603
47 140 249
260 324 365
770 344 558
78 651 751
200 343 158
503 783 560
715 227 238
599 189 790
785 736 179
369 338 979
464 202 862
679 704 305
645 371 369
221 54 507
429 254 93
85 346 861
136 453 881
675 488 626
750 140 150
166 57 298
117 743 220
633 330 279
576 750 349
111 264 726
725 460 353
544 693 146
356 61 399
118 126 280
253 126 597
498 337 616
72 289 603
43 298 138
577 516 676
535 547 247
774 23 616
753 1 853
437 57 857
626 763 971
155 387 941
31 38 516
16 449 572
288 19 853
148 784 785
289 526 798
87 575 438
441 253 667
309 192 457
597 771 381
251 787 72
95 775 73
365 773 954
559 551 831
180 400 605
232 354 686
630 414 894
655 550 426
392 71 321
757 116 803
491 323 445
217 471 982
554 539 303
503 484 80
83 701 419
660 727 204
59 747 506
775 199 943
767 291 179
602 233 595
625 441 157
128 438 1
765 333 513
354 413 449
76 567 900
386 346 253
314 68 139
159 205 965
246 292 574
345 91 367
18 193 992
360 398 13
613 71 45
667 530 815
448 155 948
123 40 581
318 474 990
250 110 142
530 265 150
146 53 434
336 130 47
582 315 142
281 204 579
700 63 15
329 758 228
715 270 250
576 197 35
474 502 128
432 781 7
263 627 891
531 145 185
775 68 419
492 108 989
294 339 109
347 606 833
242 328 205
15 123 566
74 317 217
761 340 58
316 780 660
320 599 464
173 789 790
590 78 397
121 133 911
597 351 587
336 467 743
490 178 708
38 507 65
515 144 72
742 485 805
171 156 886
157 290 693
502 727 950
396 540 156
442 744 74
778 1 811
364 89 325
589 474 512
356 442 537
418 636 891
417 236 482
457 649 435
500 592 851
410 529 920
263 330 815
500 591 157
329 698 559
416 489 55
100 771 5
177 687 693
759 375 954
472 294 892
202 309 327
198 256 527
386 431 152
153 645 887
499 323 515
407 43 653
431 533 93
313 672 958
422 264 79
486 628 243
245 516 651
421 147 804
542 235 480
186 442 744
471 211 483
302 771 959
365 764 81
729 166 661
176 452 797
637 377 134
617 4 264
629 747 824
2 84 677
585 501 851
638 7 629
440 491 415
63 659 133
671 125 928
263 75 684
8 99 531
297 9 523
724 731 829
728 145 917
262 786 575
51 497 517
379 648 407
491 203 680
534 95 248
354 173 242
102 141 90
253 257 769
421 208 428
297 324 776
673 674 23
310 469 118
344 542 709
309 38 642
6 283 203
150 244 512
60 496 895
493 342 467
688 708 150
61 774 718
65 48 216
669 176 443
8 707 118
65 693 956
450 518 560
106 160 775
613 673 408
155 232 99
440 166 490
276 549 739
449 169 793
400 120 514
118 783 335
284 546 536
608 342 596
267 264 960
21 562 140
629 141 578
567 271 448
536 87 434
694 400 741
202 23 374
30 222 261
62 330 379
514 688 764
427 463 668
593 440 444
107 148 166
1 605 820
272 218 978
69 719 892
7 288 239
28 64 673
533 11 211
127 453 788
661 33 851
466 411 674
64 134 490
637 638 735
280 40 779
92 724 233
35 135 861
727 421 262
295 7 933
321 195 616
354 308 31
627 351 231
162 578 267
723 501 842
28 96 802
274 61 173
349 375 894
563 696 965
668 430 340
218 598 88
214 577 806
95 696 526
284 197 958
296 546 738
694 447 123
623 729 449
1 9 546
752 53 968
322 645 255
718 455 164
694 216 324
698 572 82
72 484 902
470 483 245
321 680 63
105 745 806
393 553 284
393 416 332
543 452 426
283 277 872
117 47 518
337 171 634
46 435 608
199 700 750
281 739 544
253 367 778
766 171 897
190 177 566
519 725 502
483 286 293
482 738 347
355 572 728
606 517 974
562 646 519
175 654 190
8 207 298
18 250 993
661 272 199
482 217 165
305 289 640
147 544 224
273 128 565
366 59 407
619 443 376
131 328 227
542 379 168
19 145 57
604 325 174
673 322 205
316 169 263
161 334 254
615 656 413
368 67 146
690 718 10
149 257 652
701 543 244
364 116 764
678 112 276
354 686 130
568 365 82
444 353 143
757 507 323
4 7 853
59 596 63
206 17 491
209 605 172
613 348 326
427 317 495
487 745 919
13 765 896
338 199 613
263 617 830
567 165 635
755 152 656
433 705 364
348 729 204
416 234 475
176 443 743
613 779 821
129 176 47
696 518 164
48 789 410
359 576 446
729 784 833
39 409 224
503 639 772
266 75 330
246 115 461
14 323 934
52 37 570
224 647 46
196 58 332
632 40 231
756 636 59
540 187 95
63 312 630
437 222 993
630 242 822
308 729 607
704 191 852
160 718 572
560 731 768
104 3 446
323 786 114
666 351 9
468 492 126
596 288 382
566 654 255
41 558 828
97 44 680
224 83 483
405 61 293
540 171 815
106 771 61
426 784 384
778 777 236
577 453 692
247 679 353
542 72 591
365 692 807
781 563 88
130 343 801
537 3 472
758 162 84
191 693 714
394 597 912
331 520 91
495 99 622
2 91 151
189 442 711
756 724 555
17 503 54
328 670 159
479 575 455
238 52 5
235 183 724
64 314 898
43 404 568
352 383 930
162 770 376
655 564 997
232 141 90
194 352 951
596 165 431
1 5 842
631 40 412
201 550 731
404 195 883
171 732 18
612 363 593
85 582 165
200 778 341
496 326 295
16 344 17
708 273 517
121 285 262
415 141 68
68 508 697
498 491 642
5 679 889
136 134 665
557 579 987
693 360 975
492 357 937
421 307 413
114 521 998
157 57 410
239 636 549
67 283 885
672 736 483
15 554 757
62 198 569
715 741 227
200 361 493
144 30 918
22 329 642
500 756 962
111 164 566
576 746 432
326 245 188
116 426 205
351 356 739
481 489 563
487 750 781
129 577 653
645 417 171
162 175 570
118 743 947
217 71 304
253 683 638
269 682 330
174 625 938
346 446 266
44 588 707
446 606 951
640 182 496
288 149 602
547 461 848
451 225 561
603 66 135
415 176 585
1 168 278
34 630 893
617 247 992
568 458 291
238 422 816
627 48 854
421 667 757
301 349 923
653 127 529
14 19 713
38 99 726
496 120 784
634 573 443
462 554 77
86 72 500
605 457 294
246 726 122
335 64 304
217 406 374
57 271 961
435 274 364
766 227 515
197 379 931
49 423 718
577 569 830
78 120 850
286 688 881
624 414 525
144 593 859
13 139 143
521 309 682
554 754 644
717 314 264
189 25 651
118 412 960
207 43 496
323 585 391
542 789 13
679 162 269
596 444 502
418 108 217
353 539 80
148 220 223
388 759 820
457 466 765
301 176 780
611 223 528
266 498 377
661 416 636
100 685 671
214 135 938
349 472 110
229 409 910
615 409 343
403 71 686
18 35 814
359 142 225
212 697 320
741 768 400
542 316 510
631 346 295
713 748 618
63 777 49
408 42 738
702 707 662
736 283 622
411 133 944
786 507 678
106 266 957
596 79 429
202 301 323
396 59 509
282 770 449
327 667 322
398 504 567
263 775 907
281 764 169
200 438 527
736 432 550
729 657 96
241 369 386
316 388 903
60 77 186
386 647 356
760 665 719
512 486 739
60 603 678
319 764 380
327 245 665
695 297 290
31 103 515
176 668 418
730 378 822
194 468 234
778 749 750
293 668 576
78 526 596
649 420 682
118 295 571
71 571 207
275 305 658
499 17 918
21 420 723
551 512 786
210 460 953
81 761 509
111 226 797
670 610 171
580 63 526
270 748 954
709 706 909
386 452 675
499 724 949
162 9 517
620 351 825
785 371 830
603 580 637
64 442 408
9 725 38
132 608 273
20 422 829
773 782 970
46 300 847
573 109 641
324 498 516
713 227 15
407 95 954
617 271 897
676 114 97
617 137 985
147 715 624
292 336 982
757 709 45
239 366 76
514 337 928
484 734 204
70 202 362
579 406 992
603 661 111
270 99 271
311 57 115
174 348 479
584 432 603
546 364 369
449 721 811
32 578 307
287 230 715
232 262 200
202 404 919
270 685 838
540 420 554
421 164 380
692 370 305
168 147 851
732 455 170
345 176 102
744 197 858
454 314 770
102 491 488
148 684 472
241 684 105
248 595 970
599 746 43
482 527 433
101 649 75
534 106 283
390 647 54
429 175 668
297 566 216
470 91 402
692 207 864
708 637 394
365 260 619
431 666 300
347 579 286
117 335 463
217 423 362
492 631 352
183 25 875
712 365 661
76 346 226
764 486 299
71 263 670
372 137 622
492 647 584
71 543 705
179 209 417
513 728 255
23 132 734
71 539 89
598 96 835
260 755 103
559 613 461
345 118 353
584 701 925
295 728 524
121 221 113
368 660 697
359 566 872
266 502 112
687 617 958
125 583 653
722 166 564
133 210 261
424 453 128
114 337 396
543 122 269
452 173 277
145 621 899
282 136 11
324 223 479
29 45 942
2 215 624
49 170 840
219 431 484
788 331 947
651 586 66
438 654 588
192 182 675
342 414 86
14 757 437
484 502 340
648 267 134
66 393 623
411 611 918
295 745 134
603 85 521
293 524 746
181 784 927
419 458 260
24 298 809
554 491 502
613 693 942
42 626 939
325 537 879
261 715 123
149 680 138
112 51 529
583 493 519
13 647 158
762 332 627
551 78 922
484 621 857
736 23 301
489 267 586
623 266 292
789 388 754
145 523 339
120 470 55
529 31 835
218 78 190
254 724 112
519 195 668
23 223 677
1 273 179
502 122 897
509 197 131
434 526 593
662 57 240
610 681 126
331 730 694
376 527 692
274 303 952
199 619 836
719 401 426
638 204 737
449 146 631
496 222 763
194 526 553
566 564 240
11 181 660
402 389 486
358 395 653
204 662 8
567 136 496
290 668 528
727 491 992
323 608 268
225 601 891
574 277 809
312 621 762
460 562 61
388 466 361
385 785 381
68 621 531
28 77 32
465 268 423
581 439 821
107 769 662
544 742 293
211 319 646
140 777 219
86 138 996
497 420 498
77 171 39
386 435 142
343 357 574
163 186 803
46 274 798
437 533 493
102 624 680
128 731 854
626 470 971
393 114 674
50 136 995
64 496 470
391 771 38
773 171 945
320 649 126
24 295 161
487 639 965
657 787 403
254 388 305
520 316 164
537 353 745
630 211 472
192 61 539
218 416 119
221 400 972
326 570 321
114 547 982
316 434 76
130 197 461
756 9 112
46 448 822
753 345 961
276 709 467
349 421 479
2 512 455
182 344 175
629 386 516
181 571 160
706 63 235
453 241 475
659 458 387
62 435 164
638 352 574
440 346 792
337 649 282
474 362 406
94 376 680
432 362 148
685 370 699
559 217 195
421 81 707
112 198 323
438 778 57
344 163 496
46 608 610
220 273 433
708 621 591
321 704 356
193 435 465
263 305 66
35 197 562
731 599 423
745 18 567
464 107 147
671 498 290
565 361 940
210 618 48
490 683 174
10 287 75
316 262 139
158 233 340
378 393 989
579 616 502
309 508 429
162 22 219
130 473 740
463 288 184
141 327 293
561 441 752
165 361 184
145 312 476
727 439 293
169 771 899
401 99 1000
325 622 164
355 540 94
199 53 68
368 211 251
16 120 701
715 29 915
180 380 393
784 394 670
470 588 981
254 617 302
764 765 30
746 547 904
358 298 217
145 617 646
771 547 236
526 270 400
773 493 924
658 3 338
366 684 521
22 567 64
377 148 562
186 673 975
153 279 664
414 298 358
133 148 856
274 282 522
561 66 846
226 768 6
1 453 332
666 524 833
12 431 716
480 571 934
473 697 93
530 724 441
127 549 644
752 358 631
327 515 376
536 619 19
276 369 953
489 680 573
176 16 910
695 305 431
268 382 421
346 148 859
114 489 614
457 487 751
374 767 806
639 226 736
649 287 666
442 450 195
455 116 714
538 263 147
373 166 473
642 365 338
456 397 551
239 706 976
377 375 565
404 101 540
504 211 874
787 609 134
1 561 961
177 410 986
526 594 902
449 465 149
97 198 26
260 407 239
614 372 475
402 223 412
170 600 351
61 348 721
285 297 240
205 737 744
640 610 693
307 22 20
126 437 351
346 358 422
435 468 501
514 433 439
37 75 456
415 211 344
388 420 62
608 297 681
355 771 257
37 482 468
225 459 796
270 729 86
749 344 425
527 750 200
460 319 735
338 169 325
197 519 150
260 519 867
334 500 713
54 577 952
487 233 104
410 704 948
106 611 300
617 488 725
561 470 104
685 591 215
432 50 13
373 386 102
774 729 253
778 123 433
223 697 833
688 786 814
463 518 842
139 621 784
790 169 557
121 398 928
233 386 787
552 440 669
736 575 26
544 245 296
592 354 897
54 764 39
322 340 747
471 787 817
349 715 742
291 355 922
367 472 947
112 687 385
71 64 399
307 524 287
582 57 594
358 92 962
785 247 878
16 421 917
321 672 411
303 502 666
240 785 481
76 108 440
220 681 409
330 325 279
521 143 900
407 12 168
105 493 988
130 505 88
162 12 319
648 651 916
57 631 116
693 478 463
246 145 306
298 186 437
455 641 633
32 463 74
161 372 787
97 116 652
746 333 200
692 153 162
699 92 859
746 682 312
788 783 937
194 316 760
584 609 749
694 293 256
641 199 267
90 668 279
630 94 684
281 140 923
370 708 8
760 774 359
764 18 961
97 715 271
755 609 239
771 566 395
464 123 993
392 173 764
124 207 973
749 507 646
20 244 614
292 620 571
421 719 169
769 704 324
181 256 429
260 274 654
450 171 110
212 335 578
314 379 486
420 205 880
715 592 684
64 309 783
226 92 44
435 423 823
583 654 598
450 513 24
110 665 736
266 13 419
242 716 50
133 269 198
253 575 891
530 45 113
207 554 899
722 112 634
522 587 307
663 181 672
607 430 861
614 369 630
538 31 250
251 714 311
669 196 760
116 561 827
106 570 965
48 437 284
315 466 363
14 736 820
658 155 476
152 541 611
369 384 843
767 173 902
693 148 959
638 144 78
455 257 386
424 343 371
96 161 468
753 578 189
668 422 979
661 141 277
117 668 301
659 470 200
572 569 917
330 580 45
2 82 772
404 169 916
645 135 47
669 587 852
754 719 687
175 259 389
510 78 290
8 229 190
421 110 298
16 238 185
656 101 475
17 687 499
582 486 19
326 679 372
288 543 1000
154 195 293
241 785 673
474 369 875
225 647 373
79 268 674
752 350 576
756 551 382
137 698 146
137 249 650
505 757 210
785 777 423
517 344 286
110 649 154
135 255 793
316 69 805
362 310 501
141 341 175
13 79 507
74 87 41
314 766 570
767 713 904
208 518 674
417 508 947
390 22 195
566 516 316
92 729 668
785 398 42
344 497 401
702 463 61
708 398 825
192 169 929
15 302 39
19 443 114
132 447 154
116 218 298
755 756 397
555 358 50
16 209 116
774 540 709
782 786 465
309 754 377
609 61 254
74 183 823
554 351 879
411 789 821
190 290 965
726 332 222
717 684 88
238 581 976
319 195 181
351 194 482
681 602 746
139 217 214
348 560 250
295 56 655
330 750 902
462 89 277
72 249 797
785 86 817
582 379 979
64 678 445
93 547 841
206 685 836
69 47 97
634 78 688
287 614 958
596 294 12
526 582 770
127 288 720
609 525 762
254 270 758
176 35 495
210 450 337
51 506 492
519 248 966
19 158 278
432 97 974
186 74 978
81 264 220
365 302 621
149 253 869
80 480 788
145 781 510
696 670 5
340 249 736
526 611 802
452 48 602
731 167 395
736 576 377
38 23 29
58 82 730
759 734 804
164 434 112
1 23 930
459 456 751
463 687 444
195 618 449
203 172 31
253 478 429
220 743 500
621 348 902
380 250 106
64 85 8
552 538 47
66 540 347
18 511 719
736 297 710
77 511 155
476 678 841
398 777 399
386 28 349
181 232 702
338 500 302
27 456 227
329 246 679
682 204 936
120 57 955
717 736 123
331 546 658
302 490 312
400 553 948
132 561 615
21 193 278
431 736 628
505 129 55
71 508 363
446 781 114
11 29 9
456 508 864
371 379 224
79 182 246
308 156 755
355 554 350
404 20 141
748 471 720
106 8 590
536 538 257
783 382 640
347 620 196
350 233 341
659 492 180
73 644 200
1 568 941
268 753 585
473 565 759
185 211 301
341 281 825
332 305 284
371 30 888
395 567 412
603 669 475
259 444 949
23 420 354
140 197 711
557 136 244
187 379 360
471 140 801
519 106 815
517 29 149
62 201 376
751 176 429
265 164 295
181 448 437
323 756 858
192 82 344
447 57 273
44 298 937
123 572 246
70 581 947
735 664 865
109 556 844
563 663 823
522 304 283
339 155 761
198 287 107
362 114 184
761 409 752
27 312 723
777 481 63
421 265 948
429 708 84
774 151 275
476 45 485
468 491 256
543 128 993
50 540 381
296 240 688
342 135 66
406 173 403
617 91 368
145 153 857
521 117 786
683 127 673
60 309 909
76 330 260
281 71 285
67 431 699
268 379 309
721 179 482
66 133 794
638 738 328
129 467 908
32 673 357
346 667 744
610 16 970
599 117 867
115 361 741
694 16 66
451 596 825
694 525 109
723 691 792
390 265 986
286 140 622
364 379 725
691 400 904
596 310 842
463 106 290
636 347 592
117 275 953
343 757 964
650 400 451
180 746 512
667 254 24
664 307 135
139 582 156
203 253 636
350 457 253
48 561 674
195 790 759
322 331 464
7 74 960
509 101 671
190 55 343
643 22 193
473 121 718
497 502 403
625 551 595
488 129 709
458 509 519
114 729 457
590 111 553
108 193 984
8 735 691
442 501 610
476 542 112
337 164 178
779 15 725
790 9 971
143 199 703
611 651 220
449 208 664
304 553 434
141 730 61
495 414 140
265 16 215
432 620 976
302 316 469
274 414 953
615 394 236
743 686 815
385 726 402
186 422 359
478 81 757
205 484 969
228 754 965
650 764 48
133 185 193
567 184 254
69 451 41
337 183 886
85 110 897
288 335 238
236 22 544
80 496 777
290 269 720
407 773 191
484 368 696
506 617 461
725 681 727
289 600 562
509 577 723
758 428 47
133 359 727
40 463 8
734 643 884
53 83 554
631 698 777
509 536 519
750 574 234
1 117 244
171 83 308
331 181 655
42 555 33
143 581 24
71 25 40
330 23 435
585 766 200
15 649 706
654 330 328
701 468 910
253 360 723
718 679 401
556 356 113
280 646 946
328 365 435
134 120 824
103 440 120
584 482 254
503 71 47
731 5 803
11 31 465
714 361 192
419 310 870
353 711 760
417 388 327
778 533 375
255 460 101
507 191 461
91 506 838
714 558 628
344 694 105
625 110 796
619 743 854
641 674 298
712 115 593
718 619 890
358 328 757
57 1 475
372 14 84
9 29 310
772 477 949
117 260 138
487 452 589
22 636 666
342 618 184
404 492 775
478 83 895
439 322 369
18 673 414
608 285 481
360 418 371
2 713 841
662 560 281
211 214 93
477 442 696
559 319 954
665 717 934
771 392 383
481 520 423
114 662 975
11 638 308
673 499 826
195 208 767
60 621 807
729 331 535
504 590 5
745 225 551
512 45 798
780 454 639
722 449 148
79 307 685
176 687 906
75 36 166
254 732 863
755 74 116
540 321 496
538 561 912
414 562 575
86 161 625
141 624 559
76 658 406
607 326 709
83 633 401
514 515 619
647 50 294
764 739 156
476 46 785
483 213 128
33 218 296
90 95 32
470 348 94
95 727 615
386 448 877
547 379 291
318 588 936
292 462 378
86 430 296
13 15 191
115 407 908
393 316 996
589 74 196
515 585 173
369 581 102
295 403 448
37 82 368
103 130 165
434 47 313
750 379 115
121 136 878
235 449 851
2 249 357
653 421 449
661 263 181
519 624 934
161 81 405
326 248 586
586 35 406
317 406 924
238 355 750
45 301 689
97 421 444
471 726 483
509 8 889
678 484 308
85 212 17
719 628 857
123 509 359
364 109 516
34 777 364
463 127 429
164 248 197
198 712 134
219 382 720
145 686 922
558 486 465
2 289 795
245 217 227
325 74 280
291 469 721
5 12 152
512 53 443
326 649 766
527 130 853
177 673 2
567 25 106
15 50 305
245 582 182
421 463 598
497 107 299
618 267 599
204 371 237
567 786 951
174 385 690
694 570 48
711 772 114
453 62 385
602 683 981
425 78 14
599 674 814
409 106 137
416 294 245
68 640 449
603 211 481
607 105 272
29 608 286
22 676 426
250 471 935
727 781 713
287 255 695
592 288 601
304 516 410
462 622 642
124 442 753
209 117 139
645 124 908
24 72 83
431 391 828
529 663 131
490 449 60
681 242 916
658 631 438
549 282 39
17 453 925
393 773 131
624 384 626
373 310 200
530 111 606
336 535 586
589 84 805
610 374 909
305 393 112
647 534 60
46 519 728
615 261 134
97 374 356
7 10 876
533 770 747
193 553 369
188 315 704
95 692 874
225 615 6
228 692 677
639 517 984
637 67 27
152 615 731
597 198 444
726 652 346
448 553 468
439 603 276
73 91 873
696 388 900
1 28 210
451 224 68
9 180 758
617 624 520
101 707 355
267 729 127
365 658 565
502 341 733
428 209 54
447 733 302
279 628 345
406 463 93
636 105 13
542 751 882
682 5 526
682 150 947
332 733 815
664 651 740
653 563 93
260 361 997
575 722 856
548 779 674
120 10 214
119 199 577
651 73 155
743 702 85
540 65 813
64 742 26
347 472 835
685 20 661
493 114 152
10 248 94
435 131 553
515 526 215
693 177 926
607 28 762
240 356 655
543 642 349
379 129 926
540 579 395
320 569 342
498 742 72
72 747 781
762 278 631
522 357 628
714 255 58
397 533 822
323 132 912
697 349 369
372 751 682
22 481 598
519 376 69
500 316 145
485 410 496
10 51 73
353 163 853
673 169 279
119 66 302
467 544 33
215 791 834
757 687 771
27 95 473
746 396 742
614 106 565
87 428 426
308 477 688
558 702 369
336 533 423
708 40 968
338 432 728
32 59 225
148 53 23
190 679 406
250 96 490
202 2 333
439 591 627
19 124 446
377 600 888
24 145 377
113 278 440
286 536 221
271 465 771
456 625 538
419 97 206
498 405 131
598 83 549
535 255 272
530 588 10
22 407 61
636 657 650
148 201 548
702 684 690
719 647 768
564 197 486
209 727 577
656 729 768
123 338 716
652 51 76
347 176 571
72 41 304
483 246 138
7 257 982
429 298 555
546 602 579
701 350 610
454 752 718
143 1 773
59 91 18
629 741 910
21 244 285
547 222 701
684 671 251
204 220 461
337 147 987
589 477 223
139 239 726
667 296 111
41 214 192
30 397 985
42 767 776
70 560 567
71 771 180
664 736 457
289 437 545
151 160 226
453 234 754
560 424 743
114 687 688
355 603 717
364 548 749
723 334 669
503 700 238
370 675 917
735 471 111
745 175 171
268 433 556
617 43 723
709 106 696
545 308 528
497 174 769
612 36 374
34 721 444
514 316 459
90 55 596
76 257 585
736 677 92
267 153 621
575 366 978
309 415 289
346 14 64
620 582 543
680 546 408
35 677 270
722 546 723
516 733 517
169 405 379
94 612 448
185 688 612
540 765 486
11 235 841
597 416 127
470 44 858
311 641 459
583 273 89
69 282 959
455 466 395
149 260 479
722 631 979
344 194 922
215 30 145
274 334 683
728 99 878
537 380 96
652 387 842
562 239 474
43 435 258
576 25 496
242 281 627
240 152 354
503 140 341
32 742 774
318 582 87
377 50 431
97 155 699
563 725 48
447 765 892
441 289 139
309 59 207
739 40 647
140 770 676
735 406 205
209 791 277
201 373 53
536 310 337
547 139 393
227 36 755
288 242 828
453 602 395
756 526 46
560 582 405
442 636 789
370 477 568
164 58 977
384 380 373
524 567 239
636 206 234
755 590 725
772 104 549
174 547 502
697 27 916
582 161 703
71 670 228
76 421 582
481 50 463
572 477 293
545 597 968
554 603 188
244 435 79
598 512 393
25 40 71
259 789 939
72 274 843
604 699 459
414 767 573
271 541 7
255 483 900
35 734 578
179 768 161
136 750 993
293 281 955
693 112 591
339 512 919
296 182 313
12 557 251
522 107 809
242 463 313
178 349 874
622 778 660
39 254 347
356 43 316
114 535 319
452 24 63
522 99 603
4 742 80
318 171 635
19 97 676
725 191 928
80 201 70
159 704 381
495 10 461
609 127 3
373 81 49
720 507 349
36 410 294
176 317 960
169 685 842
563 484 906
41 768 41
543 766 778
743 115 266
137 634 828
778 102 200
645 450 992
178 196 141
740 575 887
9 450 259
662 122 231
266 707 791
7 81 978
280 64 438
715 721 631
758 788 934
227 169 69
131 550 955
104 745 645
469 610 373
646 670 762
127 712 491
526 377 291
333 8 387
628 432 725
624 589 994
449 22 351
278 93 245
51 67 805
214 333 488
714 388 577
127 129 724
34 358 75
761 660 38
500 519 413
451 288 59
460 604 617
668 787 534
60 354 282
407 722 220
680 137 314
521 166 439
617 536 952
380 545 928
420 317 434
107 200 170
465 789 24
335 697 312
665 473 278
421 315 259
29 455 80
1 205 609
191 322 696
253 701 954
442 620 494
543 453 836
490 659 724
540 96 415
232 118 474
761 166 799
49 84 146
169 444 166
254 659 336
372 94 393
80 579 245
213 477 948
780 350 560
456 624 561
50 303 546
391 235 644
512 409 652
508 234 837
20 316 801
706 82 418
375 624 337
230 560 879
652 192 31
428 151 738
365 607 132
753 546 886
482 260 881
250 479 423
223 411 810
62 404 328
36 467 80
267 226 392
10 11 804
165 149 862
786 721 289
49 627 243
314 78 64
134 81 879
566 592 112
501 478 352
707 151 418
772 235 553
502 589 553
662 399 611
214 706 952
565 517 824
173 347 709
690 90 499
743 433 446
57 533 205
466 590 960
623 239 607
583 578 408
400 189 826
568 772 465
531 85 305
79 240 712
691 278 628
341 372 217
338 42 677
470 303 397
465 530 94
34 180 460
434 51 413
487 555 646
507 141 444
743 615 736
218 563 778
197 627 474
528 644 686
554 538 352
84 556 349
148 592 163
267 514 440
331 716 542
721 106 647
379 747 976
683 781 932
682 108 106
714 321 348
163 467 168
424 629 66
440 786 813
488 731 197
433 154 844
765 41 988
715 435 338
430 205 315
134 309 683
137 83 39
470 772 34
530 326 33
177 489 58
771 438 509
362 360 289
332 388 909
587 664 600
695 332 90
680 442 788
752 85 102
703 650 707
107 721 452
344 87 422
782 551 742
226 319 65
563 224 821
351 180 162
185 227 458
125 617 679
585 20 999
534 355 645
181 725 720
380 781 476
568 596 695
357 328 784
739 652 158
304 735 979
62 285 611
684 348 158
425 709 495
288 696 115
465 720 152
5 358 483
346 479 281
379 687 666
627 150 201
630 250 928
501 459 49
94 29 402
246 291 842
525 402 574
666 133 76
725 645 428
134 552 439
679 152 783
274 660 398
182 265 773
596 105 993
288 493 767
456 204 225
126 444 762
267 407 170
750 747 137
761 480 429
529 542 184
403 369 899
234 285 706
95 684 244
514 773 802
680 146 973
37 390 339
644 687 852
424 567 239
695 258 529
600 17 123
237 218 997
282 395 751
84 200 833
583 211 641
788 351 286
62 172 946
602 746 270
756 681 629
544 684 345
627 767 953
717 616 941
524 504 801
231 109 465
15 764 96
508 610 787
311 708 121
411 336 914
407 494 583
276 575 623
330 430 302
702 280 566
255 358 263
149 440 14
427 449 818
228 423 989
136 704 961
603 155 385
133 259 201
189 229 674
45 265 438
273 542 266
225 520 920
296 58 534
298 479 498
429 215 97
282 135 602
469 512 355
523 124 280
383 15 477
581 770 896
647 256 334
3 581 259
193 441 285
530 299 752
621 189 371
265 758 995
470 260 562
441 451 391
428 55 271
681 55 155
167 686 565
237 64 766
148 547 507
764 771 841
693 7 909
742 309 764
81 216 710
636 401 759
171 113 187
162 180 972
310 653 530
493 416 255
85 2 990
654 712 245
275 284 28
75 347 750
743 592 716
280 504 888
69 302 269
1 265 610
772 47 97
483 665 722
5 147 249
624 708 976
457 76 827
56 384 814
277 442 827
118 388 591
627 581 210
641 534 153
506 611 820
29 467 148
170 554 237
340 754 58
449 417 906
107 533 200
314 510 984
767 332 596
296 206 504
334 525 155
526 330 753
628 19 785
163 48 271
464 540 386
531 779 857
82 679 875
644 727 397
17 348 4
673 41 446
435 39 484
668 125 326
288 466 297
205 692 296
59 120 861
694 337 77
768 592 392
771 538 954
664 349 74
395 412 824
1 424 159
637 57 156
260 397 385
263 84 871
613 21 890
22 429 909
142 700 618
99 102 701
199 540 782
395 775 168
543 386 770
672 142 247
189 721 764
415 412 484
757 313 678
664 268 30
641 301 686
624 389 556
407 357 995
506 253 339
726 391 416
29 201 73
741 422 281
507 495 101
275 241 859
197 216 769
129 103 475
400 577 588
659 711 450
551 711 86
616 88 524
558 355 635
32 498 131
252 340 352
195 134 477
356 167 512
591 682 362
407 385 883
56 673 789
599 589 110
633 702 181
99 142 926
761 554 151
233 530 600
160 607 858
659 10 817
618 639 597
416 50 219
177 427 165
172 646 308
160 250 193
629 97 335
323 609 796
605 211 415
410 662 77
48 712 455
204 736 971
193 242 746
435 175 128
777 19 332
613 358 750
260 254 674
19 37 63
490 22 814
337 82 95
78 682 284
631 777 220
99 565 614
681 421 203
638 791 493
307 781 822
595 619 631
544 666 150
715 134 249
444 283 8
360 662 4
358 142 365
13 86 218
446 561 395
369 217 534
232 582 988
700 35 863
5 342 468
141 528 644
180 365 611
103 753 321
179 596 573
246 141 527
416 635 461
186 33 984
250 4 795
342 703 639
65 27 548
58 666 199
13 728 496
762 309 196
451 610 796
728 373 970
156 190 814
235 57 828
532 443 710
628 697 102
701 243 873
731 135 46
525 82 597
269 786 663
537 621 17
635 157 680
191 145 870
614 212 183
27 127 829
307 550 950
311 738 479
669 638 504
372 46 221
204 170 309
612 43 984
641 645 670
727 161 381
208 354 737
489 679 318
772 372 775
548 500 854
510 37 622
155 354 757
559 172 174
703 217 534
304 511 898
468 522 133
127 765 958
18 440 865
66 98 588
86 576 833
603 702 107
658 735 4
610 581 416
389 131 587
219 111 223
50 404 260
211 386 632
463 698 613
79 417 241
448 485 563
316 113 724
191 301 115
96 632 45
405 610 261
604 504 154
667 337 696
650 702 375
705 99 16
98 771 789
757 332 684
771 694 939
303 450 90
1 602 176
217 434 945
221 212 143
311 702 795
556 586 317
30 517 165
744 222 326
700 610 385
448 58 107
595 617 179
503 244 935
171 488 185
119 114 83
407 560 341
482 764 517
129 279 226
499 335 644
471 517 490
719 501 952
428 141 168
540 481 395
119 718 533
345 11 831
105 587 803
358 497 784
197 591 181
219 554 377
375 495 899
274 368 666
148 41 858
403 42 830
519 502 697
118 149 974
449 753 337
461 183 681
600 598 802
293 504 132
62 550 104
449 255 685
99 667 792
433 659 381
172 351 13
596 619 43
541 225 291
376 22 674
26 311 236
29 692 663
566 386 809
518 17 281
784 757 54
227 435 907
657 612 122
599 337 781
501 227 523
565 755 737
427 4 468
434 610 583
524 444 532
301 337 652
382 95 361
570 207 633
548 45 295
579 617 331
118 476 270
661 531 474
196 407 814
627 611 396
638 314 985
30 85 303
419 743 320
278 403 178
745 494 911
465 369 186
113 674 256
380 746 922
659 154 104
488 460 92
66 127 806
7 113 311
162 333 312
303 749 891
309 743 516
634 83 729
660 356 806
244 419 985
400 638 33
399 350 172
155 743 285
236 337 721
119 32 497
76 363 203
122 287 634
26 12 237
300 117 607
316 232 858
254 373 816
489 790 914
407 86 913
71 563 925
35 270 680
348 64 72
204 393 337
289 38 478
677 541 971
683 607 80
499 183 482
453 281 92
154 539 310
43 244 524
261 637 739
357 560 641
160 79 440
373 478 601
752 571 739
177 739 70
512 400 510
56 531 388
629 232 167
344 626 74
162 13 687
123 243 144
137 510 480
116 156 67
291 575 860
468 302 303
129 742 562
526 132 358
740 253 743
791 517 310
118 464 829
36 203 938
688 631 130
339 368 962
536 239 839
109 645 788
437 556 612
51 218 403
299 526 926
232 90 106
447 344 505
323 416 440
418 102 884
631 200 366
289 429 307
567 629 322
23 43 247
184 164 616
198 259 431
29 582 653
736 617 184
588 559 914
508 679 514
576 718 584
118 310 544
763 482 312
140 684 86
223 669 942
468 443 84
37 741 307
140 492 868
329 7 465
471 79 410
120 204 134
651 440 484
131 336 776
140 104 663
99 535 844
62 169 874
646 533 274
334 740 475
775 568 545
342 71 189
197 155 587
589 300 240
404 14 730
725 566 434
400 661 744
769 648 216
535 36 83
529 732 669
481 323 725
411 757 501
533 540 691
440 571 12
329 580 550
347 510 403
665 171 37
558 112 266
144 476 543
578 687 252
461 391 716
282 315 415
703 564 959
386 503 164
317 277 246
554 647 796
446 453 600
699 118 804
515 540 913
342 604 209
46 323 596
196 694 676
225 309 25
110 470 767
596 524 997
256 547 967
746 220 506
691 708 746
1 422 338
423 574 482
778 292 219
8 490 232
715 303 830
370 251 690
623 598 939
407 229 834
645 204 335
738 52 433
437 673 372
372 178 259
531 29 777
256 87 305
193 445 124
348 1 13
380 414 155
45 600 252
463 51 37
519 469 27
281 173 800
15 301 411
628 420 794
549 561 471
90 260 51
23 673 729
626 587 192
640 117 553
370 44 981
663 465 380
418 683 1
402 330 576
459 763 358
674 69 534
393 617 801
1 281 36
614 99 475
392 494 480
75 29 722
399 755 39
289 542 13
228 580 661
316 406 478
320 645 830
532 241 597
783 620 633
733 63 602
219 101 697
279 210 196
529 130 493
245 561 300
83 534 45
219 437 24
314 19 793
761 458 815
310 330 922
414 632 103
388 659 492
603 732 723
266 191 766
373 531 132
749 577 950
127 771 52
684 440 662
300 491 839
605 783 520
613 23 639
11 310 900
169 205 448
463 141 757
523 732 634
681 237 92
177 470 438
36 165 775
468 711 548
18 366 653
307 397 236
176 43 788
239 127 755
202 407 908
93 329 7
229 569 361
202 50 861
571 514 624
589 446 201
690 325 412
462 165 838
556 716 232
691 267 997
175 456 479
155 586 326
771 217 530
449 179 325
313 106 303
425 498 27
662 533 148
406 687 595
50 701 242
112 344 575
278 53 551
581 59 819
1 557 561
380 328 802
727 739 864
540 530 246
91 532 116
193 379 806
736 134 305
308 216 209
76 313 473
728 762 715
666 79 495
18 652 296
647 133 989
487 71 578
696 278 444
340 260 541
31 46 888
445 253 253
36 408 474
1 538 761
459 18 861
437 683 740
66 52 878
480 662 714
649 729 223
14 73 826
264 260 587
361 352 225
517 296 159
617 738 481
773 227 623
707 787 938
434 428 90
640 748 884
351 707 633
733 46 855
778 768 682
151 397 506
48 559 271
461 167 312
365 456 550
433 235 149
417 48 712
283 337 549
163 339 163
732 64 337
108 18 90
285 372 535
758 201 996
73 469 984
462 185 128
626 96 202
557 709 463
723 565 736
281 309 747
275 232 738
246 319 650
435 311 880
102 379 934
566 393 106
42 347 388
696 425 260
156 201 654
780 702 438
702 718 697
410 526 67
519 495 83
50 216 463
243 685 128
358 29 936
360 612 942
502 586 623
497 433 38
649 486 252
662 108 218
512 709 35
120 605 327
580 421 57
465 547 56
617 455 957
513 161 668
514 271 486
585 358 83
197 631 909
660 624 769
287 578 116
466 504 982
476 631 113
734 241 680
750 208 152
278 396 554
743 395 397
236 492 700
175 625 848
700 227 91
516 212 232
577 382 893
582 71 71
112 333 303
352 550 50
763 494 765
568 303 412
516 149 614
133 184 500
328 700 111
764 85 752
656 502 82
508 356 804
43 504 580
355 239 691
785 393 739
394 563 859
554 701 993
332 193 744
92 122 631
676 222 253
219 781 916
590 493 714
143 617 331
602 366 840
756 295 565
156 628 133
724 385 217
28 164 40
395 6 522
450 237 210
96 193 285
100 501 515
111 622 345
766 479 149
654 652 791
610 259 376
483 308 560
95 195 285
67 664 493
232 233 583
575 445 98
50 501 909
691 316 775
437 507 688
314 44 680
701 651 218
210 29 445
429 686 578
502 43 214
753 90 275
70 746 471
436 520 385
177 353 702
283 594 393
134 118 453
95 3 198
664 742 713
296 691 850
758 411 98
106 398 755
546 69 939
288 140 344
484 535 494
372 332 762
511 148 873
35 86 83
714 442 448
402 735 984
652 22 136
372 552 933
174 333 686
111 236 794
46 633 486
535 666 512
374 780 177
700 421 299
617 11 37
506 106 653
256 64 385
282 438 730
534 743 732
694 531 127
229 273 710
472 783 238
568 351 576
175 430 50
3 624 909
597 681 749
549 104 689
313 767 858
124 327 780
109 8 47
351 717 692
151 624 277
626 507 882
583 517 730
190 106 458
681 367 186
754 547 584
456 247 198
99 701 773
568 99 768
93 220 210
491 379 334
177 255 918
656 770 884
214 701 573
417 143 30
165 714 722
535 660 38
645 1 677
131 542 212
410 92 104
147 274 880
697 657 859
11 675 526
406 23 646
43 215 612
135 167 169
771 421 337
728 629 214
355 122 244
536 766 251
267 631 200
596 298 176
444 611 71
537 542 520
613 369 458
98 76 234
23 386 303
128 673 913
703 369 122
694 691 406
740 426 233
165 409 987
54 231 688
124 568 193
33 89 876
527 500 655
309 330 58
347 664 458
204 254 451
763 225 344
582 701 204
598 750 44
592 535 643
99 50 837
125 347 745
720 313 677
48 180 37
299 512 608
389 763 85
314 168 166
547 199 627
116 640 906
295 206 279
253 673 447
599 744 816
11 666 385
302 786 266
510 565 493
206 552 810
373 757 558
342 652 642
554 51 627
222 340 803
362 23 845
181 245 620
396 725 267
768 56 874
654 449 521
5 99 338
354 342 627
225 13 997
107 565 315
783 149 166
155 221 421
578 610 59
574 736 967
255 30 170
28 368 89
449 456 314
79 655 507
173 456 400
705 505 577
82 577 155
501 695 546
65 705 132
588 785 211
482 71 635
456 383 360
288 649 754
351 490 681
358 747 615
761 578 45
61 751 425
399 742 686
363 665 980
204 243 519
119 546 176
151 627 251
302 204 792
530 365 675
211 687 608
59 491 266
725 190 814
530 708 428
318 23 838
517 229 260
628 545 301
34 184 981
85 542 861
603 700 957
95 788 464
651 680 54
680 724 967
358 238 638
69 691 511
442 402 378
64 433 386
652 79 835
638 351 680
331 43 234
541 116 804
130 260 403
211 353 157
103 412 308
218 621 920
344 288 485
659 521 304
435 760 651
246 477 684
503 305 413
579 517 76
14 430 27
326 401 386
762 109 68
668 612 71
92 260 425
610 538 244
262 750 743
682 337 73
397 194 16
26 556 656
410 255 16
340 771 539
261 495 343
176 175 756
416 648 694
405 41 907
671 15 17
608 344 451
350 292 341
540 249 137
509 395 703
667 735 580
619 557 419
31 400 406
268 496 687
119 239 357
122 211 587
396 205 340
125 440 786
609 9 753
746 353 176
257 746 706
732 495 894
561 574 973
477 422 385
599 178 969
400 115 954
677 142 689
685 319 208
409 659 611
741 665 615
258 784 175
651 659 652
36 164 623
781 436 375
1 55 14
493 153 248
274 512 85
785 22 480
295 529 518
221 571 407
326 327 222
310 355 368
449 681 526
690 432 645
690 669 863
44 110 930
321 621 747
534 627 207
502 288 687
306 569 378
183 365 272
233 309 122
470 442 189
513 572 999
320 77 450
749 276 221
173 289 740
403 465 570
306 155 756
292 1 150
789 18 682
728 680 727
112 346 821
141 765 913
564 273 830
161 444 55
169 393 274
401 506 958
270 329 320
729 101 196
638 99 558
373 255 366
129 174 182
190 46 738
304 341 369
769 731 154
10 488 559
729 569 188
204 49 881
635 301 221
56 264 977
235 497 787
281 166 412
148 69 987
376 465 566
505 115 471
143 336 679
48 626 239
36 243 647
31 76 735
30 105 312
477 430 220
324 364 583
583 624 708
566 321 775
436 728 499
737 769 305
768 134 198
155 588 346
393 162 638
393 689 419
738 427 996
612 624 325
2 547 210
421 202 296
191 351 227
357 162 114
304 484 174
673 694 60
634 705 20
469 330 334
505 301 156
141 243 870
132 554 279
785 108 626
256 348 663
763 450 408
365 495 845
8 24 305
590 710 757
683 771 983
530 694 815
53 264 506
327 1 224
374 541 145
163 238 320
682 491 2
497 68 767
425 348 227
503 591 520
575 127 323
215 706 260
148 604 719
156 435 118
1 623 353
693 351 585
178 480 874
773 216 155
13 173 51
146 365 90
246 61 460
506 428 391
162 429 460
323 519 199
775 691 59
453 260 26
509 544 648
531 788 200
676 546 819
197 230 63
250 309 751
185 609 751
675 344 75
387 612 85
68 561 766
336 64 125
351 511 727
779 59 731
386 84 248
619 448 732
531 106 802
364 99 649
727 138 580
638 460 951
477 367 87
141 660 207
21 178 958
246 428 794
216 562 256
160 345 750
2 427 749
246 509 443
100 356 385
738 741 674
370 525 395
609 417 191
578 148 267
529 153 107
666 348 492
36 183 803
59 72 432
785 136 473
477 778 226
11 233 852
447 241 278
75 38 725
732 376 802
2 534 43
330 401 222
703 381 516
133 395 39
468 205 64
346 88 270
613 18 115
497 231 773
4 778 994
31 612 923
253 218 314
691 106 236
171 202 796
313 536 815
379 477 143
440 670 59
143 37 932
440 182 993
451 526 644
175 715 56
337 609 632
282 575 251
309 556 505
145 355 455
316 505 834
145 292 412
15 481 830
407 778 716
47 526 347
216 76 981
119 765 820
694 295 606
393 84 254
461 99 52
144 483 655
741 7 682
140 609 90
568 310 903
272 240 355
326 291 837
555 679 829
247 383 159
506 437 897
161 381 67
288 484 206
306 281 955
486 766 376
31 752 112
734 591 410
273 181 972
156 477 486
5 36 142
181 343 675
565 743 795
782 749 112
104 546 113
122 660 810
277 380 457
381 252 293
645 727 989
630 207 179
562 675 603
115 38 363
9 455 450
415 539 188
171 648 172
400 491 536
550 391 268
158 684 791
258 390 1
241 575 715
179 225 992
506 671 52
722 80 257
449 759 819
616 697 108
169 437 297
17 22 109
282 424 392
398 478 323
171 526 886
147 407 543
159 42 791
688 658 132
136 479 132
547 743 719
291 270 725
134 723 326
117 419 405
29 212 794
708 419 429
5 33 597
73 542 948
744 751 595
340 760 253
172 463 889
537 43 435
643 59 69
661 671 951
620 737 666
782 397 808
670 89 899
450 157 445
561 109 736
222 578 415
463 638 210
505 413 350
450 148 802
400 53 997
625 423 745
149 623 44
421 157 386
668 660 528
297 462 456
255 602 554
358 567 288
590 680 469
305 169 870
306 176 47
750 375 234
645 732 451
133 575 181
532 323 211
13 41 870
102 421 911
346 423 437
356 106 295
149 409 758
14 701 739
273 392 757
232 386 100
386 209 528
26 80 434
120 702 962
16 18 700
542 765 850
1 754 827
425 745 542
25 59 166
418 143 370
549 67 889
722 561 360
708 610 91
316 294 277
435 374 657
779 207 994
206 656 178
550 51 652
424 310 810
723 204 130
3 335 688
371 564 257
467 501 933
409 29 910
281 537 19
232 188 921
750 408 980
213 514 644
351 484 200
652 299 172
313 594 1
527 674 786
750 233 589
104 120 287
436 438 622
205 520 583
43 551 543
225 770 396
763 718 352
661 447 310
283 414 349
551 741 815
408 286 214
93 14 482
307 449 196
155 355 252
139 677 752
33 692 971
6 748 472
171 3 47
735 459 935
35 704 408
49 101 164
408 638 98
396 460 994
586 496 801
443 736 637
16 71 643
272 365 724
127 59 759
589 668 585
309 318 530
529 289 277
725 729 235
439 329 430
533 587 156
274 605 979
511 129 192
452 136 944
550 750 716
113 137 212
211 550 100
23 340 387
349 606 921
281 498 870
436 99 672
698 534 929
138 22 851
66 661 449
549 553 732
64 277 651
624 330 77
605 218 278
442 364 649
651 491 897
695 153 741
41 196 933
494 245 208
581 673 257
249 311 713
598 652 367
283 421 358
603 153 974
103 335 511
649 41 780
582 435 714
161 532 40
498 161 132
379 607 769
195 48 245
1 508 778
11 66 435
412 668 782
247 245 32
93 252 176
338 504 255
463 286 408
57 206 519
217 458 769
5 337 892
710 9 538
583 695 153
414 221 337
192 241 130
603 769 932
174 560 825
757 370 215
22 327 451
13 236 206
1 115 15
414 591 477
227 409 585
246 398 790
757 399 47
89 607 797
50 370 75
499 414 880
155 346 366
469 442 245
344 343 991
776 129 913
316 452 233
596 771 826
160 268 459
379 776 598
292 428 755
447 591 17
171 64 163
735 320 38
113 528 647
425 70 97
134 15 476
103 147 968
522 417 641
1 771 556
237 364 372
192 39 646
264 739 942
297 551 353
441 761 773
468 709 424
99 756 636
501 414 302
470 617 498
775 159 531
303 133 464
257 728 390
493 120 464
187 791 102
235 559 863
652 511 275
96 84 291
450 759 986
675 545 676
381 1 777
596 36 973
694 294 348
758 347 449
232 304 616
667 581 773
592 554 625
50 715 709
39 368 203
195 6 987
483 72 842
388 92 136
323 177 744
149 394 752
190 687 824
265 331 36
450 421 451
407 240 535
708 359 355
736 360 18
306 41 142
784 143 470
107 606 783
280 134 279
116 132 995
650 499 199
445 713 129
791 58 410
1 458 767
389 687 370
702 728 221
316 180 126
24 692 223
384 207 447
104 360 879
62 122 827
575 77 87
98 67 994
452 557 692
103 786 389
457 544 283
223 449 86
632 246 419
104 534 106
564 772 739
188 252 999
652 197 527
183 733 176
292 397 558
610 93 845
92 500 923
492 192 640
96 580 812
62 94 301
274 197 397
769 190 192
60 550 762
1 646 86
429 586 799
76 348 742
456 727 764
529 72 350
609 754 508
150 593 167
351 532 665
230 45 630
265 463 192
46 39 132
415 133 951
218 643 519
18 209 417
609 118 405
444 286 438
262 118 719
778 264 117
474 610 554
241 498 788
374 478 624
702 732 471
533 566 459
74 165 625
661 410 95
317 453 209
548 85 510
14 475 537
708 499 574
559 39 877
594 295 934
175 141 745
43 519 209
115 275 105
103 111 126
2 740 716
486 224 132
720 351 391
62 676 412
357 557 511
74 503 551
322 27 446
297 58 140
608 448 132
161 709 817
455 369 632
618 415 502
752 421 676
530 701 111
362 169 507
460 574 12
477 622 544
576 755 920
252 375 31
781 634 16
711 98 514
238 281 954
349 540 449
267 343 169
375 488 946
96 36 649
533 155 388
728 443 269
704 26 906
418 523 934
505 606 199
72 265 361
85 447 479
340 690 398
442 597 71
76 158 509
93 378 71
410 3 524
290 77 957
389 723 155
107 178 964
36 766 143
465 776 830
575 466 461
323 42 913
190 650 769
615 46 319
691 614 543
132 773 66
707 437 960
526 791 235
269 511 8
243 41 989
590 481 375
646 522 35
440 335 687
523 679 73
15 561 672
314 658 747
723 376 991
545 410 111
277 373 910
431 705 387
493 491 775
587 486 314
204 360 613
568 207 408
421 340 133
643 92 566
504 174 140
672 71 194
603 539 15
41 371 185
400 643 531
300 510 156
150 246 90
590 267 968
354 22 482
138 763 437
432 46 743
791 461 818
204 470 599
398 97 769
477 83 628
139 463 723
470 220 592
319 365 517
477 518 669
669 740 361
416 538 566
323 395 429
435 462 925
565 78 134
141 346 66
362 274 133
322 746 230
205 624 889
344 778 23
789 535 913
40 638 993
633 635 121
274 302 274
120 87 785
44 386 88
583 170 939
334 310 797
491 389 414
201 237 230
748 628 568
592 679 320
473 91 903
175 177 738
393 366 673
552 425 473
295 258 976
756 397 100
35 362 294
763 513 120
80 374 601
519 511 247
209 581 657
278 64 40
406 53 565
774 233 928
549 757 656
92 582 611
367 737 56
365 323 117
64 610 280
630 599 653
204 692 759
410 736 828
551 766 767
733 168 82
348 785 514
525 693 275
202 339 779
126 540 537
198 4 63
610 646 755
202 477 346
68 501 633
558 713 914
417 553 185
343 613 907
416 58 999
205 139 854
387 589 679
162 28 187
350 247 754
250 499 147
603 6 87
306 639 216
325 598 579
415 101 943
378 482 888
454 665 263
414 523 37
11 414 931
339 320 358
519 462 966
11 568 312
386 523 770
216 754 410
318 611 443
306 784 1000
686 253 319
295 777 5
603 95 659
754 103 129
97 681 218
201 706 567
419 752 841
393 131 53
72 386 824
715 102 273
257 348 205
650 18 376
14 504 57
17 1 652
108 191 793
190 222 573
37 204 174
701 568 386
653 554 698
466 51 452
332 548 6
549 558 724
225 643 447
79 303 116
231 650 691
500 48 410
400 267 835
501 394 588
481 119 430
351 570 539
551 451 991
706 344 747
66 788 298
274 323 242
146 583 946
13 232 734
407 144 652
145 165 602
646 263 500
682 489 493
684 304 143
547 1 722
193 196 656
714 453 582
28 551 896
763 122 335
646 720 408
113 39 935
435 52 855
3 173 871
102 435 169
321 521 711
447 216 854
50 502 386
204 85 606
388 629 904
330 249 424
287 617 256
434 162 180
483 624 853
543 276 877
251 699 51
462 691 162
296 330 321
33 236 702
419 563 478
166 374 408
693 106 292
451 246 791
463 229 825
638 746 674
363 406 149
8 463 537
115 218 783
238 547 757
575 102 381
261 314 338
344 456 78
638 1 237
249 482 479
211 425 521
133 428 802
147 224 103
265 609 186
407 544 243
540 585 856
297 8 46
134 220 734
90 336 373
331 443 415
454 474 700
316 785 257
235 461 907
791 566 808
572 709 613
245 165 3
244 414 940
53 192 738
603 512 221
681 519 524
608 645 721
239 267 233
3 90 620
408 640 496
244 627 829
692 459 238
624 166 411
133 276 312
329 748 6
659 72 261
560 785 389
566 563 127
87 435 659
50 337 968
668 3 378
60 288 489
97 503 586
361 271 148
1 136 977
92 230 224
141 599 940
664 2 933
727 668 502
473 361 734
581 550 972
510 788 707
226 143 906
770 762 355
276 713 577
144 535 579
1 274 967
69 453 934
789 161 181
407 401 856
60 3 504
510 519 290
23 28 998
371 43 402
502 245 926
369 411 701
524 169 181
109 100 295
396 753 879
787 315 82
650 462 912
679 66 692
358 243 280
114 760 15
232 22 951
520 246 304
73 257 518
686 35 271
666 327 681
313 660 391
721 432 97
193 733 998
386 606 178
391 503 674
162 586 511
580 604 220
466 758 332
416 574 86
68 160 636
784 71 807
65 603 569
653 753 753
504 441 395
494 620 572
186 401 178
55 431 119
143 416 17
731 432 651
556 496 797
663 553 623
86 299 630
8 101 826
457 715 77
190 342 825
340 261 501
371 389 938
285 626 63
543 719 402
286 764 692
330 583 54
59 672 311
41 116 899
112 536 403
121 170 544
647 711 290
309 626 669
766 23 803
439 208 723
8 516 84
147 279 880
104 156 621
205 628 208
19 18 938
778 318 15
378 255 272
765 590 659
479 232 661
359 335 766
108 135 806
79 16 49
735 235 447
329 368 719
311 258 470
612 176 125
220 715 112
711 57 753
540 221 139
577 42 215
367 158 303
471 520 547
735 74 429
491 355 33
704 685 697
73 345 99
129 682 744
37 625 649
123 245 727
315 553 680
625 477 63
332 598 268
92 344 867
279 396 108
138 400 724
384 64 983
591 313 996
442 26 765
85 343 15
3 391 153
610 607 894
288 731 249
1 229 821
775 485 562
427 121 379
536 532 88
109 437 134
471 449 26
166 85 127
695 218 391
657 523 697
570 473 583
209 106 708
757 772 877
659 316 564
29 269 950
745 187 866
258 752 164
785 281 852
533 309 370
766 696 567
77 55 728
488 272 478
701 779 542
26 163 869
451 217 453
149 205 153
617 601 762
414 757 109
315 566 155
20 187 416
181 248 935
339 54 482
326 621 9
492 587 994
657 673 638
329 610 498
317 272 266
648 337 262
565 528 854
599 176 390
285 109 184
277 215 87
266 592 562
347 148 973
464 771 562
337 321 842
361 747 827
378 596 999
281 414 798
91 502 864
743 201 546
428 129 542
577 766 866
351 576 144
134 720 514
4 698 436
94 432 127
679 579 520
202 229 953
528 683 300
88 579 372
371 433 169
80 246 170
6 387 183
39 460 14
706 681 667
43 629 508
424 493 364
722 771 821
442 595 402
653 665 220
632 312 325
540 173 110
277 699 624
493 282 451
590 694 446
264 653 802
658 50 909
659 113 968
184 421 435
561 288 237
36 760 323
36 221 799
737 722 41
294 647 176
552 533 60
591 200 433
765 526 72
40 240 872
50 185 846
344 148 747
6 477 245
281 146 630
372 74 877
53 143 302
679 73 915
107 415 766
710 579 586
408 345 182
607 775 194
232 481 352
465 603 8
33 102 12
126 399 513
1 399 680
76 181 32
666 373 331
499 187 134
351 540 828
596 687 321
748 71 959
529 520 668
283 605 247
563 352 177
549 403 529
351 354 109
177 584 773
236 595 132
503 669 830
241 43 434
345 3 963
562 115 556
260 234 116
417 302 279
227 391 178
584 212 47
207 1 56
220 360 749
731 165 297
446 497 903
218 302 452
728 531 863
332 744 489
188 181 438
768 290 402
1 119 690
428 611 932
244 609 440
389 232 65
754 622 700
547 647 904
654 227 540
150 234 666
654 700 349
478 595 128
124 208 783
288 568 920
287 529 448
622 715 802
159 538 174
99 531 515
137 314 337
434 123 207
188 2 482
204 53 814
257 204 393
333 260 293
479 432 94
221 446 441
717 173 915
348 490 172
730 499 177
290 470 892
462 437 898
468 119 893
516 324 959
5 498 843
310 607 749
645 340 439
760 530 383
157 333 297
214 483 461
547 80 324
669 773 932
249 687 237
743 496 284
124 640 707
652 57 903
191 634 936
288 227 414
760 95 442
608 223 904
715 197 582
587 683 751
556 696 940
650 282 864
137 456 374
660 767 234
689 726 287
101 603 337
671 45 743
655 273 798
213 359 484
144 213 373
218 5 857
623 673 487
267 105 257
124 432 742
166 233 68
586 74 739
218 77 304
232 559 802
249 427 452
529 2 394
366 295 413
258 718 772
247 652 100
38 144 437
442 176 347
264 613 706
762 564 321
121 389 23
134 484 899
12 656 948
62 77 406
605 401 805
61 70 32
523 204 347
155 337 113
727 384 104
428 221 498
383 547 5
679 3 532
269 589 939
393 402 861
23 460 862
462 246 482
130 89 470
645 396 305
677 522 867
78 112 92
505 528 865
743 726 160
155 373 47
379 417 736
15 505 128
28 584 528
93 154 239
7 790 967
204 534 927
262 448 938
103 300 764
545 267 603
666 583 944
435 413 414
548 366 837
8 377 641
157 329 782
654 37 881
358 486 980
2 179 127
726 772 962
344 212 301
772 233 230
90 308 661
39 114 35
478 8 460
260 20 423
306 689 685
422 231 347
42 512 792
189 731 317
285 144 211
771 99 490
556 106 172
534 302 871
595 337 137
65 428 952
613 305 57
381 59 419
9 349 827
86 630 30
498 428 904
81 616 60
340 280 90
274 771 503
568 668 257
25 60 9
253 449 226
434 731 121
111 573 418
784 159 221
491 756 294
1 309 424
1 13 98
330 514 52
20 183 259
744 453 940
721 234 969
74 610 238
610 636 165
362 438 273
147 223 504
359 78 984
105 203 2
115 582 130
231 274 37
743 662 433
439 662 424
75 750 808
505 41 419
638 529 306
751 626 955
651 216 177
193 320 198
782 98 980
206 18 870
309 223 684
699 661 730
85 460 808
674 309 376
654 102 418
400 770 106
153 589 935
34 487 275
19 491 762
85 311 325
660 29 415
224 267 742
202 15 664
680 594 608
64 29 898
250 442 400
121 241 56
568 416 260
25 767 664
149 113 325
469 532 459
532 657 984
615 659 302
99 41 146
547 255 297
534 545 64
25 115 797
60 777 904
768 271 957
10 244 308
7 8 317
69 1 814
274 679 125
642 744 167
5 128 483
588 241 593
723 310 425
256 213 938
90 673 390
374 690 509
667 197 904
454 239 447
17 238 173
80 555 803
288 666 374
149 106 129
11 483 400
191 190 653
637 345 166
21 92 907
442 694 62
356 155 318
440 80 309
8 17 770
790 596 450
151 255 634
34 399 675
302 485 475
161 317 697
465 733 508
475 624 115
215 498 249
776 106 272
460 667 573
709 41 121
97 244 932
770 729 193
112 568 656
521 694 52
616 113 439
265 655 262
370 189 218
568 407 434
555 785 962
302 163 82
107 586 418
383 686 391
39 324 814
181 693 146
92 41 965
554 396 724
270 467 326
624 573 787
684 168 404
522 679 666
327 784 687
225 310 256
177 401 3
227 653 854
291 557 163
757 105 718
49 41 886
392 131 550
693 329 569
47 567 448
302 651 581
39 566 624
422 86 421
610 470 999
311 342 628
755 50 362
221 62 665
419 16 635
327 381 406
478 537 592
692 415 398
162 416 807
281 590 845
781 88 196
571 172 478
666 344 944
280 303 160
572 512 512
5 58 428
265 691 354
97 535 284
288 137 672
68 59 555
185 771 505
78 54 144
231 419 403
544 99 674
267 120 478
776 567 434
295 88 319
116 329 349
33 499 859
76 170 51
343 214 242
48 758 60
165 778 870
61 128 850
293 369 576
278 73 202
152 19 996
37 770 857
463 590 275
246 447 315
319 168 919
673 470 621
123 524 421
384 517 464
283 555 10
21 96 842
205 366 963
315 177 156
233 588 185
316 600 943
781 717 627
214 408 729
43 701 389
144 152 734
495 703 547
655 582 583
86 229 499
168 424 831
224 411 637
180 246 198
72 668 923
664 457 980
565 188 238
554 158 308
314 472 682
652 791 948
533 670 73
74 639 169
750 721 240
222 73 137
199 235 37
207 184 305
575 610 894
693 218 567
654 243 860
470 50 649
373 497 965
172 682 398
132 528 171
376 178 484
764 333 610
186 596 645
752 320 985
281 663 90
624 422 506
218 771 228
441 94 166
111 638 496
173 22 212
313 281 37
478 463 872
210 122 258
704 657 465
410 352 142
471 172 533
195 81 655
383 208 215
496 58 827
188 64 384
252 14 216
238 15 669
39 142 593
696 71 85
125 396 989
548 494 116
589 672 782
512 519 460
572 272 440
209 479 837
781 561 994
608 504 884
351 122 417
367 369 862
204 589 935
629 569 360
135 491 56
400 386 861
323 534 865
376 135 798
506 371 52
358 685 953
128 132 295
262 38 549
1 379 203
719 705 714
71 121 97
211 291 702
519 247 621
20 90 159
267 656 674
655 347 200
305 621 525
368 325 989
660 766 352
330 376 287
15 159 21
435 709 874
176 333 650
487 614 323
646 384 777
386 351 60
11 68 580
692 357 506
85 381 992
775 143 83
767 709 643
764 470 517
67 22 572
70 607 863
234 160 662
177 645 637
512 3 919
148 687 964
300 322 126
497 348 351
578 393 237
428 478 307
629 660 184
759 50 979
687 150 758
448 132 107
538 760 957
551 325 368
120 498 805
617 759 315
533 714 325
182 72 163
272 60 86
64 640 363
267 603 833
378 196 711
575 104 129
338 477 474
596 76 885
470 362 98
256 378 275
490 30 320
530 467 876
666 430 382
184 141 116
302 513 329
336 628 421
151 762 533
81 109 798
677 747 394
722 694 335
735 739 116
227 16 95
390 650 289
618 247 522
556 325 253
632 20 650
454 775 558
458 564 425
279 12 888
699 31 303
432 730 165
208 109 202
400 788 892
57 183 900
421 291 686
340 681 277
206 283 39
176 38 498
774 170 324
596 198 419
564 477 377
136 628 367
667 75 525
345 284 23
411 365 35
735 636 698
697 442 482
701 106 721
294 338 991
271 189 421
512 170 298
685 237 7
387 2 838
586 61 45
317 402 109
657 500 14
101 429 68
617 274 911
737 290 920
162 408 108
588 635 920
473 291 791
216 441 466
589 117 455
522 661 308
188 490 210
197 346 849
568 18 206
399 407 881
232 729 415
376 596 264
337 542 476
422 660 717
433 725 396
297 98 560
457 630 758
736 484 712
138 158 857
393 331 951
211 534 927
517 598 174
291 431 551
751 187 638
177 19 508
145 402 668
741 212 883
478 641 622
613 6 341
726 306 627
773 255 186
211 592 506
530 778 319
588 694 777
46 346 576
292 535 550
367 766 336
547 622 901
57 403 795
345 107 769
561 83 128
379 785 964
104 505 945
646 617 352
190 522 129
406 477 146
414 653 524
169 726 189
261 494 31
36 156 806
704 470 665
66 738 772
393 619 181
692 494 901
737 246 981
254 113 280
638 443 486
155 610 913
547 180 941
644 241 90
621 504 970
421 453 786
114 634 154
29 151 533
663 141 650
226 534 932
433 653 495
137 92 156
425 381 882
595 321 818
37 50 464
56 664 264
36 162 832
710 750 173
635 184 682
308 447 54
221 153 232
282 117 351
759 102 945
656 386 84
166 541 76
357 578 866
685 271 725
752 51 387
304 460 409
757 208 647
186 634 538
479 6 998
731 257 870
561 633 36
102 706 77
449 75 181
609 632 144
113 426 60
50 234 521
386 262 129
260 326 975
558 608 12
109 349 917
776 259 428
157 448 906
651 774 862
668 411 60
469 608 63
48 531 386
1 4 551
75 525 754
302 85 241
390 402 421
694 647 674
787 430 881
594 648 824
323 531 408
212 559 597
162 707 171
400 684 642
710 317 316
719 591 541
321 150 77
531 302 472
57 580 870
133 350 656
619 628 685
422 112 970
528 712 890
655 108 619
60 630 28
95 484 323
542 221 451
95 569 799
524 557 741
598 545 918
250 208 6
514 127 492
733 274 453
645 701 797
121 461 142
306 310 295
69 591 817
690 8 191
767 93 114
312 154 113
482 263 589
506 411 895
606 722 824
520 537 862
729 241 668
339 391 793
617 585 392
419 408 373
532 152 488
236 269 289
641 155 978
389 109 548
59 240 688
156 434 938
178 505 17
212 409 290
485 335 445
643 295 54
617 609 514
337 302 233
414 666 398
675 155 582
589 393 561
246 280 824
36 3 548
659 512 7
652 369 732
208 162 757
102 284 59
382 274 586
736 261 509
659 609 323
81 539 354
529 386 685
270 348 401
630 504 678
481 646 412
260 376 500
523 102 903
458 638 585
750 43 688
147 359 941
282 703 966
238 616 646
90 608 538
193 296 971
673 15 113
17 562 554
551 727 574
177 469 166
23 746 882
206 396 411
636 152 850
736 642 785
206 133 730
737 242 629
266 92 279
104 358 138
545 787 69
663 707 449
338 417 202
392 487 518
324 116 586
269 278 614
455 779 493
729 697 493
509 410 497
1 661 219
605 621 132
567 200 829
767 316 901
279 556 278
562 34 630
155 118 826
611 414 888
430 148 36
518 340 223
246 63 364
416 283 549
483 76 551
524 730 249
590 138 409
15 188 554
669 327 584
241 289 590
532 399 296
144 588 452
495 249 336
7 93 613
177 710 541
784 2 348
52 100 37
551 780 496
591 652 483
719 159 106
717 773 953
666 17 357
135 336 523
730 501 752
104 662 814
92 102 87
172 583 253
281 716 217
463 746 207
189 256 293
38 181 250
789 351 80
594 59 964
645 418 259
524 442 814
50 138 475
61 140 76
610 343 334
250 716 439
645 684 810
390 673 162
189 9 644
221 332 291
328 20 451
736 667 28
415 186 547
246 374 475
40 334 44
575 633 342
163 577 723
161 529 383
617 699 611
81 323 964
124 662 325
353 662 882
226 108 88
182 287 952
730 411 67
626 235 651
162 462 462
108 125 785
363 201 691
18 721 423
352 95 157
694 511 830
23 155 694
209 39 428
491 666 827
554 421 580
430 162 725
182 253 820
309 161 213
536 94 708
665 449 567
730 329 352
48 570 230
598 217 446
183 746 109
232 49 104
314 371 915
180 477 345
620 248 198
166 531 527
746 235 424
298 760 927
438 246 808
638 174 589
468 274 706
539 288 275
250 169 392
170 248 310
340 767 32
571 534 81
349 481 869
674 772 463
715 379 19
135 328 190
434 282 108
601 509 719
610 122 316
316 715 172
192 459 348
183 720 20
351 21 606
272 522 944
720 693 446
162 234 468
193 658 72
171 416 987
131 52 359
267 205 499
87 109 999
259 342 179
400 454 766
401 769 630
543 76 651
788 199 776
608 330 249
260 442 563
302 179 92
721 661 581
3 675 917
666 276 920
725 489 101
673 744 818
133 349 902
149 223 394
494 721 843
90 132 759
225 15 611
88 33 603
192 374 439
684 249 615
137 757 163
554 198 414
548 141 112
443 763 747
453 208 901
539 238 34
471 637 44
6 357 704
588 260 388
54 458 636
289 389 616
513 203 136
603 485 802
480 421 814
631 391 177
162 353 105
473 422 121
333 728 635
197 283 8
122 708 826
343 514 25
121 433 579
708 757 625
71 666 379
86 493 896
638 654 146
492 486 89
105 305 404
198 536 844
141 561 406
28 755 472
464 134 329
306 55 158
771 69 285
676 130 138
345 553 150
62 546 79
687 179 850
351 474 992
354 184 306
515 379 319
311 674 399
588 680 365
706 307 664
393 576 214
85 312 607
400 38 669
506 734 161
432 214 931
291 146 539
421 302 502
591 213 122
731 511 632
701 559 792
178 615 342
760 197 801
160 759 989
43 698 554
428 708 500
459 723 153
785 365 982
274 526 858
114 372 474
292 237 390
558 193 354
477 681 819
517 476 369
92 171 343
389 57 663
73 467 125
471 599 545
711 785 159
177 649 305
686 69 576
594 619 131
662 155 367
592 171 440
317 648 941
293 518 577
573 228 848
295 259 215
645 305 915
190 656 901
472 727 737
260 360 183
269 538 469
284 473 771
171 651 777
656 246 351
708 66 362
466 499 98
303 57 186
548 601 727
337 279 97
743 38 282
253 480 532
36 755 804
687 330 111
328 582 775
450 149 673
115 522 864
725 57 471
518 788 112
282 496 284
77 409 530
406 396 864
219 603 75
228 341 3
379 633 452
452 192 157
500 117 129
754 575 729
367 38 539
541 704 310
177 96 813
95 267 94
287 454 658
550 725 927
366 390 212
583 112 658
652 239 183
264 204 218
185 215 187
517 201 843
580 29 317
739 316 665
137 358 519
311 534 143
361 447 590
775 512 160
720 546 604
773 646 640
225 254 426
224 288 908
777 456 884
310 593 359
534 255 212
681 134 864
681 671 642
84 760 491
66 246 749
64 206 2
409 619 337
731 243 19
225 766 503
32 114 178
44 638 129
140 658 773
581 175 564
486 537 887
217 314 745
147 21 448
182 462 714
704 453 676
277 720 352
83 442 617
46 422 518
554 155 512
167 337 584
26 167 268
67 697 827
251 312 875
464 106 387
183 710 904
644 214 623
402 629 862
755 141 833
452 29 718
602 509 597
589 783 84
693 369 559
771 519 901
232 596 365
283 737 627
16 506 993
283 393 593
484 94 737
113 380 879
767 275 20
740 198 513
182 196 942
267 119 481
282 498 234
119 778 812
111 553 210
170 643 199
591 29 459
145 367 159
588 264 628
333 141 994
19 27 661
47 63 610
749 275 661
776 117 66
91 246 936
594 274 279
755 729 262
409 369 166
603 504 711
315 92 352
526 295 964
488 753 939
246 610 832
127 686 464
690 771 863
8 91 593
361 102 671
145 524 978
499 171 902
600 22 679
24 127 937
573 770 204
239 644 363
669 598 243
72 748 323
342 302 66
275 435 963
8 176 153
311 97 657
376 205 275
553 208 475
444 780 872
413 452 715
68 677 524
760 593 268
169 282 454
538 722 343
84 596 737
50 398 680
213 502 59
417 665 54
428 583 908
111 327 623
783 712 748
73 415 749
631 453 563
254 359 338
650 144 864
29 576 724
50 365 363
677 585 692
591 512 749
45 256 615
380 397 897
768 377 931
660 413 114
488 348 436
177 371 187
517 276 300
538 203 812
575 359 374
420 523 930
522 392 422
257 403 315
635 542 490
749 89 26
533 251 858
391 626 663
57 467 983
63 421 404
162 666 744
685 535 184
52 451 176
152 735 689
521 69 915
488 1 740
358 314 881
206 281 741
106 625 417
127 656 810
749 104 290
141 484 588
64 76 829
471 197 168
664 615 69
134 239 797
631 127 280
633 477 443
711 561 780
326 180 805
506 534 577
676 15 357
365 759 321
142 464 242
22 520 359
778 560 897
160 22 514
581 747 786
163 430 670
184 120 225
565 549 512
71 203 564
369 462 856
274 348 592
29 262 176
43 512 653
254 22 211
232 223 46
631 672 77
206 459 694
367 176 256
568 89 211
575 723 286
638 398 151
667 244 70
407 7 920
645 214 594
569 353 265
286 118 574
487 202 983
337 430 342
313 651 207
115 606 181
46 242 873
610 568 488
591 785 488
543 92 710
22 789 600
15 265 93
456 767 129
189 79 973
582 345 578
29 676 865
89 528 656
384 70 944
387 594 742
638 547 930
109 414 417
778 637 916
463 74 707
755 30 471
379 38 276
390 50 545
201 593 249
225 399 409
712 113 208
204 222 200
401 626 897
519 470 768
735 439 818
560 287 510
723 205 896
88 2 891
681 84 338
439 27 533
188 560 352
4 438 149
367 602 98
255 575 429
275 485 809
274 186 317
165 235 39
288 433 71
68 578 66
247 567 262
407 640 278
712 557 473
785 470 497
169 765 99
380 585 252
495 667 464
521 35 667
515 482 475
673 566 499
211 721 503
334 362 515
31 747 139
764 400 568
19 396 36
86 578 895
463 548 450
399 163 132
300 245 317
269 344 748
595 157 977
655 141 797
197 247 82
18 697 694
628 295 857
188 148 661
438 336 2
114 470 318
528 263 57
746 556 155
13 481 296
399 770 938
725 193 202
688 124 179
783 691 434
746 116 126
281 680 123
51 565 86
758 309 322
134 469 779
59 669 784
190 292 526
502 744 883
135 775 6
27 404 739
302 141 700
160 276 429
242 340 618
172 505 780
178 102 37
32 469 752
590 573 511
743 449 932
655 372 839
34 464 311
703 28 703
449 209 449
708 225 922
716 50 446
270 578 328
255 380 964
700 699 771
511 668 14
247 560 352
255 262 464
417 724 271
300 33 354
647 634 306
591 143 224
4 252 503
365 56 987
590 641 801
17 563 374
677 208 682
183 549 965
86 519 123
205 736 249
502 760 726
439 770 258
362 232 676
95 202 178
275 463 518
37 162 107
9 108 565
103 254 868
278 133 379
459 406 732
193 121 91
450 593 39
518 214 780
643 85 308
10 310 442
785 43 471
493 274 840
330 555 619
600 254 370
563 542 112
744 616 616
167 410 287
253 477 118
696 54 405
385 214 744
378 75 987
466 617 397
68 307 502
173 403 446
775 15 564
777 531 675
544 127 494
340 459 426
36 761 434
142 128 584
518 691 348
226 575 720
617 194 202
152 545 696
456 227 678
179 114 983
484 485 889
199 270 474
251 411 26
227 497 294
71 254 668
776 183 674
734 371 792
265 305 968
606 504 539
761 50 961
74 754 487
593 605 435
511 605 821
121 420 52
213 372 451
541 169 706
242 219 883
130 126 137
153 732 706
92 694 451
208 758 25
362 425 878
49 396 77
436 736 236
160 446 900
539 155 765
323 477 272
743 600 940
582 743 392
666 353 94
140 644 39
473 396 877
772 146 357
491 536 378
71 188 89
687 766 676
154 275 137
628 717 441
327 663 922
771 479 420
196 644 233
6 264 1
679 240 214
325 519 107
249 190 74
277 698 2
770 338 928
618 393 941
463 213 264
417 774 498
78 113 806
382 309 489
514 624 225
512 683 354
489 196 386
127 532 248
261 552 630
304 666 546
352 497 216
1 2 634
452 539 559
137 242 358
234 568 405
750 484 943
8 573 745
117 653 231
43 513 189
201 518 295
601 400 856
375 565 569
46 7 639
449 148 115
360 340 188
603 61 270
151 415 198
94 10 165
113 379 696
689 581 269
99 730 181
400 670 658
204 599 755
368 691 864
52 179 902
683 242 508
98 570 569
141 245 128
40 68 587
712 476 209
753 178 629
720 79 163
672 10 725
189 311 415
217 48 118
288 58 492
37 42 15
532 500 717
394 342 689
176 91 369
443 656 566
358 50 677
529 156 499
119 158 287
50 549 499
493 180 631
247 531 927
715 609 457
484 675 627
711 167 297
165 789 868
706 439 560
689 141 340
459 778 724
332 436 7
220 424 523
242 7 378
233 189 612
26 491 999
256 316 636
417 253 629
253 398 525
277 50 934
28 506 756
337 563 628
743 363 48
270 268 18
143 702 906
769 486 888
440 446 392
410 286 858
474 701 36
1 52 743
225 604 505
461 398 269
34 252 232
103 529 843
120 112 200
769 568 2
219 367 156
391 621 969
673 456 351
250 302 302
395 151 989
328 457 314
242 407 660
231 367 706
627 622 672
11 374 895
736 584 60
409 192 982
281 443 718
311 400 241
406 504 257
586 84 611
540 319 373
133 526 33
254 222 460
76 190 735
381 516 417
252 599 823
46 331 820
463 671 954
748 122 380
575 485 524
733 24 615
340 701 903
786 657 449
631 512 789
258 525 711
673 414 995
231 423 867
17 310 972
174 771 328
362 530 241
114 497 76
131 33 794
513 724 644
557 41 568
93 764 412
217 343 399
298 15 269
168 494 521
197 377 620
568 674 935
326 51 121
360 671 761
37 191 967
99 52 329
540 281 730
477 686 278
435 680 249
547 538 402
430 265 506
64 142 707
46 127 455
664 460 994
522 311 3
544 767 668
167 623 386
84 428 241
54 522 709
412 386 521
235 631 996
1 704 667
659 673 387
381 743 460
34 81 746
673 423 250
231 642 509
615 370 341
180 548 751
32 37 115
478 612 811
51 372 148
161 212 993
278 292 3
225 621 490
159 581 512
168 671 397
143 715 188
521 657 94
53 57 187
64 69 29
5 62 988
404 422 611
260 683 881
264 426 223
409 340 521
114 19 819
731 291 361
129 732 899
11 759 880
142 582 395
743 575 225
18 270 856
544 266 366
446 525 842
316 260 265
728 764 333
652 552 938
575 9 747
385 512 803
9 458 603
165 177 551
478 205 415
1 513 926
244 182 899
126 655 518
183 519 395
113 454 27
211 695 429
190 592 563
528 410 945
588 751 535
155 344 794
695 549 723
596 666 956
283 158 270
704 708 552
114 134 751
61 141 371
142 593 311
133 150 250
600 652 172
777 603 628
585 211 786
778 713 666
608 225 662
267 5 165
129 433 494
248 95 573
74 327 890
281 159 505
363 202 763
328 409 789
669 463 495
21 22 967
788 596 452
362 394 800
247 298 335
584 643 521
213 405 498
754 301 736
274 118 686
53 63 834
361 205 923
218 380 984
767 648 534
430 304 15
248 580 699
425 505 215
226 48 613
685 428 120
111 10 380
126 583 107
197 113 361
25 378 920
534 126 911
76 372 552
517 490 429
64 1 982
725 775 514
254 340 614
526 432 924
534 584 585
371 217 63
331 582 36
235 141 16
110 11 506
728 744 850
693 6 569
489 46 90
721 148 210
312 297 149
545 204 896
554 568 74
449 791 463
349 491 487
248 638 449
36 283 127
403 771 918
584 603 26
281 610 892
363 668 319
375 366 687
4 325 959
356 674 545
583 719 473
319 534 443
621 175 339
503 574 544
358 643 823
266 606 78
524 345 225
260 652 4
144 308 634
560 743 446
749 547 575
753 169 977
84 186 466
535 298 232
527 769 778
203 412 484
228 354 200
516 645 461
689 729 235
2 569 393
782 238 521
119 444 697
554 238 891
723 733 442
144 400 988
160 355 454
247 397 137
672 316 169
264 523 358
113 788 847
265 155 972
463 61 45
108 726 318
87 38 22
773 582 842
663 228 581
551 722 280
470 232 391
532 257 58
89 28 702
456 99 401
383 148 205
267 11 203
738 43 151
694 64 476
741 495 497
119 366 426
134 393 227
151 94 863
62 410 927
227 527 42
115 207 618
601 580 105
607 210 551
526 77 331
729 218 624
615 120 387
161 341 65
237 382 952
198 541 539
167 108 504
127 47 532
645 689 872
782 35 493
757 488 483
125 753 141
208 503 221
555 625 507
600 115 519
698 436 18
177 789 975
769 323 71
394 617 383
569 188 632
101 225 881
300 568 4
411 736 959
451 486 812
217 632 512
204 605 890
540 644 60
629 449 920
330 134 888
190 288 869
316 200 186
670 528 201
699 131 536
79 277 60
785 645 374
339 161 853
25 684 422
459 603 400
43 385 812
255 570 831
134 194 645
453 445 182
586 748 340
525 178 937
84 761 309
673 227 72
399 316 538
395 415 210
100 148 470
203 702 881
618 750 521
33 749 156
14 25 575
699 191 887
13 396 111
85 414 843
448 559 289
474 563 968
643 230 552
337 397 406
774 727 123
624 195 349
246 765 402
25 118 977
531 775 765
351 389 225
3 222 781
153 86 572
343 162 528
16 402 57
694 623 615
262 754 987
138 520 809
225 447 812
686 695 39
443 139 207
326 234 972
213 444 931
93 423 619
200 217 378
220 390 568
14 26 308
169 397 537
337 358 860
635 583 284
259 243 59
81 232 407
173 369 412
470 333 539
435 8 365
24 204 880
434 132 10
492 409 125
81 97 167
693 322 675
457 232 364
428 43 808
582 487 997
371 211 219
32 210 635
336 246 284
339 48 722
98 523 530
225 339 401
332 47 410
50 618 490
744 344 514
100 694 402
698 491 104
543 692 649
200 575 323
344 463 84
493 148 823
141 166 934
623 481 933
346 352 486
239 283 35
249 679 683
232 338 605
6 764 498
765 560 575
314 194 388
492 318 368
548 666 10
475 612 307
23 183 340
740 500 208
190 248 7
722 202 986
715 392 662
771 191 83
37 540 111
414 103 733
342 266 512
316 661 456
785 791 631
50 9 30
297 313 725
582 558 480
280 718 629
544 6 633
294 603 694
717 255 493
1 566 50
112 674 324
92 295 748
251 638 995
488 582 431
200 772 888
583 14 831
566 685 741
77 602 236
1 21 242
435 651 754
718 589 122
683 486 343
566 624 111
525 1 788
606 782 484
492 737 703
357 289 152
173 393 911
484 616 547
659 779 724
790 417 950
46 668 450
546 377 571
199 633 388
184 496 777
401 393 438
590 368 430
505 742 653
694 724 518
73 80 441
722 29 253
272 1 154
698 604 689
417 103 144
12 198 789
275 317 746
783 578 934
694 627 480
418 616 137
388 766 918
183 655 917
483 699 583
89 138 26
554 174 600
1 402 10
164 91 342
318 365 267
246 638 410
687 31 690
378 73 842
85 108 569
686 587 856
218 683 44
594 681 466
150 680 335
297 365 543
696 730 294
117 464 953
22 687 642
601 781 893
776 650 747
381 530 173
672 437 10
174 441 428
443 353 67
289 367 924
3 43 160
753 388 142
330 91 296
511 176 511
675 92 393
716 56 991
465 587 508
287 300 402
566 141 748
47 65 30
568 636 511
15 30 735
163 209 605
415 347 237
761 271 516
396 453 959
759 628 884
276 322 545
291 21 150
139 706 397
557 64 491
81 665 122
668 180 755
737 549 999
630 75 174
717 447 426
366 281 341
119 540 75
523 184 448
180 239 62
352 721 140
475 141 294
60 204 737
48 770 984
671 378 128
528 452 715
50 61 391
654 456 58
18 701 452
141 262 147
554 736 736
349 125 537
251 80 149
484 390 608
43 515 825
94 192 452
659 660 76
710 141 174
73 293 13
156 582 482
359 657 440
376 466 986
236 476 59
389 280 306
309 407 862
648 435 714
452 753 864
633 548 985
178 470 353
246 204 243
400 143 538
148 354 403
277 519 119
413 298 869
280 379 931
183 596 293
367 412 613
172 613 787
581 652 294
365 264 880
239 299 720
162 271 157
453 782 221
673 643 682
102 678 493
85 239 509
232 706 534
455 266 481
203 544 347
417 278 801
349 341 256
462 729 20
711 520 112
522 267 880
32 222 345
468 720 433
152 199 853
609 412 642
274 639 334
14 490 958
500 14 865
504 127 677
740 272 527
391 179 952
778 293 748
508 653 668
417 513 930
97 149 747
117 762 968
527 773 330
195 534 547
211 477 373
623 165 813
291 779 177
295 375 214
379 757 682
457 490 140
617 469 890
26 512 623
278 608 903
723 141 840
204 457 565
674 761 693
532 253 163
111 594 400
73 519 635
50 495 934
142 166 997
419 695 494
718 591 732
624 430 984
427 495 391
704 327 992
666 139 283
538 612 947
417 5 368
86 432 301
484 597 117
483 19 708
335 610 682
477 677 441
780 71 850
505 395 875
503 475 610
130 1 763
473 475 362
191 379 505
393 225 410
130 511 721
276 526 112
255 299 264
292 506 455
21 405 593
576 11 595
413 754 187
7 225 574
631 230 565
8 658 711
377 128 692
592 384 650
501 16 82
617 249 338
467 71 998
64 319 984
360 107 880
478 484 875
118 714 609
151 35 466
32 264 585
590 782 48
618 114 17
304 603 86
610 682 309
340 463 762
31 477 287
217 414 819
106 63 135
575 219 269
275 481 670
127 670 397
396 302 898
622 159 440
276 340 908
428 635 29
99 310 180
53 691 425
358 224 382
175 294 571
317 472 902
302 8 477
731 42 767
235 677 199
498 559 448
708 493 225
425 478 340
114 516 97
85 287 706
479 111 170
140 495 606
527 432 216
233 39 937
554 607 700
578 720 392
162 167 608
198 228 883
205 673 388
43 425 70
582 506 385
673 350 22
486 313 864
421 163 63
118 496 827
133 293 363
4 506 46
235 330 289
6 70 675
54 677 701
596 547 998
341 443 703
742 46 130
621 134 736
25 296 206
498 134 588
418 758 605
565 8 952
274 32 559
200 459 755
187 38 743
428 715 679
118 518 795
310 576 312
719 417 747
161 110 225
462 269 718
281 164 148
189 528 550
477 10 504
4 288 953
401 174 793
554 346 849
713 398 53
655 448 518
40 29 819
499 29 542
393 45 840
66 36 9
335 191 423
485 729 597
65 253 792
62 272 661
42 351 357
522 540 882
510 120 424
227 102 78
169 118 864
105 169 989
41 145 486
97 672 915
271 718 769
323 318 591
452 572 36
6 24 280
226 744 384
241 691 340
259 190 848
218 276 152
553 49 383
238 744 870
60 190 545
718 563 590
649 175 308
328 575 909
232 489 383
410 330 9
708 632 856
337 731 42
322 345 84
30 22 314
239 639 604
388 412 159
449 487 618
75 713 169
783 724 330
158 434 113
615 542 355
456 32 179
541 573 588
512 327 627
342 446 472
267 127 274
748 265 692
679 763 968
218 560 50
145 171 64
352 193 757
187 483 436
330 11 738
161 260 461
372 766 974
340 320 186
526 646 407
176 14 340
584 73 747
681 432 420
743 762 702
455 186 520
6 146 873
277 368 481
191 7 881
736 177 851
401 92 411
13 175 877
224 554 876
673 353 681
716 96 392
34 124 768
626 531 946
445 593 502
469 722 32
92 728 950
677 116 866
274 33 23
414 601 610
126 772 858
320 85 23
482 198 490
770 617 651
719 315 631
682 85 357
532 664 507
207 696 582
431 645 768
566 72 528
3 78 148
143 162 522
434 581 390
561 764 229
787 656 642
95 334 349
135 319 668
439 472 50
87 33 416
442 45 703
354 463 425
92 79 792
250 185 766
33 209 92
593 687 446
473 377 649
619 45 944
778 323 751
361 659 546
503 748 152
304 624 954
415 583 396
457 211 898
597 246 287
785 493 809
245 325 563
320 227 678
43 208 698
645 428 560
364 676 646
749 407 544
189 1 372
392 94 865
367 688 330
362 38 986
338 112 716
100 217 371
361 481 545
636 146 72
301 596 438
18 321 715
205 74 618
333 390 634
694 559 126
624 637 394
96 192 763
420 522 404
299 324 946
133 460 312
121 500 578
745 36 160
664 738 348
148 158 268
490 698 701
457 547 384
214 584 207
355 331 177
353 772 274
631 340 483
44 338 286
383 108 297
680 215 389
