744 3228 697
431 697 150
283 585 590
577 127 947
42 43 331
276 353 878
557 343 438
528 624 746
155 210 582
713 313 131
743 220 792
15 360 940
664 280 438
54 331 612
7 148 125
160 45 867
517 325 126
289 23 406
109 290 367
439 668 679
152 158 849
446 628 435
137 68 660
15 16 722
49 220 761
211 189 151
70 169 414
183 433 979
113 126 778
22 26 728
297 697 842
349 664 91
721 400 620
338 422 555
411 724 621
1 581 8
289 259 6
91 603 292
112 457 835
193 679 781
339 359 381
652 563 290
167 193 853
417 577 540
460 555 120
84 524 632
235 442 314
92 582 189
298 649 570
631 271 608
120 573 852
192 290 834
325 262 879
25 105 869
117 243 737
265 218 499
25 113 987
709 559 69
44 431 75
76 289 139
177 277 700
62 313 271
42 260 733
169 45 494
503 319 256
160 629 882
523 377 643
111 452 819
453 637 271
115 213 421
248 580 629
139 173 999
721 718 500
169 412 882
199 594 434
690 251 112
265 535 289
17 39 992
337 575 89
41 709 944
1 160 145
285 373 125
43 306 281
420 336 506
245 303 325
85 487 167
541 649 885
79 469 64
211 281 844
125 720 113
403 172 306
713 628 743
373 236 813
379 252 668
22 28 794
62 449 205
109 199 524
689 160 641
61 535 382
169 382 451
373 607 159
214 490 416
363 361 614
547 79 273
472 634 568
625 312 268
259 5 707
637 84 391
55 367 984
170 562 821
661 265 311
701 13 796
79 136 114
400 145 417
298 365 519
459 575 343
280 449 485
39 96 686
120 301 287
331 683 118
393 522 476
377 163 95
25 146 921
544 64 608
13 379 922
208 323 749
68 130 776
404 97 215
275 371 703
612 354 245
217 193 844
76 349 133
557 277 235
199 261 837
237 621 362
482 289 133
1 3 248
283 408 713
69 108 124
37 365 271
260 145 778
413 385 653
139 89 625
551 417 62
456 81 770
570 574 851
385 107 714
413 1 154
73 339 187
184 85 188
219 434 908
117 120 19
5 74 63
301 73 734
67 205 12
179 373 703
451 145 364
48 661 755
369 511 215
449 737 169
2 103 104
123 357 15
625 706 318
200 361 251
289 85 592
325 526 649
364 580 229
561 416 766
652 450 231
166 124 390
361 553 419
489 526 801
283 607 773
188 25 431
145 532 455
446 65 718
141 441 439
605 648 701
313 550 296
743 526 902
92 668 793
233 668 841
137 481 493
190 59 781
104 122 811
97 289 656
5 19 952
121 193 156
481 166 8
37 410 330
355 427 426
565 493 371
235 377 68
376 395 178
202 522 373
545 122 346
19 740 857
171 74 223
590 253 350
379 106 12
321 433 241
141 423 377
35 257 607
370 673 185
223 316 603
36 37 502
373 284 9
239 431 394
315 595 477
666 232 147
229 49 975
246 330 705
498 205 195
355 197 218
1 397 567
84 459 73
231 275 960
546 628 391
457 538 398
208 185 251
529 725 253
240 181 524
131 443 507
349 537 781
521 717 966
94 169 866
241 369 860
525 689 114
679 601 188
6 11 337
50 242 643
673 385 370
457 393 35
248 457 658
337 669 984
211 17 787
321 594 434
329 383 622
187 302 273
211 41 379
487 302 273
540 173 275
476 355 741
41 42 840
281 289 815
187 256 302
418 695 440
331 73 223
223 544 782
361 106 378
453 625 287
521 311 426
139 490 31
687 571 796
130 145 334
334 217 14
331 536 202
36 215 120
11 672 912
690 157 411
702 577 273
32 277 175
389 109 806
16 503 995
315 613 397
433 445 124
559 239 126
53 638 123
529 651 961
481 661 949
523 65 16
457 103 615
475 257 246
479 617 79
133 185 869
673 301 738
509 545 607
515 502 479
471 481 200
1 121 214
733 359 577
448 267 961
635 424 836
364 505 279
70 487 802
130 561 8
220 25 568
577 247 341
249 517 212
172 361 885
535 176 941
361 1 245
689 291 332
667 256 326
225 97 319
79 733 698
320 249 146
209 665 573
154 362 894
137 725 868
658 209 413
43 160 51
341 193 789
169 13 702
489 424 847
177 641 455
502 341 911
125 331 988
49 426 58
28 64 541
161 490 718
568 445 683
242 601 680
348 429 389
305 691 545
240 519 561
662 184 562
71 241 431
48 255 649
383 141 690
267 240 461
89 255 12
14 100 642
529 531 783
532 197 117
55 721 787
529 394 442
341 241 945
229 173 131
95 513 708
250 669 426
359 121 851
10 709 549
277 114 900
694 409 922
628 423 898
286 496 556
297 193 210
743 646 703
1 163 333
427 481 184
415 450 689
93 149 646
373 497 926
707 315 454
199 353 820
259 346 194
385 231 180
413 4 834
469 409 739
313 247 800
644 484 646
521 689 446
645 150 260
73 283 992
638 287 349
565 208 909
697 424 961
581 217 219
493 222 859
212 49 231
17 478 138
719 16 145
204 52 60
387 298 659
719 149 877
433 41 528
335 697 113
557 671 887
85 481 54
673 229 361
533 497 675
475 57 534
327 33 529
110 558 415
733 25 895
443 497 296
66 186 316
161 295 844
135 574 202
247 238 674
33 111 17
397 73 23
361 319 450
149 545 697
127 203 292
111 231 246
548 131 419
733 265 523
533 161 657
181 477 472
59 62 221
175 553 359
621 40 380
619 237 751
89 595 637
473 487 564
655 489 765
227 109 501
27 625 916
306 453 384
217 427 605
478 710 284
73 282 71
673 561 186
73 66 72
199 363 240
495 451 196
340 373 632
389 541 846
99 320 840
457 67 847
8 20 670
265 137 752
481 381 103
211 738 997
35 57 772
609 633 680
691 55 944
148 591 630
32 238 304
43 217 89
465 393 806
156 486 467
361 491 456
377 537 855
346 706 230
501 647 882
17 22 618
625 33 758
297 440 517
571 300 533
28 417 623
5 398 387
507 477 150
30 133 733
409 555 752
200 317 736
635 371 118
349 322 96
172 458 921
161 210 286
84 685 805
52 593 492
737 505 940
139 736 839
425 527 605
16 433 842
443 271 263
305 437 900
211 428 905
265 667 773
174 697 127
529 245 879
718 553 608
637 331 687
133 712 497
399 277 891
289 257 845
404 250 249
538 225 704
643 145 452
193 281 30
403 339 844
276 416 209
382 529 829
241 650 919
340 358 31
105 190 373
292 171 346
421 217 823
339 681 512
509 483 653
317 505 416
1 218 645
643 264 671
313 721 134
363 197 579
250 310 877
565 1 192
7 15 792
609 94 336
383 169 230
279 538 795
74 273 401
700 121 55
556 383 44
319 497 631
16 24 486
293 41 725
330 714 144
541 49 350
652 691 238
601 117 852
25 691 280
1 34 388
637 13 782
49 629 268
23 45 832
280 709 490
241 247 722
616 601 133
657 189 914
373 353 22
215 601 347
637 79 925
283 505 546
215 353 74
203 697 432
436 373 679
643 481 47
1 683 914
553 415 14
654 621 276
537 483 300
716 341 800
215 75 64
651 451 50
203 347 63
67 426 703
475 573 461
531 331 495
409 377 952
393 561 954
505 511 166
180 298 368
441 691 284
641 435 356
405 511 11
145 47 946
293 157 413
655 539 793
166 352 3
678 457 734
471 249 731
361 75 859
398 629 556
31 66 406
1 497 977
31 293 547
561 319 547
228 89 253
69 399 23
5 737 529
225 183 612
285 73 917
665 595 780
201 709 48
257 537 586
138 548 704
503 531 395
633 71 964
373 727 488
461 262 250
613 73 380
404 565 984
372 439 966
293 717 818
19 32 843
617 283 600
126 589 595
12 670 11
175 332 466
112 161 778
185 715 953
53 261 191
292 726 393
209 429 910
241 655 864
405 337 361
23 183 687
152 119 91
181 585 721
393 591 821
353 419 497
1 5 216
202 615 302
145 121 359
233 275 614
487 621 955
582 65 967
187 297 264
635 475 551
71 81 130
193 622 667
310 384 943
643 592 817
67 235 520
103 601 646
433 327 423
337 733 538
94 547 626
181 262 266
205 216 520
505 105 75
529 389 438
109 537 837
283 97 955
445 211 803
348 641 723
320 607 884
85 483 194
688 388 706
249 81 866
307 377 731
186 255 308
128 626 941
629 449 808
3 49 833
242 102 611
58 629 27
1 201 94
580 460 742
18 406 382
32 466 822
615 265 576
673 558 128
207 249 433
731 109 934
57 78 799
634 360 749
63 293 813
449 557 731
159 235 595
177 736 788
355 436 432
151 367 607
40 125 925
680 166 455
630 147 880
1 625 642
43 723 497
372 617 263
73 403 220
24 191 346
229 367 185
308 403 881
97 32 47
277 451 608
461 457 796
277 604 982
601 137 588
85 244 527
601 697 193
10 132 973
169 533 118
105 219 283
310 670 331
694 617 31
732 562 486
560 658 683
90 108 214
321 491 344
677 229 23
203 464 567
730 425 326
588 369 954
584 674 616
157 739 709
559 621 546
712 21 136
373 265 230
91 685 376
76 696 90
457 544 677
133 223 656
505 37 200
5 23 521
700 723 9
80 238 777
207 247 532
469 257 327
145 661 559
525 631 110
331 237 903
625 294 138
68 417 255
684 109 936
73 31 788
217 142 80
55 503 571
739 588 775
347 271 298
577 153 314
179 676 34
355 65 496
157 85 971
51 313 295
637 284 591
733 241 845
201 510 312
489 70 763
617 315 739
361 733 671
309 348 249
337 178 17
347 384 835
709 424 629
241 311 143
166 393 499
373 523 483
649 685 642
698 724 528
85 697 204
81 657 407
636 81 903
467 604 222
715 427 970
208 559 715
139 635 708
185 505 973
700 615 165
174 457 970
343 593 877
210 229 294
309 585 804
145 64 954
338 103 78
200 121 648
109 322 632
249 223 554
465 307 799
157 292 624
661 155 196
97 355 657
605 115 280
249 721 288
681 531 448
40 523 477
457 417 170
196 739 329
31 513 904
45 370 203
579 480 193
46 60 195
209 284 886
451 553 395
1 2 601
1 137 838
357 174 886
198 356 10
337 279 710
328 474 256
36 318 585
151 664 484
156 193 278
720 519 468
369 425 546
227 430 769
697 661 24
25 169 86
38 181 125
187 535 732
90 124 63
393 721 138
361 531 620
215 691 813
280 351 535
241 346 301
58 321 209
79 727 372
126 466 216
41 46 197
721 361 675
310 388 600
637 649 387
77 459 910
547 358 488
255 690 429
364 541 743
13 463 380
137 89 240
400 369 328
175 457 628
85 601 834
131 310 995
334 201 399
86 505 368
86 230 896
194 553 558
229 193 676
236 287 995
395 486 554
688 485 217
109 163 43
391 251 132
254 289 626
433 7 969
387 385 662
21 583 325
703 112 877
521 547 783
239 41 323
455 31 612
85 625 462
124 665 909
14 30 636
286 567 589
539 367 832
484 173 782
171 597 444
649 397 775
532 307 764
701 528 542
737 97 391
313 511 551
153 281 688
442 632 704
157 727 32
49 275 445
97 123 937
142 502 14
661 81 402
147 49 58
11 155 103
97 475 8
178 528 439
314 645 402
13 465 141
208 493 329
462 104 188
739 613 943
328 103 387
128 373 308
439 552 164
199 502 108
583 631 126
238 252 856
159 179 804
501 513 567
5 442 902
671 462 196
36 447 404
313 131 48
367 515 183
439 121 458
355 409 448
22 598 976
280 277 579
244 555 681
699 509 734
313 616 711
102 187 231
66 273 243
199 337 206
391 605 684
652 541 562
25 209 254
151 517 901
686 623 180
68 83 21
59 85 945
93 278 910
649 403 87
164 49 981
147 665 580
55 381 758
716 430 360
477 589 469
28 143 927
573 172 129
73 589 498
241 223 842
72 468 815
251 534 308
524 621 821
223 319 114
70 153 811
433 85 283
281 126 804
173 223 48
67 658 549
13 535 883
651 523 277
547 217 699
43 301 733
481 667 878
175 103 753
633 289 546
403 730 368
381 557 442
3 14 676
607 556 879
343 150 217
109 521 874
363 539 865
657 433 594
211 652 50
121 471 2
205 340 931
472 150 51
237 245 685
231 711 167
515 115 965
235 703 155
715 484 379
62 601 184
266 549 258
567 710 313
373 586 580
88 311 209
579 421 346
621 51 420
585 109 586
588 311 891
154 459 158
370 513 544
445 93 127
181 541 741
177 201 551
225 119 448
336 700 418
710 167 106
479 27 8
54 439 615
229 705 703
537 553 660
405 109 786
249 85 939
25 217 826
12 217 823
10 689 289
125 307 717
148 202 851
585 625 5
318 63 955
277 633 126
689 722 284
601 718 92
737 490 429
157 189 818
633 541 900
25 271 71
201 625 315
382 736 799
91 106 729
109 610 201
436 643 276
575 269 249
275 697 223
712 625 647
115 343 769
69 653 442
71 541 129
298 451 968
82 341 200
103 292 408
4 25 116
43 714 379
737 569 771
544 43 511
478 133 671
28 76 178
125 156 811
244 424 590
397 91 303
698 481 262
381 438 863
157 187 821
97 371 583
121 27 123
292 454 311
367 523 950
556 313 61
125 505 245
67 367 834
69 580 71
405 325 570
161 41 286
449 644 460
297 145 580
511 272 976
438 132 979
553 535 505
594 393 486
109 164 882
587 36 136
655 721 181
454 220 717
47 377 325
325 81 673
217 234 143
37 729 587
571 82 7
85 330 58
577 709 778
637 285 76
193 37 74
109 254 86
719 64 491
211 193 85
583 124 987
214 217 400
100 157 787
620 379 309
567 353 511
126 232 639
648 55 429
319 739 903
425 623 357
1 207 652
553 214 444
367 129 581
737 85 500
547 529 654
532 254 264
213 510 316
33 397 715
469 381 747
73 591 787
495 528 284
661 253 356
187 479 715
379 461 633
37 47 225
315 607 909
625 155 482
158 280 378
262 729 863
335 484 354
358 473 160
26 110 45
742 445 548
19 721 860
26 41 75
13 493 647
122 69 777
317 469 855
289 540 692
453 273 36
465 23 744
673 743 995
33 134 836
737 145 869
539 627 581
543 139 60
535 425 117
146 196 955
445 547 451
572 718 320
721 325 970
311 37 762
109 31 131
589 24 390
430 301 208
597 394 379
147 341 263
19 178 110
499 525 504
451 20 703
445 497 916
287 231 489
349 361 695
156 182 140
333 715 619
641 503 224
176 479 334
241 485 586
235 209 518
361 577 852
49 193 373
715 253 993
675 648 823
221 12 44
454 692 404
337 347 283
595 614 189
383 254 82
601 467 347
295 699 896
654 307 192
596 9 49
361 313 6
7 420 753
379 689 564
554 481 766
649 529 390
225 309 922
715 359 324
305 37 1000
213 695 206
331 639 756
433 194 488
344 737 980
275 742 434
709 465 795
124 325 488
123 194 756
178 712 392
8 147 205
256 678 976
310 727 418
327 329 184
400 403 47
492 628 152
388 553 722
314 571 956
7 13 139
557 642 294
257 52 145
9 484 852
399 143 809
475 283 620
574 606 907
737 425 86
421 94 316
252 241 166
409 649 978
685 673 26
187 406 213
345 440 807
625 456 622
265 705 702
293 421 442
667 741 106
409 625 487
44 188 653
8 53 435
502 636 128
100 743 792
550 235 498
154 102 14
273 64 876
169 697 626
127 307 157
241 178 351
613 103 523
397 157 901
505 241 121
319 425 795
643 358 67
334 373 987
121 2 673
49 276 823
659 40 598
315 645 556
17 55 474
482 716 911
417 697 804
478 79 677
307 633 414
127 390 607
613 713 896
725 427 679
385 429 139
705 485 573
275 217 584
445 709 824
51 736 157
289 685 894
160 313 291
118 574 322
110 424 929
727 335 426
181 513 227
537 300 705
583 265 856
27 462 464
465 577 508
127 207 112
437 248 562
441 499 519
417 53 960
577 217 500
577 471 382
109 170 474
584 361 768
427 629 315
345 136 464
201 691 907
567 392 627
141 550 669
137 164 385
597 649 867
104 413 554
684 193 527
319 401 694
617 322 870
621 713 15
616 708 962
313 261 283
529 580 410
11 577 512
225 352 992
41 87 996
235 124 762
95 366 316
319 529 39
728 633 376
333 539 351
71 181 464
249 463 540
117 737 970
6 37 483
56 516 709
218 247 732
265 76 80
131 324 703
16 29 556
271 4 159
296 505 380
550 283 577
41 573 62
299 443 919
175 625 298
97 553 161
147 534 529
607 71 183
243 193 575
417 401 957
623 484 772
321 281 28
235 223 900
295 400 628
688 171 107
277 1 105
548 729 39
625 288 248
23 204 713
187 730 171
721 226 343
253 625 382
181 81 526
553 649 27
322 731 70
251 276 763
2 17 326
293 73 890
305 673 403
245 264 859
399 373 170
197 601 719
529 76 581
153 233 101
49 121 821
157 209 544
253 25 46
675 409 62
515 433 345
107 474 314
24 601 21
607 157 366
150 682 511
301 172 306
33 720 408
704 118 598
730 716 173
31 249 621
689 237 431
265 362 18
114 733 269
85 449 797
690 641 914
495 307 336
72 473 611
313 573 72
310 328 617
406 273 347
433 514 109
416 436 335
99 117 516
1 290 695
604 371 595
491 735 283
415 95 453
589 259 565
577 183 894
435 373 821
283 373 51
217 430 552
345 495 310
301 727 248
283 439 302
709 343 534
570 592 169
211 62 235
39 308 736
30 80 778
241 331 587
246 451 155
22 52 575
613 369 111
575 529 115
499 634 771
48 314 779
418 485 397
273 415 417
729 233 829
223 303 397
213 165 123
43 73 634
115 526 585
215 125 114
583 229 373
18 511 601
449 267 793
646 97 415
741 232 961
119 411 555
445 513 182
516 143 268
191 723 18
711 621 515
445 544 967
589 461 722
85 725 805
607 40 964
74 618 412
265 621 349
103 211 31
62 165 10
471 9 979
682 661 906
97 526 473
551 162 666
681 669 103
373 385 157
113 127 154
739 605 425
262 430 108
137 525 228
397 337 890
196 295 761
94 430 314
51 697 426
469 40 457
577 303 737
299 259 850
94 250 919
265 123 188
619 220 357
287 481 215
217 32 182
490 297 253
659 169 829
673 399 111
49 310 614
84 591 430
130 222 396
21 75 588
277 322 238
705 513 628
598 517 881
219 654 21
573 266 891
250 455 955
720 625 616
118 187 960
589 665 800
184 253 604
329 9 895
138 336 377
250 658 958
86 79 350
196 617 630
641 613 352
91 334 211
625 613 922
137 347 337
160 9 710
322 489 447
65 366 52
1 269 135
568 33 664
334 137 811
185 601 456
339 211 904
147 312 974
519 596 341
330 584 565
569 208 244
528 550 672
457 277 928
673 655 244
621 568 423
369 151 865
457 108 26
640 190 315
285 603 940
157 321 663
37 649 989
145 359 149
243 501 870
178 535 760
163 476 468
1 345 113
27 344 661
565 505 686
552 56 758
187 583 147
145 328 510
257 739 285
16 472 510
191 322 262
331 337 7
103 227 429
136 249 702
235 34 234
285 673 172
403 541 508
80 617 299
1 299 274
279 261 571
109 588 729
337 621 476
303 368 962
497 515 640
94 601 751
57 705 841
114 589 218
15 47 895
478 53 693
183 705 539
232 414 599
482 41 173
15 402 35
71 566 669
585 165 696
109 730 556
160 291 458
217 723 891
244 640 917
463 569 153
115 477 144
190 365 653
295 563 438
1 505 369
151 365 569
325 273 935
592 409 597
183 105 848
209 657 321
734 596 916
293 467 524
268 21 719
563 32 979
86 469 469
472 331 269
43 349 314
520 673 577
23 124 894
572 704 234
568 433 21
95 559 683
81 446 795
595 656 168
37 1 409
493 367 638
64 504 504
69 170 520
49 217 301
249 416 968
121 670 961
174 299 423
454 256 939
1 36 512
21 492 452
54 129 101
303 651 901
231 326 295
133 178 120
132 726 965
373 441 928
592 355 676
25 705 650
139 494 191
1 327 313
666 365 800
633 184 25
634 321 61
241 694 13
345 502 894
113 285 777
611 355 840
445 448 136
560 559 425
275 450 633
438 502 478
630 187 963
457 658 662
433 405 947
202 465 913
292 352 158
433 165 671
401 113 852
249 628 264
508 685 324
713 249 270
45 89 513
277 407 684
599 355 562
121 299 978
430 607 400
315 317 161
102 104 187
412 492 493
703 342 990
680 286 57
521 424 258
32 688 725
503 661 793
723 248 639
17 553 83
656 358 913
435 705 113
737 52 420
658 694 342
277 583 867
425 559 460
31 655 556
149 737 4
529 166 855
49 385 3
117 373 111
157 191 676
70 140 179
385 718 980
181 536 444
529 732 548
160 337 954
36 482 474
1 641 520
505 89 595
1 701 142
243 625 447
577 481 417
109 175 184
301 632 350
10 58 458
409 181 809
33 63 742
471 666 445
169 622 955
137 553 711
631 510 652
697 585 499
69 131 554
75 153 262
741 82 20
13 148 112
101 441 215
362 391 837
103 447 479
705 43 621
668 613 707
207 390 254
289 570 680
247 552 259
697 221 291
239 404 373
73 177 627
520 287 760
701 205 4
7 355 854
529 49 522
403 133 470
241 313 465
286 743 370
20 371 257
280 629 478
451 589 604
142 157 42
303 329 231
25 127 804
706 337 222
495 721 389
583 389 629
247 529 174
739 349 787
163 64 562
223 481 834
577 85 420
685 577 368
105 164 159
64 226 119
688 452 21
583 353 129
113 149 389
1 25 279
66 293 835
81 571 264
85 560 867
210 357 363
697 631 536
672 559 805
433 643 833
351 362 146
57 150 800
709 738 191
549 53 62
126 389 528
346 521 767
607 568 13
673 28 255
118 447 476
304 610 805
211 329 839
5 99 193
157 137 706
28 223 115
375 637 526
60 94 421
381 688 728
97 263 208
9 682 920
1 161 771
577 33 434
678 685 773
124 7 366
283 1 470
285 289 865
193 496 988
514 313 906
410 366 150
553 371 336
142 129 788
496 450 607
138 368 513
175 327 554
325 603 126
242 449 890
631 302 943
533 505 897
101 611 762
683 622 298
481 111 856
487 35 507
725 31 607
507 702 580
376 130 50
676 140 354
539 19 158
147 176 519
493 340 849
545 592 929
550 110 48
609 417 405
721 357 323
241 169 716
51 338 249
407 373 549
485 721 356
573 253 106
177 739 955
116 1 759
26 38 851
359 367 909
261 724 680
561 385 173
119 94 854
197 641 112
457 676 599
409 247 362
13 6 869
121 565 48
469 229 664
237 1 106
401 255 156
265 305 635
121 201 524
55 276 750
241 150 291
399 70 826
413 673 791
82 294 544
445 37 758
248 175 943
673 643 668
297 585 884
76 271 875
539 649 39
200 589 478
177 418 839
221 25 813
246 262 957
1 373 127
81 445 893
238 241 5
139 212 227
51 86 30
658 284 298
61 59 724
505 329 467
217 27 526
41 531 936
125 743 101
58 657 445
65 713 330
141 169 114
165 292 375
224 339 454
286 409 27
98 71 187
23 50 656
643 123 157
1 396 163
149 606 413
58 610 971
598 433 558
701 273 955
92 121 954
30 128 893
183 303 258
347 553 148
529 544 429
145 523 513
729 734 651
136 631 55
167 499 913
70 25 54
303 443 213
258 433 312
233 561 807
589 446 898
529 3 548
433 1 370
39 457 471
5 151 309
203 675 333
421 457 276
735 361 30
721 589 639
613 592 838
352 433 743
454 517 259
181 469 288
417 19 163
79 82 75
34 441 964
626 618 213
102 373 845
457 535 948
37 421 741
741 669 247
125 592 9
289 511 599
185 145 542
399 309 35
339 564 702
367 352 444
350 49 950
65 340 846
694 97 575
703 233 657
411 619 557
597 269 54
342 337 565
241 375 750
171 693 361
278 381 566
68 73 738
425 509 670
67 559 592
181 297 978
105 471 943
663 257 457
340 617 867
379 559 740
107 295 440
153 653 988
511 661 72
384 559 117
449 433 154
87 321 847
265 413 901
565 349 215
269 383 708
349 213 831
153 195 434
308 595 863
611 689 907
17 46 154
343 142 672
133 607 634
355 425 799
213 148 854
211 646 435
329 490 779
691 175 11
575 664 443
73 697 527
64 530 353
667 612 469
48 286 340
628 241 573
283 560 330
643 316 205
455 307 107
383 28 440
76 184 968
289 280 367
331 28 17
665 345 639
21 313 224
169 496 116
337 561 3
137 565 625
33 205 480
629 499 555
32 228 497
669 633 392
574 621 388
393 610 342
527 555 205
53 198 275
178 247 80
428 90 155
225 524 345
563 260 362
498 319 566
229 16 657
44 529 379
367 617 425
55 445 558
19 139 115
392 493 768
242 393 774
457 49 539
196 719 342
448 489 789
6 71 941
385 361 336
157 384 102
394 477 933
57 145 600
527 654 977
190 543 647
734 157 928
470 714 631
603 169 134
31 199 530
601 70 909
109 581 732
213 239 907
494 622 368
313 601 770
228 671 485
662 55 250
439 353 693
61 213 230
217 225 287
141 425 812
445 352 557
663 369 646
116 145 40
48 91 472
387 131 45
513 457 93
721 273 28
529 590 357
51 256 353
109 667 756
358 313 864
352 289 613
121 516 588
373 169 165
43 583 921
505 530 730
19 267 939
25 483 288
514 537 171
577 149 672
660 24 392
85 739 33
345 715 804
689 487 624
113 197 623
691 605 179
73 593 563
445 487 617
55 92 244
258 284 267
295 437 192
49 403 824
322 737 48
225 514 491
568 328 889
131 143 797
336 548 412
399 61 109
289 112 201
709 208 438
95 237 520
45 119 416
617 289 232
448 49 977
137 133 544
393 635 796
185 200 600
679 265 741
525 39 469
649 489 904
237 659 28
473 357 997
133 25 685
162 621 493
48 521 988
717 361 648
434 193 29
683 444 918
639 345 299
562 660 60
280 466 420
33 213 866
287 500 89
102 398 811
204 410 744
217 198 312
67 509 20
47 77 637
121 115 149
742 702 270
373 721 186
570 327 346
78 101 403
480 301 334
709 310 603
215 621 8
442 106 476
82 465 567
734 607 665
655 641 173
171 291 994
300 1 757
61 211 515
439 241 418
277 401 731
393 358 568
641 160 695
685 187 995
241 605 788
241 316 632
423 91 14
665 43 864
336 373 616
733 311 96
140 236 24
339 461 893
51 407 545
289 130 667
515 211 12
111 157 504
559 141 969
503 578 681
92 152 913
621 163 550
529 13 846
383 472 231
7 17 62
209 327 695
305 593 667
148 130 876
553 82 176
653 137 97
244 32 553
549 525 980
199 13 477
73 109 649
475 407 637
389 475 194
97 81 367
151 241 587
409 208 384
18 67 119
225 397 561
249 196 721
697 330 6
463 585 683
413 638 72
156 399 91
70 283 628
577 692 269
75 585 975
377 375 317
305 295 369
430 403 108
685 15 338
106 200 425
331 35 974
163 541 983
133 73 230
711 583 434
485 707 182
359 340 774
261 295 225
74 215 490
185 148 464
249 423 866
563 709 291
404 177 813
418 600 286
451 415 964
267 586 480
673 262 252
19 449 581
166 133 333
377 586 323
229 506 729
413 727 546
705 97 7
625 714 339
297 19 337
689 426 455
85 417 988
695 198 553
337 138 401
376 725 623
1 51 970
683 430 451
293 681 252
394 532 190
215 403 625
2 131 254
88 426 25
385 527 870
384 489 971
654 541 932
498 637 235
181 697 329
259 673 861
184 5 863
125 530 436
437 483 348
601 625 125
734 215 537
683 670 726
1 399 427
527 217 388
79 448 217
253 631 392
502 138 975
161 67 106
169 145 963
28 598 466
233 673 766
223 178 848
597 519 917
724 421 485
533 105 792
409 293 344
377 689 274
392 617 220
6 61 184
241 370 346
39 157 817
276 375 675
129 597 357
425 703 833
331 289 453
169 175 121
580 44 29
3 558 570
97 541 633
144 699 453
493 364 270
94 97 582
387 721 75
324 581 649
93 139 247
16 481 549
129 640 689
428 145 621
672 94 811
282 701 674
18 85 113
507 556 222
228 277 585
113 193 33
145 413 773
457 55 707
449 385 712
83 104 961
645 34 857
221 34 422
183 289 921
649 133 492
35 349 129
229 324 999
649 713 54
327 205 381
532 540 971
565 99 845
593 271 729
274 305 752
471 219 571
724 589 203
320 614 282
218 697 895
630 698 663
114 590 568
153 615 652
339 81 243
341 458 716
407 113 731
495 81 354
245 253 60
571 125 991
709 159 251
70 151 214
658 406 879
521 567 355
137 307 610
453 49 6
261 269 213
387 74 285
337 413 859
15 142 653
156 180 566
481 93 936
616 470 15
106 1 151
483 289 294
46 88 703
166 705 7
70 249 872
616 407 324
103 401 177
255 738 434
47 154 395
10 595 283
163 13 898
233 260 936
739 741 530
106 489 48
1 289 808
255 367 447
205 321 685
352 513 270
559 673 826
322 529 110
51 251 240
67 511 882
437 385 431
1 461 144
481 421 74
297 229 142
627 205 672
457 487 436
3 37 908
3 208 225
9 10 511
21 323 150
695 448 620
367 37 904
105 301 896
257 497 116
191 346 185
49 201 358
439 193 485
3 23 297
29 25 402
372 715 618
435 25 410
433 329 114
43 587 53
37 280 702
241 10 5
58 501 897
201 221 667
351 246 967
25 40 884
147 603 260
59 630 529
595 697 692
211 472 299
297 634 663
433 679 100
737 683 452
253 559 164
379 613 968
269 69 499
321 217 284
40 85 660
511 457 237
361 459 214
302 589 204
601 115 828
561 563 586
547 501 675
520 253 83
25 500 57
697 63 351
64 331 875
280 491 429
590 409 862
73 313 366
151 283 673
385 97 97
505 649 878
382 213 617
5 102 944
249 659 469
544 1 457
40 472 68
337 226 229
655 577 116
545 213 788
553 1 931
63 488 47
466 121 499
70 118 937
442 444 172
735 43 520
299 354 715
67 283 720
169 282 513
557 649 467
339 611 840
679 475 811
377 667 737
433 681 629
415 435 884
67 683 990
214 363 562
309 453 170
283 193 903
109 135 946
1 708 866
715 437 125
171 296 283
211 636 530
421 691 548
111 139 941
585 257 751
556 671 871
137 73 807
303 405 768
665 457 117
28 484 258
169 402 116
149 333 660
233 572 297
713 85 200
304 289 674
331 173 343
497 85 644
447 416 560
623 707 623
577 427 696
671 710 114
245 1 183
91 123 797
85 495 618
285 53 303
211 595 908
733 157 301
583 613 422
187 249 881
455 262 385
14 457 691
247 345 422
195 529 464
385 439 596
681 106 38
341 555 863
439 742 445
217 617 483
664 695 658
398 717 857
549 83 815
513 185 602
252 315 791
535 559 468
265 25 517
53 449 192
73 405 6
213 105 626
250 433 356
9 667 580
573 405 619
633 247 997
586 644 987
36 48 319
43 292 898
415 727 492
59 512 36
500 631 971
357 307 345
64 107 549
189 609 862
475 143 936
721 317 826
169 730 861
5 415 3
21 341 240
733 593 842
207 139 700
9 189 837
281 423 681
487 238 707
376 310 487
695 141 484
91 330 242
683 660 938
14 408 776
94 217 485
706 2 184
55 313 605
689 313 303
409 303 289
625 689 710
517 143 958
113 601 248
350 677 72
34 70 621
187 499 81
259 427 383
645 545 937
187 508 865
373 256 879
709 129 249
235 331 1000
415 193 383
337 725 163
426 493 20
149 196 417
488 631 159
9 281 119
241 379 218
84 610 872
352 377 883
208 244 946
191 273 931
442 193 558
523 715 134
665 571 943
681 198 675
328 497 184
469 481 479
529 734 815
424 304 595
409 217 39
140 592 413
96 409 502
404 311 109
209 37 643
441 73 524
641 561 289
175 137 706
431 615 17
630 621 812
79 167 492
529 18 2
691 53 106
15 649 545
552 723 497
659 261 756
201 160 380
593 379 581
691 505 436
34 603 970
452 505 148
354 171 541
32 174 275
659 322 742
313 355 623
161 370 762
626 319 600
9 105 35
649 532 252
5 31 409
253 31 887
520 481 999
622 235 360
185 533 681
379 667 523
1 232 21
42 72 627
197 295 495
205 204 376
649 134 153
113 491 442
313 661 563
13 567 180
351 680 69
699 345 648
320 416 271
649 562 533
493 223 210
76 616 722
655 718 265
677 266 767
716 25 285
297 630 923
313 212 136
565 597 497
251 322 757
9 113 426
637 497 143
50 137 108
553 79 507
40 154 985
411 410 338
578 643 977
43 673 296
22 368 158
280 157 40
5 21 696
91 328 205
237 565 608
97 251 30
64 459 99
488 448 702
169 153 535
43 505 399
475 137 347
595 373 492
549 693 748
186 220 441
28 145 880
19 67 804
71 459 431
109 525 501
343 20 490
505 249 276
721 418 109
5 58 181
469 23 324
643 105 92
553 441 865
426 730 826
660 1 73
145 256 525
545 628 335
157 427 664
130 249 147
289 513 549
266 271 500
681 559 546
551 693 103
125 103 664
329 271 827
511 489 659
561 717 122
129 673 609
187 304 773
9 342 136
58 568 801
247 723 95
319 679 186
705 493 966
290 239 53
97 291 239
217 521 648
454 297 110
3 152 391
143 393 837
637 415 273
257 250 221
41 229 374
1 12 143
1 85 998
167 258 889
236 246 507
301 418 302
85 115 908
53 555 812
449 697 367
95 144 99
739 82 606
133 476 785
367 386 233
700 649 184
571 229 181
723 531 940
624 541 17
265 22 413
634 179 792
375 409 117
73 315 757
191 721 482
593 413 398
53 169 789
511 487 476
553 450 499
7 166 674
293 564 446
317 521 661
83 706 644
129 168 642
629 601 829
121 397 170
430 342 591
597 127 39
655 297 944
10 41 829
137 598 833
258 579 969
710 365 241
221 463 512
649 612 572
17 60 852
385 247 876
209 169 981
37 105 329
652 268 222
409 471 465
226 165 259
559 373 932
154 347 384
190 641 218
313 617 837
27 302 40
427 454 475
411 229 884
53 565 476
274 175 849
653 693 962
217 97 393
437 395 899
308 193 152
51 167 95
289 531 615
353 385 142
468 237 395
12 513 356
197 695 132
697 343 861
261 434 896
421 261 437
127 683 440
304 233 364
592 699 873
115 569 773
457 331 470
511 655 647
9 229 447
74 192 160
12 56 857
543 611 232
355 73 269
558 623 495
119 361 849
573 643 68
523 201 935
736 566 167
234 597 255
357 559 289
625 682 835
685 331 126
731 64 365
233 520 108
411 273 598
171 729 171
295 15 214
553 693 626
400 683 797
15 93 475
349 657 127
441 665 836
3 729 48
736 513 890
673 105 930
367 105 610
18 444 189
355 513 59
685 326 745
581 497 939
269 105 665
54 562 860
273 1 769
539 642 226
577 206 804
735 732 230
538 409 946
172 241 884
228 237 116
217 310 877
252 542 940
37 641 54
679 325 284
697 433 932
255 561 310
188 392 699
493 575 3
429 434 63
187 612 297
483 377 865
157 199 320
56 379 79
175 445 132
685 697 390
645 373 629
409 478 561
462 325 264
53 705 844
418 665 987
191 643 555
489 127 416
32 667 971
435 211 894
169 376 844
595 305 886
543 1 435
601 664 202
309 651 849
152 737 981
367 374 125
179 381 313
49 456 667
61 363 6
187 658 819
1 145 306
524 731 305
714 483 704
619 1 489
585 159 166
475 505 621
400 184 564
59 649 8
625 641 767
550 621 4
709 481 884
641 598 567
289 463 758
531 244 337
595 732 23
189 185 566
435 89 17
475 689 263
28 110 724
231 337 262
105 157 823
182 337 290
232 292 923
95 493 962
645 359 407
1 49 767
25 592 954
493 130 37
232 121 37
197 523 253
510 721 551
518 365 538
709 175 289
211 572 326
140 683 558
97 313 700
109 721 667
289 459 351
683 403 746
169 719 109
261 343 223
549 269 246
373 633 648
121 249 816
287 265 337
153 260 764
297 213 824
244 385 183
342 518 310
49 225 342
103 480 446
39 29 738
605 685 925
211 586 33
393 468 629
177 13 815
445 730 645
25 193 558
184 505 397
404 590 273
732 483 580
380 733 9
331 434 706
111 681 70
214 473 906
496 49 229
85 387 411
56 735 962
263 77 871
67 95 416
227 554 607
145 539 129
261 643 56
250 288 955
641 45 224
381 45 992
697 311 50
256 281 43
187 234 311
409 497 8
106 321 176
439 137 106
112 351 886
131 214 732
11 259 453
108 625 562
517 41 781
36 90 907
513 373 423
259 649 950
56 517 375
303 598 892
57 113 16
697 553 964
145 67 632
172 721 180
81 621 109
547 715 410
193 361 336
545 621 310
481 645 920
61 112 633
466 211 940
83 479 936
151 571 913
51 651 439
655 526 941
195 418 358
707 445 360
388 373 33
725 473 162
250 460 260
365 630 210
30 84 27
169 463 883
356 598 982
697 94 442
582 69 24
75 154 190
555 294 60
169 259 528
213 677 828
157 373 483
430 209 359
139 565 199
325 694 804
135 240 522
187 415 542
489 157 130
135 599 416
155 327 934
46 42 185
472 9 739
189 224 479
193 301 572
18 385 304
230 272 723
607 1 159
508 291 659
8 386 581
100 669 512
337 49 247
399 589 85
560 622 64
241 249 286
691 425 732
208 665 803
321 741 632
49 673 706
81 297 222
673 571 696
217 288 1
409 151 32
385 435 234
548 373 846
145 502 545
2 201 765
294 515 872
564 457 600
720 744 733
119 356 486
671 328 952
599 669 339
23 279 436
439 384 35
319 620 83
169 472 359
266 239 913
277 728 695
17 672 737
733 141 769
49 114 737
505 175 534
1 409 855
414 490 820
167 435 451
59 68 558
118 49 3
241 102 548
561 676 235
581 547 844
549 329 616
239 57 172
619 155 362
567 414 284
210 507 364
521 637 123
409 32 729
669 425 132
107 663 165
577 157 121
377 193 238
139 705 972
417 69 882
202 685 218
287 165 317
85 605 296
656 676 233
691 439 188
121 569 348
247 43 323
652 285 946
310 681 196
171 397 306
474 304 233
159 372 684
359 697 136
53 59 359
574 73 465
640 466 782
144 609 547
668 123 746
71 132 232
608 645 322
493 241 522
19 79 682
341 505 917
334 704 573
24 159 501
347 668 592
117 664 497
226 432 337
258 211 371
94 1 448
447 719 666
472 582 221
445 365 766
130 359 487
415 655 790
173 265 374
272 25 979
449 457 103
544 740 377
633 473 720
577 493 393
49 4 175
590 31 198
106 389 216
1 415 836
491 219 633
63 377 723
166 584 163
329 193 764
447 462 530
52 116 31
658 334 110
125 466 680
569 691 408
358 11 844
611 473 371
71 498 701
161 172 227
622 385 842
105 361 701
373 544 668
433 187 660
526 199 926
450 422 145
591 685 712
355 112 15
471 337 567
373 669 604
688 358 683
176 725 575
491 109 912
299 698 146
569 560 347
566 553 636
257 603 799
497 593 590
556 593 754
80 206 21
644 521 332
181 617 400
225 193 691
97 568 357
1 335 182
522 57 408
322 602 612
195 161 891
652 89 259
1 9 424
512 381 974
365 296 128
357 197 926
637 385 223
15 29 361
42 470 77
606 465 392
361 97 983
88 133 314
73 673 372
21 181 459
55 171 680
275 481 281
345 663 71
145 329 264
241 700 469
388 270 573
22 98 391
553 623 189
554 659 602
509 407 754
690 105 182
649 257 573
67 25 899
250 91 353
652 284 402
19 141 405
508 460 302
447 109 316
295 534 389
212 476 639
316 403 554
14 105 103
256 299 200
106 424 292
115 517 525
277 11 829
697 419 809
465 651 986
741 115 223
31 83 362
457 71 438
165 63 77
496 256 14
280 1 785
617 484 800
658 593 49
79 484 88
313 517 120
556 301 544
68 373 300
636 344 703
323 378 732
163 662 677
688 37 7
123 213 227
78 141 306
698 695 248
543 437 205
377 590 532
73 497 820
115 95 66
349 545 740
670 457 740
511 281 401
343 577 750
424 574 264
363 532 888
344 374 485
544 620 872
154 289 909
292 388 507
273 714 179
606 349 499
404 217 817
273 433 675
585 687 241
119 357 881
295 656 164
32 162 563
97 419 568
459 550 607
559 439 846
733 439 1000
651 532 614
321 737 976
658 673 478
653 685 104
187 131 637
95 138 883
143 338 865
700 539 493
297 409 184
172 286 993
715 79 601
571 205 118
325 706 714
49 609 493
132 381 945
712 481 248
481 322 770
713 336 189
277 397 645
17 33 634
291 331 617
187 76 245
222 463 852
205 250 388
209 553 724
68 69 336
317 500 788
279 350 604
376 499 27
397 19 498
106 514 322
1 19 257
486 543 359
62 568 454
681 563 109
409 591 407
68 460 965
275 18 702
13 35 452
529 735 240
549 121 500
80 385 148
465 509 542
575 31 978
24 425 416
97 1 551
1 18 223
65 71 196
357 177 160
252 300 586
271 181 960
451 37 559
157 536 60
353 229 775
485 681 140
193 481 533
673 697 340
97 215 97
655 397 383
429 97 82
352 253 138
161 334 543
510 664 6
421 629 896
23 223 956
289 593 392
25 352 306
51 483 170
709 313 439
410 151 506
597 259 813
296 648 481
325 583 888
454 585 412
12 65 163
581 673 768
103 559 417
436 633 452
125 9 764
736 741 981
577 339 158
12 175 799
71 608 899
33 511 394
521 265 423
145 151 592
550 613 418
305 665 149
17 425 227
569 63 999
609 565 688
409 178 23
3 4 75
466 436 471
543 505 954
499 249 991
1 74 427
100 514 978
624 717 757
87 143 583
5 6 741
37 364 503
721 157 575
412 487 582
139 691 504
519 566 575
594 625 346
577 163 92
373 675 154
379 69 130
334 421 17
420 392 507
200 546 301
1 523 469
1 27 790
175 1 408
213 503 153
394 121 608
232 396 204
3 7 928
25 124 555
465 535 785
575 433 727
11 699 607
427 519 543
373 613 420
526 94 7
682 172 275
497 221 822
156 501 307
694 550 428
517 633 990
29 739 81
73 110 305
491 5 148
703 677 564
241 195 532
81 393 333
635 673 254
10 35 709
273 212 598
215 270 923
453 457 212
301 121 335
628 686 158
96 576 144
446 536 241
744 463 23
242 679 228
565 697 139
29 481 798
243 271 221
513 623 524
34 248 103
264 366 804
370 538 174
655 523 776
154 391 933
129 604 784
370 497 139
249 199 227
83 218 377
295 445 569
389 57 895
9 44 205
451 69 933
205 733 722
529 357 106
291 575 187
168 489 287
601 273 333
99 179 537
120 684 250
265 658 580
434 205 360
301 574 682
524 633 326
81 177 275
2 540 143
739 581 820
529 129 156
29 279 908
181 481 283
379 499 33
224 683 365
467 686 508
585 145 504
119 29 218
668 25 542
122 549 959
247 268 687
305 231 626
481 49 754
701 645 97
596 744 712
373 289 957
133 76 386
675 505 813
670 369 270
82 274 542
304 86 717
705 669 946
697 249 308
459 707 647
607 698 142
192 611 252
29 511 252
709 223 422
507 279 436
223 109 223
297 676 666
50 431 537
597 595 979
665 151 44
226 144 520
1 469 28
261 689 342
229 394 462
686 618 694
43 172 389
252 551 139
263 266 854
140 380 899
611 520 438
374 233 549
17 265 278
33 643 666
294 609 989
601 727 430
15 296 776
352 329 545
371 329 862
457 279 402
579 614 724
310 277 187
234 97 268
129 525 838
220 1 498
536 703 462
322 657 83
635 451 149
198 92 255
528 659 263
592 418 64
337 523 266
596 729 83
270 729 154
377 694 523
265 115 749
429 81 331
358 40 520
561 370 494
619 313 395
9 577 380
322 289 384
641 78 933
26 54 791
286 421 640
744 651 527
145 346 962
6 8 674
