791 8386 60
54 658 401
163 414 115
380 45 114
704 650 871
127 687 320
18 129 368
682 397 855
333 601 545
379 77 400
47 148 423
209 775 997
233 407 631
52 690 313
1 392 55
135 392 333
393 785 889
84 433 857
439 98 141
742 468 925
234 274 560
243 274 515
44 678 104
177 147 385
693 232 659
56 700 208
290 16 777
629 755 921
161 18 938
381 632 34
94 40 320
535 485 207
596 680 428
786 201 257
343 652 361
15 184 574
302 344 969
73 717 348
338 636 21
530 120 583
43 644 633
660 272 337
521 162 959
268 676 486
728 9 447
436 278 279
345 218 121
469 682 635
141 436 315
139 15 96
704 43 321
723 700 334
541 80 561
245 382 591
227 114 335
51 770 205
192 682 981
772 72 905
269 623 648
1 111 564
687 158 823
157 251 209
165 364 513
638 197 860
772 70 595
61 670 895
597 268 488
743 565 706
652 16 112
431 422 72
252 695 94
126 526 518
36 53 686
215 713 617
642 688 757
640 133 317
137 513 858
649 419 601
543 44 692
75 652 702
28 391 594
780 484 326
575 390 880
12 86 545
523 302 337
186 261 800
16 410 800
491 505 422
743 760 827
191 688 893
593 682 63
512 89 324
126 351 98
140 740 978
541 474 622
517 705 675
84 256 551
607 789 336
752 645 688
588 162 186
402 474 516
550 207 93
29 539 34
356 401 578
767 488 204
107 495 987
86 725 828
37 274 706
228 667 464
678 785 731
57 272 659
516 640 117
789 450 235
465 146 271
140 195 900
359 347 566
198 424 118
693 703 699
546 372 83
70 567 530
539 619 964
623 462 120
31 65 425
328 59 247
494 713 880
540 643 247
771 475 177
80 136 310
603 85 573
1 743 5
610 175 931
421 148 349
486 645 428
29 351 921
277 427 564
176 280 834
545 662 221
418 472 598
632 440 965
693 75 526
13 643 895
87 164 30
295 501 193
495 139 614
463 31 277
428 186 60
494 86 242
529 556 57
475 217 168
64 212 747
421 8 50
258 463 179
68 783 689
237 169 943
333 628 917
568 467 35
655 719 312
284 714 830
227 568 990
485 554 580
253 468 466
255 158 734
109 719 971
335 752 186
38 544 126
10 264 970
111 772 693
176 555 515
582 679 299
162 13 11
445 201 739
150 43 308
695 290 811
422 55 764
402 81 746
127 190 86
705 299 293
230 211 227
43 470 551
286 222 338
8 2 780
524 278 313
669 529 850
628 225 177
566 600 831
499 421 123
1 135 501
132 257 44
22 760 573
335 729 445
249 213 154
524 301 456
301 749 568
371 526 762
93 461 343
577 174 342
698 478 920
224 462 559
582 62 709
745 391 7
238 542 534
502 449 189
561 229 508
590 309 236
39 163 907
144 232 104
303 676 51
151 526 584
512 714 384
361 435 715
463 384 252
428 130 383
590 730 279
533 485 670
199 271 912
547 746 486
438 515 753
738 673 829
519 455 925
54 323 289
66 500 871
506 179 717
233 442 43
568 514 64
320 10 746
698 307 734
707 480 361
589 29 122
74 764 152
400 112 916
501 217 181
429 703 851
409 127 553
708 514 504
519 452 405
99 299 153
342 351 905
146 362 128
521 486 125
184 247 312
576 666 186
147 764 871
719 124 551
99 237 824
234 711 24
449 349 998
27 219 945
557 361 226
564 642 345
538 416 636
31 352 713
476 718 440
572 73 446
524 472 178
411 452 312
261 377 689
762 88 400
453 786 701
39 571 124
576 368 484
692 627 194
239 510 174
244 165 960
1 325 743
736 749 511
743 92 734
357 403 349
547 513 557
135 445 560
274 403 823
404 155 262
470 148 631
210 409 863
326 49 450
31 238 435
26 715 948
275 683 401
309 459 384
447 155 941
659 320 672
418 343 30
404 114 523
731 712 175
35 52 824
414 407 567
645 372 265
548 654 899
53 778 770
507 311 461
760 43 120
668 513 509
505 183 43
125 57 449
514 188 372
781 771 179
432 77 539
617 307 99
157 228 63
281 350 38
143 165 603
620 491 660
111 161 77
193 177 41
446 200 60
624 583 112
569 578 613
775 777 673
407 728 699
687 367 830
246 613 819
203 396 173
687 86 257
568 533 763
29 610 878
679 44 399
224 268 422
636 328 537
372 397 324
5 13 21
449 568 902
462 40 392
680 421 855
599 741 176
126 32 73
470 785 352
694 396 456
53 114 250
543 299 247
543 22 536
633 624 81
395 771 953
355 204 101
166 531 21
679 259 689
221 414 319
453 466 272
59 76 161
567 90 925
764 568 816
337 570 676
175 228 762
293 15 202
152 454 194
490 646 568
540 77 29
736 316 495
340 780 256
64 402 875
350 730 689
155 511 603
228 654 178
242 163 839
480 237 186
179 754 175
678 724 565
678 762 499
612 415 370
653 209 278
506 670 868
430 43 35
578 530 574
33 156 783
7 428 352
67 71 519
561 120 493
725 554 362
6 10 237
602 51 98
538 445 769
384 278 359
283 769 194
743 544 136
349 656 677
221 685 338
80 224 841
237 503 350
691 270 846
691 120 572
659 117 397
227 533 476
629 624 388
721 456 259
197 269 150
317 49 489
352 596 367
225 109 756
687 419 898
32 110 908
245 261 999
215 8 595
16 68 10
329 176 224
344 659 494
220 358 574
564 18 280
160 302 980
471 767 956
582 690 705
436 252 216
71 569 525
344 443 225
285 453 296
30 198 920
678 764 990
302 737 89
622 132 939
251 721 229
178 131 503
380 697 761
291 102 715
652 393 255
721 733 178
570 667 30
145 632 356
91 151 1000
15 278 916
335 718 992
624 355 681
695 428 178
540 188 538
404 196 767
291 588 72
298 477 931
688 214 294
106 583 111
134 464 260
12 274 560
546 610 263
547 14 321
252 691 235
256 93 959
659 354 695
722 253 352
583 89 519
244 718 889
353 617 809
114 477 542
786 5 622
221 483 756
737 400 85
206 388 854
212 633 937
34 322 45
519 113 589
731 728 41
718 387 861
253 21 69
509 645 341
294 780 647
309 91 439
542 474 191
23 289 288
57 92 236
609 603 279
188 123 171
101 161 879
685 456 770
329 323 59
561 223 796
345 715 804
358 132 530
162 277 373
678 249 448
251 654 907
502 469 503
319 297 221
617 532 774
391 540 815
436 579 612
335 399 911
421 56 101
726 166 309
84 449 735
649 176 655
456 238 761
84 220 971
738 549 880
418 554 652
690 1 982
104 568 142
367 148 451
575 41 923
691 236 501
391 272 709
464 285 996
344 602 694
441 751 549
304 246 771
549 421 346
740 323 590
135 241 374
561 204 695
596 463 559
230 643 448
588 416 949
375 358 617
484 567 560
700 58 1
317 596 33
673 715 891
603 350 905
38 232 235
660 581 224
442 185 543
768 113 546
432 753 694
330 157 180
231 462 246
203 26 36
398 54 507
357 608 645
411 782 852
457 663 54
397 449 436
246 741 455
721 254 12
503 163 669
396 43 699
510 538 166
288 22 916
463 271 248
403 365 882
260 700 461
295 744 685
388 588 410
734 252 694
477 274 8
394 566 436
121 532 941
84 684 861
524 239 903
1 89 574
184 421 59
273 648 930
90 781 367
746 172 314
257 287 960
67 121 284
743 768 860
67 140 990
457 616 30
324 759 117
275 392 245
111 178 160
437 364 636
574 99 683
139 375 182
285 566 61
176 189 909
767 501 583
287 395 403
532 491 420
77 632 413
636 185 368
65 71 6
89 678 178
775 601 122
113 204 253
236 318 453
42 667 133
92 131 590
323 658 212
412 49 402
333 420 57
778 200 743
489 791 240
338 256 53
609 152 304
726 415 182
674 624 63
435 8 141
235 705 434
664 701 414
533 272 74
365 62 249
526 579 913
222 586 910
720 169 780
588 663 592
198 729 378
266 561 400
644 267 543
424 710 925
27 788 542
631 385 313
613 707 888
35 322 740
649 128 235
715 74 762
625 664 171
430 785 391
178 617 630
3 225 987
132 169 871
151 43 331
92 243 191
68 423 658
5 17 313
751 226 85
162 650 350
666 308 947
473 121 74
412 366 142
655 569 470
431 681 772
602 199 879
561 105 407
261 508 112
223 575 119
55 551 245
3 533 373
695 165 142
103 671 859
289 190 679
494 610 676
78 253 698
1 382 948
722 391 690
485 186 172
461 587 572
23 300 428
134 576 402
204 385 214
572 662 9
580 306 139
144 676 61
148 589 271
652 218 481
295 624 536
183 94 203
170 33 548
540 539 447
170 729 523
483 117 767
449 65 765
634 519 640
743 287 717
23 71 938
543 655 749
25 604 917
31 49 38
11 497 5
677 523 1000
510 785 186
521 767 34
577 89 1
482 239 881
72 725 461
315 683 850
601 736 424
284 385 594
113 215 564
540 692 251
49 448 805
753 619 591
734 711 506
262 134 588
687 274 411
626 46 585
57 317 90
297 168 139
452 712 872
728 592 810
132 686 745
566 134 706
50 573 996
709 384 693
239 697 148
169 527 895
325 694 564
262 176 587
139 388 642
740 185 972
559 161 391
287 332 724
315 643 2
177 667 701
427 241 422
709 281 48
207 449 560
122 379 84
469 423 151
301 582 82
738 13 239
148 445 392
458 114 146
98 45 476
232 716 514
227 652 405
571 347 956
257 197 416
273 262 836
287 786 261
224 438 188
780 199 517
232 23 552
775 484 826
142 505 24
510 624 391
700 520 850
1 419 985
468 645 976
299 343 515
150 659 758
112 352 759
227 32 143
333 588 581
451 482 735
700 180 672
267 600 763
691 627 966
27 663 879
626 384 244
554 603 335
770 603 488
610 99 284
300 209 44
162 167 98
506 683 102
18 296 582
213 183 192
266 482 139
182 290 689
169 86 194
161 667 729
623 629 924
184 555 599
158 151 331
526 788 745
50 453 520
526 682 103
596 369 260
396 596 693
241 496 300
698 767 405
28 543 891
341 9 768
636 701 406
771 522 385
597 406 189
135 672 788
151 32 751
94 361 702
251 612 459
182 643 457
532 745 848
409 596 450
532 335 40
610 719 430
369 588 239
161 168 984
528 683 415
550 87 84
438 315 806
482 241 111
306 677 296
85 246 398
19 325 759
421 5 266
174 305 700
225 549 854
475 600 557
99 733 856
726 40 550
71 99 759
48 623 566
308 473 415
510 602 827
490 393 897
349 566 729
777 22 734
241 109 822
631 526 920
341 668 18
699 632 610
512 348 499
104 149 380
470 585 967
739 211 383
198 204 506
369 225 806
456 419 53
64 33 918
340 496 875
323 74 746
476 199 213
529 384 170
319 469 928
581 651 157
143 245 281
617 8 9
98 64 437
588 554 76
13 510 616
30 111 458
590 232 544
241 325 954
550 750 713
288 605 981
196 237 503
644 454 578
545 31 71
575 753 6
656 228 752
250 641 973
23 309 105
335 580 319
323 238 352
177 267 202
616 410 376
273 759 488
458 426 337
429 74 459
430 344 931
354 500 982
118 696 979
470 353 374
274 632 19
479 294 133
732 460 535
247 295 924
28 786 981
270 764 601
172 491 471
317 10 865
225 499 585
305 227 498
221 782 726
498 197 80
325 371 584
524 771 820
725 457 17
492 494 773
597 153 795
535 315 361
217 288 748
743 82 881
615 647 456
130 750 745
771 755 529
672 94 642
473 344 165
435 470 744
415 293 842
175 757 705
480 176 170
645 83 534
256 533 902
84 576 696
99 389 291
535 722 51
622 629 216
698 41 651
369 151 259
114 631 97
760 74 893
602 704 206
395 516 756
64 274 346
305 356 234
354 550 970
156 269 930
341 453 932
300 13 620
298 542 975
665 192 671
751 330 739
55 351 240
124 154 610
478 757 424
236 82 81
25 689 694
255 323 952
246 326 831
495 693 911
343 150 990
627 449 893
782 310 975
312 388 214
393 217 974
634 580 972
764 183 502
428 371 756
579 243 726
72 397 319
546 277 418
81 245 830
346 705 945
589 191 618
753 24 829
247 778 155
493 69 864
210 341 490
435 35 408
483 337 597
444 183 720
407 199 209
153 771 875
671 27 862
149 93 311
740 243 157
763 5 266
773 468 804
388 436 671
295 327 915
269 143 276
69 295 532
68 74 403
149 443 404
708 522 454
24 45 943
427 493 682
165 105 991
310 728 531
721 442 860
258 175 480
373 216 941
708 463 671
609 266 418
79 537 30
661 297 148
94 586 910
239 217 856
58 168 68
147 217 533
37 617 579
235 601 378
243 339 883
388 572 31
509 736 988
672 649 233
269 115 701
165 499 552
415 104 147
127 547 670
384 461 439
558 587 844
691 307 808
107 447 930
310 34 361
494 121 650
587 702 622
583 162 923
331 623 669
537 353 76
92 393 664
104 264 757
175 586 545
291 554 561
530 282 135
351 43 759
684 385 702
383 717 374
509 447 511
146 788 165
727 185 952
480 566 29
454 533 914
695 412 117
678 293 830
622 551 529
659 97 1
785 297 136
196 218 809
191 4 854
646 756 137
525 508 717
107 265 132
260 421 583
774 190 144
285 725 210
491 512 800
705 637 72
641 29 404
22 214 639
775 223 732
167 4 78
508 48 592
442 192 622
147 413 645
358 268 255
582 453 833
23 554 31
447 8 677
481 286 409
436 277 549
189 101 576
250 342 282
114 470 934
1 610 786
178 78 939
698 712 437
641 190 319
309 444 307
316 474 638
36 547 685
1 715 153
97 284 213
435 78 266
171 622 43
226 36 511
543 668 404
160 571 258
355 596 312
314 4 145
264 71 626
656 604 855
401 625 829
531 95 382
495 246 413
709 654 410
254 272 163
786 727 128
663 363 696
203 100 694
522 220 822
701 276 893
308 365 350
275 700 365
61 720 476
34 468 238
112 366 479
162 507 248
176 647 739
27 534 553
594 222 707
66 179 585
21 386 41
259 532 573
212 643 259
79 122 917
463 150 617
789 674 533
390 655 116
227 320 742
147 191 145
759 321 373
623 1 23
522 747 618
215 69 70
316 592 903
641 681 632
102 416 860
210 239 136
340 514 320
280 134 559
593 490 491
311 147 164
680 129 1000
223 424 644
509 516 592
475 350 611
647 215 962
43 274 179
284 111 732
229 649 924
327 146 911
77 276 409
29 272 606
582 435 241
673 492 267
650 423 63
207 295 552
190 747 460
684 275 88
575 428 213
132 220 109
95 711 204
190 510 294
436 484 236
645 435 254
713 385 723
343 509 88
519 353 158
552 653 491
623 276 256
669 286 999
267 603 166
669 281 443
20 323 885
145 643 435
162 469 568
605 676 95
101 272 421
710 769 159
446 623 980
16 19 360
166 736 339
524 259 605
406 571 26
554 666 109
202 488 307
627 512 419
141 270 321
20 264 335
85 438 331
1 359 147
155 689 37
18 356 590
253 330 49
580 189 474
781 152 813
162 594 372
585 92 213
687 162 915
6 609 309
582 387 602
316 514 874
6 151 366
472 275 164
649 736 855
716 656 323
233 484 431
9 336 665
763 679 494
229 119 293
623 475 911
332 260 883
710 641 379
700 654 486
95 620 379
397 551 578
313 561 286
729 456 917
723 736 246
19 439 635
354 424 710
67 473 146
613 57 211
289 593 332
238 738 195
302 558 898
655 693 514
269 551 207
391 43 862
491 673 119
421 444 892
113 380 806
599 583 275
628 698 997
733 524 653
180 690 108
736 729 311
391 432 971
77 629 758
453 154 884
727 354 191
263 305 274
112 158 332
205 727 795
92 413 321
442 415 23
35 302 507
312 89 491
256 286 108
293 730 405
193 315 995
503 460 513
686 234 402
621 439 978
676 173 312
646 637 253
246 192 717
35 310 623
473 551 41
246 283 777
338 482 896
477 279 178
324 306 60
507 1 781
308 494 373
406 733 286
492 554 122
536 775 461
294 24 679
407 758 482
413 590 712
39 19 583
772 91 369
141 347 64
433 423 569
590 464 527
688 295 997
487 739 765
789 273 795
784 140 598
783 78 329
714 257 762
735 405 945
617 407 369
270 397 420
435 672 56
108 369 14
147 185 357
302 311 729
662 390 755
260 757 719
323 231 789
32 534 926
590 407 284
307 782 990
625 257 767
519 408 538
19 279 59
547 697 67
54 253 589
659 280 106
615 281 661
140 727 123
47 552 521
130 211 991
582 2 21
374 338 799
180 616 799
667 462 501
387 586 683
259 189 580
73 233 136
407 386 483
274 302 634
430 148 405
399 449 525
409 721 51
12 662 764
255 294 412
598 245 609
145 221 586
473 767 479
491 519 240
127 222 415
577 431 684
791 342 484
325 605 785
602 141 706
570 362 197
192 267 293
533 245 815
408 415 765
49 79 21
307 54 471
215 605 351
162 434 868
140 351 804
76 687 160
496 708 229
634 673 237
607 336 206
279 330 905
741 267 732
569 709 751
487 32 886
259 353 324
190 578 717
267 430 205
447 393 865
79 219 645
631 335 132
472 623 382
722 727 424
128 550 637
143 225 327
362 320 734
46 364 188
151 566 985
151 309 80
187 601 947
295 304 555
255 492 618
357 405 721
110 717 171
415 498 135
136 337 33
440 388 289
565 36 198
100 280 334
436 505 150
424 772 100
230 766 371
22 21 769
585 116 713
376 101 648
351 58 494
463 247 634
329 56 793
353 114 252
55 35 545
535 17 713
187 226 395
13 331 331
90 134 452
361 72 160
339 318 728
510 790 736
405 701 730
622 255 731
610 664 148
48 681 39
112 708 243
414 167 600
538 128 321
17 763 174
247 604 891
319 114 437
353 176 622
711 77 360
366 442 492
453 507 889
422 283 317
218 623 681
191 311 639
557 573 125
295 504 548
295 610 261
635 272 821
513 598 606
280 355 654
304 523 415
137 41 582
373 167 726
749 641 868
68 120 699
614 477 4
783 421 493
741 495 905
778 512 254
161 320 295
571 101 893
571 499 491
398 196 359
743 425 755
12 604 101
4 46 346
284 287 593
302 633 919
12 97 202
679 50 669
769 540 517
53 200 137
231 193 557
4 722 645
470 116 276
495 176 387
180 662 493
95 617 4
567 364 33
541 43 597
221 190 461
724 615 180
459 209 640
33 120 263
609 385 319
246 57 74
192 177 455
687 680 628
144 143 902
586 377 980
210 264 697
527 669 224
5 590 530
81 536 687
560 302 267
335 464 50
333 40 608
624 190 293
634 721 428
209 644 154
10 40 984
163 789 764
376 734 247
325 109 926
510 50 210
625 223 772
261 255 217
421 473 862
590 679 373
535 232 836
583 22 956
561 708 91
333 243 640
32 246 299
705 554 394
132 244 439
631 231 185
302 215 180
35 73 350
308 631 319
514 635 649
113 32 421
743 350 914
65 633 223
470 514 784
562 462 568
211 698 524
442 508 100
220 599 452
413 46 417
526 645 162
650 690 399
581 46 617
275 664 649
731 74 566
602 408 58
125 116 499
269 367 993
293 682 869
524 281 223
322 732 545
458 764 950
635 460 556
604 85 980
739 747 365
700 75 595
152 600 172
597 407 869
443 572 301
343 154 507
582 87 668
48 576 480
659 647 775
463 65 349
22 659 787
12 691 899
547 159 76
155 61 120
537 475 418
70 630 285
277 68 746
764 436 632
493 96 306
125 265 366
488 666 218
454 55 226
5 87 23
76 292 139
259 218 856
411 238 261
710 216 627
133 364 532
719 46 69
337 234 412
438 506 888
649 65 345
472 561 639
440 75 308
647 278 505
146 364 216
624 547 924
139 590 536
457 154 221
649 728 921
616 470 105
686 327 545
739 776 225
447 574 770
21 429 108
359 530 485
218 79 773
779 200 389
332 226 384
103 290 506
547 658 405
61 15 674
543 522 184
388 266 552
152 127 696
529 353 181
131 140 496
529 569 182
741 680 919
511 480 758
260 50 291
659 265 442
185 279 540
621 785 675
502 679 246
372 266 336
282 434 952
402 170 52
566 604 592
603 181 900
220 95 355
291 97 857
412 395 242
564 541 444
182 371 173
183 644 257
424 475 863
514 281 962
108 783 939
16 442 606
771 9 40
545 781 263
247 92 35
747 386 844
135 191 196
717 153 840
289 188 197
349 725 602
46 171 414
582 763 20
433 6 203
59 589 775
373 757 833
771 756 419
63 645 629
118 502 864
161 423 752
247 481 231
172 418 104
209 260 852
51 694 124
785 394 391
710 93 945
124 36 908
47 424 573
498 764 139
109 561 603
139 765 689
141 69 606
738 582 8
395 159 802
648 776 532
363 536 171
22 782 785
342 246 802
32 549 308
505 726 212
64 763 459
302 420 667
351 520 227
220 297 387
1 376 696
209 705 968
631 760 367
729 243 602
103 769 874
790 771 807
29 647 215
589 512 505
177 538 202
627 585 583
379 56 1
159 306 622
638 381 957
119 753 400
23 415 102
281 743 265
608 138 378
631 464 521
762 137 300
725 487 884
648 1 233
641 542 777
748 551 171
298 299 14
339 214 609
569 461 344
723 358 402
586 64 474
647 646 935
543 568 779
498 738 287
401 189 973
331 561 786
775 246 735
463 665 220
15 582 783
441 752 499
56 77 253
379 388 434
36 491 631
130 214 115
254 603 43
6 273 787
649 579 467
708 528 701
324 15 658
187 319 874
480 676 266
30 697 565
604 3 963
16 523 231
542 541 524
608 682 406
434 303 810
69 60 935
682 405 589
2 38 930
465 357 331
282 105 367
470 275 505
727 191 949
528 590 738
785 529 418
442 680 510
586 673 523
550 709 56
142 118 928
323 540 846
246 321 138
459 184 680
607 637 634
639 40 41
734 244 492
562 362 169
36 45 407
533 169 323
367 255 883
361 603 189
689 85 63
186 239 307
434 703 761
118 763 996
627 491 529
325 15 634
332 584 450
300 89 379
324 435 639
48 309 694
79 684 595
23 298 462
580 25 353
736 476 109
305 718 341
724 561 279
753 112 664
190 640 120
168 278 795
29 138 515
174 57 992
85 354 539
410 767 795
18 700 331
134 499 336
248 134 426
81 680 510
567 745 677
4 224 960
262 75 134
164 207 920
358 407 995
419 250 915
240 16 898
568 246 683
485 17 721
441 221 147
492 189 605
160 340 446
106 126 493
1 534 507
59 83 913
265 661 113
295 19 470
767 48 415
316 177 372
268 135 104
630 347 669
473 410 473
672 25 703
224 121 148
271 729 725
256 595 818
556 766 893
254 483 627
753 669 980
303 330 465
238 29 256
190 176 5
530 694 313
555 314 457
267 85 127
657 576 384
598 715 607
603 624 84
765 277 332
411 440 705
176 734 266
544 122 946
89 341 108
736 712 631
480 98 692
57 280 168
279 6 606
95 563 644
33 56 117
339 225 513
747 94 659
59 242 388
648 716 707
464 146 703
154 222 943
63 339 783
419 651 333
508 647 719
360 183 220
750 330 949
271 744 935
509 725 354
337 578 786
429 242 465
732 687 858
780 456 811
683 310 808
245 29 4
407 530 89
12 367 627
755 12 682
193 162 856
86 251 793
561 318 692
396 134 94
608 43 396
379 294 48
551 504 657
631 531 919
110 626 8
368 507 198
451 645 515
267 35 618
277 454 502
161 550 720
223 471 614
330 632 304
14 676 559
90 1 15
110 673 914
29 473 112
525 310 232
71 262 31
644 38 741
512 570 50
44 178 39
86 659 119
162 710 843
78 750 965
673 288 664
376 507 37
397 110 11
170 455 802
146 424 821
188 142 495
301 346 55
233 504 799
60 543 292
441 616 164
338 498 416
243 539 775
82 80 680
409 75 539
262 590 195
568 131 179
352 46 907
407 781 571
106 398 876
141 595 30
302 550 987
508 536 481
379 540 528
739 750 445
779 408 104
744 307 638
568 309 771
734 618 863
333 429 529
142 603 939
746 709 279
4 344 669
174 254 407
673 690 576
375 30 106
86 514 329
277 265 943
723 223 596
591 578 615
641 252 735
321 58 23
750 522 174
278 115 293
233 678 882
494 754 790
694 241 994
211 88 233
82 622 551
64 195 224
413 656 651
442 71 562
678 652 150
261 541 240
277 256 468
207 722 592
51 362 372
435 631 348
397 790 654
461 457 995
512 510 823
757 369 394
666 592 191
209 153 753
547 204 269
268 105 429
182 42 365
294 525 190
330 653 680
227 564 221
126 28 351
452 137 856
85 269 701
765 318 451
148 630 742
289 469 541
261 333 727
478 725 126
554 139 454
785 250 215
160 38 225
496 365 228
712 788 883
589 251 153
128 712 469
210 395 143
82 538 749
169 320 45
460 483 333
356 562 903
256 730 511
162 537 371
94 628 307
620 415 750
543 618 776
748 598 804
510 316 399
356 608 85
295 362 591
161 297 947
491 588 53
545 26 308
25 50 45
757 384 169
82 404 772
624 215 595
735 36 67
332 370 822
128 82 578
638 577 132
299 191 837
784 235 634
128 336 976
532 231 850
373 423 722
481 334 536
7 222 579
221 478 180
471 736 125
203 514 730
105 495 43
664 78 866
570 124 172
353 184 261
210 318 476
736 497 368
205 264 631
204 671 877
427 271 971
351 469 884
735 556 976
602 196 467
779 636 429
320 192 515
715 218 998
728 541 851
245 115 309
234 242 627
295 461 874
134 234 202
424 218 486
68 594 907
470 593 92
338 4 887
51 541 856
91 348 179
444 156 152
606 84 4
519 414 848
271 717 488
267 726 429
349 400 398
585 115 502
456 68 488
130 473 128
737 508 436
162 589 268
407 77 677
727 473 721
75 80 324
180 57 181
616 98 492
736 599 769
421 466 246
387 634 568
95 481 810
722 512 557
356 784 106
743 488 950
771 693 879
190 740 424
694 638 154
201 61 282
558 273 208
559 664 203
329 421 280
631 201 201
241 271 460
604 162 691
391 502 257
88 311 429
214 419 863
421 141 526
206 108 705
292 547 992
478 148 178
37 603 406
151 702 72
73 453 408
59 659 760
378 596 43
215 638 404
513 262 503
76 166 733
276 615 754
455 176 187
349 190 12
265 524 816
1 21 103
442 697 43
114 561 616
52 331 836
737 789 506
668 757 556
298 314 578
400 325 447
371 736 182
105 287 25
6 282 627
682 295 93
683 783 387
369 696 401
353 332 255
458 463 757
384 638 311
452 389 213
108 784 74
404 750 501
337 305 561
562 719 750
131 371 397
587 623 359
128 381 627
632 477 280
157 757 695
764 464 584
51 207 243
199 667 599
70 245 85
401 224 812
540 69 47
288 224 678
151 267 511
99 241 143
293 50 442
764 387 695
209 142 769
106 230 692
170 361 73
160 718 238
286 121 32
61 568 635
567 673 820
600 397 947
145 264 39
45 217 277
399 379 712
311 648 393
722 422 590
141 298 178
419 285 680
141 388 460
532 64 520
390 134 869
330 589 532
120 49 24
755 526 795
272 381 182
502 766 84
567 1 197
688 687 891
752 246 735
254 498 833
590 116 933
460 311 118
339 645 597
441 209 86
671 85 263
220 309 29
223 247 668
598 22 952
168 396 944
542 155 595
1 242 798
783 445 99
652 120 814
365 410 277
448 406 187
504 648 687
369 351 618
317 776 666
603 275 86
655 309 381
449 484 596
533 660 844
177 744 345
659 497 848
781 150 611
197 787 123
639 551 817
446 659 650
491 546 102
627 790 318
209 295 175
1 505 932
49 704 637
377 48 201
121 122 155
8 254 820
390 81 356
310 389 314
101 420 757
14 321 925
20 24 71
120 265 776
755 133 453
576 458 867
719 526 326
702 142 246
355 467 907
694 642 226
341 109 172
82 118 706
455 85 258
110 788 815
779 677 960
319 494 214
646 120 494
267 99 699
84 624 926
371 36 280
135 733 936
21 349 850
440 696 841
90 613 31
127 386 382
448 383 852
436 448 524
456 518 807
574 393 927
419 158 561
53 18 479
752 147 363
3 629 996
466 519 130
176 741 457
432 241 317
513 151 626
500 234 297
645 753 214
356 176 3
197 506 514
395 419 348
36 54 240
323 7 397
164 351 885
414 647 662
472 59 758
344 24 259
384 431 683
233 488 238
117 157 756
106 562 148
721 432 144
719 118 123
568 329 349
378 386 479
493 56 260
506 567 127
607 378 235
102 456 263
275 657 181
150 572 754
675 428 542
654 253 694
771 637 78
566 500 736
440 462 844
771 130 240
386 578 497
498 245 93
290 455 615
519 483 388
29 425 740
320 692 106
72 299 918
15 533 708
90 114 311
547 62 134
372 655 604
526 778 388
67 430 933
50 180 650
229 473 799
76 95 890
498 684 200
449 463 439
387 709 966
559 7 893
199 418 369
211 759 327
223 550 317
46 492 178
54 680 343
754 167 378
204 203 863
687 393 607
660 451 354
773 354 945
549 481 881
320 304 849
393 348 405
115 276 491
555 74 71
281 710 20
25 167 975
61 481 584
549 280 205
381 511 888
147 664 40
340 266 974
766 708 517
578 239 793
583 627 923
109 698 151
652 50 655
491 218 950
321 765 21
53 429 298
316 623 438
303 761 282
322 253 928
90 610 49
529 729 223
247 691 442
597 376 991
141 341 942
133 519 164
213 349 184
474 39 828
309 270 987
176 275 122
442 1 730
701 595 844
184 301 257
304 401 534
15 438 302
413 391 263
433 781 896
57 476 8
622 218 466
757 453 729
365 302 458
718 229 925
106 463 444
402 596 986
371 383 987
244 186 834
225 113 55
65 405 679
249 557 734
255 746 917
565 389 440
9 11 808
719 198 924
677 756 314
520 648 226
303 619 862
763 60 485
397 247 574
92 198 286
662 461 165
327 700 125
233 145 28
496 176 748
779 108 465
204 211 690
435 759 357
198 512 416
336 383 306
450 302 187
147 386 140
189 330 256
393 12 194
156 596 391
505 387 659
151 533 96
771 463 113
414 722 438
668 516 748
204 42 211
776 658 403
456 297 309
680 502 963
51 30 939
778 659 540
400 713 614
337 129 855
183 778 982
36 85 850
70 59 580
661 380 629
9 127 558
618 297 682
354 36 654
595 81 968
70 87 52
76 659 76
183 450 619
384 565 304
94 783 327
754 286 461
165 62 635
631 62 320
771 351 350
785 438 405
401 584 111
457 779 957
246 98 282
641 284 951
547 178 814
50 705 719
350 101 708
622 489 578
115 365 120
30 513 540
345 765 135
738 495 310
124 587 810
563 279 17
736 217 444
196 197 4
228 657 329
10 311 270
426 740 425
712 169 354
486 89 899
436 1 214
214 466 71
1 3 638
177 224 405
203 419 542
193 695 780
102 428 743
309 261 448
633 709 173
566 493 121
443 124 490
190 185 485
560 471 465
537 351 318
33 408 802
625 50 455
260 712 973
513 470 113
120 224 745
764 478 791
743 735 20
716 461 164
229 760 959
374 120 236
271 137 881
77 215 627
508 534 528
137 579 366
455 545 845
211 709 93
456 18 812
500 603 217
539 565 947
12 201 514
33 419 272
211 78 939
207 322 646
370 125 301
304 234 822
321 162 865
452 255 230
116 527 227
628 496 731
345 703 914
721 486 233
5 64 302
363 633 627
657 717 735
4 12 644
140 100 280
596 678 603
766 44 481
435 490 180
428 113 942
109 449 986
753 183 649
686 154 429
543 660 827
300 673 784
435 260 857
724 521 108
231 561 549
196 535 344
582 774 996
599 57 253
344 727 373
209 315 254
453 358 645
743 406 596
647 305 199
575 564 23
50 644 157
728 139 930
599 129 603
102 200 570
610 612 328
651 463 719
741 315 111
218 610 40
115 136 55
59 429 770
113 554 338
363 571 3
522 783 879
606 9 205
113 542 169
538 74 545
370 464 834
600 727 553
242 213 621
232 449 291
311 181 498
493 202 220
461 748 563
398 336 893
778 283 655
378 408 124
642 19 922
316 89 14
526 141 477
92 722 780
259 148 562
112 358 330
225 491 626
330 302 615
741 276 467
428 383 600
45 749 190
189 179 787
252 651 405
538 41 313
527 711 852
77 479 298
26 644 702
133 5 957
275 758 204
765 239 684
595 22 323
561 241 447
463 281 608
70 83 51
638 69 869
170 226 722
703 395 516
286 460 747
283 457 684
426 176 59
392 505 644
287 168 459
148 425 713
73 121 141
73 340 920
362 594 991
631 8 260
270 188 382
153 544 606
699 152 538
190 663 320
343 344 576
514 521 493
696 519 705
775 631 624
338 236 374
729 731 591
673 124 79
234 740 67
553 218 631
292 98 207
323 766 614
111 486 666
749 129 160
679 422 822
540 771 624
668 277 709
17 218 907
360 487 672
505 322 663
508 491 244
721 610 99
84 352 445
431 210 63
220 743 582
417 521 380
350 617 992
666 456 428
631 238 946
534 245 473
283 28 460
363 643 853
789 628 941
748 43 405
588 420 761
10 235 150
659 16 990
739 673 807
404 687 770
701 658 871
533 57 408
58 558 347
359 369 172
29 611 397
769 284 241
25 27 806
23 63 354
521 411 884
268 589 563
599 747 833
606 472 254
307 23 346
218 111 356
451 169 924
289 761 571
578 586 647
744 565 646
221 117 630
492 476 240
212 118 697
181 289 53
504 337 556
415 477 586
633 138 624
105 149 391
288 23 152
24 104 51
598 307 205
135 298 507
336 453 853
479 530 917
475 105 339
555 534 982
216 554 585
84 659 911
491 303 842
235 727 870
250 779 165
499 456 116
721 402 346
181 111 134
253 399 644
556 505 85
270 521 582
1 649 912
728 46 103
441 319 566
1 554 828
712 83 302
204 312 950
77 229 744
665 612 810
380 274 793
214 750 238
568 700 408
695 159 820
589 224 15
727 393 38
572 739 949
540 485 357
686 177 959
420 645 409
703 198 592
270 518 53
226 223 327
26 380 978
411 44 770
347 295 165
257 242 159
244 652 672
71 180 51
457 771 432
602 30 404
664 232 637
498 279 518
560 665 562
632 615 589
259 593 861
372 539 6
72 240 131
373 618 230
357 629 552
51 183 114
487 746 185
557 306 164
99 471 782
560 281 387
587 83 315
49 176 436
282 749 440
1 578 575
647 61 503
693 280 912
641 6 27
16 385 386
95 522 490
23 349 264
413 37 319
379 204 625
238 694 985
260 554 493
164 279 421
483 299 133
151 482 471
566 324 640
479 171 268
617 319 436
791 351 885
531 589 842
26 592 79
577 255 497
425 179 985
122 173 388
530 685 806
306 591 493
359 648 646
219 226 941
390 739 109
114 440 11
540 314 893
366 174 560
22 350 891
661 421 577
169 288 941
267 222 712
262 403 917
744 85 921
6 5 32
765 576 892
362 527 554
745 26 883
289 164 333
745 78 39
637 683 158
62 182 367
424 640 696
624 363 387
322 128 150
262 703 255
560 559 554
14 254 909
476 286 295
159 604 678
491 298 726
470 615 20
224 9 237
575 305 553
732 153 425
479 461 682
723 597 795
736 365 801
81 237 239
542 195 574
63 478 82
32 407 137
571 698 381
256 745 488
84 69 945
571 781 852
361 784 970
255 693 595
325 477 788
236 403 483
250 644 640
295 604 747
66 148 289
337 457 789
653 575 249
185 187 472
549 517 49
36 198 922
785 718 980
261 737 808
393 352 702
679 183 217
791 123 597
634 208 647
276 467 527
565 338 499
520 171 158
419 311 726
520 258 74
259 195 309
698 246 949
133 401 946
246 392 858
73 129 967
474 311 935
771 186 150
744 502 631
43 260 862
374 391 499
288 123 35
607 715 281
114 13 896
265 398 747
31 183 346
468 128 875
590 378 467
399 232 178
160 40 4
722 496 890
435 659 913
736 317 980
676 767 341
47 63 150
305 368 815
397 242 747
374 456 73
507 473 514
40 56 66
605 167 888
99 491 194
697 280 833
414 351 119
396 284 522
1 2 424
526 455 221
293 535 310
260 251 124
300 713 387
49 93 154
416 472 668
331 113 720
180 627 157
198 23 448
219 711 122
741 524 900
517 644 346
425 592 632
518 479 499
331 775 434
604 118 374
232 456 752
693 742 239
698 778 776
407 633 88
225 708 144
686 317 203
449 439 229
556 667 385
229 216 192
25 117 521
95 391 65
454 184 987
117 28 619
50 596 844
120 63 365
195 395 40
417 15 330
142 762 940
285 276 872
316 532 671
97 308 349
361 392 17
388 324 642
599 555 187
74 374 863
238 666 693
470 786 753
622 652 40
68 255 934
592 382 17
86 455 879
258 246 251
516 765 874
566 553 439
112 231 998
217 750 411
310 200 848
708 566 145
548 99 7
184 757 947
302 535 713
210 379 662
505 536 545
655 136 789
445 328 632
115 385 132
363 71 790
617 701 105
223 259 500
307 388 165
69 469 513
619 743 257
442 119 705
284 591 688
325 357 179
139 215 631
379 130 254
473 570 674
714 333 363
56 258 502
741 481 810
161 206 180
610 558 278
343 151 590
195 470 647
181 701 584
605 779 680
736 84 455
32 766 81
685 336 435
636 168 946
673 237 408
514 236 383
225 101 819
724 11 590
85 107 62
504 155 730
647 729 657
557 365 17
328 305 212
248 414 201
375 267 820
345 404 786
93 263 178
77 548 369
469 150 490
181 251 151
712 652 279
38 72 506
495 497 660
767 465 196
82 657 587
138 491 946
311 630 183
721 787 303
78 502 622
330 390 621
736 85 279
379 624 266
107 657 145
260 98 316
24 737 897
736 229 821
603 492 697
676 266 665
144 84 852
748 184 867
547 54 54
711 17 427
790 234 130
727 431 172
681 419 236
609 351 61
494 442 275
455 631 834
282 173 250
771 241 145
788 415 265
171 261 286
358 638 199
728 240 661
133 284 776
474 624 124
590 106 929
288 167 684
238 703 248
21 538 532
575 738 864
196 753 500
134 105 656
473 184 602
35 754 186
672 575 684
313 482 390
150 366 311
683 165 25
770 624 179
50 353 154
47 140 451
83 673 789
588 630 894
138 229 289
554 69 284
235 756 332
564 89 863
480 104 429
226 418 209
55 403 70
252 554 491
603 316 885
148 566 216
687 704 743
158 296 915
275 216 680
105 377 423
771 590 947
735 616 23
156 402 631
168 316 450
239 315 110
241 250 147
589 764 382
26 84 942
545 110 67
743 72 974
86 98 800
33 590 3
746 517 881
217 554 700
621 466 646
479 643 824
338 770 77
121 190 956
148 712 905
651 12 293
75 500 936
343 46 547
555 643 712
514 343 868
336 372 16
358 708 523
312 644 253
63 106 481
525 386 543
435 771 623
76 223 561
442 34 778
160 407 839
285 744 617
600 290 619
722 546 448
386 467 440
398 337 580
493 702 652
403 498 948
672 536 56
90 438 629
337 693 48
626 346 390
197 70 40
223 172 160
79 141 784
590 274 871
512 680 506
523 777 97
41 342 781
777 586 42
9 81 768
401 313 209
109 515 88
129 677 174
454 539 248
662 296 14
310 214 304
784 439 526
340 211 512
398 155 295
608 503 140
666 670 279
441 761 585
519 561 777
345 554 528
457 704 823
361 292 210
36 76 971
78 283 194
617 785 686
352 613 203
272 435 749
317 787 82
216 470 869
56 308 555
108 254 648
757 322 552
172 609 887
539 628 446
785 560 454
420 62 748
197 232 281
104 339 825
65 708 100
488 52 49
659 262 898
491 701 706
191 398 389
325 406 5
512 551 703
747 781 844
187 610 597
18 305 666
90 333 421
749 764 945
609 288 469
428 582 708
580 591 778
560 77 62
415 742 652
628 680 268
40 689 628
227 281 340
373 420 90
260 751 886
316 239 746
462 309 761
248 277 407
129 222 469
236 420 570
678 718 50
539 248 825
19 388 673
418 458 668
119 623 389
127 258 630
283 21 621
246 240 216
323 721 112
556 342 735
153 449 353
313 94 271
275 769 16
19 93 351
284 610 922
569 169 109
50 176 463
398 227 317
393 79 538
417 529 424
451 529 916
241 789 110
113 43 663
693 171 654
691 789 79
280 289 64
408 453 472
291 19 232
94 194 275
371 20 838
95 551 582
247 609 27
652 42 249
470 57 659
514 23 450
711 512 764
160 655 22
23 118 364
628 587 358
74 372 709
397 666 970
453 419 792
448 379 375
563 658 392
76 45 785
484 452 537
160 596 223
111 724 650
353 741 461
536 158 601
748 757 431
584 321 775
627 303 975
253 413 986
322 155 702
211 547 49
251 401 814
150 148 739
726 690 884
370 772 445
218 302 995
2 372 499
774 268 470
644 166 768
521 550 759
91 68 64
290 106 7
684 442 38
374 264 566
99 293 21
401 632 348
144 577 367
554 322 563
49 771 955
79 775 133
27 457 139
573 481 188
281 547 288
175 169 414
575 687 760
724 531 44
158 233 257
160 147 829
502 773 754
453 515 723
330 179 81
82 134 236
116 384 505
79 150 719
386 345 842
613 430 198
429 99 407
434 601 99
456 365 102
178 499 244
237 464 714
220 24 75
555 530 805
505 259 302
463 484 866
636 454 145
250 577 479
448 393 211
624 225 583
400 563 958
513 510 279
618 249 717
457 353 488
291 9 545
592 128 897
273 374 869
17 665 559
415 598 98
771 504 876
343 610 206
414 179 189
6 9 923
316 516 349
274 770 651
766 617 120
37 708 752
225 381 752
598 197 520
193 63 50
716 701 48
609 564 516
459 347 546
407 249 187
67 256 472
136 323 301
685 250 324
368 489 530
126 371 166
526 9 772
473 304 94
88 491 160
513 8 1
29 323 472
490 743 249
246 729 321
571 224 458
274 240 811
378 379 498
332 436 576
595 154 291
215 338 706
194 284 66
548 581 816
410 489 623
698 200 902
349 310 861
595 176 398
704 670 650
646 634 507
79 751 988
788 708 209
533 78 583
84 581 768
207 408 548
211 743 919
405 117 9
211 302 630
313 113 95
253 12 217
742 645 314
456 181 90
1 786 680
197 745 304
197 369 320
396 311 900
358 601 884
394 364 428
789 633 808
754 556 634
38 204 738
204 644 745
88 162 70
670 248 653
492 750 947
106 687 274
127 24 150
159 19 8
5 171 312
750 530 249
729 186 931
554 96 801
620 407 772
125 693 626
240 59 726
393 437 40
1 83 956
734 172 47
263 114 526
1 289 523
708 25 665
67 438 21
671 382 559
344 252 778
190 247 179
227 180 629
5 708 325
677 354 585
385 421 805
122 354 506
10 560 759
180 686 126
505 194 560
97 161 405
661 153 666
742 58 277
260 150 416
82 173 111
102 169 112
485 351 91
98 169 984
780 591 990
765 92 896
499 363 983
113 119 72
751 661 951
566 361 783
711 36 668
340 443 5
379 85 113
359 421 642
625 276 370
57 785 119
91 195 942
82 356 148
678 126 338
236 630 337
192 688 154
681 267 208
55 769 204
297 191 229
235 211 154
211 659 755
459 379 202
171 127 465
301 636 303
175 257 90
453 587 796
130 156 71
367 787 781
578 703 399
696 556 732
260 517 384
168 313 344
339 73 625
215 306 60
646 71 119
617 391 738
505 675 337
520 566 148
40 135 461
250 176 68
650 427 759
47 225 215
32 162 571
85 512 887
753 592 614
33 141 430
695 465 427
790 30 306
127 405 938
323 153 92
551 455 403
49 302 882
718 327 522
159 371 936
371 578 485
514 768 591
274 254 134
58 786 81
693 534 544
616 516 642
558 484 183
192 616 666
330 495 553
734 232 440
520 83 983
400 96 695
159 731 177
227 61 449
353 478 256
527 229 131
295 143 623
679 378 267
493 724 60
788 582 761
75 599 166
422 320 669
610 680 767
561 352 867
771 6 255
595 778 917
74 574 270
719 739 240
673 148 605
609 86 105
631 53 67
573 578 557
43 554 184
85 757 828
331 31 370
426 429 664
238 720 494
141 423 962
15 679 916
31 315 786
328 480 62
423 764 813
448 55 611
77 182 204
513 567 540
517 759 450
404 176 687
286 291 423
480 740 321
671 263 471
672 480 509
578 694 364
109 526 83
722 247 7
71 131 700
21 606 621
382 540 159
673 362 226
302 526 739
463 515 293
511 716 147
312 106 141
239 477 679
232 451 449
101 372 657
651 288 980
372 219 155
743 634 729
165 722 615
258 257 911
602 750 331
221 484 143
393 532 15
694 715 405
411 527 936
157 449 565
182 295 533
38 48 16
717 584 59
729 49 987
261 8 914
484 669 850
347 113 851
142 561 40
185 658 528
20 313 525
301 673 789
415 1 819
198 771 7
391 587 876
113 652 659
306 18 556
610 28 368
519 368 219
441 731 926
85 17 153
131 179 531
265 414 417
554 741 624
788 156 119
132 138 632
275 609 568
33 639 444
145 482 940
576 769 45
421 210 565
578 357 163
591 451 407
470 63 512
451 736 326
258 331 83
479 254 943
226 186 294
265 30 978
712 9 614
403 415 457
314 381 741
68 401 755
315 345 687
728 375 744
63 493 198
413 624 920
464 757 128
603 197 986
781 386 641
117 605 471
310 367 661
613 597 367
779 93 962
626 252 918
666 710 695
634 96 332
590 422 298
673 664 919
231 512 550
232 241 540
288 472 317
778 351 45
335 362 281
50 330 18
442 708 867
724 635 467
657 342 749
47 86 567
247 521 885
301 509 835
488 744 104
570 469 942
425 525 994
454 475 136
764 489 333
717 582 836
183 301 663
759 779 815
540 759 24
164 165 201
646 46 369
98 447 937
779 243 15
147 713 945
85 750 639
173 635 666
224 533 65
372 733 523
507 645 400
409 600 853
85 155 227
401 373 460
338 345 529
400 24 7
19 211 58
61 293 341
171 436 15
558 468 432
624 292 331
257 657 290
154 507 642
192 12 808
554 620 411
722 250 479
742 497 588
645 771 10
74 327 943
393 407 691
456 24 865
43 633 424
435 624 6
223 480 471
692 737 988
415 697 562
522 652 400
607 68 897
212 329 783
351 372 250
405 508 214
357 1 502
351 764 756
38 83 168
632 575 334
282 736 375
60 13 907
68 725 17
1 32 43
589 376 977
541 146 408
453 54 118
152 533 382
103 228 700
485 304 48
120 157 691
260 207 406
383 255 705
756 60 856
560 728 629
714 207 19
325 583 61
3 385 798
196 45 16
205 166 516
15 23 724
501 470 963
162 568 197
147 316 513
410 688 389
289 229 144
34 36 669
361 409 405
98 225 737
183 404 215
152 78 567
473 474 10
246 247 115
47 633 212
561 396 48
176 612 569
645 567 181
418 60 527
276 34 330
280 78 737
160 693 542
103 125 123
777 40 683
558 255 740
340 238 916
676 770 163
715 439 149
194 206 338
165 189 854
49 686 984
537 761 268
17 164 774
275 313 545
125 208 791
644 650 602
349 7 328
339 387 744
649 772 6
436 557 323
190 504 677
167 674 351
301 633 657
728 321 660
484 472 677
264 51 666
46 483 733
321 264 480
482 670 748
143 1 866
89 541 885
716 265 781
582 627 514
302 297 717
571 440 412
449 12 390
169 111 845
161 540 64
159 335 905
42 624 632
3 57 965
746 494 136
6 781 482
687 255 263
726 525 784
103 371 174
180 96 2
77 140 440
120 775 104
367 407 440
398 438 181
788 498 23
172 637 856
7 463 122
360 309 993
351 101 963
766 219 36
352 395 172
418 183 291
67 259 97
242 612 473
660 752 601
26 582 27
245 613 87
222 295 110
117 687 280
352 521 997
78 107 823
372 59 936
508 22 756
312 135 509
722 694 48
757 377 241
581 610 127
354 526 877
448 498 488
708 213 331
24 556 508
393 136 155
732 79 283
236 635 377
218 249 112
384 582 15
95 81 982
530 497 546
549 190 488
140 409 166
49 331 898
259 167 73
715 757 930
771 582 240
148 5 91
547 426 421
256 137 610
320 113 527
230 121 772
472 227 203
601 631 447
624 466 487
380 268 402
358 774 9
691 417 256
311 267 432
601 181 271
682 631 792
319 530 205
528 197 288
592 78 838
596 430 980
749 51 100
68 87 842
287 451 605
208 360 968
233 372 553
124 246 384
148 692 823
186 86 133
243 31 540
778 652 150
15 73 793
631 430 51
261 258 397
220 294 463
617 333 61
6 477 46
742 161 774
446 26 992
442 365 266
572 325 755
132 43 585
422 452 24
307 364 949
63 535 840
314 736 485
732 164 165
205 492 84
316 9 521
52 456 902
769 652 365
118 159 615
140 269 78
225 189 158
554 503 683
696 659 792
600 446 977
778 467 708
412 334 696
583 224 573
528 521 785
429 83 27
453 286 950
671 617 883
277 62 516
514 330 185
342 413 377
356 137 9
146 633 586
14 249 631
153 372 61
458 474 905
518 19 5
575 318 221
317 396 282
155 341 697
25 198 986
356 107 18
757 411 228
601 705 174
774 467 617
652 453 909
786 92 289
149 209 526
289 557 754
101 676 550
1 770 334
536 31 131
148 132 787
456 455 682
645 59 888
246 489 665
655 246 448
433 414 352
671 676 602
785 39 309
119 666 297
291 2 60
169 675 926
340 57 348
673 531 62
763 66 375
707 194 402
382 401 931
294 671 478
753 307 36
115 513 465
449 6 282
687 624 787
453 322 88
694 232 174
544 253 135
232 400 547
536 232 72
32 92 771
575 183 684
47 98 916
710 498 795
110 510 478
58 713 820
168 204 61
246 302 735
36 706 432
300 435 940
197 710 855
598 62 577
687 81 174
272 386 118
659 9 501
722 533 948
778 377 590
601 376 893
566 182 271
708 300 855
556 585 716
766 18 494
238 282 977
344 527 868
26 1 308
310 394 747
32 282 364
77 733 585
293 483 585
83 583 467
220 473 61
289 399 392
431 131 56
233 299 609
493 520 255
134 215 73
162 80 833
490 673 958
297 367 744
111 619 283
773 538 328
18 596 645
531 406 514
749 787 419
61 184 765
14 342 262
595 607 519
720 785 928
786 506 377
555 732 867
99 26 796
450 95 577
157 265 735
13 155 648
463 314 587
202 197 713
414 688 78
334 205 542
302 388 617
119 386 53
386 84 75
1 568 577
157 644 188
3 739 28
204 253 918
618 112 227
484 406 244
706 571 218
719 116 144
261 243 555
379 163 61
124 172 899
175 205 110
149 306 431
232 287 719
350 753 251
256 596 504
507 36 603
190 284 22
673 523 237
93 320 828
5 188 899
483 344 1000
50 214 703
513 205 221
337 589 354
11 124 675
98 452 719
100 120 573
80 20 522
373 463 230
202 162 693
1 178 292
626 663 777
680 171 242
596 529 295
303 522 663
413 381 870
326 454 136
275 271 719
55 621 192
624 683 525
306 610 519
594 769 311
203 645 839
324 421 358
108 778 544
229 712 102
20 421 554
138 649 905
103 537 962
456 600 267
778 52 13
586 340 26
242 536 25
421 540 53
218 109 970
365 626 480
536 381 888
771 322 196
25 150 123
375 328 949
106 1 667
59 459 365
80 57 911
696 629 287
92 71 814
576 435 664
280 466 127
162 324 278
24 158 964
106 642 724
396 85 784
46 177 688
457 277 907
432 17 405
712 111 112
225 533 891
29 139 842
554 646 659
242 561 107
207 41 842
659 365 572
659 333 569
706 64 536
416 417 688
547 288 798
555 591 102
86 144 805
186 67 800
355 41 156
407 576 605
23 53 589
40 55 493
701 360 173
568 86 580
324 163 641
212 338 232
593 742 779
481 589 762
209 528 680
217 498 594
1 469 545
25 240 36
569 183 764
41 590 771
446 710 295
220 429 221
319 218 55
274 280 901
335 387 250
545 606 263
775 557 387
386 83 990
701 469 369
29 676 847
568 643 531
464 724 733
575 584 24
123 563 979
543 177 584
439 451 993
67 393 688
369 483 566
664 15 361
7 44 226
216 219 775
122 715 510
462 437 221
166 636 642
463 190 293
720 269 373
304 85 221
445 98 369
25 277 476
635 619 113
432 193 3
92 725 408
602 789 32
729 351 958
500 587 325
329 545 665
584 412 185
129 573 914
720 31 648
390 325 835
64 92 147
561 193 962
1 6 664
48 727 416
596 127 191
387 682 473
19 148 195
251 492 645
382 204 977
157 34 854
50 15 364
100 459 630
666 435 280
96 476 982
764 190 423
539 123 457
23 228 792
358 318 435
273 617 181
688 609 562
566 771 134
82 507 72
6 142 404
101 691 137
67 766 752
206 8 969
276 258 112
12 239 868
88 296 846
603 653 264
627 762 178
379 319 768
215 715 984
7 524 933
322 741 129
118 413 396
13 757 568
729 80 27
203 356 557
62 607 249
356 111 794
36 42 402
106 64 51
452 681 592
70 85 278
297 544 476
41 532 48
776 421 520
217 372 995
687 168 46
555 533 522
125 256 535
420 395 679
561 503 684
53 728 902
684 309 404
190 269 367
533 519 764
610 452 134
22 362 600
197 79 212
707 453 625
421 393 294
162 512 86
1 316 239
569 593 934
25 450 657
733 427 742
619 378 204
66 670 742
277 619 621
449 753 205
225 46 193
57 89 298
129 5 408
505 341 405
426 666 140
169 58 134
489 152 929
723 409 581
264 252 900
321 142 457
468 320 738
247 356 58
634 746 52
709 148 377
609 334 464
9 434 561
421 481 73
52 769 8
421 143 643
707 330 356
336 339 44
771 657 965
498 381 344
380 545 991
36 304 552
68 504 295
602 366 504
23 70 924
687 310 932
199 723 372
352 523 368
672 680 815
126 295 511
242 683 785
785 242 952
71 7 768
512 182 16
383 596 749
92 457 932
154 327 297
227 328 788
158 254 77
378 542 853
54 765 307
318 122 975
740 293 236
406 397 86
636 765 866
505 442 344
719 772 526
754 319 421
56 204 40
245 316 885
757 95 906
197 788 710
105 390 595
221 285 844
130 660 502
126 447 463
97 679 824
102 81 363
209 645 331
107 729 811
413 399 293
464 306 363
39 276 265
247 127 731
89 34 787
671 436 840
91 493 773
575 280 951
666 265 230
38 183 221
630 253 470
257 153 423
68 728 865
383 491 951
289 193 1000
138 430 798
222 11 483
242 92 939
597 175 295
159 141 784
171 336 960
134 509 57
604 775 728
43 603 802
773 757 912
197 702 317
247 95 199
236 406 853
791 708 725
91 373 892
554 359 687
31 365 994
436 705 755
659 733 647
751 197 295
155 216 325
528 660 975
359 500 325
346 295 314
295 710 913
62 478 849
472 604 43
680 568 357
308 606 535
206 225 721
134 330 264
195 335 67
169 645 659
413 208 483
512 106 895
547 619 451
551 89 574
638 708 832
218 179 667
778 576 367
575 596 63
253 125 865
745 151 455
617 575 184
786 316 529
648 651 320
757 764 693
85 288 165
163 655 993
541 504 225
664 586 542
73 161 587
618 141 844
528 750 248
113 227 968
267 732 136
512 239 778
585 429 530
698 212 376
332 447 616
373 750 808
322 722 267
176 423 980
763 499 489
470 606 760
623 72 843
663 492 532
16 549 285
60 460 169
111 382 777
409 637 599
404 1 414
684 616 966
147 655 283
308 356 23
310 582 413
371 461 874
330 603 707
482 523 723
615 431 147
174 89 914
476 655 632
18 35 509
229 411 11
275 720 929
638 40 933
744 640 44
417 244 659
477 734 534
616 108 555
99 383 627
383 326 280
166 249 391
169 282 307
164 7 945
695 608 976
251 233 223
337 84 445
227 496 450
533 293 243
435 714 476
98 78 321
593 595 521
499 638 119
422 638 18
771 113 899
451 632 66
558 504 997
71 21 803
173 383 389
774 505 719
736 495 668
463 67 895
158 8 814
558 489 288
594 209 593
331 122 755
23 770 759
126 716 612
197 558 959
529 18 203
616 40 110
328 180 483
256 490 539
140 233 965
21 455 47
82 724 789
681 268 893
637 218 203
476 766 79
248 126 533
109 99 931
359 559 933
496 625 400
704 722 882
631 390 385
55 119 753
380 425 354
555 241 913
379 575 205
412 247 763
204 591 278
14 319 201
151 611 424
245 561 107
285 506 512
270 369 902
480 165 514
570 448 25
227 643 863
255 757 510
347 161 769
780 631 835
197 198 290
760 341 911
390 701 739
596 699 743
342 219 101
517 769 921
657 529 262
141 685 883
290 670 441
29 695 943
217 678 108
265 181 512
339 789 354
87 337 911
278 655 773
237 545 741
630 554 197
229 227 172
467 738 459
449 494 732
610 614 689
327 306 467
71 414 763
498 484 748
785 236 375
582 11 656
190 737 113
648 608 974
378 566 789
297 155 359
380 540 478
695 540 515
210 527 96
293 188 161
117 184 381
435 340 467
226 30 488
535 564 531
217 707 761
498 765 480
36 430 132
338 136 124
661 742 690
596 647 712
211 588 927
15 507 619
724 523 501
262 31 580
302 408 879
74 403 733
343 498 341
282 617 219
599 295 346
525 202 600
562 377 693
692 610 51
172 153 958
563 779 134
190 487 885
356 282 371
689 533 487
230 248 561
541 680 130
725 197 357
231 281 433
386 263 763
573 320 125
56 572 413
581 472 635
50 321 590
116 512 724
552 45 242
296 503 660
513 37 803
232 29 751
24 218 567
258 775 274
428 322 798
296 491 442
367 99 899
228 573 762
50 71 767
418 190 588
676 693 263
4 376 377
369 487 463
152 587 875
151 243 278
71 647 723
587 345 204
360 510 478
184 134 512
121 724 311
320 193 299
768 202 429
141 239 507
684 588 114
470 632 530
7 262 784
586 746 387
215 769 373
477 402 853
685 57 142
666 735 446
435 729 440
557 585 987
694 620 517
730 544 639
262 785 954
141 256 22
710 181 125
204 100 361
482 630 109
358 563 727
262 765 91
782 123 437
111 128 319
103 421 698
376 314 628
503 453 724
288 403 36
288 591 12
404 148 702
491 573 227
550 88 24
226 1 536
299 14 730
130 155 142
790 79 859
114 498 553
105 412 331
215 746 725
469 424 941
309 538 854
751 39 661
722 245 403
146 451 792
435 154 964
173 771 376
199 180 25
421 561 930
772 458 646
356 701 736
124 253 658
770 576 95
180 36 345
542 340 900
14 142 843
312 477 113
224 358 730
135 722 926
23 520 715
498 218 172
288 509 987
96 410 518
505 610 877
22 601 794
549 50 18
763 505 49
281 92 469
370 229 293
349 785 208
371 651 892
751 529 295
189 53 985
421 366 908
628 15 585
284 749 454
416 407 944
729 204 304
547 113 867
782 568 350
258 726 575
620 701 806
605 449 117
231 472 513
26 322 797
242 430 638
341 71 221
499 75 116
25 372 107
28 470 768
456 58 402
729 217 606
531 400 309
372 401 841
340 482 46
545 505 354
43 31 195
309 518 272
371 261 55
717 756 729
240 86 946
161 519 149
444 762 750
568 651 499
774 57 555
725 288 113
74 362 871
778 83 970
172 271 27
271 470 857
775 584 688
717 620 772
536 624 665
540 658 418
674 702 767
663 642 683
13 16 199
57 734 900
108 551 415
95 736 420
752 725 54
326 534 796
464 242 341
344 529 786
289 294 536
1 175 564
398 480 562
215 375 81
210 645 209
691 246 605
234 646 74
533 558 192
121 410 258
397 211 314
64 109 346
709 445 266
631 52 108
4 607 346
624 139 137
639 599 357
404 197 82
374 491 755
617 503 694
364 681 979
536 155 386
55 370 182
499 622 839
389 754 953
506 539 193
78 183 710
680 297 999
120 609 453
227 553 116
457 526 586
296 60 689
519 4 674
72 52 843
564 490 429
22 729 497
474 694 11
548 332 221
435 286 107
582 335 90
787 452 161
84 278 571
393 272 921
462 671 275
17 712 58
201 242 508
25 564 266
279 388 654
103 759 47
506 439 54
105 646 413
501 483 894
616 204 192
510 392 327
449 433 576
369 638 145
559 425 141
126 214 576
701 689 926
386 273 648
2 164 441
699 434 859
257 91 686
53 180 44
320 782 721
274 617 130
712 617 990
408 640 441
451 716 631
535 21 26
305 733 647
433 89 741
757 123 968
173 776 137
285 486 469
641 691 289
231 242 870
169 227 24
683 403 316
405 202 350
505 361 508
338 360 794
292 478 523
362 591 454
274 683 161
197 29 484
172 89 863
11 311 152
61 243 95
664 509 51
155 76 688
582 44 192
503 261 145
142 504 256
133 405 427
239 49 664
702 778 408
428 453 201
151 323 82
120 531 136
744 557 958
604 288 823
611 491 879
597 710 322
123 783 978
780 349 111
635 203 738
372 140 298
81 498 225
766 418 333
139 414 716
575 593 808
125 442 237
210 220 62
549 341 64
537 78 697
268 563 170
41 509 259
340 392 84
547 285 983
744 375 697
288 246 227
582 612 418
187 355 618
60 157 854
351 78 686
127 159 924
143 70 459
44 274 248
471 171 768
788 515 822
592 494 484
290 108 539
445 25 218
137 547 233
488 301 785
624 632 586
3 424 556
228 548 791
504 393 364
637 62 180
714 649 518
7 538 469
107 131 270
652 372 762
269 548 520
342 650 290
620 277 102
245 140 31
756 249 463
682 452 63
698 100 418
666 55 857
789 265 622
699 134 816
299 654 69
605 127 389
219 341 934
516 502 68
732 705 999
257 51 786
7 601 449
121 189 607
631 134 542
249 300 455
463 575 222
617 260 925
159 398 738
332 346 221
274 22 442
786 401 970
32 678 711
433 268 322
438 420 65
329 184 361
17 437 632
107 751 643
208 554 741
366 261 741
563 571 304
291 70 90
52 659 309
253 498 405
386 473 892
295 771 518
580 614 655
432 588 868
688 690 843
523 665 104
333 263 192
458 74 536
716 184 509
423 171 596
322 239 766
133 221 116
535 439 523
248 417 314
208 592 254
767 423 950
385 625 444
202 582 339
615 287 643
49 102 899
512 782 714
48 347 769
278 550 871
263 614 956
80 581 447
549 316 471
40 41 200
227 218 236
366 601 93
238 682 224
622 515 420
314 414 495
164 350 498
545 453 653
36 296 657
471 587 839
620 138 396
782 410 883
736 786 58
741 406 783
422 81 869
155 605 285
253 608 150
224 289 310
511 162 795
556 153 261
535 262 137
275 48 84
748 127 823
628 388 431
238 520 942
241 642 484
683 455 907
235 635 171
599 214 236
118 536 602
453 681 925
265 319 869
41 94 280
64 449 877
640 399 418
539 653 839
545 239 822
518 449 500
344 373 983
188 21 269
499 492 862
321 370 273
117 252 339
468 736 140
675 448 537
477 195 48
79 193 618
638 654 492
729 698 936
17 42 430
566 558 886
95 202 966
508 144 104
183 225 886
204 576 453
720 111 17
3 7 25
692 230 912
407 486 980
149 439 708
420 724 868
120 71 427
561 765 930
40 290 490
36 47 271
162 15 44
205 537 382
665 555 874
33 704 950
701 372 370
748 239 752
244 638 401
546 435 410
363 727 999
472 26 441
320 154 823
141 191 38
394 98 348
622 292 948
218 773 886
265 46 368
83 58 999
127 139 476
408 508 636
673 494 791
330 773 694
682 617 565
20 168 650
579 197 487
178 342 651
116 635 779
329 504 94
120 666 880
390 658 340
513 261 985
715 659 19
148 43 369
660 705 402
373 488 246
616 778 799
492 202 644
204 704 834
323 542 867
438 385 117
706 51 349
39 36 125
691 596 625
213 286 410
489 124 378
575 427 484
292 342 710
754 479 167
189 324 595
554 428 820
755 624 404
517 594 5
575 182 241
54 533 629
674 791 49
194 286 911
282 714 829
741 18 449
134 240 306
536 278 570
215 74 791
141 461 33
508 155 268
192 729 172
628 304 675
504 299 896
135 471 425
533 114 616
486 745 150
25 275 403
455 420 43
595 451 516
680 152 631
95 369 42
1 22 972
463 705 908
337 553 780
483 311 38
433 784 409
344 708 66
373 95 670
9 19 979
60 116 664
111 7 340
699 560 903
314 106 592
36 249 449
25 707 417
16 156 455
179 424 339
630 605 720
689 535 913
428 585 529
585 320 976
631 744 612
748 26 696
533 579 197
79 652 750
51 208 491
528 227 856
302 503 120
384 551 369
50 574 655
211 65 728
27 687 118
471 582 419
391 158 719
407 71 859
426 531 874
329 698 371
638 70 209
498 673 347
452 486 555
423 425 842
75 751 408
407 750 439
144 588 633
44 204 267
680 499 968
566 393 813
652 253 680
574 335 630
342 312 335
26 484 428
145 638 425
334 680 423
24 5 509
639 107 369
590 646 850
134 190 472
327 681 175
31 197 584
253 731 614
705 374 806
179 57 732
730 280 914
363 641 574
141 540 211
186 341 257
666 78 334
141 348 694
160 449 628
453 246 927
778 26 803
367 591 118
57 380 58
13 318 940
694 169 632
30 404 694
444 202 117
596 455 462
113 241 775
340 600 723
147 732 917
292 20 621
144 364 952
400 340 217
295 302 408
242 388 105
387 517 3
791 220 453
51 515 850
71 104 360
764 501 395
506 116 96
402 370 568
1 5 960
352 643 267
393 546 671
557 227 650
161 485 136
8 654 936
365 135 682
687 621 734
233 380 38
316 749 261
57 411 132
8 530 554
488 64 726
607 736 780
722 124 753
524 137 388
323 225 446
134 443 13
505 294 708
748 143 74
679 516 208
54 30 853
435 339 51
629 381 748
73 162 202
557 112 437
394 330 735
564 224 954
480 299 89
665 773 415
708 642 438
745 192 291
193 720 680
708 38 11
55 542 989
171 431 251
757 323 62
228 624 799
471 688 686
331 781 395
252 351 674
305 602 577
594 527 277
19 719 541
51 106 384
172 227 274
741 31 885
690 438 106
719 698 90
346 493 265
471 349 667
760 126 256
182 700 876
133 262 31
729 477 477
771 452 39
145 119 261
311 160 544
543 383 328
88 86 135
714 63 558
582 449 301
520 701 918
43 498 394
547 466 892
394 712 402
392 644 11
278 295 810
253 706 897
52 221 588
79 51 961
71 524 98
400 312 622
286 176 639
405 324 140
773 759 511
525 633 690
607 47 37
169 762 571
723 758 79
249 216 220
312 637 302
611 227 537
536 427 900
541 520 568
40 419 917
256 602 453
353 634 659
601 580 397
91 414 228
501 296 771
295 35 25
444 580 121
198 22 242
596 100 219
609 300 73
183 169 249
189 594 724
693 597 129
19 755 405
288 589 657
64 171 500
237 639 167
340 719 112
218 663 326
253 475 366
479 589 213
736 533 237
616 189 576
488 571 523
398 531 697
475 216 897
251 25 319
32 648 927
631 5 164
422 753 724
365 298 377
297 305 474
123 643 342
86 295 768
340 146 380
233 118 423
145 533 511
196 140 537
274 211 288
485 387 958
356 576 431
524 410 309
85 327 62
566 526 296
491 420 639
565 413 395
604 433 516
678 242 262
489 423 370
674 435 488
281 400 885
258 563 709
463 366 894
752 469 771
23 476 129
411 588 719
127 660 557
437 309 929
108 325 526
494 647 972
603 760 296
337 715 726
71 113 558
96 473 194
147 74 915
249 634 306
421 560 641
564 272 96
339 533 897
448 479 865
100 591 727
644 750 700
781 214 51
639 376 863
538 727 299
54 137 468
195 786 746
223 29 419
316 361 807
354 624 133
144 156 43
631 562 56
435 537 55
208 765 648
134 431 488
201 226 450
625 196 595
742 438 140
635 701 850
633 615 328
406 335 636
446 94 302
495 444 592
148 512 189
153 120 517
484 672 102
13 33 346
764 680 996
436 653 262
361 203 243
356 125 190
31 96 487
450 59 258
728 614 251
337 127 981
57 366 277
261 266 583
5 14 618
788 558 558
334 357 398
185 649 14
106 613 905
218 399 66
208 766 430
85 100 249
780 114 198
468 433 207
714 462 890
34 241 374
183 309 836
259 175 682
436 686 26
350 355 101
161 190 812
420 169 612
146 716 673
679 428 820
659 462 755
552 227 219
547 287 340
732 689 984
767 332 894
470 295 552
24 135 157
13 703 861
334 630 924
609 447 531
701 26 875
212 129 193
634 106 158
301 414 91
64 605 535
203 149 781
207 324 898
162 470 723
743 343 3
176 530 536
574 293 402
7 23 168
365 33 989
121 139 22
569 744 386
102 272 565
14 334 737
611 111 27
256 72 431
295 382 826
740 357 22
425 164 188
540 205 239
386 686 522
221 498 622
463 405 204
336 496 108
81 147 56
183 558 916
246 484 671
729 681 564
66 416 414
595 754 761
468 172 64
118 683 532
316 255 268
416 609 314
783 718 906
117 355 965
442 246 707
343 214 950
379 83 640
144 275 336
120 712 395
65 583 925
422 132 254
617 399 899
509 145 418
390 463 956
222 706 180
71 325 116
312 668 610
64 777 359
216 379 498
270 463 172
193 385 649
68 353 910
317 587 974
288 746 976
12 584 676
33 465 82
599 5 978
1 132 548
126 531 754
445 635 821
520 555 790
77 105 212
229 782 917
286 353 499
85 83 346
182 242 490
498 671 116
324 704 227
11 313 942
448 624 107
300 783 818
331 562 159
770 359 937
349 726 18
540 608 563
379 418 961
156 315 979
533 589 856
477 709 245
330 560 91
13 25 783
523 773 705
9 29 402
288 739 49
761 616 5
677 774 621
417 306 297
679 577 257
192 507 232
62 721 784
488 634 76
241 696 722
320 671 619
195 389 705
340 364 773
625 251 136
187 447 211
162 55 388
117 302 453
106 332 572
604 256 480
145 433 852
210 145 272
359 212 432
558 303 99
468 679 916
595 119 733
400 717 809
293 253 500
211 226 672
428 40 919
398 409 904
620 604 233
327 268 518
488 54 988
148 523 667
628 647 661
316 616 196
392 169 708
582 506 322
29 533 35
155 207 709
513 185 315
203 407 914
540 12 454
444 491 546
81 626 476
194 561 554
164 345 770
208 428 107
530 40 629
481 302 503
417 204 947
27 231 740
537 51 501
615 232 768
379 451 921
649 122 298
127 525 65
629 246 340
334 669 477
295 270 617
40 288 726
594 643 765
590 78 194
604 60 824
221 779 20
623 557 174
28 60 965
183 323 885
3 324 604
766 589 441
218 600 147
179 235 293
7 716 812
527 244 626
773 161 857
390 603 303
607 181 573
197 715 360
134 381 446
572 595 623
720 218 960
297 335 322
499 505 694
246 41 972
631 190 152
141 615 469
656 172 740
46 378 399
731 408 101
76 673 173
563 281 298
186 562 773
495 503 665
639 442 926
180 682 168
694 532 365
119 780 519
384 131 762
104 315 593
358 576 906
257 780 587
69 222 58
774 598 485
307 343 39
768 165 312
680 562 868
317 98 45
329 457 574
143 730 519
751 235 444
358 582 821
432 180 446
387 177 170
309 685 108
26 299 726
63 236 781
13 197 782
1 530 121
655 395 52
123 300 985
729 79 790
654 108 710
640 425 8
410 264 255
91 580 644
750 216 915
505 629 814
222 54 417
235 623 910
140 198 401
138 401 882
92 318 505
633 619 166
153 562 899
734 540 121
307 648 978
194 498 968
91 177 433
413 570 891
570 123 991
73 134 672
223 371 978
358 557 629
653 755 616
780 159 388
109 309 726
309 715 705
230 197 428
204 528 850
213 399 591
146 291 507
24 216 355
417 666 490
406 326 134
31 108 310
247 577 209
238 633 475
86 468 544
566 533 946
653 208 786
70 343 26
325 393 844
270 66 820
435 63 961
456 430 754
42 681 972
119 99 284
204 420 674
102 666 339
554 311 895
410 711 924
71 165 214
340 615 298
96 153 414
629 65 765
484 756 705
58 424 148
529 145 817
139 760 951
101 169 207
491 75 726
594 752 26
139 465 912
612 729 339
598 722 961
675 154 409
438 687 559
763 477 812
368 663 878
561 719 908
228 171 535
422 756 808
137 281 104
705 39 627
50 441 54
641 566 583
106 750 672
435 455 564
245 452 359
44 42 223
589 520 389
59 773 607
727 437 331
219 319 936
1 537 570
399 360 486
562 612 277
123 530 815
154 286 394
537 612 808
737 223 438
227 725 445
491 188 681
353 597 855
650 507 230
244 658 296
116 217 372
738 290 281
604 242 771
460 22 272
153 708 477
264 244 379
563 253 709
563 374 352
71 351 791
729 111 65
10 610 889
361 441 714
1 767 147
86 696 246
225 702 887
389 666 250
287 585 491
771 520 708
714 111 953
194 275 881
628 772 566
429 44 208
67 159 371
260 141 580
69 462 471
473 204 905
680 624 797
383 64 498
332 518 896
386 72 789
669 355 580
390 191 119
769 150 297
309 189 276
187 111 616
281 327 828
1 501 803
413 506 613
434 617 751
720 425 818
15 729 136
664 557 255
499 532 282
359 610 724
759 326 312
273 725 867
652 645 566
218 482 912
72 27 422
410 386 112
435 251 289
182 125 804
542 57 271
473 377 877
537 548 408
510 388 166
439 572 136
309 26 95
414 411 316
480 339 754
532 22 458
359 747 818
194 718 238
663 43 231
403 68 717
218 631 702
204 380 419
513 738 752
316 191 296
32 42 548
511 319 100
204 114 136
428 294 598
175 196 75
223 67 849
520 211 18
68 15 206
645 29 561
155 178 249
716 85 899
707 288 366
358 714 519
478 1 493
303 712 492
260 692 575
337 333 70
282 69 907
113 137 270
380 763 548
245 340 147
606 406 938
198 549 633
402 602 358
546 577 217
41 43 637
49 655 586
248 298 19
610 399 648
253 545 164
637 359 345
606 603 298
141 767 401
125 175 353
683 484 769
381 678 39
447 142 184
267 380 863
437 157 30
46 25 774
414 676 739
214 259 947
481 631 431
388 58 912
208 302 409
47 350 376
388 78 761
369 536 275
337 126 645
461 202 540
598 664 118
638 100 274
216 365 611
321 428 262
675 550 583
264 214 496
1 385 537
705 287 363
510 688 670
170 358 996
118 219 985
602 561 490
589 690 941
625 127 60
372 63 672
477 161 262
129 704 710
642 235 730
273 298 24
557 528 251
738 204 227
225 171 870
217 155 98
370 692 826
81 446 258
632 524 58
140 684 43
641 24 405
397 428 461
113 321 76
505 663 743
183 370 139
513 19 470
393 586 286
53 323 819
568 600 546
525 314 88
388 669 676
44 240 616
456 548 162
554 344 499
677 530 848
190 560 363
587 374 691
102 528 903
466 163 739
262 114 140
399 509 735
66 746 484
517 219 346
743 594 815
596 373 597
766 621 106
311 751 250
776 662 613
39 192 207
221 400 664
673 293 205
391 685 462
167 144 704
470 577 473
30 665 586
9 120 785
201 295 689
669 183 617
169 142 964
317 479 882
241 652 702
92 157 660
217 246 610
600 726 569
95 179 933
474 148 622
261 534 180
771 410 217
776 216 719
584 80 629
276 247 396
330 754 869
41 234 837
154 573 146
298 270 970
710 747 562
72 662 141
294 377 195
101 141 579
760 253 541
491 20 571
472 627 461
734 653 163
134 201 491
339 64 52
359 715 707
375 263 321
20 701 473
407 320 335
736 456 380
342 757 93
620 603 696
758 548 298
91 746 844
160 183 914
155 40 793
23 427 735
375 180 118
655 153 5
498 694 760
547 290 182
156 430 544
142 197 2
108 185 200
148 585 789
295 400 285
509 580 90
770 54 49
80 101 782
677 287 54
20 200 427
310 408 420
766 416 552
129 708 996
730 39 147
450 255 734
14 15 884
651 710 105
253 609 704
491 251 791
227 706 375
91 672 111
393 554 866
419 172 934
291 421 558
412 476 214
391 769 113
1 449 969
10 347 780
260 338 597
455 365 740
1 708 987
566 305 344
736 254 107
29 275 431
687 329 758
2 785 967
151 514 17
274 716 601
567 188 840
528 137 70
505 764 275
24 47 272
70 339 69
364 302 940
594 660 143
533 97 777
435 471 577
359 295 293
464 244 643
620 45 62
197 259 3
603 411 263
569 589 695
256 156 879
527 365 54
652 40 365
101 65 378
289 505 637
117 178 55
477 537 437
712 241 202
733 120 210
280 738 675
322 551 125
45 133 808
219 276 466
590 93 448
17 524 906
89 369 994
209 163 805
427 29 284
287 462 217
635 442 479
500 528 497
398 302 591
490 345 685
31 769 311
46 30 82
321 179 187
137 631 27
250 735 325
83 255 631
701 295 657
27 94 613
679 313 547
1 97 137
379 46 292
599 549 255
627 116 973
187 559 822
169 419 294
507 202 233
623 10 605
374 558 646
400 648 382
551 307 101
603 317 167
125 211 792
1 356 458
342 160 296
6 694 395
320 398 407
671 159 509
699 44 86
307 517 320
7 119 389
363 241 366
312 149 889
602 562 439
177 750 495
47 667 513
645 310 491
201 477 187
493 677 552
163 407 578
763 569 191
786 75 613
696 291 50
67 247 667
506 477 422
451 784 669
351 784 909
436 756 209
20 432 848
587 688 12
219 400 685
437 432 447
682 727 505
77 714 737
32 456 6
720 674 256
582 390 981
382 537 933
618 694 523
519 624 423
319 589 201
136 37 483
377 698 147
72 484 58
511 369 813
692 729 995
757 712 857
574 414 285
239 309 745
337 602 297
543 178 871
100 546 876
421 397 922
93 113 372
428 348 435
573 372 981
142 210 715
659 467 166
16 32 49
585 578 602
411 353 122
453 316 157
465 516 369
278 336 990
330 174 226
171 204 100
405 302 606
102 568 590
771 478 965
449 30 852
640 386 671
544 71 718
566 601 738
321 171 684
423 338 870
64 637 612
481 100 873
177 99 983
106 515 414
307 593 13
168 193 506
19 24 754
384 645 541
250 39 941
584 484 886
153 326 832
645 5 515
148 729 812
762 81 642
683 727 195
99 466 295
461 657 560
156 348 48
153 17 307
274 66 149
221 750 913
721 169 809
559 169 871
657 440 1000
323 82 491
2 604 406
35 666 926
3 18 778
252 540 865
8 67 532
771 464 671
253 221 567
733 538 253
410 317 640
493 744 933
463 345 818
91 332 990
386 514 148
127 96 688
506 78 424
527 106 444
85 170 320
236 436 533
679 332 920
555 425 526
23 477 364
687 197 521
96 574 609
1 189 449
84 206 777
422 269 260
764 186 880
117 65 900
521 303 455
529 515 696
28 693 500
530 370 271
433 675 618
383 777 461
51 78 176
688 484 118
26 750 74
152 420 221
70 134 153
107 334 489
492 151 845
45 474 910
587 729 129
274 206 289
98 251 700
190 120 261
586 525 283
159 237 337
447 475 615
439 318 548
597 307 683
532 650 264
521 558 700
425 602 936
237 782 859
580 59 916
688 757 617
341 666 347
722 475 823
666 270 413
465 429 22
313 329 252
415 672 324
506 208 523
774 371 73
595 537 294
160 749 604
199 540 511
29 395 510
630 427 145
384 218 447
560 120 107
458 538 372
93 111 508
486 530 810
367 757 765
717 197 849
722 522 664
380 135 792
686 771 854
133 9 323
132 672 479
414 644 248
165 135 953
86 712 125
81 26 267
704 3 818
409 614 891
733 618 29
341 466 426
695 357 649
227 684 698
151 771 25
519 284 246
524 529 600
701 118 121
780 233 397
434 777 793
460 554 205
333 292 860
529 664 644
53 61 284
113 115 178
301 91 178
491 748 263
101 392 854
267 667 735
572 762 54
1 20 935
738 443 123
21 208 529
775 161 510
672 675 147
213 443 459
258 233 462
507 353 298
275 229 770
234 603 369
89 372 166
30 326 584
330 80 634
396 250 891
460 48 429
373 631 783
500 126 632
395 8 420
728 642 357
722 262 221
545 714 374
519 735 859
300 318 532
748 548 761
185 236 934
530 365 510
666 339 977
507 124 53
297 190 714
577 270 606
641 408 180
539 639 573
226 441 958
379 211 891
540 675 978
735 585 100
145 250 950
731 699 155
742 641 579
362 766 788
183 347 422
103 226 132
272 106 489
378 513 485
156 600 207
511 167 664
617 765 646
746 236 474
287 514 671
750 366 542
619 50 534
379 473 260
552 341 944
179 488 921
406 753 542
572 729 593
59 321 496
523 288 726
785 170 384
133 338 362
448 620 80
421 785 952
778 344 829
605 4 521
689 225 572
517 271 256
132 144 531
500 372 703
488 171 749
706 93 763
274 631 260
433 437 690
327 728 524
64 676 474
533 6 279
205 733 369
421 48 681
749 534 200
429 82 187
144 636 361
539 400 625
117 201 416
2 644 974
139 174 954
149 774 203
178 565 943
140 736 597
255 761 515
760 609 102
472 685 868
739 141 845
252 305 21
260 661 870
350 150 612
188 141 772
616 57 877
332 239 87
281 701 535
702 470 484
73 130 677
266 410 718
29 644 10
198 384 570
176 241 55
720 349 178
609 575 345
496 723 936
498 330 288
285 778 142
755 655 484
304 603 344
281 298 814
191 325 631
747 310 875
372 639 428
95 567 305
43 673 403
320 731 418
566 670 469
610 603 469
748 690 180
428 148 902
182 139 712
339 365 223
32 679 751
32 337 837
736 29 505
80 159 403
11 489 471
15 400 77
431 548 41
680 411 662
426 91 188
532 97 155
442 777 984
138 507 714
200 588 138
599 697 728
578 160 764
680 309 579
576 558 836
736 630 34
759 29 817
1 779 985
643 282 486
138 51 783
608 667 552
289 309 592
165 431 952
413 324 369
683 715 332
200 29 175
624 659 813
129 643 824
427 100 242
57 217 443
1 490 546
557 179 410
313 418 932
162 736 640
674 45 347
611 246 262
500 340 311
542 535 579
216 15 645
132 100 990
388 589 380
281 331 281
240 278 817
88 407 634
651 217 975
484 103 857
274 476 164
415 393 896
252 235 712
150 22 807
1 560 641
203 698 35
183 131 910
765 179 377
452 748 415
72 170 355
711 101 770
366 104 137
377 621 743
784 315 664
755 550 600
515 666 440
761 605 233
681 67 644
514 168 361
323 187 913
79 409 995
366 90 501
247 461 311
667 515 630
232 540 732
606 755 835
6 695 44
352 738 147
677 39 284
114 144 110
690 349 686
436 152 20
434 715 681
314 118 651
314 92 541
23 185 994
365 692 203
610 502 560
666 162 970
21 156 503
720 330 513
365 552 460
376 36 770
346 92 639
120 754 366
115 447 481
639 309 856
121 356 252
14 475 947
413 360 385
1 694 506
538 579 325
737 274 350
123 347 238
437 276 962
260 233 300
678 155 248
382 586 543
235 579 667
245 472 490
44 691 264
309 249 229
701 242 920
319 338 247
763 399 102
609 14 409
369 437 222
698 546 41
659 362 937
187 595 314
681 114 106
71 520 94
305 725 123
466 582 304
43 492 728
355 208 748
571 180 735
76 38 366
183 622 988
91 145 197
226 403 979
764 337 8
456 596 490
619 429 763
157 159 5
502 276 945
220 584 92
367 572 352
438 634 148
386 442 498
583 453 347
518 256 264
118 535 138
554 540 98
766 111 607
607 474 999
93 112 295
32 310 812
167 85 79
13 307 225
18 269 262
595 91 288
682 285 602
266 218 556
130 248 279
99 169 37
509 169 444
40 711 310
144 695 559
524 631 442
239 436 878
558 380 878
281 491 777
690 761 422
582 224 840
65 517 894
438 598 207
722 456 129
722 148 438
465 400 833
218 702 544
386 181 616
73 146 589
485 402 208
606 687 942
22 385 856
247 754 584
607 659 16
199 417 287
66 378 33
547 519 843
114 99 603
56 175 255
55 116 503
281 730 644
202 270 576
324 221 170
1 161 339
596 137 126
149 677 953
116 160 205
398 324 862
546 28 316
727 337 176
690 566 945
171 505 64
463 371 490
88 1 167
125 273 861
25 21 324
768 296 638
43 458 71
379 519 705
398 179 343
655 598 302
229 523 840
567 340 371
446 674 672
747 561 593
727 67 322
144 300 259
472 176 777
7 679 651
167 33 15
526 114 648
8 578 10
405 423 327
114 686 122
108 261 143
239 468 422
747 461 387
316 199 86
535 755 693
31 40 812
105 353 996
532 166 253
184 708 243
773 92 905
489 497 780
283 570 811
550 428 529
573 255 100
467 459 241
433 176 674
5 745 53
4 380 656
353 580 804
379 510 460
8 32 775
726 88 746
327 333 283
762 631 221
78 376 549
173 592 278
228 50 46
71 227 82
456 370 832
762 461 892
65 651 651
569 407 442
456 391 699
114 113 31
43 326 248
139 288 901
303 218 701
222 617 506
532 498 522
467 442 556
716 684 587
151 301 446
535 71 456
704 58 838
19 28 426
150 678 55
191 781 699
299 766 532
650 700 169
751 204 66
490 663 817
568 613 150
743 440 159
48 456 310
320 544 209
274 38 297
1 768 652
757 594 305
321 676 979
206 81 204
238 381 849
701 442 264
663 254 522
238 753 68
469 235 497
353 509 439
399 92 133
373 554 369
43 477 564
539 785 192
26 367 400
749 21 810
288 502 49
464 22 720
565 53 671
568 426 39
301 757 427
379 668 819
607 678 373
389 403 816
523 438 790
203 596 611
677 788 470
34 595 772
1 447 186
29 170 626
59 715 832
556 634 417
741 605 218
402 236 154
340 757 803
35 576 564
630 425 403
608 376 273
705 440 753
338 353 811
232 289 351
680 451 452
687 449 876
97 142 244
35 103 273
781 679 149
201 733 46
528 396 21
22 184 858
446 274 290
776 469 984
244 742 988
224 1 61
584 447 54
27 115 528
577 747 979
151 442 808
221 334 865
281 313 299
699 232 970
81 522 175
192 475 989
340 590 519
229 102 729
707 247 54
132 645 656
687 692 283
655 227 128
1 628 851
25 257 94
523 658 63
504 601 764
101 35 234
132 780 409
27 410 715
547 239 59
564 141 473
269 522 688
513 214 780
658 678 479
242 86 400
171 463 251
350 606 359
484 658 40
281 767 514
757 346 451
171 611 337
191 641 754
288 715 273
686 587 928
24 582 246
61 166 169
180 253 100
788 484 725
391 302 543
36 258 662
733 480 124
128 569 170
66 82 584
776 655 639
426 408 206
702 54 936
108 272 77
572 36 302
662 573 271
677 334 176
524 555 294
154 358 131
354 219 468
107 50 148
720 371 828
22 507 752
114 611 215
211 435 229
195 554 168
320 127 330
23 31 627
156 281 736
679 573 877
572 253 156
182 22 391
405 63 437
704 570 658
553 531 575
428 500 593
722 759 190
368 626 86
483 528 926
759 294 546
182 312 589
23 276 283
756 317 626
382 415 139
333 132 39
197 679 327
333 291 79
196 57 746
5 8 154
172 435 665
71 721 556
19 564 218
771 162 902
598 403 325
232 519 692
255 736 1
259 543 383
549 19 189
743 252 777
637 438 899
487 211 662
743 506 134
338 267 481
434 274 521
570 15 554
503 668 290
330 180 176
299 407 940
505 168 772
445 768 233
463 398 512
537 99 597
269 385 337
399 121 360
69 370 394
134 640 977
462 118 673
199 155 250
204 692 34
259 570 99
790 449 273
333 424 285
561 663 213
474 265 337
197 439 353
320 273 308
227 30 430
140 43 612
453 142 400
233 457 606
1 591 77
745 382 485
694 290 17
123 394 997
309 43 306
478 118 183
316 527 979
560 617 302
306 267 741
701 108 86
128 584 889
211 781 976
200 615 694
73 790 708
104 615 366
452 140 201
352 319 35
308 32 701
504 354 141
372 218 191
481 586 383
292 491 926
617 139 997
113 465 18
372 647 761
337 566 97
778 503 937
36 236 724
77 452 381
80 426 57
759 426 500
36 218 8
447 229 713
11 107 195
762 531 618
648 509 266
372 726 491
655 112 51
409 244 937
609 763 260
748 558 820
336 393 631
62 18 994
618 423 215
742 772 24
159 655 467
77 208 163
664 408 601
198 17 417
575 209 951
648 531 775
383 406 400
696 620 626
732 727 979
456 524 317
62 88 132
147 394 640
668 582 427
41 150 120
749 540 424
446 760 238
536 756 504
179 276 435
305 396 392
567 470 943
38 157 496
579 633 314
424 162 641
53 377 175
78 475 954
512 26 188
9 664 138
628 418 743
622 86 830
192 644 567
181 277 754
71 420 339
92 627 619
91 321 745
715 240 758
106 309 194
465 781 22
360 768 940
180 591 33
596 269 544
41 247 167
584 610 760
605 66 306
154 293 74
709 719 911
511 122 399
640 357 166
229 68 977
355 535 274
110 686 488
385 132 161
687 32 811
228 614 513
663 34 985
780 704 735
421 779 780
785 407 880
529 693 23
627 277 314
534 232 625
51 594 595
207 539 121
513 676 304
771 344 755
350 261 64
764 514 659
475 23 278
694 273 796
30 75 866
643 585 32
125 401 153
55 203 198
774 531 553
729 786 380
649 27 619
293 344 64
688 68 788
704 105 302
339 287 616
750 185 856
698 373 846
69 181 472
69 123 123
257 475 139
107 7 23
529 143 543
343 57 61
114 261 7
204 460 970
14 666 263
84 512 575
451 465 357
31 544 497
99 775 200
729 635 483
38 297 669
517 85 860
57 190 986
321 552 173
458 280 440
353 81 90
635 695 478
278 332 728
446 10 932
190 602 360
176 348 765
566 475 562
29 430 395
739 541 957
50 575 389
192 777 343
175 582 413
616 679 856
719 734 731
298 662 493
422 736 534
332 466 464
482 191 929
35 43 43
493 501 840
437 597 525
512 526 260
540 717 111
330 400 616
206 106 758
751 729 381
579 720 814
500 740 761
544 449 219
113 351 335
305 203 862
109 485 119
248 170 958
358 591 737
18 463 635
344 749 369
231 548 965
27 311 33
469 191 29
216 237 633
299 664 969
758 218 252
117 748 824
551 99 467
386 566 94
121 39 143
449 226 894
48 388 380
295 708 926
689 2 119
253 85 8
653 29 545
237 596 1000
260 724 900
51 516 521
767 35 857
669 482 261
435 358 269
616 75 728
213 676 990
553 120 511
567 349 848
268 293 168
747 162 611
230 120 389
511 542 296
576 309 655
577 195 415
765 675 900
328 63 834
389 422 320
729 655 125
470 588 34
24 330 512
242 554 442
535 318 119
720 70 509
747 364 114
488 780 351
613 689 844
449 376 159
521 553 117
639 387 192
407 662 667
715 76 6
170 762 596
113 249 809
354 566 319
127 366 542
466 124 502
8 586 560
464 762 598
6 153 261
100 425 200
618 301 323
155 721 473
220 433 962
568 120 679
199 560 476
638 97 257
335 248 855
612 70 350
539 575 144
188 127 999
338 462 17
191 787 824
229 377 486
781 183 752
527 302 203
342 691 584
8 68 300
351 393 877
615 597 567
22 93 959
594 680 734
50 78 34
25 22 310
759 246 295
524 613 384
668 772 20
246 731 796
575 736 750
263 474 554
449 585 108
40 292 152
567 133 593
591 637 963
85 553 45
374 536 908
186 693 435
243 415 690
171 771 363
724 594 678
427 310 291
1 361 613
221 195 164
127 176 441
603 587 871
735 45 153
4 49 28
751 418 437
722 133 22
242 483 580
270 500 206
158 604 210
97 333 713
775 71 684
681 636 754
406 769 838
754 662 477
185 321 65
423 554 760
66 164 872
464 582 714
414 30 856
401 729 324
498 120 21
338 773 764
207 387 132
692 166 447
708 162 116
424 460 149
528 701 800
640 456 482
495 279 368
427 610 902
787 561 248
379 276 311
103 277 483
390 294 371
59 718 543
13 163 892
694 317 627
113 438 430
295 181 438
532 114 343
491 57 806
629 106 478
115 15 992
216 121 217
250 452 669
445 400 148
583 736 73
426 372 120
237 656 276
560 271 124
578 505 524
94 155 331
115 645 863
359 764 979
87 282 280
247 134 580
337 518 131
288 76 436
208 357 210
335 436 645
155 543 86
401 390 956
2 22 975
566 770 913
433 87 977
469 646 70
656 280 666
594 335 570
106 673 346
94 449 339
82 226 526
474 651 581
169 211 729
400 688 385
770 456 520
466 1 95
602 16 40
496 94 850
216 681 38
355 219 464
627 370 170
232 634 744
142 232 517
148 218 495
100 432 829
12 101 36
750 539 261
384 724 128
206 759 155
113 242 940
142 787 235
106 571 164
240 215 146
210 330 761
109 136 125
34 655 221
576 126 415
237 165 746
26 488 434
211 711 570
640 195 322
162 105 815
141 288 903
472 72 992
357 346 6
247 685 593
512 259 34
505 37 340
141 476 343
399 680 654
337 480 996
715 124 934
695 743 374
63 610 368
540 683 704
682 687 465
180 647 224
785 51 266
155 711 338
414 119 554
412 17 45
345 626 339
96 390 92
41 635 631
43 631 18
449 277 153
477 598 437
403 148 272
117 671 942
25 579 211
65 752 670
399 193 679
589 661 441
34 74 451
622 302 35
153 749 432
271 400 325
175 168 297
323 42 204
131 589 185
199 617 129
48 584 164
127 415 387
631 243 456
2 411 363
242 250 821
250 277 857
213 566 168
692 519 514
705 668 528
374 105 179
389 211 105
104 479 316
287 367 341
442 404 908
453 659 920
507 741 330
603 169 501
49 456 57
470 505 879
261 33 361
554 171 305
21 444 99
744 346 967
186 435 743
611 296 374
515 522 792
56 706 537
687 439 28
299 113 720
129 120 610
449 206 146
8 164 101
25 41 512
506 594 60
240 227 735
253 497 266
134 341 960
596 778 658
785 240 816
783 697 316
221 575 214
158 456 858
344 254 805
171 399 137
205 455 686
318 304 713
119 32 188
757 268 866
533 685 704
204 592 535
418 127 641
69 614 133
688 498 899
31 37 354
52 46 785
133 717 427
43 67 242
219 705 451
678 55 723
77 708 112
718 191 117
4 474 737
292 3 18
113 408 122
77 519 365
331 690 269
191 626 261
49 417 872
23 342 673
638 44 691
280 450 899
260 530 406
1 241 247
598 549 857
624 22 464
478 362 335
617 679 144
641 672 446
552 767 871
737 773 565
729 410 193
297 260 828
143 603 935
311 131 371
483 788 899
773 370 976
276 309 764
687 236 845
757 504 242
469 282 698
280 295 189
293 735 232
213 740 775
508 420 974
362 666 879
209 78 210
301 264 918
82 725 675
372 531 301
450 156 624
684 235 880
215 385 450
25 197 191
337 378 717
684 401 83
211 386 62
784 181 671
373 478 393
31 598 518
143 658 950
132 755 687
53 59 523
36 498 930
41 343 300
46 408 921
3 30 849
48 98 237
505 159 409
497 777 819
714 447 508
451 322 96
444 274 622
456 433 916
281 197 700
354 185 10
154 389 620
626 585 87
232 253 538
444 612 900
60 593 343
157 763 905
668 308 622
37 171 530
491 559 332
33 100 745
153 399 337
351 345 705
296 559 766
189 460 795
400 561 449
350 221 640
255 442 976
542 617 636
319 1 992
78 549 409
757 290 720
113 278 539
178 187 994
250 417 882
279 686 5
463 235 144
436 784 83
380 615 54
497 641 719
59 419 663
390 732 481
581 580 173
6 120 877
404 515 283
453 743 438
131 66 570
421 594 747
748 345 906
379 767 622
201 29 606
36 769 644
583 673 897
458 130 509
625 675 632
307 780 669
749 352 989
502 750 299
479 500 375
122 456 179
331 253 997
116 406 380
215 563 654
77 93 266
21 519 512
290 93 890
331 503 829
749 603 23
381 676 215
652 454 391
736 637 899
2 76 892
638 85 974
334 740 200
228 287 642
71 386 856
52 203 387
526 199 394
607 358 717
175 186 767
199 306 914
194 154 36
677 422 120
553 659 596
265 690 263
642 683 635
385 565 911
543 294 877
197 277 184
172 712 394
682 463 620
509 514 124
669 699 333
570 603 253
85 294 222
70 43 518
666 491 342
110 758 277
280 336 108
11 456 626
414 198 788
371 433 411
319 129 944
302 272 450
76 148 171
329 5 136
354 119 831
18 396 571
94 169 603
460 275 52
397 580 664
39 361 687
342 103 325
116 765 934
452 293 116
267 694 306
687 78 741
213 748 272
398 433 122
368 778 901
433 20 97
499 286 842
649 260 300
717 240 279
105 447 486
679 566 332
59 81 199
421 529 466
479 1 315
692 769 554
38 616 778
241 630 886
441 694 902
166 301 280
9 699 35
617 502 108
472 260 360
363 78 224
683 5 180
483 632 946
304 96 413
189 29 208
617 67 264
190 253 199
340 312 313
223 6 39
510 652 670
239 692 797
206 213 509
281 505 132
261 276 374
243 643 660
340 707 221
71 404 407
420 653 374
105 398 19
65 340 581
276 543 493
340 502 204
596 181 504
453 81 495
767 783 771
687 358 931
86 705 779
657 224 877
97 214 286
444 211 548
579 288 987
174 76 426
61 167 57
229 670 164
5 679 809
770 479 582
552 92 819
112 775 899
616 90 401
49 482 834
459 524 734
71 575 889
436 337 1000
477 615 28
417 368 85
620 581 311
149 612 479
36 141 834
687 473 508
712 638 832
414 155 625
83 307 24
288 50 769
190 727 386
430 94 433
378 767 729
255 195 639
550 625 688
223 426 187
733 442 314
477 19 879
358 297 390
561 744 615
352 82 37
169 225 883
70 608 289
566 267 894
726 311 157
201 287 997
484 536 486
218 594 797
703 78 627
373 321 54
454 428 910
25 544 750
18 499 40
169 689 156
706 86 105
6 782 87
218 31 992
451 613 222
642 316 695
307 31 286
169 25 501
132 286 352
242 775 427
673 603 461
253 394 647
778 99 524
232 174 203
53 791 902
135 271 94
78 647 662
607 120 999
678 411 925
14 532 641
582 711 607
479 579 90
657 670 841
152 242 466
388 430 8
688 1 471
681 37 297
360 92 209
316 165 695
236 750 903
368 359 790
567 684 567
618 187 528
446 649 460
249 687 622
387 252 536
100 245 283
151 328 14
536 666 95
350 407 980
601 381 586
596 669 539
117 744 201
46 788 656
278 77 446
376 566 661
507 515 617
33 747 381
675 549 395
110 306 347
742 548 258
496 453 468
557 201 788
211 437 135
491 305 199
592 29 115
40 90 278
153 421 832
347 608 219
449 751 881
47 757 6
625 383 68
219 524 768
453 421 912
112 475 539
240 484 613
21 467 627
662 400 86
606 579 78
418 512 872
548 430 52
288 518 711
778 604 974
74 426 464
540 7 673
113 223 949
355 710 84
382 195 279
324 583 935
1 252 619
487 186 995
390 406 933
190 113 360
237 359 529
35 436 646
1 51 23
744 157 421
88 179 997
288 453 386
625 621 78
296 216 285
758 330 724
708 474 993
785 511 638
298 512 240
410 403 662
44 329 683
334 185 329
76 644 52
144 305 43
547 631 653
309 617 385
5 91 65
556 330 223
80 149 174
74 771 478
458 591 303
679 705 496
757 210 772
676 404 303
302 543 363
575 449 535
568 463 533
323 617 792
740 722 384
308 347 615
36 585 52
515 629 384
715 54 865
493 574 281
652 199 69
695 393 249
12 15 625
451 615 601
526 312 317
757 497 873
115 267 666
406 274 683
422 442 610
376 669 908
564 730 252
685 84 591
599 199 710
75 379 697
85 347 946
776 102 330
120 618 1
765 169 387
75 6 923
498 63 51
414 276 501
291 619 12
403 330 317
203 332 135
156 211 238
591 278 485
281 786 888
717 359 302
309 327 536
143 712 880
215 185 799
393 267 420
765 508 221
438 1 917
602 721 773
618 359 156
278 218 299
262 693 70
187 467 415
410 56 122
679 314 128
786 336 177
312 540 989
8 563 692
282 178 605
760 243 987
695 125 413
408 489 123
12 104 426
153 118 527
708 558 772
651 628 149
486 149 917
100 711 715
385 561 117
667 415 708
239 642 497
428 300 109
172 175 838
566 588 942
782 743 284
645 266 202
29 253 394
64 571 148
255 240 889
223 183 185
134 51 671
512 455 813
597 703 913
484 439 554
22 657 760
743 202 409
337 783 199
377 172 499
406 229 432
551 750 94
520 570 354
8 691 461
488 33 93
581 514 977
773 480 576
281 449 767
293 232 494
715 400 105
234 128 323
104 505 755
316 36 989
763 740 823
177 425 849
533 162 289
31 211 605
153 370 673
112 614 138
255 400 76
591 338 729
173 518 480
84 726 279
396 188 686
735 57 667
159 489 779
716 168 789
479 100 680
536 561 880
639 536 253
624 556 943
652 94 765
364 419 154
427 323 321
39 109 626
303 12 361
393 717 516
159 69 547
306 256 735
754 616 508
502 194 141
685 324 15
127 187 679
508 292 503
168 778 66
289 648 331
677 573 992
15 349 183
11 3 966
88 330 412
102 771 597
682 105 256
105 445 787
791 103 711
737 41 753
293 337 585
675 394 516
123 575 41
225 257 215
584 479 837
87 691 862
314 568 646
162 1 637
590 45 397
156 605 138
756 130 683
645 559 747
765 719 955
657 201 120
681 665 771
50 545 342
264 300 679
74 622 170
393 728 759
313 730 600
762 291 362
303 782 388
190 165 364
407 704 780
317 755 480
120 701 106
18 54 856
474 656 814
377 55 529
101 525 461
96 379 420
354 260 829
141 183 580
761 204 378
76 134 369
70 150 136
569 50 445
200 500 698
609 674 860
28 340 710
606 330 351
522 703 769
372 43 268
351 106 701
246 419 548
299 366 250
612 573 867
735 48 993
412 601 742
216 50 443
489 647 995
386 560 357
533 312 768
380 607 901
498 655 336
669 597 224
203 773 399
536 55 613
190 447 487
442 590 601
652 230 711
39 781 547
253 595 464
53 225 181
645 779 899
323 300 819
148 319 312
280 279 150
402 651 954
50 350 288
53 62 451
317 496 752
199 228 111
452 280 840
71 134 946
254 518 126
696 16 471
267 664 155
728 212 333
36 157 440
505 211 692
393 122 232
745 611 165
681 449 879
92 274 187
249 339 456
175 492 942
20 640 488
707 586 693
683 781 486
65 120 564
499 298 425
225 142 653
196 119 748
294 246 985
596 617 639
338 31 299
770 477 812
434 331 201
325 174 513
766 701 844
627 771 435
390 637 252
382 714 508
81 622 696
569 352 552
714 424 370
475 407 317
437 573 89
517 43 993
22 573 950
484 468 592
591 432 53
221 131 212
708 331 490
28 766 750
572 708 116
365 393 812
534 246 156
760 735 897
314 591 642
145 704 126
14 624 130
522 273 409
10 781 234
227 582 675
145 323 402
112 249 189
341 467 72
321 467 737
504 437 150
754 73 139
437 630 630
421 283 852
687 694 381
489 103 877
155 603 652
488 531 510
526 675 972
612 223 226
7 173 797
421 516 825
565 451 780
230 316 514
616 54 881
632 137 466
595 92 973
48 118 210
188 203 83
513 511 631
489 749 236
621 151 928
555 626 62
719 331 342
287 597 8
589 8 332
652 9 365
38 176 842
148 245 418
582 566 975
731 537 39
188 85 379
666 726 51
349 509 596
233 600 856
764 169 155
782 222 234
405 772 917
617 423 59
464 208 726
36 132 965
609 299 460
452 261 24
301 79 621
537 417 166
602 24 426
93 514 762
57 607 481
569 412 399
111 578 157
425 47 648
664 694 486
9 45 720
702 267 217
71 743 297
567 241 350
19 58 804
379 597 631
562 638 990
31 86 673
782 421 17
371 99 295
457 483 552
330 443 929
146 88 581
366 549 108
457 472 96
154 106 869
544 444 492
25 223 840
75 402 528
33 759 618
183 260 347
217 786 284
741 672 227
780 220 256
165 455 732
36 181 706
116 404 817
421 708 153
446 463 334
732 19 142
767 274 403
127 368 853
740 442 429
262 239 555
93 641 223
310 512 770
19 285 903
105 503 397
645 197 81
298 180 495
196 709 464
545 67 606
186 564 497
757 566 986
8 52 194
141 465 557
636 566 959
5 201 422
148 400 114
284 611 17
193 36 200
473 127 10
755 365 893
57 546 617
279 10 896
264 767 511
702 211 384
66 218 887
575 166 693
174 208 783
123 639 123
47 752 376
245 34 969
560 235 115
317 746 462
156 436 889
430 662 247
141 80 630
781 539 472
352 296 379
351 1 645
318 521 543
45 146 305
221 109 517
213 717 287
55 590 553
23 402 130
2 4 480
119 711 80
690 261 153
169 634 341
715 207 972
267 122 749
81 741 134
236 446 160
617 729 36
402 778 551
260 152 75
255 317 308
732 316 659
463 725 572
709 72 78
470 774 897
106 459 724
682 58 1
156 44 562
477 187 202
296 55 323
218 735 309
560 85 365
388 625 461
721 614 981
648 367 717
509 617 958
475 307 367
41 596 798
386 539 870
79 145 41
431 181 406
27 199 70
528 118 131
381 681 301
451 254 697
461 256 388
663 535 379
743 637 627
53 187 489
680 718 773
145 574 745
711 368 541
329 487 972
167 453 868
685 154 166
290 159 151
371 316 563
679 108 707
186 512 183
477 455 388
146 20 312
160 769 118
274 358 879
627 20 813
3 183 598
554 645 264
561 158 365
149 682 788
165 84 759
367 659 373
72 736 724
521 763 267
600 680 823
767 616 178
320 656 810
222 239 18
615 170 985
531 125 102
518 547 826
712 605 530
483 236 999
256 589 718
186 62 60
451 115 409
326 98 127
534 444 515
224 788 718
496 589 523
147 233 813
13 604 504
308 597 231
43 533 695
430 120 737
110 216 689
386 233 957
588 275 222
141 322 394
113 494 945
395 482 689
206 113 984
358 189 871
1 87 321
130 50 857
139 435 453
78 763 961
13 231 309
702 178 851
287 711 356
57 23 291
259 279 110
218 438 356
88 64 295
648 370 593
511 31 416
672 580 112
535 426 87
117 269 802
519 269 760
62 643 4
161 372 118
151 255 119
608 126 948
37 237 892
13 407 493
204 161 703
480 359 609
366 313 76
532 582 244
456 134 143
483 770 397
388 571 817
252 602 408
336 308 374
28 739 879
591 715 809
190 92 229
44 370 185
327 22 627
665 726 15
113 498 279
356 531 981
245 442 562
166 364 768
680 589 777
24 160 952
245 303 68
679 613 545
479 780 886
248 619 308
114 786 917
521 325 329
568 775 271
162 251 733
153 470 531
593 753 946
191 598 694
785 56 716
394 64 606
19 330 300
67 324 938
447 753 916
294 103 650
166 268 912
288 124 825
316 506 220
108 259 440
412 536 653
369 50 630
356 782 636
357 200 949
378 603 98
585 453 652
775 485 702
120 583 764
7 75 390
6 39 237
621 713 542
223 386 531
95 127 38
330 199 26
477 708 240
91 107 458
778 214 530
608 180 718
286 764 691
746 245 398
42 59 201
281 581 121
268 717 565
345 426 566
771 549 224
47 313 769
781 137 570
538 117 390
676 786 167
353 737 907
89 70 643
117 343 553
93 568 991
47 496 98
640 265 241
155 658 750
270 695 924
177 577 250
46 116 384
241 408 180
428 498 84
18 720 344
444 699 606
138 696 320
262 318 297
50 366 632
123 141 471
212 756 8
246 677 976
296 169 606
301 219 807
120 109 354
253 141 499
488 158 498
143 297 320
168 610 530
245 444 974
753 561 608
701 272 740
473 162 958
204 317 804
302 20 232
461 381 159
311 404 924
442 592 957
692 754 480
245 263 706
463 57 162
497 357 350
733 377 753
99 680 237
669 29 429
172 653 242
403 632 172
33 549 173
355 440 605
98 6 63
419 477 735
372 732 157
152 184 352
242 391 566
355 361 484
507 68 679
790 162 856
305 22 712
45 320 460
223 70 331
736 311 696
236 178 207
576 242 733
606 4 844
694 780 354
353 316 79
505 749 286
376 332 562
408 637 414
638 743 217
213 445 31
614 99 517
206 207 972
680 463 264
123 564 746
44 192 752
334 337 287
128 152 786
326 312 202
241 472 50
719 580 213
374 39 107
186 173 274
172 705 735
146 101 430
103 219 731
13 91 311
75 464 685
417 673 22
475 7 745
389 22 546
266 650 231
71 439 417
466 415 113
322 74 828
314 428 79
70 410 231
120 312 279
484 745 458
670 400 931
17 762 41
2 26 966
375 94 412
113 110 945
670 374 623
512 696 585
92 483 723
340 64 702
335 176 686
178 778 170
260 409 321
316 323 826
499 276 625
182 246 230
110 759 92
694 137 922
426 15 336
470 257 434
288 667 449
729 241 985
330 301 621
274 647 530
739 383 201
13 528 932
19 613 203
779 113 410
628 428 982
286 627 425
579 576 900
443 265 722
590 616 47
54 68 624
765 15 978
219 659 933
11 192 688
387 407 39
78 57 216
646 789 264
680 784 82
344 214 141
76 256 713
334 684 381
295 596 823
162 205 871
555 544 980
71 288 266
755 284 939
347 358 718
421 660 325
510 722 168
483 124 669
55 191 518
364 134 83
471 345 36
435 12 777
764 106 630
175 153 721
778 141 351
285 403 693
97 607 645
554 726 329
326 779 755
405 393 254
230 550 280
112 48 557
726 228 377
43 695 333
4 760 630
452 719 505
276 183 283
62 309 128
162 220 405
258 551 614
353 213 935
8 18 406
37 645 337
630 225 75
384 286 79
52 724 472
719 736 403
557 374 803
43 362 957
58 77 146
132 113 7
200 57 492
561 506 258
617 134 532
461 170 800
708 9 792
454 37 718
469 12 863
569 713 278
571 241 140
499 83 759
423 575 191
687 268 822
409 572 264
730 50 87
749 686 226
566 722 331
31 440 905
659 483 653
357 568 71
558 536 108
577 526 789
134 427 881
41 293 177
606 289 158
574 672 361
232 559 565
198 169 254
344 228 540
480 420 336
7 561 357
77 545 463
728 675 956
722 385 587
78 487 226
666 678 631
681 217 200
288 89 397
57 14 825
487 406 800
367 337 651
644 748 614
12 489 146
393 773 873
443 371 452
618 751 741
7 8 386
722 630 652
306 64 536
749 151 483
556 679 421
323 787 30
718 273 151
213 499 794
543 124 797
351 206 646
155 255 46
430 625 944
392 575 652
495 487 754
659 690 971
96 142 645
785 462 455
140 62 609
405 602 648
43 637 767
702 442 999
35 69 144
499 770 867
40 110 669
67 311 516
606 46 219
459 112 866
176 130 685
302 568 358
1 353 222
206 622 653
267 39 788
765 316 127
145 321 303
772 789 419
259 18 964
553 701 660
666 441 29
89 384 710
502 239 344
566 276 795
101 232 734
22 235 497
176 62 589
742 671 296
433 182 347
614 658 820
54 120 606
685 727 871
628 206 977
15 363 150
176 378 83
435 449 669
750 132 48
11 246 121
129 379 900
694 432 168
648 680 243
150 732 810
411 486 947
199 309 870
293 184 66
386 617 189
425 750 360
40 313 693
2 221 276
396 411 938
1 550 730
567 393 478
692 487 996
299 462 247
318 127 306
22 679 515
135 273 763
352 618 788
634 295 717
511 707 488
475 563 314
772 755 494
385 197 254
514 701 753
477 705 370
768 323 307
337 177 245
384 405 357
789 652 225
212 732 564
122 752 538
683 260 688
353 670 399
280 391 150
34 279 647
367 642 185
323 516 140
549 345 108
616 146 568
553 483 999
321 487 77
331 722 829
498 718 817
78 565 13
136 208 769
695 500 503
101 611 708
201 714 132
420 652 466
154 516 977
13 26 403
46 22 248
322 700 843
264 135 678
253 441 778
662 655 783
566 133 994
724 620 749
239 143 618
722 131 218
357 133 466
309 242 76
126 731 186
606 685 515
689 464 619
577 159 336
259 302 690
111 194 841
38 260 86
26 365 737
386 458 681
615 636 493
562 42 615
690 15 611
291 767 920
511 348 433
211 99 89
230 225 500
437 673 730
123 553 349
363 775 978
36 210 903
528 543 380
54 447 629
344 773 28
364 618 340
760 380 523
456 638 172
403 239 463
50 292 885
32 376 225
737 748 435
22 658 466
631 124 822
482 121 604
671 726 619
104 608 246
104 336 595
605 196 636
342 787 405
13 34 449
182 120 684
4 227 122
11 120 151
399 787 207
178 561 585
466 16 388
285 374 940
62 594 606
45 625 543
287 316 711
617 406 403
261 203 842
20 426 187
148 721 37
729 308 714
8 380 870
516 698 731
636 48 993
580 612 665
232 54 796
110 516 905
748 267 742
498 750 226
550 28 826
125 304 246
315 240 709
396 687 501
525 190 24
410 14 940
616 307 703
115 225 476
752 267 683
295 575 839
554 122 473
53 561 483
435 548 576
245 270 832
678 436 226
562 261 764
454 225 874
401 676 217
525 603 145
101 306 59
145 458 10
313 487 229
617 753 420
147 612 617
17 77 275
267 557 380
113 548 845
17 672 535
1 66 421
722 703 781
702 260 506
602 129 838
422 384 55
762 274 74
667 92 574
650 419 193
6 603 107
249 552 163
289 585 764
652 246 685
409 708 149
40 1 373
561 417 468
388 759 530
8 246 852
146 36 214
442 637 99
66 143 170
130 358 355
352 713 388
519 786 684
425 738 616
477 204 835
25 148 213
223 535 229
205 240 483
458 716 55
23 80 100
131 778 895
371 672 589
174 608 168
166 546 267
736 546 505
776 123 548
281 340 566
771 37 313
133 211 425
145 427 261
659 164 53
141 284 836
774 688 349
425 181 692
83 114 111
715 448 739
204 658 2
157 114 863
114 554 568
316 265 375
165 288 324
161 81 450
414 572 415
612 645 205
191 239 133
79 67 904
260 729 80
337 788 102
261 622 823
597 310 491
292 354 930
548 553 983
105 632 113
236 684 163
684 679 277
23 328 897
