813 6762 381
474 483 770
780 173 254
187 688 663
342 79 717
430 22 623
484 550 463
1 10 473
509 658 742
231 362 878
801 710 620
71 715 509
129 285 283
494 68 786
419 162 867
742 109 168
101 637 184
777 48 204
81 202 965
283 236 652
619 322 890
60 647 165
770 709 229
713 488 288
509 714 89
768 90 63
337 484 579
550 316 505
144 357 436
547 255 631
694 216 242
718 185 848
536 589 116
607 226 352
335 363 139
732 127 949
88 529 556
568 114 469
724 277 475
343 638 866
715 127 41
408 630 250
428 738 588
565 513 686
586 370 533
107 143 652
277 380 559
583 611 793
203 281 472
391 244 59
58 522 640
4 256 735
97 143 828
291 256 234
679 244 10
730 691 58
173 165 202
508 794 153
752 601 909
380 467 45
802 527 245
157 694 869
149 570 665
276 228 748
53 277 181
742 257 66
206 232 659
44 761 227
146 676 716
583 532 458
145 536 749
132 558 404
598 528 111
127 236 693
778 485 189
205 247 424
340 436 707
37 811 913
391 11 571
25 781 954
613 564 670
484 399 628
385 688 831
550 467 297
169 745 257
811 383 60
700 466 834
348 560 757
563 40 361
157 349 618
714 120 584
30 586 136
437 382 638
387 667 652
685 3 582
54 420 783
92 130 982
618 809 146
103 312 365
691 433 101
97 119 638
35 685 513
177 467 761
417 426 911
35 250 727
30 703 135
121 657 886
445 601 586
119 376 473
91 701 814
43 320 416
800 460 358
517 421 905
113 512 786
114 583 165
244 103 705
396 592 321
58 499 460
404 502 504
250 810 225
353 431 291
486 227 528
709 191 646
64 553 904
121 70 483
217 203 614
443 634 335
403 742 178
147 810 96
37 755 107
691 142 960
727 352 705
207 169 169
112 562 342
462 94 641
458 797 246
450 667 567
778 196 787
421 531 300
460 524 563
681 382 905
1 770 380
158 430 265
40 141 745
614 304 207
151 356 687
676 349 425
393 531 858
3 316 571
168 741 29
14 214 478
85 322 335
629 46 626
218 698 233
119 613 293
223 754 8
543 292 60
526 791 174
244 702 923
778 621 188
610 62 9
145 698 745
112 761 308
667 503 704
9 194 565
507 216 433
221 61 177
3 292 295
106 273 219
743 730 141
448 763 205
89 693 278
653 421 485
115 670 421
37 40 944
751 133 887
579 134 515
268 766 769
597 105 552
51 284 189
672 515 965
382 14 145
451 130 874
346 718 990
245 397 905
564 356 366
475 283 877
661 163 635
76 456 53
1 67 530
16 452 1
535 604 99
670 518 111
595 400 138
252 330 425
303 370 294
174 169 485
513 14 54
802 628 811
310 662 977
478 720 174
307 542 969
576 647 534
781 537 185
73 294 99
379 732 524
303 55 935
529 190 584
249 34 673
237 521 750
547 327 641
655 614 658
412 439 866
128 67 970
211 372 461
73 280 126
244 799 573
634 437 839
473 478 910
225 363 506
93 774 550
175 312 661
589 218 878
496 316 229
493 571 699
133 226 644
482 696 486
103 316 203
591 375 996
394 347 255
575 592 645
418 617 244
151 219 831
448 554 324
535 634 374
218 408 270
515 548 41
422 552 61
613 448 378
346 562 671
38 78 430
651 789 628
121 698 944
169 237 760
303 301 43
245 360 442
298 567 668
787 274 707
388 325 983
256 558 848
271 513 57
680 630 872
725 238 48
71 95 329
184 392 523
55 461 926
187 297 977
769 732 903
424 703 821
306 252 691
91 214 572
737 389 867
559 806 435
15 36 77
257 616 496
141 34 543
539 597 971
382 571 50
635 299 10
784 774 183
423 787 68
304 448 12
334 740 444
4 37 685
202 582 870
251 568 518
521 478 674
306 664 285
382 739 580
634 337 732
55 128 392
108 766 869
236 364 140
710 600 515
151 565 451
649 232 76
742 570 559
177 7 571
150 475 54
682 789 836
236 584 916
756 445 547
481 308 90
696 474 503
545 415 592
148 262 489
449 472 379
313 715 242
548 502 724
780 135 573
345 770 111
403 238 823
621 472 456
289 374 502
794 455 276
190 66 483
603 174 983
273 535 490
187 676 339
93 438 1
178 757 936
478 220 230
695 636 966
1 156 657
58 347 139
83 23 750
797 667 67
39 4 225
769 449 264
666 765 576
268 686 947
710 83 646
46 223 415
680 437 93
433 42 838
624 67 557
432 270 185
298 310 524
597 43 597
176 505 318
633 657 190
8 674 418
337 554 857
85 422 695
541 733 650
602 280 68
325 805 397
732 714 863
142 620 5
249 124 762
455 630 28
376 622 874
62 673 135
202 610 259
466 625 773
386 730 253
763 360 189
221 774 420
721 118 610
1 18 881
250 592 575
546 218 382
158 438 577
165 568 816
142 264 117
112 712 183
24 129 505
212 672 204
562 235 939
159 532 258
20 23 175
588 230 950
189 65 84
773 296 696
100 370 166
318 332 294
654 551 414
719 767 670
161 202 181
800 340 952
637 790 813
742 700 952
517 215 136
195 76 971
6 772 227
37 79 911
475 148 792
92 185 975
180 645 581
610 620 903
184 796 203
68 406 931
469 398 84
712 209 463
69 12 772
661 421 111
599 403 976
654 688 199
212 143 190
241 588 399
217 121 235
409 134 797
181 631 43
334 519 599
200 494 273
667 478 48
718 598 362
517 508 898
21 667 168
688 153 295
58 811 909
708 171 153
308 96 439
460 265 210
112 286 463
247 503 137
582 744 924
442 244 308
131 494 905
502 672 423
775 746 762
67 3 106
343 371 373
194 14 40
331 457 39
473 727 326
193 437 268
166 261 577
643 187 105
129 652 57
655 19 398
5 46 882
809 608 110
556 767 278
61 179 36
612 198 5
397 811 784
757 155 648
316 575 177
678 363 563
200 316 988
132 362 966
150 511 770
502 107 154
589 224 74
470 529 217
765 670 217
168 481 3
252 358 589
634 604 604
250 400 902
241 32 481
251 660 336
111 127 467
217 441 54
262 469 658
244 813 345
475 123 505
337 797 705
205 334 542
665 598 771
306 227 204
93 405 39
668 130 170
461 607 259
644 111 873
131 407 897
385 415 193
151 609 799
712 531 200
1 220 746
35 242 129
526 201 607
147 144 734
268 792 858
616 811 922
490 375 65
747 157 186
96 642 11
301 646 976
493 52 246
402 668 984
281 181 477
550 579 312
103 301 64
683 812 957
128 246 585
44 70 15
334 478 562
619 129 569
548 405 631
319 227 615
286 520 398
772 450 617
787 145 428
472 466 563
790 139 31
269 325 780
459 360 275
124 598 465
166 507 655
220 671 941
221 410 614
148 178 217
607 527 414
421 394 682
73 181 172
406 625 708
797 232 912
215 643 859
643 265 864
715 295 247
778 273 572
290 694 664
749 532 234
59 352 359
748 691 860
659 670 76
130 348 714
514 349 121
209 177 908
184 484 117
774 487 498
256 355 684
93 254 567
796 149 806
360 641 291
484 151 143
122 158 432
351 631 231
145 647 725
61 382 407
44 611 848
1 73 635
16 428 729
62 649 227
451 484 454
610 729 924
547 319 619
364 664 42
311 694 274
806 493 511
807 592 204
25 285 789
739 334 901
142 291 891
600 64 679
382 480 350
16 124 799
716 794 858
146 288 592
10 644 769
172 701 255
492 323 779
153 767 666
622 91 922
305 323 14
550 124 811
89 743 754
354 27 773
573 589 124
751 673 490
27 208 707
243 262 885
772 524 27
584 760 582
28 118 448
637 52 343
75 579 429
11 400 608
472 661 13
213 19 735
789 761 966
476 432 949
769 208 863
151 775 355
264 208 223
157 340 943
784 328 228
790 439 291
624 511 108
5 259 866
502 342 779
121 767 532
410 163 134
317 576 215
156 516 402
60 230 781
317 77 632
577 114 203
104 148 354
687 525 96
312 204 426
131 123 851
526 289 590
98 289 48
410 622 1000
88 241 611
639 217 532
108 39 530
569 388 696
18 658 908
143 667 71
124 416 880
172 104 960
613 278 509
658 634 78
493 66 479
15 541 186
544 292 131
342 627 200
34 619 469
262 694 173
246 397 194
33 679 240
757 258 765
679 704 730
618 428 120
464 25 877
154 627 994
23 147 470
349 400 85
541 667 33
66 808 537
610 580 313
350 610 638
178 241 646
415 691 323
178 652 730
736 205 83
37 669 149
3 90 531
367 240 269
373 689 35
586 349 420
67 650 852
295 465 382
727 105 59
436 733 495
280 619 476
781 544 93
411 571 795
126 217 823
553 391 456
9 536 535
743 724 470
426 559 346
111 442 605
526 601 885
76 341 216
661 647 170
805 113 576
589 472 734
439 387 92
737 695 138
126 78 302
91 552 416
351 255 210
113 292 57
37 432 422
463 10 336
782 88 889
541 724 875
700 718 875
270 186 818
691 789 227
65 557 590
544 310 306
370 726 515
218 632 1000
638 187 164
304 385 444
106 442 902
583 16 308
85 155 230
631 254 102
610 505 891
691 52 850
67 653 874
688 173 967
331 124 98
772 229 259
728 275 265
160 326 824
50 568 784
46 177 387
337 151 423
382 738 379
483 566 22
31 565 953
236 687 907
502 436 335
639 581 93
304 334 453
351 295 690
248 211 868
389 376 670
756 430 755
163 409 20
385 462 179
241 424 800
508 171 263
82 221 543
40 350 261
364 285 229
272 532 73
88 781 460
582 649 538
286 464 96
426 713 23
638 342 9
462 547 551
31 707 522
661 761 35
301 694 53
803 19 314
807 536 140
769 164 669
399 528 50
751 625 538
259 316 76
772 47 287
72 129 190
462 755 335
103 200 435
37 569 729
31 259 980
60 601 600
18 271 807
325 487 921
787 124 53
448 465 689
267 603 832
583 481 309
663 661 496
264 177 585
103 31 346
83 409 526
763 116 458
597 697 179
145 614 158
756 748 210
490 90 340
209 287 836
812 482 970
694 635 362
577 787 331
81 40 906
239 550 474
251 604 165
475 284 584
719 337 327
319 256 176
529 406 662
474 238 804
382 488 977
663 644 948
796 764 202
169 402 539
18 659 941
103 789 869
416 39 58
119 583 940
654 796 335
273 387 363
807 781 131
635 742 292
443 734 859
537 368 180
346 13 132
442 402 77
265 83 718
338 705 245
138 579 161
420 379 864
6 100 83
31 326 907
110 558 88
328 632 803
37 315 739
97 765 617
602 320 633
148 688 998
267 712 78
800 378 579
415 740 560
115 554 554
187 244 95
337 708 377
301 481 889
205 739 566
42 91 543
178 706 150
777 604 531
80 783 837
61 425 898
155 640 303
436 244 255
473 647 607
6 141 304
641 685 317
229 756 388
1 15 74
191 351 132
529 652 680
214 666 159
799 453 984
576 439 336
613 487 457
17 295 94
275 161 78
240 512 235
685 373 557
109 76 365
244 21 672
253 278 904
742 340 197
605 220 494
370 376 152
294 669 807
739 794 623
481 547 339
373 16 668
181 143 839
413 529 602
251 19 736
28 49 807
643 785 440
140 679 715
573 652 737
128 151 524
771 658 922
106 733 996
235 157 823
712 347 113
778 536 678
130 760 940
95 538 18
138 619 508
237 632 416
472 564 400
335 551 292
196 724 673
673 128 96
521 665 434
284 48 181
360 445 391
63 143 699
624 356 599
116 766 9
11 562 214
312 751 509
95 291 743
756 99 630
315 765 856
139 644 42
766 140 833
478 806 99
73 151 819
171 609 303
301 583 821
574 127 163
519 182 530
499 530 499
278 280 115
505 398 998
694 358 766
741 256 893
197 180 660
460 550 82
228 448 651
214 76 929
150 21 172
661 587 623
178 520 8
783 196 305
677 299 550
446 205 434
369 395 347
284 321 137
78 239 9
122 486 678
403 646 265
274 313 880
709 560 950
265 605 374
19 37 547
657 624 149
663 67 106
33 481 79
571 81 748
596 265 112
211 162 997
75 604 652
803 645 522
762 106 601
588 216 225
513 554 502
687 719 509
739 101 598
793 240 633
178 396 228
1 145 35
694 639 261
129 382 864
778 103 62
58 498 413
430 581 127
121 328 358
236 538 9
408 450 137
68 559 675
340 642 310
801 136 111
10 628 733
235 482 882
3 65 613
776 111 712
650 85 568
363 10 935
769 793 341
21 684 166
225 734 375
146 193 772
526 668 778
383 714 854
109 490 799
222 367 573
25 45 538
338 413 959
41 261 726
575 534 894
597 107 805
39 89 864
208 394 688
656 178 579
147 265 224
114 125 613
620 766 123
109 45 109
218 221 471
466 653 321
231 568 766
625 477 551
798 40 37
155 560 943
479 766 957
313 590 754
58 731 258
766 145 318
580 478 148
484 676 960
55 677 116
778 750 879
175 91 389
628 338 470
229 79 853
1 2 950
371 388 70
210 249 544
79 475 917
556 758 22
34 413 704
286 33 162
621 705 280
211 637 928
43 199 42
658 208 831
691 328 658
300 278 314
232 808 277
416 540 78
32 136 657
567 804 316
362 670 644
151 52 783
127 537 386
149 627 844
226 324 177
644 314 21
191 52 566
655 388 395
506 131 925
686 43 560
441 683 662
539 530 771
52 174 384
323 157 675
41 337 67
312 145 651
8 384 447
305 733 424
164 734 884
737 328 375
270 204 641
592 453 66
532 638 319
11 628 889
31 421 939
649 556 748
48 480 227
566 280 232
394 136 924
372 474 143
335 4 839
143 16 472
537 164 587
22 274 171
141 79 205
278 494 516
108 545 543
288 514 485
534 256 377
180 679 679
167 254 941
149 426 858
400 160 869
583 88 426
651 251 859
516 33 134
780 598 424
319 530 201
669 203 450
510 241 903
468 598 619
399 391 735
547 793 637
564 144 550
325 159 337
49 247 750
476 347 624
616 601 840
640 766 646
655 223 465
691 304 17
37 455 693
778 361 97
583 785 797
731 809 820
435 760 297
364 233 1
639 396 689
663 177 109
76 662 233
198 204 684
364 462 437
7 49 646
677 284 755
170 530 281
673 272 458
400 270 221
269 383 880
80 690 81
256 626 375
637 394 6
214 535 453
22 703 954
43 363 849
278 301 701
274 382 840
421 743 908
432 545 43
342 772 751
377 97 400
520 517 290
769 634 144
752 167 414
232 406 400
791 603 669
169 205 834
29 171 970
240 699 522
119 611 935
28 418 126
52 54 837
385 349 630
250 347 637
346 374 468
757 344 896
431 286 934
231 19 101
50 531 512
613 750 783
132 497 223
719 383 353
208 427 479
736 15 447
159 505 328
631 420 380
277 153 496
313 799 748
339 96 444
793 698 759
410 418 831
649 514 378
440 567 501
265 54 188
161 85 430
115 391 883
500 664 215
285 417 947
42 536 652
528 730 73
672 804 992
200 226 828
324 322 623
508 470 595
580 624 325
141 311 545
290 418 100
289 269 953
193 97 858
527 512 186
215 332 266
681 656 764
751 54 757
404 55 712
391 453 350
157 95 511
538 2 561
635 229 45
81 517 485
717 325 597
709 304 149
524 535 776
100 583 710
301 329 969
72 813 997
632 686 25
446 522 516
588 370 95
291 708 374
787 377 481
209 635 855
166 147 571
616 262 631
433 526 153
70 468 3
772 649 155
19 186 246
109 7 869
295 325 194
452 71 485
548 244 773
745 606 49
66 96 427
658 713 289
65 209 356
286 727 784
429 107 356
729 77 342
772 126 969
705 495 750
223 109 658
565 796 975
488 69 26
40 786 1000
625 19 805
163 630 398
466 321 525
763 330 145
539 620 625
555 147 628
371 548 389
433 414 975
727 692 576
187 283 312
388 588 145
244 806 41
519 490 124
648 282 198
1 48 603
705 651 230
307 343 142
312 19 566
361 472 705
793 640 862
5 169 736
513 622 390
654 613 176
150 497 353
535 523 397
581 586 493
653 75 149
70 590 956
204 804 887
58 722 517
371 547 424
84 146 629
559 703 774
763 769 940
296 732 502
613 640 544
718 214 14
319 810 968
193 184 59
186 434 291
136 392 482
625 535 550
394 750 22
547 460 281
242 24 873
724 697 309
214 578 889
403 129 402
410 439 867
239 71 678
506 463 464
165 769 450
721 284 963
499 472 4
146 96 652
100 432 358
209 281 904
266 712 921
79 700 478
646 619 778
744 605 75
592 70 760
28 340 977
484 282 16
463 37 806
792 793 280
749 743 126
657 697 878
421 742 967
261 341 505
272 418 460
439 214 447
39 75 768
107 257 945
126 743 530
289 323 315
349 648 171
451 710 983
369 244 874
343 422 319
217 4 823
760 133 706
424 742 637
21 804 295
1 142 910
339 643 975
317 534 504
385 71 896
229 679 838
712 788 988
640 505 116
739 441 987
344 535 157
280 289 150
125 193 597
171 183 671
289 148 621
49 307 508
62 515 378
661 469 458
439 212 804
640 559 536
127 260 950
757 593 617
298 236 162
664 388 564
614 118 720
76 514 243
625 65 967
226 313 616
169 554 615
245 19 67
667 442 997
27 170 945
801 790 595
49 277 538
623 166 411
505 517 54
727 277 730
812 195 218
800 719 694
373 526 465
293 317 3
455 755 12
265 151 99
196 720 40
412 298 479
82 411 261
420 713 470
706 307 120
583 545 18
37 18 250
517 682 872
102 353 264
674 103 170
498 754 131
86 436 924
540 151 880
328 575 423
469 463 822
558 559 243
238 636 514
1 47 445
614 531 892
469 359 904
408 76 94
386 181 489
344 582 973
357 771 329
706 154 897
258 408 612
641 188 734
358 495 497
631 442 527
570 18 862
223 393 936
98 421 899
19 24 687
523 49 99
169 397 608
442 290 135
109 133 19
805 52 588
274 149 878
323 689 551
736 340 800
619 617 41
226 88 477
38 208 843
243 503 772
5 478 252
771 613 464
583 523 12
476 704 889
385 746 982
427 307 194
771 85 594
543 465 258
4 277 253
253 622 51
446 278 561
709 735 67
5 381 710
461 718 7
620 749 801
227 624 757
374 271 196
409 55 500
37 88 586
765 4 256
460 166 214
320 664 691
553 343 931
532 361 514
8 739 412
25 103 621
49 241 254
420 634 159
352 658 765
505 553 296
694 119 241
616 396 525
418 31 600
679 570 238
283 70 318
792 95 857
387 349 122
59 89 529
797 247 644
145 648 950
724 682 601
148 345 881
451 186 33
467 803 32
769 281 868
404 49 760
298 427 694
409 274 144
257 412 289
173 723 101
571 25 218
339 809 816
733 456 862
33 256 645
383 117 702
68 412 319
409 181 594
575 679 415
88 286 423
97 574 262
107 163 825
315 779 388
436 566 972
121 505 832
174 184 642
160 382 868
235 55 236
75 342 442
387 376 45
434 593 612
577 544 167
738 674 87
733 601 27
706 199 225
469 655 704
636 172 169
373 766 210
103 258 868
571 709 795
435 373 82
391 785 207
334 335 793
45 136 887
810 84 346
607 340 363
341 804 761
667 732 824
271 282 557
154 697 21
247 403 853
436 587 532
567 272 940
5 241 988
277 170 708
257 301 418
809 515 789
148 382 335
8 315 735
554 138 874
218 406 575
1 6 212
334 735 311
717 718 803
458 260 995
219 520 809
770 646 505
460 30 564
464 270 758
93 517 142
632 247 365
13 782 253
161 206 372
343 15 797
101 58 283
120 297 716
361 571 728
394 253 318
185 193 487
651 422 205
105 166 755
706 536 360
655 768 182
485 809 85
142 427 925
337 442 298
304 305 368
646 355 495
282 235 901
619 521 416
280 707 877
12 14 369
91 289 90
322 779 363
605 53 652
802 278 726
569 241 403
84 780 5
493 622 797
784 689 633
427 323 988
172 619 350
460 532 442
153 590 749
226 98 222
736 451 687
389 498 938
171 90 857
300 634 751
572 559 608
775 690 426
154 589 283
325 665 846
669 654 60
448 210 307
46 618 620
619 802 860
742 538 83
190 747 635
235 162 651
700 73 79
179 447 404
54 97 988
727 469 891
366 796 732
761 681 521
202 266 817
376 802 640
226 811 450
5 501 453
766 586 833
233 237 962
122 163 951
569 543 802
548 628 443
79 370 495
736 484 244
469 199 286
565 7 779
2 296 496
7 588 111
325 254 398
797 166 339
553 335 29
119 121 171
781 199 349
744 624 788
88 709 703
787 412 290
340 79 953
4 64 934
292 523 862
400 747 639
380 614 599
204 304 416
105 55 639
642 791 149
433 196 991
184 148 144
68 566 781
114 158 677
220 308 774
44 399 2
261 402 636
493 523 650
556 595 748
529 326 872
235 135 235
631 66 460
521 569 785
246 292 484
133 610 849
145 487 410
215 476 131
21 41 141
176 631 944
319 532 475
28 346 240
82 567 844
654 177 934
91 298 671
637 428 796
211 128 845
487 509 637
258 147 304
764 219 83
67 196 170
139 523 846
715 403 894
274 433 357
709 29 127
127 409 916
574 608 35
772 811 370
517 795 350
177 669 769
136 358 989
115 92 719
453 415 387
518 512 244
811 308 294
133 169 156
566 1 388
16 30 164
703 589 156
169 379 534
463 532 906
100 808 61
471 82 912
733 792 523
21 322 346
149 194 943
18 728 360
667 100 784
10 322 104
2 16 17
158 572 204
5 235 718
478 712 909
61 689 775
607 739 431
268 763 485
315 366 418
553 258 342
652 798 879
610 301 422
117 124 577
499 694 507
610 566 782
655 564 525
346 173 802
394 795 326
154 386 580
316 559 153
358 617 481
296 62 717
518 450 762
53 602 613
500 127 861
364 621 942
439 153 41
205 507 774
265 532 826
611 367 391
190 103 624
603 453 369
118 437 605
677 119 574
123 436 872
682 183 147
50 214 955
26 561 719
191 561 125
589 759 525
6 319 822
112 355 889
400 598 971
89 423 897
370 811 42
127 523 26
637 174 748
22 332 260
717 106 88
187 191 821
526 757 555
310 172 309
71 432 410
147 182 821
793 415 550
496 609 657
270 501 393
382 813 683
484 427 826
73 547 346
86 653 467
695 786 971
507 529 636
424 9 285
535 373 396
782 273 410
613 318 253
359 493 796
113 656 280
271 391 4
166 394 251
655 524 904
379 159 303
526 542 918
60 94 479
685 43 538
387 292 758
427 18 535
540 531 512
507 664 298
283 664 373
152 716 594
619 490 865
253 563 940
326 762 477
350 322 815
478 143 747
8 440 236
718 655 42
148 439 910
369 218 639
522 7 376
436 753 113
719 371 406
577 752 472
50 336 547
743 76 683
134 67 159
640 289 692
334 729 871
343 754 516
64 503 987
527 198 989
613 218 332
91 262 981
577 337 320
167 748 979
149 742 873
615 585 396
136 442 273
799 802 606
244 361 296
610 329 939
723 603 48
24 445 560
656 790 143
58 195 642
743 638 71
247 615 485
415 220 200
390 256 505
115 130 781
612 678 258
574 13 780
433 150 262
649 459 453
232 477 119
57 41 451
810 134 827
801 336 987
607 94 945
433 22 360
525 721 952
715 183 56
298 343 425
394 541 802
536 532 131
334 311 519
751 460 450
218 676 209
540 292 282
25 592 512
247 511 466
439 762 188
347 43 228
295 262 111
734 694 98
676 355 797
354 79 521
46 103 994
490 792 804
376 721 681
332 313 637
111 341 984
781 782 866
409 108 257
812 50 69
370 89 896
190 406 467
209 292 574
315 256 346
144 20 589
462 752 171
781 162 31
694 577 529
587 471 630
64 322 551
352 621 586
16 790 185
601 354 469
389 505 279
433 717 635
672 373 399
598 328 552
436 408 438
571 751 194
1 335 834
679 646 247
91 191 342
706 544 560
337 238 385
283 412 19
439 221 649
78 82 94
81 285 448
688 277 740
586 394 53
81 66 288
154 728 343
687 214 555
692 646 313
295 418 776
202 82 915
538 428 195
358 722 938
30 282 434
691 31 849
73 10 159
247 799 266
346 10 238
31 61 732
679 4 656
738 10 261
63 303 22
428 149 385
13 32 728
355 468 772
7 460 813
486 523 510
19 299 450
324 329 562
163 376 874
424 404 162
87 547 610
808 253 873
694 93 131
716 485 103
663 411 799
172 433 816
209 448 132
13 546 553
87 349 277
335 463 361
91 184 195
345 39 363
793 562 562
2 9 217
327 544 901
316 724 167
66 787 125
430 784 375
404 301 592
598 397 514
21 131 96
163 452 593
579 450 22
78 84 536
235 453 404
685 570 623
550 634 826
295 596 164
340 403 242
1 17 434
144 152 960
518 346 436
472 728 267
221 732 232
58 62 770
138 496 926
400 568 444
592 683 557
649 566 832
601 804 820
44 216 943
271 310 219
102 182 253
430 652 677
51 114 982
392 769 390
409 308 545
676 532 395
105 405 41
365 383 589
508 571 766
757 646 434
653 302 337
731 310 882
524 636 67
717 754 804
187 220 976
523 329 55
529 182 293
173 259 861
673 586 681
507 548 40
359 229 822
680 670 448
216 86 516
488 406 393
495 625 266
16 162 395
142 274 489
228 306 85
40 581 213
192 99 926
568 204 464
135 721 405
770 643 653
348 241 1000
220 721 275
523 187 240
306 709 259
99 445 102
460 628 451
274 272 525
373 290 158
801 202 548
44 756 459
439 105 141
274 231 371
564 46 795
721 613 870
325 103 37
217 38 558
616 753 822
181 676 354
659 68 869
481 343 244
675 463 94
589 229 919
88 56 924
39 706 160
454 338 144
428 439 279
616 327 615
81 407 877
505 648 306
535 448 783
712 762 339
265 62 378
248 362 631
653 367 795
121 110 959
807 185 717
327 785 514
721 163 931
373 565 708
145 322 446
235 793 69
663 588 73
688 189 786
139 411 930
187 346 774
269 49 545
484 310 444
317 128 246
118 523 424
589 628 379
295 705 816
155 639 791
670 43 929
166 346 65
16 708 303
550 307 269
799 268 966
687 663 689
322 403 769
760 139 212
155 157 51
157 205 874
264 28 351
300 781 692
310 727 25
250 325 425
376 577 146
241 331 378
781 73 510
54 792 88
402 572 567
83 171 590
169 281 366
712 298 320
501 351 643
715 237 520
376 766 660
484 192 490
421 713 57
671 505 262
667 671 201
481 788 406
760 84 182
788 253 811
146 718 159
49 175 578
346 20 913
599 458 696
519 233 808
127 373 128
213 753 574
211 646 385
61 352 911
240 712 741
358 528 675
309 72 143
571 749 794
706 794 581
182 358 805
493 139 477
416 765 629
100 87 558
169 702 438
684 649 831
103 251 966
492 296 873
610 677 942
259 635 699
218 73 31
74 659 226
531 591 565
305 353 792
770 280 842
317 564 615
312 49 673
287 776 432
391 408 653
418 608 111
136 82 43
238 318 821
379 307 774
160 57 534
318 732 464
55 703 343
748 451 289
307 311 422
131 68 452
193 747 558
765 556 706
526 644 209
139 100 345
202 591 34
156 566 65
594 740 12
325 526 563
447 781 694
343 458 550
622 72 937
237 553 321
239 240 807
133 229 119
48 298 306
1 568 560
49 216 305
264 656 193
751 142 719
363 268 404
763 304 563
169 221 930
302 461 349
643 580 889
184 710 309
541 563 123
54 812 377
713 150 279
553 617 818
740 73 247
421 103 984
349 502 729
572 800 44
208 604 684
667 133 787
248 471 584
673 166 849
53 570 666
231 141 150
639 651 93
733 736 981
370 144 956
41 235 247
1 20 821
424 759 964
269 324 813
205 123 312
476 718 545
223 78 550
153 707 256
445 636 962
721 355 894
774 149 895
757 172 169
634 339 7
55 26 553
139 342 104
75 629 272
600 570 658
670 706 266
250 478 319
499 680 501
769 808 525
9 59 460
575 115 993
458 322 810
667 244 325
237 369 744
748 349 503
469 430 939
607 676 703
238 23 80
87 527 777
663 397 178
22 70 70
331 700 894
364 586 70
525 46 658
658 37 859
97 76 924
138 256 558
557 79 191
415 660 117
271 690 70
375 543 899
347 52 204
733 671 834
279 365 42
454 248 431
744 679 793
787 693 911
284 574 76
478 609 140
671 698 425
391 202 176
154 7 503
179 478 74
105 451 319
726 528 361
65 768 455
428 644 359
640 800 46
361 547 435
480 365 487
25 682 450
640 25 368
563 630 205
61 279 395
337 355 810
133 344 856
39 661 592
62 393 10
202 674 639
14 274 311
751 376 491
723 235 263
485 240 830
35 93 526
299 146 607
541 806 271
746 664 799
388 213 416
513 308 197
229 784 770
487 66 353
271 466 48
57 66 98
258 777 626
267 303 242
245 328 605
725 349 969
484 364 752
487 418 560
87 529 806
766 349 140
478 226 182
643 128 647
688 694 832
149 259 980
472 599 585
708 766 648
404 578 264
196 653 189
238 264 24
532 176 388
52 790 87
750 337 920
708 157 212
661 73 721
22 130 281
720 449 137
768 118 61
56 360 994
556 617 24
503 379 114
295 13 811
346 529 813
727 278 56
13 103 485
277 430 499
61 252 728
673 251 216
11 126 751
13 449 77
610 386 32
490 198 695
769 601 643
117 450 936
166 308 296
742 404 33
384 535 256
781 511 132
190 100 827
438 415 396
646 807 358
808 178 89
520 484 679
777 534 147
90 697 775
343 733 61
601 4 387
13 808 272
538 699 265
492 385 138
234 325 88
431 623 660
525 760 785
795 796 71
204 563 156
459 675 792
802 239 559
265 322 702
644 63 49
478 723 858
89 27 840
542 805 277
157 514 480
139 424 842
792 222 800
373 301 432
342 457 609
667 217 591
207 35 425
322 309 112
778 357 376
188 344 422
675 594 838
30 650 238
55 205 666
646 708 274
109 545 953
61 271 363
744 455 427
635 781 959
801 48 862
719 151 136
50 502 430
543 219 521
36 78 870
361 592 829
247 387 800
189 163 253
617 770 576
672 586 719
185 760 1000
28 523 393
216 388 902
520 802 607
450 290 393
316 697 35
409 379 501
463 199 254
572 445 76
263 116 281
616 273 411
286 620 5
64 610 102
444 775 168
800 108 401
309 544 408
397 508 787
421 739 409
37 475 886
489 586 74
11 748 218
13 764 458
567 584 833
533 88 593
624 601 652
116 165 961
120 248 557
9 53 767
439 647 943
1 205 94
361 544 822
241 526 940
728 346 658
267 315 838
259 233 134
241 135 727
213 465 39
218 592 719
393 550 663
776 452 895
162 338 470
232 352 35
211 104 667
33 113 698
115 694 595
589 184 119
207 739 847
439 269 443
445 174 760
112 210 645
186 706 536
4 74 557
40 532 920
448 496 539
628 795 112
735 58 956
473 658 669
718 330 489
747 122 566
378 272 975
503 607 565
4 491 625
650 156 615
157 154 664
516 620 383
365 251 367
505 31 263
658 220 704
1 271 469
154 665 992
725 403 238
714 76 754
385 352 845
304 136 942
649 28 179
210 96 485
58 31 224
540 287 411
558 661 12
366 541 94
360 390 584
765 321 237
76 607 397
193 37 583
446 665 472
616 796 630
6 213 665
208 580 575
87 598 674
436 648 772
299 661 148
364 679 951
549 424 427
31 91 815
509 671 303
76 788 93
151 109 814
784 203 311
298 468 549
274 598 10
19 635 513
391 673 611
33 39 207
775 693 136
12 106 537
331 556 245
268 334 464
781 523 63
97 211 141
332 604 841
40 195 757
362 553 16
328 313 540
208 620 592
34 451 492
439 21 327
808 577 598
236 316 817
193 169 490
132 718 710
463 528 144
299 485 633
122 315 85
137 169 597
563 262 70
152 74 285
5 196 268
58 382 337
205 261 872
406 325 156
169 466 781
243 8 526
71 128 784
483 478 988
43 378 583
614 415 252
79 228 161
801 364 345
451 247 569
112 334 540
89 782 279
469 498 859
590 713 981
713 808 773
288 469 189
313 392 276
799 148 379
669 106 372
202 568 800
153 742 839
736 802 615
230 475 524
754 628 835
590 675 50
90 388 692
182 318 221
403 22 819
217 29 316
604 379 920
266 235 411
766 127 760
685 434 546
199 578 282
307 365 535
79 505 676
649 800 192
652 811 410
291 305 219
386 220 616
39 111 800
255 318 76
277 784 428
781 727 352
403 787 574
66 357 609
565 316 834
103 294 374
389 156 8
232 694 144
608 356 707
136 193 363
709 383 94
70 246 101
187 481 88
716 676 786
323 812 158
654 662 813
516 754 538
644 775 778
21 483 844
31 152 701
465 176 239
514 14 962
485 199 278
43 552 903
455 196 730
697 214 364
561 402 947
598 584 763
199 607 62
802 337 81
332 37 321
716 273 93
10 580 643
337 122 856
466 313 750
33 147 600
59 479 573
733 695 220
691 776 667
543 137 405
279 556 725
3 127 352
486 766 633
741 556 37
256 241 379
196 85 316
749 657 248
397 152 824
70 34 671
532 325 833
379 424 460
635 731 87
799 720 648
457 537 241
232 58 309
352 79 30
288 686 210
729 797 804
619 673 636
180 454 751
655 613 709
802 805 15
181 483 780
479 587 263
58 100 512
147 486 67
280 757 806
775 51 944
643 76 273
538 136 133
263 316 285
661 516 313
256 448 228
84 670 615
315 428 167
167 412 547
596 490 280
721 74 27
317 691 769
115 499 634
580 271 146
649 241 652
280 539 412
718 780 581
328 89 373
709 208 645
649 426 750
805 135 577
89 695 477
45 727 734
15 316 294
31 144 509
168 711 998
648 730 160
163 539 201
529 93 759
310 787 765
342 764 43
538 658 819
289 653 661
113 653 121
279 223 798
661 783 53
1 613 548
1 195 424
463 16 779
41 91 61
154 738 784
247 34 580
119 496 800
590 152 323
274 709 680
126 283 898
48 738 682
194 52 606
706 293 721
388 187 55
355 511 501
165 566 868
624 732 990
28 63 442
263 470 672
58 292 617
188 514 208
121 325 671
269 773 539
685 250 766
64 648 285
695 76 538
724 805 623
172 288 522
613 570 802
787 311 211
147 463 184
388 97 316
790 262 323
724 572 926
442 781 255
204 506 337
590 715 932
301 319 974
682 307 798
466 787 671
649 763 932
451 686 266
112 787 154
610 736 603
519 20 73
511 539 241
347 173 417
337 253 89
367 139 248
47 655 422
265 718 919
355 143 952
181 213 48
586 148 375
46 382 456
803 529 814
37 419 77
432 285 375
376 31 427
86 379 303
315 627 453
40 424 543
520 463 540
190 25 577
317 511 380
613 514 753
681 360 231
598 62 672
260 250 209
13 355 65
723 789 467
153 84 729
764 513 893
172 128 996
361 475 79
569 660 618
136 798 237
440 518 384
570 793 284
274 456 992
615 408 860
742 580 140
665 391 556
310 458 308
366 67 260
784 323 667
380 578 495
174 365 838
493 275 901
265 9 225
811 351 858
107 241 208
604 341 726
634 10 25
736 124 397
314 52 494
563 407 994
497 292 332
691 670 682
762 100 401
805 661 860
1 259 361
625 682 532
382 532 570
795 33 593
583 451 243
351 368 248
751 565 526
265 361 843
607 40 844
679 670 272
69 189 314
387 390 866
49 559 725
642 501 446
718 693 345
4 100 108
529 412 8
127 288 525
586 340 489
151 556 56
571 501 444
747 745 97
155 396 938
285 323 768
464 295 468
788 199 567
772 225 881
146 453 972
145 778 495
769 43 359
484 108 514
313 769 166
776 179 275
484 780 1000
224 116 421
79 634 598
499 535 563
781 772 236
638 623 855
205 410 553
639 157 887
91 448 834
791 747 947
770 241 838
97 490 713
391 226 231
609 409 383
280 747 886
517 751 764
172 333 691
555 795 575
539 54 372
789 805 795
124 802 110
625 172 851
638 250 755
707 723 591
418 93 142
208 790 710
54 684 650
788 48 480
178 570 797
780 8 658
426 136 435
589 771 129
382 140 160
303 120 670
421 643 2
251 305 923
32 70 397
296 439 793
345 137 58
443 483 685
469 394 703
1 600 941
574 226 877
298 372 45
247 558 338
299 732 397
584 744 919
535 742 210
66 116 424
476 658 58
711 808 208
503 420 444
137 28 641
32 714 961
607 646 896
82 340 20
729 723 497
756 383 108
592 418 897
793 363 932
56 320 312
515 325 137
248 96 8
731 617 149
604 164 580
291 658 855
235 514 431
164 257 693
309 94 867
718 511 180
623 580 83
262 670 316
319 502 895
70 97 501
314 565 619
482 680 68
246 192 973
169 214 17
550 463 563
509 462 525
70 294 432
436 19 59
437 629 457
69 487 967
646 190 216
351 490 938
487 518 431
223 204 287
34 631 287
811 79 358
367 316 112
430 244 903
283 381 1
744 747 908
88 280 258
362 520 469
619 573 113
101 253 676
446 472 42
632 748 652
241 652 564
163 471 515
798 232 383
508 343 765
6 21 705
146 132 989
183 729 229
594 778 538
7 510 123
221 271 531
451 271 208
430 472 796
214 290 709
373 340 851
673 659 541
113 391 345
751 303 145
219 586 108
567 1 630
628 343 829
352 771 449
797 66 900
46 193 227
250 692 849
727 487 741
493 679 588
388 151 589
385 489 127
615 790 889
490 601 986
358 796 526
403 625 982
544 562 185
447 451 953
202 35 744
23 405 923
85 376 711
629 511 922
481 660 402
85 442 614
542 400 557
764 388 883
527 355 271
767 196 15
802 143 526
140 614 868
442 264 415
335 677 964
555 569 516
689 666 454
299 468 795
20 801 989
289 457 202
355 109 330
283 613 704
707 651 635
631 395 193
421 292 449
361 587 436
193 212 69
324 361 323
97 334 794
134 229 100
683 700 275
85 205 210
321 594 304
44 124 984
122 18 587
7 65 772
83 273 975
391 370 368
112 295 864
187 200 824
217 559 672
295 764 204
131 600 81
754 715 437
35 131 697
598 520 565
251 28 617
595 770 199
40 754 615
493 253 260
736 760 19
69 103 43
664 96 401
666 532 536
761 256 529
492 679 797
174 158 418
373 29 263
226 439 147
177 491 108
256 406 268
199 272 517
346 283 527
289 539 901
43 437 36
730 798 952
172 45 460
761 262 27
454 562 977
153 313 884
653 652 259
777 685 258
307 445 155
700 202 488
443 93 798
559 711 279
703 542 83
745 185 8
179 264 505
109 112 846
130 590 886
652 80 388
683 73 75
783 648 755
375 73 19
125 123 247
567 588 208
301 509 775
431 559 80
796 463 570
801 703 120
100 790 222
151 519 729
178 741 59
130 536 139
512 273 300
4 172 272
140 228 527
424 14 152
134 703 898
258 787 916
747 247 241
360 376 180
175 207 969
521 561 243
769 320 636
666 136 879
544 641 166
233 531 926
730 717 291
160 231 232
499 758 890
727 166 218
575 120 577
322 714 220
499 628 398
394 489 251
636 464 894
264 691 754
72 331 130
72 77 675
733 145 883
591 405 650
655 670 920
262 457 656
689 253 540
778 325 922
808 601 230
451 628 790
580 202 622
168 725 178
442 436 87
23 27 934
247 471 262
64 451 411
132 498 851
180 292 506
31 52 193
772 341 940
337 470 497
1 86 284
752 424 493
667 111 811
91 734 545
780 805 220
590 674 252
338 761 421
56 429 316
486 315 318
144 160 63
306 298 656
593 214 647
343 629 99
295 250 764
592 567 310
240 57 741
88 619 685
270 772 305
641 652 89
229 464 296
138 439 28
160 685 179
179 136 962
77 235 578
341 799 330
247 756 298
234 267 145
517 214 581
466 767 169
91 161 733
601 379 504
99 337 950
194 334 369
534 676 227
86 472 659
745 483 806
494 55 154
402 16 871
244 793 556
265 760 133
642 718 596
372 14 874
234 163 808
704 58 891
33 349 907
589 85 802
604 508 575
546 784 504
30 362 607
490 535 230
498 565 263
481 677 884
73 523 77
447 676 172
245 657 831
269 452 635
612 619 560
453 293 233
38 409 978
556 535 613
97 525 111
289 728 863
511 76 3
278 28 487
519 505 551
254 149 632
520 675 603
289 391 450
388 732 942
688 85 926
9 15 405
556 638 754
717 79 618
310 402 975
361 577 512
699 763 208
417 87 307
657 747 622
165 411 829
779 774 312
377 469 368
616 587 722
172 580 471
205 469 161
211 747 686
466 478 605
274 699 19
75 664 804
463 444 235
357 73 483
279 58 916
289 58 186
741 750 872
763 380 222
508 805 772
40 629 348
78 302 356
770 70 383
682 424 871
627 787 35
250 726 160
662 637 935
758 166 656
55 77 366
275 547 75
679 436 548
664 511 474
802 728 729
265 550 164
511 146 875
356 745 361
406 13 545
157 716 74
524 419 720
637 341 146
148 812 76
757 813 258
711 6 516
779 1 668
742 85 914
584 253 123
704 734 995
106 451 369
73 790 318
798 475 644
127 243 478
592 417 53
261 592 56
22 252 465
141 213 684
293 124 101
37 631 900
291 390 40
10 200 452
700 329 903
481 737 438
786 409 813
203 409 305
793 582 809
765 469 361
445 138 1000
805 26 247
526 287 366
56 190 867
568 598 983
311 541 695
779 523 129
613 775 358
62 660 855
560 67 972
160 247 826
275 500 72
769 292 149
306 261 245
566 44 153
603 147 810
111 174 277
322 88 333
406 527 996
349 701 415
15 65 717
712 565 270
351 442 337
331 535 165
582 533 471
781 211 59
263 195 646
655 529 718
640 105 833
508 143 489
471 354 36
49 305 795
68 409 994
75 372 454
414 404 947
61 586 222
573 27 513
692 85 647
222 14 667
715 316 519
509 520 194
376 596 71
481 775 444
335 804 669
261 528 391
479 517 244
535 661 492
745 211 242
655 526 277
212 586 516
508 745 655
1 19 511
412 311 105
558 255 408
19 192 27
565 424 731
745 241 998
462 370 371
706 659 292
667 167 237
420 439 295
725 535 876
234 677 81
297 709 504
172 352 979
679 163 243
85 256 112
653 190 837
335 202 235
607 238 108
701 367 411
687 651 850
232 625 648
679 499 945
745 636 383
159 588 376
436 171 88
685 82 532
515 520 13
442 156 978
27 31 807
37 133 793
586 670 991
72 624 709
223 231 781
16 69 897
439 478 28
499 700 283
687 70 824
482 73 33
109 244 154
220 73 307
798 199 512
785 670 770
385 617 276
538 256 740
61 81 446
323 607 393
613 149 774
429 146 218
549 428 879
769 474 144
369 493 421
137 232 425
282 46 247
572 544 753
766 521 409
33 427 145
364 463 631
573 373 179
666 706 754
114 199 161
147 196 686
389 445 956
660 263 872
7 163 658
356 543 51
285 127 65
547 260 601
295 808 283
640 145 804
727 537 724
576 196 450
178 285 521
228 37 956
706 377 9
669 516 360
430 268 538
387 340 542
796 130 713
234 473 754
6 11 154
629 148 329
390 265 348
713 422 162
472 675 99
241 188 676
656 257 690
751 97 194
711 1 210
130 146 571
593 408 789
517 199 155
610 696 716
614 781 387
84 261 832
192 211 71
529 679 286
688 544 379
704 400 774
789 727 414
12 244 978
166 640 455
251 631 150
664 435 305
116 381 753
224 738 255
262 108 961
792 602 478
347 187 714
518 652 70
643 508 45
536 766 780
12 624 714
475 538 627
115 309 846
384 616 505
666 778 508
702 76 277
772 95 978
529 106 316
658 494 85
146 395 611
4 22 496
115 318 65
690 567 349
628 268 43
812 253 276
512 711 269
216 370 803
385 478 384
631 486 414
282 150 543
43 648 393
289 493 944
78 292 52
520 109 752
619 540 158
568 643 190
52 580 526
142 140 180
69 138 864
632 583 488
488 684 261
781 83 484
394 179 249
577 218 970
710 370 297
389 276 727
171 214 69
144 303 49
38 169 874
87 136 260
358 247 567
355 260 614
626 757 965
625 119 737
567 644 548
732 101 440
419 787 177
75 66 52
390 571 702
256 112 841
196 304 910
681 368 468
359 115 337
291 712 100
595 592 200
763 100 728
487 790 174
520 265 703
10 115 136
465 4 424
91 321 367
581 114 913
631 719 265
99 40 405
68 592 392
24 106 712
424 118 889
1 412 513
22 28 981
794 361 647
240 34 662
736 16 416
454 721 734
510 206 598
400 176 393
260 511 832
162 44 582
506 744 23
596 629 454
189 62 911
53 427 755
403 561 683
675 371 715
229 347 75
195 675 399
197 437 405
249 336 396
612 541 77
655 51 518
366 222 889
424 791 751
163 329 574
1 52 382
269 335 116
79 524 990
357 120 990
421 112 55
169 182 364
520 541 341
15 798 953
682 392 223
451 55 380
736 689 662
60 722 83
22 709 943
687 163 737
55 294 507
718 46 416
131 235 501
412 292 890
103 340 58
175 343 246
505 638 15
811 804 998
238 124 816
784 10 658
345 429 949
264 364 997
421 510 474
196 308 549
249 241 190
58 200 1000
477 654 866
32 350 399
148 776 849
535 312 525
139 371 405
541 325 589
245 178 434
397 649 590
43 517 906
724 582 542
743 366 556
212 326 217
283 138 221
634 727 462
669 437 835
365 44 360
693 730 567
414 730 963
451 705 136
796 469 799
517 672 970
43 726 362
408 768 818
508 28 29
296 753 728
769 152 917
475 184 138
795 287 671
178 82 297
304 444 801
631 211 470
64 56 445
529 20 506
253 141 75
388 595 492
416 506 224
567 304 505
4 43 462
544 735 3
71 262 214
658 791 366
283 467 184
178 346 523
410 1 780
420 92 721
379 344 664
393 415 331
112 491 955
1 8 362
196 789 352
418 109 99
699 91 162
93 417 202
369 682 469
194 752 780
106 288 178
96 22 500
66 793 957
275 353 900
82 107 880
808 553 763
464 613 395
299 633 920
245 44 788
463 733 225
435 401 185
423 650 812
145 556 954
329 418 319
554 312 771
568 33 520
196 250 215
70 133 33
136 388 187
460 595 447
812 426 349
301 78 571
211 310 705
615 712 633
754 256 164
479 481 215
124 661 867
490 608 785
462 680 46
592 602 801
398 151 686
793 169 800
199 769 2
750 319 712
247 541 290
262 45 949
753 259 731
526 604 797
685 603 801
585 209 383
508 298 751
708 209 111
455 441 717
224 616 95
343 279 111
4 766 907
532 73 588
109 319 24
418 479 727
796 220 755
702 477 267
322 55 432
642 80 860
30 80 216
550 535 507
215 346 225
176 518 787
725 85 977
664 479 202
712 223 369
395 794 177
304 610 840
433 230 35
627 663 55
697 345 213
794 682 474
306 234 834
683 172 780
695 792 987
188 555 358
40 76 393
253 172 983
546 588 210
1 194 784
382 408 66
517 452 406
50 142 750
10 55 361
401 731 890
599 343 834
76 148 42
562 658 905
612 172 545
572 493 365
414 346 904
508 651 128
404 52 898
633 474 872
165 390 779
352 181 34
784 86 453
134 787 806
223 12 937
234 619 426
368 339 448
421 631 7
769 462 681
573 161 428
64 1 914
559 635 670
272 632 69
760 244 435
530 564 454
715 205 126
13 262 200
258 219 391
507 742 32
274 668 591
378 9 577
417 748 802
209 232 560
731 222 550
148 643 607
530 652 393
139 463 547
75 470 913
219 501 731
329 527 813
132 307 613
78 625 620
309 433 251
679 720 300
285 1 124
455 148 834
744 655 362
526 13 697
695 596 759
740 742 396
448 715 432
225 699 746
418 289 261
181 180 676
673 370 54
31 7 50
631 682 170
1 33 498
165 481 909
426 728 615
515 764 824
409 357 280
381 403 960
189 598 384
324 80 386
142 418 56
217 651 26
255 809 656
415 186 209
373 679 525
515 682 244
376 415 808
173 558 292
157 787 796
534 475 471
306 103 222
745 252 127
790 275 973
26 184 146
225 541 824
334 124 712
503 364 246
7 553 647
235 79 134
377 464 11
15 159 638
567 452 673
456 473 254
80 654 637
298 648 68
617 400 683
226 673 667
59 316 54
685 55 881
581 737 920
234 191 292
594 599 65
226 6 513
208 383 60
693 147 665
743 56 871
573 575 430
55 297 5
694 200 680
763 145 483
389 205 9
325 550 863
34 97 778
450 460 777
654 700 522
691 16 639
243 368 5
372 658 955
442 476 860
619 631 665
625 68 827
688 478 707
280 97 176
808 668 317
397 439 130
640 88 853
347 511 84
506 250 26
379 603 291
523 518 743
100 716 586
95 226 135
382 38 742
80 210 199
59 274 368
498 724 623
298 241 921
303 190 277
222 543 639
523 734 230
784 228 27
787 715 639
745 642 149
524 532 8
592 97 476
760 738 799
400 478 562
211 415 846
758 667 473
94 769 44
445 52 824
370 647 980
1 457 592
57 326 300
372 405 692
320 586 29
229 403 793
32 564 726
202 653 78
1 528 595
643 750 762
646 774 316
81 46 365
14 637 939
8 556 981
779 733 295
739 272 345
345 398 790
327 793 456
205 688 583
157 181 944
51 280 793
252 367 480
325 277 120
151 295 387
788 176 642
679 131 358
178 532 320
583 255 957
661 52 432
565 244 490
109 149 438
482 142 3
186 777 243
55 386 726
83 622 145
619 742 368
420 418 512
486 682 389
563 283 69
280 130 861
43 216 204
784 232 884
71 123 606
644 761 973
598 517 322
750 585 288
710 242 767
425 217 452
1 38 788
357 564 834
619 517 345
286 102 919
544 27 223
55 58 701
200 536 192
531 435 176
19 520 658
385 283 994
706 213 876
403 539 349
40 262 713
434 177 351
481 231 506
691 322 547
290 583 260
177 720 60
92 566 3
91 503 168
411 1 123
253 87 95
64 543 600
310 532 526
283 791 826
412 536 997
25 307 852
55 271 943
15 10 932
772 41 972
705 445 937
148 142 977
274 89 3
454 428 151
259 514 529
100 711 919
211 111 706
484 637 381
458 619 26
262 288 248
180 223 105
59 487 487
813 124 409
67 19 164
142 130 665
763 757 382
599 136 522
117 421 883
140 349 995
91 100 953
392 223 44
634 692 839
784 355 877
609 667 119
739 691 945
37 186 447
490 57 587
768 160 967
343 598 697
95 232 592
558 591 72
643 616 375
711 797 30
1 733 489
309 139 976
1 7 32
239 258 507
392 533 80
784 773 84
120 595 246
600 189 701
23 746 620
680 113 188
409 285 472
355 108 267
351 372 608
23 57 918
736 739 938
252 115 664
61 204 722
729 410 567
55 150 298
500 128 840
294 67 906
229 25 442
83 422 700
100 448 634
82 568 280
415 100 771
615 735 195
682 136 194
22 559 16
79 497 699
448 39 870
751 611 181
37 338 840
475 136 404
195 358 634
725 800 55
667 64 318
291 284 856
338 757 49
524 361 202
482 468 586
811 163 270
666 722 113
96 490 204
373 266 669
501 406 762
141 583 408
561 729 21
26 331 55
272 91 252
361 703 518
249 736 375
469 128 678
781 598 146
89 742 110
163 275 107
223 555 962
400 88 817
746 670 611
760 55 798
565 569 94
431 58 431
66 168 858
131 276 428
283 292 161
288 568 141
340 402 647
655 28 359
490 791 333
61 140 175
610 124 578
543 28 420
146 658 725
671 356 867
325 507 107
217 97 380
466 574 116
636 134 138
550 658 212
443 232 583
436 387 155
245 544 482
726 41 566
306 746 33
16 321 243
588 666 971
293 164 650
660 457 707
730 362 711
462 414 321
717 298 678
673 584 375
594 371 484
418 213 539
291 138 776
802 106 718
1 34 866
476 697 197
254 783 290
134 594 8
341 720 603
253 382 853
151 358 649
731 25 151
433 208 896
697 439 653
646 153 683
775 3 362
135 614 498
408 575 646
51 62 799
481 216 249
116 354 577
593 328 844
580 33 930
784 389 608
348 268 472
394 65 557
795 297 653
180 811 683
113 595 25
290 466 36
100 357 389
66 180 193
775 22 629
607 187 950
337 202 90
48 359 901
413 665 650
802 321 739
199 290 315
272 571 998
322 595 391
604 230 357
55 196 113
174 636 100
595 577 237
237 326 460
47 52 598
230 615 123
571 85 147
380 794 544
694 76 651
65 410 826
604 141 154
41 436 83
765 662 625
382 457 301
382 670 16
316 102 198
481 352 484
243 328 193
181 614 686
664 52 869
309 12 269
408 688 929
325 367 748
40 508 249
491 80 296
667 408 735
469 685 488
639 391 88
699 251 5
629 109 732
167 575 738
446 625 811
423 667 848
134 250 875
496 329 170
729 7 274
80 682 144
83 571 42
269 311 176
154 499 742
664 523 281
241 99 23
196 249 4
611 688 100
99 446 199
243 297 716
202 394 309
205 710 845
304 674 539
181 476 300
433 295 755
745 235 886
465 768 373
271 735 665
364 693 846
604 445 677
408 430 924
50 554 886
94 222 637
721 544 725
519 603 172
634 206 18
43 63 468
603 248 992
356 780 767
383 104 993
404 17 398
184 612 237
763 683 141
108 385 904
408 442 477
256 88 811
595 811 233
505 91 458
209 291 525
111 151 952
63 92 732
449 557 865
232 261 565
646 662 108
535 271 245
124 715 972
435 280 575
370 396 308
215 725 289
472 285 890
604 440 708
733 602 130
389 85 532
539 39 924
1 527 636
610 36 283
147 269 162
498 22 73
576 283 186
272 463 338
98 808 812
118 580 875
321 739 904
466 424 649
491 501 943
270 763 902
79 252 727
770 94 974
169 143 83
62 89 655
790 463 395
160 616 852
697 411 835
445 530 168
343 595 778
782 118 248
190 146 59
64 206 84
557 499 771
691 643 511
626 73 136
440 130 497
790 367 898
361 70 161
203 470 713
530 156 325
505 636 304
788 19 554
529 621 851
523 19 516
749 334 277
550 333 941
155 204 956
629 85 851
170 99 954
766 589 965
581 781 434
739 606 632
689 442 382
19 289 113
394 601 438
214 646 43
160 457 574
10 534 168
44 181 650
139 593 447
1 334 726
154 40 187
145 544 473
718 481 419
721 46 248
154 164 29
309 64 562
385 224 789
779 286 764
40 526 979
725 726 89
196 216 473
286 536 743
166 553 485
136 571 646
337 216 377
702 791 908
214 476 548
601 395 206
41 73 154
32 152 92
541 690 796
223 275 28
693 746 100
541 682 678
172 82 765
71 546 935
591 227 960
107 31 304
466 691 428
362 432 848
667 2 934
67 348 966
697 114 501
588 602 5
480 530 663
649 370 192
248 49 553
50 204 749
349 479 473
256 274 433
706 190 451
301 507 312
485 75 657
579 198 333
706 115 181
86 727 487
164 524 88
313 412 29
754 425 565
120 744 597
692 277 926
549 657 147
654 35 911
112 739 673
366 520 715
255 319 636
25 419 123
312 472 244
713 457 647
143 154 108
307 113 312
190 71 636
675 79 266
139 385 838
635 773 423
544 763 209
105 108 412
36 294 73
253 49 927
519 5 409
199 574 661
448 705 816
657 613 96
761 5 68
526 796 72
368 745 739
247 589 900
127 128 843
699 316 489
380 418 369
200 73 51
305 449 196
196 62 213
529 136 228
1 723 232
121 97 846
665 1 295
661 107 54
4 334 38
716 313 64
160 186 253
334 324 790
117 173 659
605 643 748
183 568 487
730 732 461
412 88 841
214 346 667
24 102 164
324 683 638
508 603 154
651 131 785
236 750 875
423 435 603
637 679 95
35 106 74
226 412 820
652 70 905
388 610 61
173 373 715
342 495 828
209 365 439
452 594 725
666 442 104
206 332 969
433 355 723
487 525 842
765 441 557
185 499 61
184 442 515
211 361 16
298 378 128
673 779 833
469 245 434
441 188 463
124 148 451
731 28 44
45 32 738
762 733 301
97 442 994
600 177 327
400 418 919
100 25 393
550 498 652
585 142 39
413 556 266
229 678 280
811 34 75
427 754 910
642 6 57
1 413 234
181 349 636
571 370 756
592 4 531
10 31 959
62 721 450
223 637 54
544 682 305
577 801 976
238 280 345
676 709 644
43 290 381
184 361 219
367 145 199
106 615 348
67 485 408
735 762 875
558 526 544
226 404 795
98 795 351
7 43 4
73 778 836
443 547 213
57 97 227
758 731 958
733 95 316
250 799 486
394 340 58
642 499 142
233 431 852
369 322 255
372 196 702
346 277 149
209 219 670
310 669 333
1 3 719
395 562 783
723 187 395
462 8 234
28 358 925
539 226 27
131 187 282
307 325 78
101 762 795
535 457 465
476 529 71
433 320 666
67 223 358
487 777 202
16 14 355
564 10 2
8 553 765
238 574 808
149 441 870
460 82 42
791 795 156
335 49 320
73 691 614
643 268 955
166 554 13
206 742 829
652 578 213
706 538 676
241 154 628
146 543 691
494 716 412
744 625 23
433 112 857
551 633 883
399 37 132
361 461 180
49 218 818
385 495 544
1 43 970
58 422 806
508 257 683
322 420 230
213 358 569
193 336 560
536 327 215
108 479 907
129 157 746
94 689 331
557 481 224
670 13 227
556 553 803
306 597 938
210 634 579
418 404 106
577 73 915
70 646 591
73 152 948
598 64 142
4 196 999
390 459 900
796 403 905
340 600 901
441 298 987
428 117 698
326 49 581
38 388 600
143 670 885
545 324 471
124 499 499
5 193 233
796 322 545
491 535 674
290 181 751
418 548 644
810 748 550
733 260 710
547 473 188
259 646 609
233 25 108
615 624 859
352 473 755
598 613 430
115 283 377
702 646 933
301 280 653
586 700 100
660 85 118
178 528 944
537 390 459
382 583 542
205 215 84
160 556 560
667 178 884
220 265 976
288 763 54
385 115 636
618 378 309
205 26 934
88 367 908
364 678 592
171 233 762
129 219 955
261 558 671
355 797 939
192 310 486
36 50 496
490 644 902
31 211 703
168 634 768
86 298 83
370 228 364
358 610 65
787 178 167
202 34 245
482 80 360
22 682 965
196 460 813
172 778 242
302 793 653
57 566 972
265 389 923
793 87 143
191 104 370
334 226 196
478 698 196
52 100 271
448 487 800
16 257 520
594 717 240
3 443 538
655 764 490
256 535 934
307 214 686
46 370 727
739 80 545
558 78 258
613 328 158
50 84 227
72 790 544
163 161 30
787 422 729
536 622 263
271 511 969
617 676 837
51 118 48
583 569 154
334 643 556
7 29 877
223 19 779
388 494 627
279 4 484
378 757 38
265 371 502
475 28 718
289 358 793
754 790 253
665 155 756
55 484 295
16 163 947
647 121 440
244 532 352
305 227 723
110 10 946
326 579 793
91 583 630
663 796 725
688 667 894
568 757 701
558 169 816
335 768 940
694 4 427
517 181 91
179 118 124
449 350 235
181 568 907
568 571 467
520 136 769
463 604 295
331 262 797
325 49 421
415 602 548
141 560 507
813 341 104
85 532 912
499 214 135
505 234 694
8 118 318
643 448 82
389 523 758
310 70 714
703 194 745
154 517 893
753 109 407
23 13 457
808 613 626
289 184 373
437 284 233
244 638 278
40 73 977
103 569 738
463 343 292
294 779 388
769 273 531
59 785 191
328 637 288
86 630 245
127 124 697
90 211 656
242 548 481
783 682 465
665 677 948
607 682 252
10 109 402
17 595 292
42 8 536
102 228 770
648 769 544
50 69 156
789 775 943
2 360 942
467 286 677
809 586 352
59 28 976
209 343 781
241 691 947
363 628 363
769 118 910
545 553 783
359 319 416
220 550 873
319 691 586
140 511 250
466 107 198
407 770 986
41 719 871
119 757 540
271 724 839
46 200 693
91 110 386
724 782 508
423 551 118
317 37 114
733 595 906
629 802 934
196 334 903
504 304 545
554 221 338
557 183 195
592 373 233
750 621 844
507 145 697
122 360 997
738 483 270
168 163 186
582 368 955
478 116 414
475 109 295
269 375 720
420 712 209
553 463 40
1 325 383
252 685 152
130 734 40
336 92 522
476 784 928
32 794 801
373 82 490
351 122 256
800 250 672
111 323 135
417 28 554
72 492 537
807 470 392
725 100 350
397 499 595
212 367 934
414 92 893
352 256 988
257 755 597
634 803 174
239 229 485
377 234 155
287 544 638
181 255 317
265 350 577
729 175 353
79 325 526
727 167 506
754 533 557
640 729 464
123 718 967
246 618 66
338 753 615
265 607 916
19 68 194
451 121 245
643 416 657
654 514 558
78 83 464
30 804 362
393 417 969
352 748 286
753 525 310
472 214 660
635 247 800
138 179 937
388 679 976
170 751 630
335 370 497
250 342 498
309 588 929
737 13 103
266 427 367
184 634 141
404 544 859
182 239 880
86 699 916
403 118 142
490 627 66
591 343 178
308 622 618
10 92 187
546 380 656
422 361 689
810 146 879
288 676 118
661 91 431
132 5 518
625 369 341
589 196 638
566 388 900
758 547 790
103 314 188
1 4 13
230 256 298
69 269 201
439 294 619
688 437 296
238 517 38
237 622 301
329 154 120
589 670 108
409 142 487
373 610 783
8 488 726
448 199 513
248 574 481
158 231 568
595 58 888
286 209 2
424 88 482
709 347 958
468 672 146
580 501 137
279 608 782
508 315 643
236 227 221
22 409 871
214 709 667
567 561 844
77 787 718
800 587 80
747 574 935
544 238 374
136 191 72
163 726 344
396 112 689
535 794 892
177 510 905
139 227 502
574 141 800
392 133 136
631 490 450
4 125 8
475 619 949
36 379 421
283 726 189
304 178 635
119 361 658
71 488 172
464 206 376
763 584 536
13 185 212
511 549 781
631 284 589
171 679 220
280 119 882
527 719 569
138 207 968
47 670 442
178 91 347
613 784 134
493 312 307
529 424 575
635 368 738
771 548 858
64 541 643
120 174 460
235 470 189
197 80 868
442 157 499
460 514 288
757 296 316
220 40 228
610 445 453
179 709 544
418 55 530
166 350 630
809 670 166
184 674 529
478 72 576
584 742 385
430 412 543
535 445 505
19 35 228
801 303 985
312 314 176
217 682 995
55 175 522
424 412 16
478 733 728
271 460 257
637 247 450
84 87 705
562 723 408
546 238 475
141 138 511
49 236 889
678 238 204
43 496 698
37 592 33
699 688 675
84 94 20
340 6 44
469 514 669
728 58 579
760 27 380
70 691 219
49 729 970
673 808 430
437 592 848
516 685 873
721 370 449
70 481 811
667 487 833
145 652 825
229 489 29
441 673 318
269 295 919
703 649 680
482 763 303
77 604 435
277 628 391
131 509 893
9 36 485
244 268 279
549 629 102
375 346 786
170 410 484
436 331 23
811 629 342
711 37 554
40 757 987
94 624 260
418 397 871
447 610 814
757 10 972
3 811 94
586 272 761
250 801 690
351 613 547
76 276 248
124 448 207
688 554 2
317 50 525
592 119 957
602 711 972
421 430 567
132 625 649
15 56 932
596 201 610
151 406 148
384 190 853
467 622 187
296 775 129
251 156 90
542 364 492
335 793 986
483 571 251
150 248 168
804 505 921
277 403 722
331 735 922
241 544 678
729 58 351
377 550 980
104 178 234
311 521 299
401 639 373
154 1 586
1 153 407
624 652 772
579 49 65
292 409 916
621 18 995
250 37 906
213 529 84
505 2 237
790 236 968
317 316 961
339 406 651
500 614 386
523 223 823
169 647 928
367 587 835
250 420 537
657 807 395
38 42 738
61 772 43
446 190 361
65 543 500
518 778 942
742 801 116
262 455 352
209 73 92
592 265 877
175 580 953
622 175 596
454 204 72
349 263 858
660 601 47
138 434 775
355 628 412
222 474 437
595 756 861
361 313 671
562 242 748
235 441 232
38 274 434
301 772 972
521 128 108
11 497 393
703 712 130
810 42 645
651 765 912
177 634 207
559 112 941
148 266 657
133 107 920
668 265 888
774 730 240
512 213 345
67 201 273
592 67 83
633 118 394
157 127 187
76 589 282
453 417 114
95 162 153
91 656 278
73 137 133
197 708 505
619 471 203
193 737 285
28 404 150
728 6 811
433 703 805
184 768 159
568 418 781
577 37 282
619 523 917
82 352 390
192 204 962
60 636 402
523 361 712
566 343 80
779 333 13
113 45 826
567 525 895
436 271 627
138 558 722
151 283 745
64 406 717
547 680 288
20 523 777
394 481 220
292 566 112
749 31 407
380 484 201
508 412 508
622 349 844
616 184 598
664 441 941
44 98 909
448 82 81
388 63 648
442 490 276
549 76 178
607 50 295
288 115 431
765 123 190
589 96 16
649 475 904
93 259 622
439 793 381
505 306 688
714 234 556
145 223 469
304 667 43
586 421 284
813 775 452
658 55 430
574 484 94
619 516 670
480 712 640
773 733 942
808 335 999
7 638 642
163 439 658
538 513 99
361 751 841
719 101 335
88 253 449
36 207 539
380 388 806
248 745 397
351 340 951
343 91 301
53 449 727
321 740 977
371 392 262
753 118 945
355 787 855
55 781 49
414 160 801
395 760 708
641 345 498
130 403 102
483 636 348
566 497 995
620 602 702
769 487 735
221 682 398
496 626 958
1 766 616
272 810 181
712 349 705
274 484 468
743 698 708
20 90 292
299 124 451
237 295 254
495 73 474
146 448 27
592 475 922
136 49 487
502 597 815
357 514 952
394 745 115
769 310 590
323 346 722
169 301 806
61 559 170
169 700 563
67 379 434
50 405 654
736 367 41
753 87 595
618 471 724
727 616 657
38 435 311
658 442 250
63 292 467
775 364 990
801 643 551
703 307 7
589 558 146
583 631 952
363 643 140
501 537 432
212 640 455
6 695 771
578 623 942
256 729 771
344 69 656
183 435 172
700 553 749
502 337 234
41 195 840
645 686 212
616 766 907
324 282 763
269 393 759
37 99 415
361 456 10
217 577 555
84 616 368
463 490 757
73 391 90
268 391 132
277 214 756
511 472 516
218 240 194
690 292 228
36 42 602
667 397 517
439 235 760
481 703 281
124 752 823
474 356 813
55 380 705
173 176 809
776 777 570
154 710 333
352 364 612
10 283 456
676 133 219
276 466 515
529 793 946
197 401 982
787 130 532
494 602 473
364 588 691
3 595 978
699 443 619
784 435 713
494 280 308
461 311 598
411 404 879
304 736 944
573 530 446
472 205 80
557 645 569
308 561 5
340 808 280
613 456 334
781 541 147
294 265 437
57 94 905
532 133 389
480 375 69
481 745 752
453 807 688
796 16 976
694 29 166
646 482 892
1 377 974
470 776 20
220 135 283
148 737 956
357 67 63
237 150 335
711 572 324
709 397 686
100 313 863
451 403 296
487 40 364
70 187 765
283 708 120
445 330 774
61 715 971
639 738 455
277 399 638
638 732 101
290 609 419
343 277 600
467 529 383
540 439 374
179 615 927
460 776 532
94 292 898
347 112 848
256 370 586
538 259 910
266 546 913
254 295 720
480 568 136
336 241 16
157 416 572
449 650 79
16 136 242
403 458 551
746 646 177
206 466 305
156 238 431
778 489 458
357 810 849
673 307 688
608 142 337
90 222 792
800 351 33
634 648 571
506 445 427
291 391 186
146 499 225
706 661 767
379 79 846
715 510 937
604 329 848
694 763 566
170 9 546
91 333 236
570 776 680
651 662 80
792 418 358
796 365 587
124 240 731
100 34 231
675 151 157
511 754 929
751 809 983
563 532 158
687 85 778
153 573 515
295 412 899
79 648 310
560 37 846
169 188 55
427 496 109
81 33 29
406 651 161
292 749 171
447 547 165
476 635 884
175 713 813
13 388 690
637 190 798
202 497 554
233 718 668
187 458 807
34 33 551
46 598 529
265 766 390
550 305 642
220 38 227
105 265 412
593 379 650
91 220 239
241 1 27
737 544 109
683 145 683
329 800 514
802 112 811
382 526 687
810 492 850
741 568 217
507 262 372
187 289 176
290 286 348
411 488 395
112 474 131
376 43 99
276 345 744
278 168 435
686 157 166
302 592 14
394 656 477
197 453 177
196 93 979
704 391 846
634 679 988
70 355 158
354 327 900
763 805 292
376 190 626
163 411 499
502 126 542
445 173 80
559 499 7
203 266 476
592 383 216
755 145 356
794 312 954
380 271 308
349 636 697
50 82 2
584 217 700
6 231 181
65 4 269
280 390 132
799 226 493
614 371 56
637 618 436
757 433 587
479 24 270
691 88 275
7 647 217
243 532 668
734 664 546
258 253 513
262 443 423
753 417 931
321 98 186
748 508 94
208 650 833
448 546 289
409 640 203
158 201 209
141 556 663
321 183 224
676 123 257
31 526 67
64 40 244
1 526 384
343 7 987
123 407 503
405 433 308
364 493 344
538 605 849
99 155 90
146 379 793
86 698 817
789 339 622
325 349 269
351 688 577
274 742 86
614 149 209
207 715 535
638 791 30
94 148 961
810 61 930
127 743 218
475 769 814
341 502 6
352 70 926
334 411 874
664 95 821
91 217 359
160 538 851
139 802 835
251 286 657
353 496 891
137 248 510
118 88 935
239 361 590
31 79 8
475 622 582
188 448 950
673 729 345
770 376 864
364 109 103
210 744 783
118 454 681
655 712 271
496 322 854
457 20 924
731 425 136
202 140 98
280 538 310
657 16 219
742 76 848
670 54 411
718 19 320
410 226 471
352 766 867
97 212 171
130 738 152
536 98 915
466 667 863
652 385 748
308 247 80
92 427 94
656 250 623
31 535 36
506 459 154
22 508 162
367 246 262
10 654 453
13 102 321
274 713 155
545 679 539
141 391 615
40 24 547
244 124 253
55 646 200
101 266 947
462 281 90
298 802 567
196 804 729
577 753 28
618 502 603
440 427 485
643 130 446
574 55 944
550 184 187
526 425 106
379 259 331
517 268 436
661 639 91
152 166 789
499 311 494
529 586 111
635 532 183
547 253 358
306 157 691
427 76 516
563 745 861
650 170 983
791 751 800
225 129 346
556 1 567
339 263 281
217 808 655
361 688 559
813 23 546
300 407 651
196 679 146
733 202 698
282 454 15
458 110 398
364 263 1000
274 275 189
241 454 399
797 730 648
55 109 130
292 621 894
101 781 784
764 651 614
268 20 984
402 66 714
155 394 250
199 649 226
163 175 777
268 279 504
622 526 233
59 132 657
26 376 22
728 383 100
397 484 583
90 52 792
739 566 277
317 272 724
346 553 463
315 416 145
12 679 485
12 721 563
10 492 748
103 28 284
406 523 851
526 139 787
791 710 92
670 700 275
131 113 627
766 477 800
790 523 293
486 596 177
777 293 737
334 705 998
340 119 147
451 205 141
339 487 636
192 691 826
805 15 416
40 664 109
283 466 306
249 205 394
175 595 85
85 683 678
325 220 810
42 495 457
649 442 554
64 550 137
402 214 294
280 151 28
574 52 933
569 607 223
290 742 856
277 543 402
39 122 84
565 238 616
751 38 174
398 112 883
106 673 566
1 231 712
266 218 318
276 145 986
332 279 158
77 764 702
94 286 636
383 573 402
316 712 90
324 487 490
564 574 127
100 113 499
14 158 660
366 43 481
532 37 208
208 776 651
714 207 375
764 585 761
595 427 277
550 808 168
619 238 289
274 166 724
130 462 987
547 651 106
576 366 686
733 407 646
213 439 623
730 540 755
611 510 761
254 211 265
636 275 507
7 679 59
280 189 463
600 310 879
748 532 813
34 527 779
796 373 149
696 355 4
121 175 726
97 450 655
800 502 212
37 480 121
518 678 331
69 376 365
67 442 332
352 675 538
43 525 140
19 73 554
322 670 520
292 24 906
109 353 679
19 101 716
770 419 584
307 593 414
8 524 19
785 430 213
499 637 208
715 86 201
402 305 676
238 568 208
768 262 274
655 502 7
126 220 773
344 224 797
425 169 593
186 769 602
53 442 882
670 20 117
718 275 704
39 777 24
12 179 438
553 224 717
57 787 888
50 88 149
185 550 150
372 484 965
338 199 65
211 566 636
450 455 292
485 257 786
517 595 719
265 615 767
95 151 303
788 709 492
565 608 516
388 379 226
53 39 589
62 282 7
494 771 767
526 687 332
28 398 933
67 104 253
12 531 392
37 104 774
594 485 427
604 175 983
322 520 544
652 661 365
371 230 327
234 426 844
22 49 541
274 705 858
616 29 735
513 282 949
565 783 280
802 679 346
672 463 520
213 702 744
192 131 771
529 140 283
769 136 382
19 670 437
491 412 951
39 324 654
670 517 466
350 490 794
175 628 444
136 616 333
669 493 423
482 400 557
199 422 414
418 29 139
175 610 344
697 576 290
697 110 172
9 508 655
437 799 455
193 784 911
670 300 685
413 13 307
547 22 982
750 579 709
301 216 658
2 602 758
550 492 109
312 437 122
660 346 328
334 100 139
316 811 406
241 592 53
544 613 646
26 127 145
211 342 663
625 254 4
169 250 978
89 542 536
98 1 516
90 161 824
692 56 8
382 270 65
771 704 780
595 619 335
805 564 981
371 491 378
421 533 892
334 272 623
288 330 948
97 655 893
139 741 372
248 71 279
103 183 170
38 554 221
130 541 711
25 271 369
691 499 336
484 607 132
564 671 585
443 56 413
52 187 754
528 785 614
376 76 806
196 300 150
187 362 165
365 272 46
718 695 916
412 720 388
764 571 341
556 658 34
157 29 835
721 255 693
300 345 129
45 681 910
528 604 452
310 1 221
169 268 79
136 261 460
240 77 589
24 596 464
244 628 336
33 320 889
172 666 227
697 76 195
322 289 930
679 447 561
211 359 410
550 562 388
724 811 138
343 21 546
428 731 719
400 10 402
730 70 61
673 108 509
781 519 748
97 91 201
599 10 84
21 235 965
451 479 456
311 779 900
148 340 364
370 220 429
4 710 833
668 149 416
616 807 9
733 155 510
376 515 759
345 340 499
602 209 103
215 739 456
249 278 479
10 269 929
307 686 235
235 295 201
320 208 601
812 452 169
498 485 681
223 226 432
373 675 6
363 461 234
259 490 906
299 259 719
489 407 599
149 723 79
397 214 533
308 66 223
81 639 292
409 773 274
539 17 444
599 373 35
575 105 128
286 650 254
617 618 153
639 385 656
671 517 954
655 646 916
361 511 133
150 266 663
804 628 554
268 736 861
263 632 228
716 705 89
762 274 638
534 472 43
598 321 822
570 36 540
143 315 602
254 788 120
460 632 916
809 272 600
460 509 456
794 724 282
676 246 764
161 361 529
579 216 843
57 229 838
325 126 237
336 556 808
496 685 530
380 166 348
796 277 562
402 138 549
294 718 307
643 569 571
706 254 592
466 333 307
358 397 670
642 173 20
534 439 264
649 380 326
2 25 221
798 717 405
192 597 409
199 439 740
400 94 173
522 208 735
480 211 559
696 258 778
670 769 873
535 117 373
466 461 913
337 386 485
12 513 752
295 714 814
768 523 117
622 118 10
788 637 600
418 387 481
645 254 18
474 423 973
166 89 584
132 806 306
662 727 41
349 211 954
739 58 901
259 279 379
746 588 349
544 351 632
265 447 487
25 171 464
556 441 449
769 753 610
573 451 676
586 516 636
21 155 385
145 361 448
22 250 221
600 775 842
133 808 187
25 373 938
564 184 587
667 59 657
51 207 730
532 277 163
447 813 912
562 69 17
71 655 654
459 95 352
74 530 551
694 465 215
430 532 506
275 575 84
100 523 606
754 175 935
472 419 761
775 438 853
110 97 349
435 812 612
769 450 873
419 646 533
700 508 942
730 161 888
190 422 16
243 290 783
558 187 364
776 178 464
531 169 674
217 601 905
736 638 952
20 652 106
217 67 729
12 51 204
133 547 449
487 495 111
37 72 206
715 24 366
319 766 990
40 196 986
619 476 341
679 465 900
659 49 909
215 769 653
96 376 109
523 241 163
574 512 783
128 699 933
13 793 887
337 184 7
416 709 621
456 532 610
269 313 393
772 673 573
483 606 601
514 532 839
271 385 573
110 204 269
477 457 265
9 359 205
122 371 577
130 676 462
64 392 566
490 798 176
1 26 487
673 175 913
742 448 694
457 406 277
289 368 961
104 471 483
695 430 69
691 468 721
706 786 428
706 445 156
134 526 417
361 474 815
442 181 19
426 195 887
470 240 330
407 43 901
709 125 862
16 364 332
406 592 218
272 714 119
291 622 921
803 261 967
24 218 65
184 163 772
477 509 10
239 583 648
144 399 886
130 217 582
595 546 174
187 199 125
42 127 294
225 163 607
625 717 49
725 783 560
61 359 88
628 301 105
563 652 396
211 409 561
502 541 263
424 259 128
562 188 445
590 62 779
708 541 350
212 635 127
175 620 207
719 286 591
97 730 494
262 665 347
225 366 414
71 368 901
394 434 172
43 124 292
563 556 247
292 649 590
100 28 963
522 517 44
101 777 499
250 708 657
253 515 269
152 808 725
805 376 328
331 694 555
90 120 401
647 106 859
198 707 279
363 273 795
733 327 931
610 228 950
758 635 695
17 476 299
208 754 717
647 51 20
726 388 205
89 167 584
316 297 513
4 11 422
776 693 426
802 199 265
772 605 554
637 776 686
359 65 548
72 289 941
652 339 47
16 585 687
801 717 947
354 397 971
697 40 956
485 315 923
685 219 490
64 243 188
158 623 984
214 694 168
55 797 684
398 462 73
299 318 179
49 639 301
450 221 327
619 363 425
577 193 51
647 223 574
391 592 822
37 85 56
231 7 610
245 312 116
212 730 800
800 449 541
611 115 243
440 49 937
484 589 211
41 469 557
597 82 819
341 340 237
379 544 553
685 582 839
166 118 939
411 268 270
264 581 375
637 40 296
331 537 737
40 800 580
721 473 719
739 163 291
715 89 135
337 120 854
337 598 665
189 553 651
19 197 955
661 598 206
712 692 620
175 504 414
457 514 808
375 274 147
805 133 522
58 509 846
361 514 148
435 751 41
43 140 604
14 44 779
57 134 410
670 42 319
86 689 877
634 26 768
618 476 632
660 311 228
229 112 1000
181 376 136
76 364 473
323 110 413
465 382 667
436 735 406
175 54 30
488 322 94
359 526 200
71 431 170
24 423 355
180 323 131
648 277 478
710 463 922
728 224 85
71 280 753
751 600 869
350 76 880
336 613 96
438 418 241
421 634 322
279 797 339
499 70 573
613 250 327
259 144 273
162 170 579
302 100 412
387 650 616
271 49 522
232 543 858
243 683 363
9 14 791
753 205 737
195 78 528
332 101 807
309 617 892
447 792 739
598 478 800
259 157 591
477 612 449
474 76 229
325 530 189
399 607 809
405 690 752
19 177 112
103 601 173
31 499 956
568 667 30
7 16 66
418 39 99
568 335 336
636 117 838
241 193 529
301 565 861
556 120 153
643 463 412
486 610 744
386 687 382
583 777 181
202 501 288
568 411 24
126 685 443
435 118 417
228 805 967
22 253 899
464 620 871
406 676 630
19 60 891
727 601 291
292 45 633
388 335 205
178 224 537
464 298 384
707 22 864
148 595 196
16 679 878
683 247 334
326 112 347
495 709 989
742 594 29
133 206 483
548 783 504
6 236 483
159 808 325
257 739 233
244 692 395
397 646 192
628 619 639
659 25 235
709 632 784
452 631 179
365 79 197
358 692 42
170 304 794
260 516 229
616 625 700
440 225 897
291 180 173
315 457 161
102 58 2
316 633 802
71 244 715
518 316 689
382 811 153
804 605 523
427 189 869
85 620 741
468 593 75
269 675 695
736 1 45
428 451 634
124 454 647
589 688 674
43 79 683
424 730 24
116 40 495
794 538 304
298 433 580
287 427 22
550 629 259
127 403 245
386 604 538
772 760 399
439 189 614
158 337 16
159 86 840
52 693 264
586 263 843
298 598 427
382 159 601
481 325 152
319 591 219
449 643 533
79 444 514
679 400 894
50 16 3
218 805 787
16 632 35
514 136 204
154 106 317
142 526 526
229 524 522
653 318 372
97 352 691
37 449 474
58 178 379
508 62 974
184 252 548
575 130 394
121 373 710
787 189 9
58 46 428
304 145 554
775 467 551
244 241 366
237 288 214
160 496 169
650 139 164
502 401 21
496 133 153
778 704 464
693 669 477
172 721 885
619 696 945
316 452 527
133 391 152
776 163 699
696 50 695
793 172 595
460 663 348
301 75 876
712 812 983
202 713 939
659 590 691
172 400 716
776 532 871
586 332 1000
245 686 493
276 5 881
535 370 88
98 100 935
632 76 739
373 100 548
219 642 209
346 811 225
719 119 888
39 298 135
628 675 79
49 458 503
768 1 8
265 408 26
100 136 294
558 77 266
37 112 281
409 521 175
133 209 991
442 493 607
138 550 410
385 406 15
20 232 745
796 298 651
100 766 952
188 190 577
552 703 858
690 403 829
527 487 121
148 802 210
62 220 805
775 163 650
439 104 83
37 636 826
385 711 129
57 181 142
306 199 272
73 167 65
31 256 571
760 313 600
612 85 770
43 287 295
436 415 699
519 591 804
46 503 267
633 76 841
34 616 839
128 229 370
471 613 647
424 214 365
169 233 569
199 513 377
454 784 722
16 700 786
253 725 575
80 494 939
657 787 144
553 392 662
433 793 133
613 671 870
196 204 35
111 384 431
475 754 16
700 433 102
695 102 361
103 337 418
730 416 88
106 478 10
805 742 574
763 445 19
371 483 389
55 139 304
268 265 574
96 401 962
216 364 967
667 610 637
202 643 495
151 595 56
537 335 262
790 787 597
4 369 367
478 579 332
173 197 302
7 516 224
256 661 182
604 721 984
196 754 514
384 166 723
250 349 381
433 82 13
415 330 407
471 680 518
50 161 316
100 697 984
349 668 934
748 338 316
226 517 697
664 352 800
234 474 790
658 13 315
328 136 566
327 285 900
176 284 445
342 369 241
599 292 835
403 449 788
495 607 186
154 715 349
643 106 901
246 560 294
718 118 947
421 227 47
361 586 388
725 60 484
34 330 218
720 151 315
313 214 537
567 499 616
192 394 796
641 89 549
139 24 275
148 82 46
4 577 684
336 150 13
423 676 501
796 418 507
109 620 897
84 807 535
609 145 616
478 268 644
192 270 465
319 685 616
499 264 823
336 550 229
195 671 426
192 85 600
436 517 240
746 499 953
220 22 61
202 762 67
287 3 350
3 415 208
732 76 184
247 692 103
268 241 814
420 586 760
808 390 750
387 752 598
65 198 192
710 211 717
516 802 563
542 22 245
678 646 592
118 217 708
144 443 374
556 526 371
286 115 783
117 245 670
331 763 145
217 234 280
33 62 800
601 430 156
160 591 751
745 813 251
715 696 578
520 191 557
73 20 927
145 809 848
515 799 638
388 571 168
795 667 707
109 137 703
10 485 365
745 210 483
346 242 168
469 472 427
195 788 904
49 258 628
66 727 738
201 521 803
448 109 207
346 248 355
441 393 860
328 346 919
184 660 257
45 220 476
193 115 294
408 20 393
324 129 12
529 658 174
95 279 827
646 621 356
622 682 89
211 414 70
466 223 691
85 578 342
83 225 721
760 415 467
370 90 448
680 469 734
562 797 29
337 658 678
111 135 644
749 550 945
574 572 123
481 789 835
140 444 1
785 813 964
1 598 76
319 333 92
462 639 429
360 465 441
512 227 300
378 324 629
69 736 643
169 661 961
687 532 351
553 244 359
664 188 667
430 120 660
612 358 695
622 233 749
261 617 1000
467 175 849
134 577 474
285 607 653
334 556 734
368 732 788
164 373 795
604 108 575
2 20 394
526 179 288
766 377 572
364 40 258
450 392 797
401 226 266
180 320 458
445 784 12
382 59 691
67 404 940
52 809 901
737 508 682
239 92 475
203 686 805
199 426 845
403 636 669
791 682 770
133 459 43
557 143 110
648 172 898
175 676 121
316 25 536
463 28 993
157 293 159
624 784 623
253 35 123
589 679 109
396 407 704
448 323 735
734 727 275
85 805 4
759 761 525
695 373 80
104 556 823
698 13 581
342 385 212
87 416 499
712 181 919
659 286 861
442 15 791
148 442 152
344 504 862
649 336 109
660 51 463
571 808 935
340 191 967
647 722 870
93 219 636
281 741 6
190 235 117
611 724 926
286 130 164
242 435 693
778 709 163
400 198 725
701 472 198
59 414 564
406 415 828
218 272 299
81 481 551
766 664 958
181 92 264
482 172 204
464 65 996
742 553 724
13 176 932
226 190 529
399 303 378
344 169 488
182 802 939
136 648 479
748 712 983
291 520 205
95 148 519
727 31 584
53 453 30
523 785 274
583 688 783
601 272 61
217 32 724
391 736 25
631 535 416
390 496 349
605 787 761
320 58 823
610 658 467
21 385 367
431 712 691
125 399 598
277 531 892
501 472 507
202 385 56
308 263 69
400 619 3
516 794 909
219 370 694
39 697 450
98 117 488
43 547 41
448 253 125
37 501 910
671 316 141
84 150 114
149 439 429
22 472 576
676 622 980
346 100 368
354 179 509
123 808 364
7 648 889
100 115 760
202 340 156
157 443 405
5 35 456
471 390 84
334 220 821
347 700 361
382 452 154
679 769 48
151 328 495
648 8 403
454 220 525
562 79 353
164 634 611
226 216 144
154 742 517
281 85 290
373 487 360
165 157 292
394 408 647
100 551 902
56 389 353
42 150 314
100 188 123
259 150 226
787 487 1
539 28 899
293 496 596
498 562 658
610 39 557
93 512 482
221 766 701
420 498 966
44 272 186
529 608 630
548 139 32
621 721 993
58 510 10
152 517 559
434 31 712
125 203 557
373 265 499
574 232 566
20 711 218
64 355 612
34 520 137
344 21 663
92 374 615
757 323 173
7 346 765
314 305 186
439 502 847
748 100 51
118 348 491
415 237 659
94 130 262
411 151 931
484 155 603
803 412 713
241 472 998
130 645 807
655 608 363
759 739 312
727 643 419
562 389 334
321 787 103
301 80 91
385 407 222
225 151 94
660 272 526
232 316 79
574 225 409
766 175 338
75 617 620
560 798 580
682 503 746
408 130 217
306 369 91
108 206 514
682 304 885
176 101 40
469 481 710
303 810 976
483 469 805
584 392 584
728 609 503
71 225 308
611 681 717
460 542 999
718 220 170
480 624 463
256 386 101
171 251 327
267 663 648
219 223 944
493 146 21
608 99 173
419 709 222
394 790 86
643 382 385
664 661 560
73 162 94
88 462 986
492 618 296
211 322 489
9 71 811
385 313 842
247 484 160
444 228 256
145 718 457
346 620 989
243 193 697
349 571 31
163 202 28
251 560 413
172 229 520
484 447 753
475 319 881
336 310 30
448 54 430
155 609 860
161 191 667
216 91 502
458 367 99
313 687 883
187 35 661
346 246 874
100 519 269
71 296 452
152 628 893
218 703 817
689 333 160
800 699 722
394 550 976
400 606 755
619 610 203
596 554 767
497 508 51
91 340 659
418 90 797
766 511 972
601 167 751
418 445 787
494 211 205
271 251 940
103 262 585
480 188 153
62 744 272
409 471 967
294 721 651
626 44 2
622 755 123
88 314 596
406 616 92
811 547 87
37 805 467
505 410 297
373 205 187
649 115 5
8 178 706
2 5 793
514 295 497
672 442 394
644 615 468
118 810 66
269 298 960
283 415 264
484 138 744
388 361 585
46 304 355
688 757 241
247 498 274
259 145 767
652 169 24
298 707 16
74 295 339
11 41 220
532 425 275
559 304 758
763 505 625
234 445 791
708 538 368
74 49 806
703 719 298
218 535 950
404 739 473
192 724 383
407 418 963
528 409 550
89 686 538
812 732 646
107 792 654
354 508 475
514 291 444
754 611 833
364 580 513
584 172 236
241 773 369
103 558 798
128 52 312
756 94 11
360 634 766
621 374 706
601 31 487
763 440 198
184 455 852
56 353 185
286 811 815
636 326 977
289 339 27
736 803 699
262 365 420
460 643 944
199 342 119
111 247 431
801 311 240
167 405 317
661 328 871
368 307 460
189 791 625
688 259 774
544 500 560
427 136 512
85 238 219
625 244 436
609 522 177
76 208 57
295 131 777
469 505 30
483 697 56
721 245 49
336 544 82
560 107 770
143 263 361
722 313 77
374 644 615
220 194 977
612 173 348
210 765 215
300 404 127
133 560 976
4 713 798
671 680 350
271 550 782
636 687 305
724 552 524
767 588 271
390 796 15
485 77 750
285 163 376
4 515 295
521 178 773
628 748 262
87 236 628
186 247 724
636 318 286
61 459 266
3 12 170
76 526 893
58 280 25
568 527 404
125 530 403
677 796 115
178 35 11
58 452 243
128 230 244
604 247 284
190 508 120
661 557 973
93 4 153
124 508 429
356 527 553
538 295 637
369 37 577
465 460 993
28 380 116
526 567 907
470 769 731
136 276 127
25 733 469
677 801 959
289 325 110
633 562 771
598 359 7
481 769 462
37 123 650
157 712 809
307 28 523
262 468 214
656 632 928
114 97 76
612 178 305
454 753 469
71 647 327
788 619 501
805 140 836
91 196 467
172 33 556
638 613 164
529 694 742
495 679 214
472 97 440
482 403 557
31 291 151
148 190 36
461 442 386
152 391 814
730 564 110
184 508 940
684 6 421
54 640 207
733 641 231
494 408 310
412 142 228
139 496 678
151 615 210
499 46 976
565 555 66
166 190 703
780 359 378
404 555 185
34 290 988
144 82 248
208 211 942
762 337 493
43 807 274
646 472 115
223 617 75
191 100 136
367 739 464
424 760 459
67 175 504
514 3 880
535 580 914
42 769 738
670 685 758
202 250 906
490 585 276
391 635 910
667 16 730
387 634 749
177 364 807
394 460 123
695 738 710
21 796 823
811 637 914
775 694 710
233 811 545
54 658 566
511 31 844
661 500 744
198 776 81
132 235 739
685 101 917
359 565 954
795 599 546
510 579 901
379 575 222
135 625 277
340 354 29
34 28 600
662 280 169
184 664 817
496 539 710
274 215 309
133 277 809
497 157 514
645 201 997
300 712 636
13 341 331
286 451 279
696 812 228
448 97 837
475 479 632
751 808 897
495 498 98
769 40 177
461 71 384
7 71 471
343 592 456
592 612 146
532 97 486
512 661 679
487 652 642
220 434 93
656 379 314
673 672 649
720 784 6
522 1 271
306 82 680
382 703 707
460 1 780
190 325 865
241 157 903
444 160 794
402 139 946
205 557 997
570 788 894
94 370 834
192 324 267
418 557 271
643 191 665
235 133 827
248 460 132
4 357 863
229 327 170
678 523 954
234 288 365
289 1 706
181 214 886
361 441 467
649 128 670
334 362 791
474 583 25
195 185 661
286 238 855
50 712 121
226 284 809
136 329 693
397 203 495
1 13 342
749 732 688
366 258 536
111 565 189
507 632 593
238 389 929
118 180 850
649 55 77
682 135 593
207 702 466
223 625 54
205 66 753
106 245 512
207 511 423
661 266 369
337 737 255
109 242 640
271 205 228
430 655 126
442 720 265
682 721 400
618 753 697
800 475 113
189 157 193
652 272 728
184 629 24
666 25 248
3 787 293
257 737 352
69 385 63
49 504 350
583 701 463
422 171 6
747 697 818
571 792 298
647 295 901
35 105 103
175 613 541
521 728 354
351 49 251
401 173 905
652 566 354
513 755 937
214 774 418
644 649 717
736 569 784
478 503 623
319 38 689
39 367 140
279 454 143
778 267 651
552 65 332
136 25 907
37 102 128
309 340 730
631 358 314
778 410 343
731 328 578
295 9 406
586 647 309
490 373 973
511 404 770
493 328 794
691 136 645
161 254 312
797 184 172
714 486 935
727 798 340
375 806 370
165 343 65
760 31 578
340 179 898
54 703 895
