834 5136 718
421 619 329
15 631 836
203 627 674
655 822 318
24 174 690
459 525 825
75 795 694
538 693 679
29 121 191
673 558 29
587 19 567
253 307 772
171 708 276
68 805 176
799 529 441
277 553 651
49 67 794
107 478 184
529 811 656
77 445 519
631 79 964
88 397 403
569 810 635
802 673 184
475 715 642
76 151 944
511 571 532
140 775 229
469 369 421
745 283 483
72 382 429
424 487 566
257 74 609
389 553 473
7 54 345
293 277 516
129 778 603
676 47 140
779 719 855
207 175 86
511 619 691
598 315 195
7 657 592
611 203 584
26 372 825
355 777 651
593 457 414
1 697 243
791 204 382
441 671 659
577 301 523
580 457 995
229 315 453
181 548 770
823 235 304
519 779 72
441 713 685
560 797 524
199 769 181
760 23 564
418 163 217
657 809 778
687 217 263
294 243 610
445 748 731
361 352 674
418 691 59
147 673 378
758 17 154
603 16 658
751 376 48
441 619 471
686 739 43
327 283 454
505 222 385
163 537 942
45 749 177
723 11 399
737 263 525
213 301 554
17 425 407
157 111 40
594 643 36
585 429 448
406 652 262
85 207 418
279 136 399
25 43 878
727 1 381
649 745 917
373 90 66
118 303 168
279 343 268
1 724 114
535 84 556
395 214 538
137 418 422
223 587 503
395 274 874
79 489 975
310 419 374
27 118 541
239 715 38
422 470 784
699 334 640
455 352 878
505 623 984
445 133 989
544 719 151
279 717 212
405 169 642
226 187 233
41 201 174
145 805 655
471 605 457
263 268 341
256 166 251
29 240 22
496 19 140
149 248 195
125 811 203
718 813 960
198 562 926
681 117 76
37 252 721
260 643 299
241 727 127
772 166 138
196 165 569
466 232 556
808 713 256
278 407 164
387 718 947
33 385 982
357 381 498
155 429 261
353 335 31
7 583 70
240 659 829
199 820 650
367 169 222
211 183 918
321 464 538
630 667 208
742 216 148
763 103 364
481 801 455
717 512 921
805 751 932
413 451 293
575 212 651
367 681 897
376 412 778
697 71 21
691 177 905
805 660 104
295 554 379
475 45 177
281 571 705
424 697 479
557 679 211
193 377 958
77 807 76
706 788 579
318 812 217
283 13 204
292 379 6
721 280 415
139 349 922
115 613 163
329 433 768
617 441 631
649 280 520
544 421 372
172 408 893
535 252 690
682 751 946
253 404 561
484 395 103
133 718 214
45 272 477
159 68 968
655 37 965
38 734 140
55 340 888
717 299 1000
369 829 555
421 173 848
359 129 702
37 596 617
663 516 922
716 55 912
307 749 548
217 616 367
250 726 611
601 449 639
40 98 180
809 349 463
193 793 47
399 775 43
431 1 174
469 377 822
785 4 56
481 535 421
453 819 834
496 310 463
65 172 294
71 615 170
611 787 346
183 121 167
559 707 884
457 379 28
574 215 711
748 760 819
594 509 18
2 781 361
119 135 474
474 123 327
705 829 833
693 381 688
469 754 804
19 100 525
477 732 318
321 335 70
379 474 931
637 237 972
572 217 546
409 701 541
739 421 493
829 463 45
111 764 12
403 712 223
665 625 805
767 421 245
616 783 352
483 725 287
91 337 606
1 190 110
596 95 233
484 757 422
195 715 279
103 496 637
131 261 683
106 157 952
786 91 117
829 441 648
529 685 655
595 174 277
401 318 632
740 580 966
759 391 103
825 167 782
643 311 458
226 7 835
448 625 337
463 211 866
475 80 872
121 369 492
369 286 970
151 777 266
490 740 464
487 751 267
457 745 197
85 428 313
229 339 990
433 97 160
117 269 724
541 313 281
666 547 936
50 637 262
433 456 109
241 53 498
321 154 832
392 778 958
607 317 794
571 825 356
417 127 833
796 259 289
686 183 627
154 569 888
169 684 613
751 58 408
30 523 133
337 425 70
343 508 92
79 569 514
691 44 333
181 817 494
709 547 37
592 5 179
748 553 380
700 425 575
61 689 63
609 589 479
325 541 806
613 362 953
797 395 57
109 441 824
496 153 645
19 29 233
703 666 581
574 615 903
571 451 226
679 540 734
691 813 251
457 271 645
310 817 916
622 252 392
66 81 657
681 721 605
571 431 589
4 116 474
247 507 826
529 257 679
455 62 101
307 32 276
61 598 789
267 319 557
144 244 562
831 10 430
262 275 248
83 97 815
28 823 679
298 455 9
41 501 911
415 144 60
223 779 949
202 325 63
617 189 495
1 704 29
267 627 993
109 262 756
715 335 953
309 589 44
199 439 796
535 67 747
32 401 936
321 103 746
666 535 156
811 520 992
179 46 37
640 763 492
383 274 105
158 486 598
547 439 837
163 361 335
664 124 588
23 413 902
637 489 290
705 745 995
241 102 189
547 106 432
786 490 484
373 259 715
469 832 175
106 561 892
769 491 288
97 337 423
75 565 642
405 75 848
790 663 946
565 656 95
259 355 54
266 76 243
454 282 121
383 547 730
694 299 936
286 789 434
601 67 444
7 445 842
747 583 24
283 366 872
563 39 83
1 232 878
484 721 643
21 356 101
229 579 365
268 57 463
266 59 583
399 583 232
575 387 993
105 190 886
667 189 285
345 211 537
450 599 880
673 709 722
317 199 583
463 366 330
43 589 131
744 45 9
295 474 807
15 147 789
633 555 208
361 507 877
43 667 519
127 811 870
360 267 809
263 133 37
715 833 669
1 233 975
401 653 489
529 268 43
40 53 440
717 249 526
222 827 558
169 591 720
283 237 578
434 349 109
51 289 288
82 701 681
112 4 481
265 744 333
177 264 949
469 784 322
677 223 827
422 503 65
1 342 727
681 727 214
748 579 25
1 611 207
826 480 31
427 327 293
625 131 271
606 813 652
254 815 238
49 229 757
301 67 487
753 151 593
45 35 398
396 221 71
109 121 927
22 94 828
443 237 938
697 744 990
797 217 728
655 271 231
733 115 883
532 29 9
427 691 193
574 59 27
528 46 639
79 182 140
4 12 83
55 93 50
545 429 869
169 572 425
13 331 697
565 123 617
609 412 473
125 226 97
688 724 28
719 466 191
76 141 236
202 516 779
165 149 770
619 274 484
37 139 146
460 271 651
69 309 462
81 829 150
235 41 927
268 323 969
41 583 545
366 434 737
413 285 819
127 306 856
777 55 618
330 241 44
575 133 133
583 757 764
59 433 674
346 287 542
137 229 609
442 107 519
687 569 596
185 439 13
415 748 117
51 56 349
287 225 685
415 694 75
579 589 721
711 515 811
754 432 526
246 31 731
619 385 652
365 556 4
709 423 945
409 535 611
214 451 201
303 645 6
309 111 354
46 714 59
75 645 87
567 599 902
653 282 265
151 586 723
565 13 312
679 547 347
154 457 247
513 631 806
105 575 41
433 151 39
19 508 117
293 307 621
107 161 543
565 385 31
833 345 633
1 86 630
361 558 715
178 229 279
319 112 487
203 121 603
760 287 232
33 615 325
525 527 860
451 787 57
307 709 838
211 517 536
165 713 343
479 426 642
421 539 827
820 649 799
691 323 480
157 259 620
49 61 231
71 335 70
217 755 736
459 253 91
649 523 757
419 399 697
413 715 159
435 110 135
755 124 997
499 223 915
165 725 520
24 432 514
808 191 943
55 408 420
217 324 215
21 47 93
486 388 342
521 817 430
434 179 703
177 517 645
67 153 922
787 472 140
501 651 775
268 651 178
689 267 12
309 37 973
121 806 416
691 359 467
449 823 603
793 535 540
412 696 562
379 190 915
691 238 362
189 811 704
75 365 513
721 775 425
586 249 647
673 65 674
39 715 303
755 79 435
565 686 45
134 14 509
517 115 791
537 514 752
673 360 468
355 461 960
385 514 767
90 450 373
55 437 332
387 76 50
73 241 843
70 126 926
580 143 863
622 583 290
158 826 424
570 674 889
22 365 48
124 172 946
805 718 526
327 481 258
93 231 268
20 85 268
635 22 730
327 558 806
745 761 145
685 285 67
688 289 57
653 164 593
640 73 634
286 51 575
703 217 35
331 385 887
29 489 888
216 617 964
615 451 743
517 475 146
559 469 932
583 265 457
196 206 122
245 691 224
29 783 674
595 685 418
775 85 321
463 172 454
397 679 284
295 488 337
617 499 367
765 223 761
35 744 474
93 312 116
596 355 936
192 503 466
25 344 712
499 331 555
157 376 519
25 439 937
129 763 896
277 633 454
541 752 736
737 658 742
769 779 523
633 463 230
3 455 116
825 185 456
297 325 882
385 607 459
17 764 94
19 353 789
533 564 307
819 267 248
353 435 518
106 797 180
537 445 16
30 447 843
81 739 457
583 503 518
625 591 570
361 557 378
193 271 567
243 395 150
753 283 476
111 590 176
37 46 821
427 107 825
271 805 986
694 566 505
681 220 871
381 739 733
282 713 592
808 625 190
751 226 823
113 143 300
490 367 278
207 299 1000
515 547 716
143 368 887
463 705 41
455 53 202
423 711 469
263 555 55
87 805 719
592 115 202
690 622 600
546 268 556
143 61 661
709 368 666
637 82 478
379 434 686
277 700 262
673 706 37
247 419 397
205 669 192
735 689 898
369 372 849
462 301 257
307 7 351
322 414 295
1 271 750
425 319 133
37 145 401
381 799 864
152 151 631
289 131 498
661 711 979
361 313 19
649 479 775
675 187 407
1 713 707
567 731 36
121 637 432
103 57 400
785 499 601
529 10 452
318 569 718
559 648 420
185 315 449
603 49 568
616 364 260
633 793 517
659 265 810
409 187 58
821 8 472
549 604 633
91 503 804
403 431 236
552 691 891
629 43 231
478 546 339
407 21 1000
340 786 457
313 391 61
753 735 928
34 193 998
583 214 166
308 130 848
309 634 769
4 166 21
427 571 981
587 548 172
679 97 223
463 682 193
527 106 420
451 337 326
286 292 363
397 481 946
329 603 727
577 422 433
14 26 738
487 400 353
337 521 28
586 649 613
280 343 22
349 541 812
735 593 373
136 286 461
391 427 685
805 329 645
527 213 88
55 206 631
211 661 366
549 603 620
803 374 322
553 114 813
461 89 82
335 35 938
694 18 214
43 285 865
544 655 943
451 622 717
49 823 570
637 557 398
695 141 525
387 254 495
571 457 467
111 743 589
775 715 558
97 165 797
813 199 692
655 671 504
823 766 83
25 461 287
7 277 405
133 371 713
640 525 735
757 676 533
220 561 959
90 103 469
641 409 314
97 826 936
283 87 257
85 736 257
181 351 292
252 808 827
530 163 572
778 181 958
181 340 414
613 202 285
479 250 225
13 276 447
268 479 55
17 160 693
612 677 28
184 277 876
595 55 483
181 382 580
175 655 908
607 29 440
557 589 687
398 452 757
215 505 605
207 373 903
811 408 923
109 625 297
413 661 858
453 393 667
410 541 643
73 506 388
505 514 982
405 355 655
34 757 952
4 88 577
310 231 248
805 376 810
421 328 256
317 727 454
21 193 967
230 727 468
215 698 255
805 439 293
141 415 680
87 803 400
587 92 941
49 806 695
756 713 372
651 352 807
7 737 749
343 293 744
679 293 107
163 832 35
220 391 529
805 259 734
93 157 992
322 180 305
16 736 481
595 205 970
553 770 883
451 296 233
427 694 723
824 293 700
661 502 723
624 433 421
778 237 642
778 61 690
512 721 941
358 538 901
745 286 679
79 1 485
585 338 797
339 321 721
110 66 718
127 742 877
817 487 94
525 637 434
151 703 717
715 622 623
293 95 151
143 451 797
570 270 756
294 499 939
256 28 459
96 607 438
602 625 147
751 343 793
143 183 908
653 603 794
211 367 759
189 371 544
520 343 8
725 340 77
716 807 231
788 415 946
500 37 996
435 505 575
335 55 206
672 13 56
76 108 247
1 200 46
601 800 264
300 33 64
427 366 884
3 80 504
820 122 696
584 641 603
19 60 9
232 223 168
163 481 780
580 793 534
97 529 443
229 373 857
829 770 717
385 139 771
141 534 391
496 724 617
9 51 883
290 685 155
175 22 941
443 125 856
395 427 543
121 107 916
21 23 795
531 259 768
787 223 706
181 256 763
391 140 148
86 268 333
416 524 250
220 574 109
577 744 108
495 255 666
661 355 995
541 293 491
223 133 580
783 205 8
623 418 865
366 773 698
208 451 2
364 706 124
106 814 809
230 440 642
655 358 860
185 314 405
325 103 628
154 137 506
101 586 362
125 294 448
145 185 361
229 599 197
519 259 208
331 285 388
346 775 398
125 91 641
274 643 833
287 745 784
119 626 968
7 480 941
755 125 53
127 769 316
814 700 160
253 463 942
317 713 499
6 58 90
205 301 135
667 208 220
697 58 769
725 49 830
49 667 680
6 743 42
657 121 679
31 592 733
82 773 766
427 748 315
201 508 543
157 531 267
113 827 266
344 763 62
745 496 862
154 829 712
637 774 488
352 449 453
61 726 360
366 480 691
43 62 671
290 776 926
97 747 746
217 183 508
313 795 117
161 281 428
447 635 119
21 279 552
35 111 103
607 467 303
377 111 424
529 203 553
535 229 233
244 388 862
527 67 866
154 295 976
221 601 380
761 113 172
699 687 679
568 823 330
493 259 890
639 277 79
542 373 165
415 613 673
397 169 189
715 323 16
600 439 410
588 181 96
770 51 450
39 100 612
398 268 578
567 793 470
235 253 489
280 361 637
142 67 187
346 379 228
181 225 535
71 633 328
754 793 285
807 86 474
811 280 28
470 284 597
301 660 921
556 325 195
529 145 114
361 175 187
142 739 819
435 728 855
253 637 982
737 200 283
195 211 669
390 710 159
609 157 706
391 105 617
71 97 930
161 577 260
515 537 735
675 679 602
733 38 559
142 25 196
301 161 715
1 744 520
721 736 573
211 743 841
428 781 764
67 721 297
312 141 840
601 304 140
15 110 886
467 833 900
732 27 21
574 325 923
569 101 663
53 725 884
113 799 56
9 73 64
273 289 887
45 466 117
44 813 105
337 541 285
232 448 288
361 397 223
718 511 351
605 15 368
715 279 16
162 188 766
17 760 574
319 492 70
70 641 25
476 449 708
501 717 893
169 796 510
95 536 32
127 445 180
727 703 589
182 249 322
30 307 184
141 649 82
262 396 421
43 302 347
367 623 114
172 318 561
322 425 328
335 131 145
592 19 521
16 36 882
705 737 928
646 739 113
589 605 943
287 25 733
544 563 732
131 609 487
829 579 879
157 511 499
343 239 457
22 166 12
147 314 906
225 50 520
399 628 365
305 730 554
785 72 961
361 601 879
469 505 25
819 589 446
569 739 432
342 331 749
565 11 400
21 733 840
144 583 223
2 330 828
293 689 679
495 157 856
391 301 445
214 385 884
129 138 739
372 265 792
85 237 893
277 409 963
813 379 669
580 727 201
185 601 952
177 145 272
537 139 242
802 63 92
475 526 116
645 13 274
673 31 748
431 472 52
643 547 743
71 171 31
430 357 99
631 616 567
485 427 225
655 350 316
197 509 601
817 661 316
467 235 226
58 343 544
369 759 314
151 532 728
547 117 132
541 305 24
259 343 391
685 102 581
680 811 387
385 551 597
469 169 317
70 523 924
49 189 852
582 477 158
326 673 438
331 268 95
177 471 867
393 574 127
793 113 705
379 362 134
523 751 144
209 7 366
7 259 21
562 109 356
212 526 173
12 369 604
536 3 107
107 232 371
337 417 282
5 817 878
607 304 299
59 694 339
661 493 8
122 136 34
108 449 166
424 76 723
727 665 948
55 823 818
295 507 367
295 414 344
748 603 727
634 817 585
108 597 657
541 330 5
221 476 255
105 297 153
115 356 429
374 142 467
682 100 922
299 319 846
494 381 726
129 418 55
297 584 888
347 145 250
13 55 99
4 31 697
183 114 127
749 767 704
64 427 249
32 499 635
67 308 376
769 809 77
537 45 827
157 403 641
379 49 652
589 587 846
793 130 325
229 450 970
285 7 485
171 646 12
399 601 449
517 811 870
619 757 535
457 313 889
644 79 886
179 780 908
68 769 736
91 717 288
425 691 866
405 424 894
424 334 631
269 99 136
766 641 436
340 67 704
785 111 54
523 145 57
367 787 840
478 135 754
361 89 815
148 387 950
371 299 917
213 67 433
781 151 535
327 813 86
169 241 924
361 441 252
31 334 313
19 483 765
445 310 691
5 547 21
243 172 340
469 604 66
457 124 509
454 64 794
625 391 162
137 763 708
736 133 661
229 421 908
685 667 713
37 711 563
284 505 3
121 691 862
199 383 791
649 594 856
170 677 503
685 197 334
205 115 130
529 442 575
579 28 132
35 479 116
257 261 727
601 22 117
373 219 33
510 601 245
43 91 567
378 701 728
820 289 360
163 748 112
751 399 428
149 808 730
765 736 694
26 580 832
499 152 891
625 60 95
451 654 450
169 90 653
607 432 240
443 170 394
233 613 170
33 292 691
674 545 384
144 153 632
565 823 128
799 773 761
233 555 478
97 318 27
309 157 122
403 509 605
671 269 385
797 609 246
157 283 893
677 781 273
729 397 636
613 97 138
473 762 53
703 283 958
165 19 60
10 373 489
177 721 939
315 773 63
649 787 715
269 577 836
499 259 298
343 358 768
561 740 298
447 739 871
547 667 206
106 295 895
583 492 682
575 565 458
647 437 134
571 421 346
214 782 729
53 115 805
405 653 557
404 254 889
799 437 53
273 445 820
178 280 21
366 235 585
423 451 868
793 163 171
451 92 74
285 63 624
459 688 597
406 722 99
313 126 962
820 351 866
505 775 385
437 589 505
174 337 493
622 533 856
501 151 174
424 163 337
1 338 995
313 439 597
67 381 502
655 535 822
190 219 745
340 628 870
243 718 683
743 377 566
18 137 804
491 645 370
415 167 509
64 217 51
245 307 639
53 400 449
735 639 153
27 276 567
471 68 459
451 135 746
809 32 411
305 475 106
655 586 658
256 25 475
775 734 945
633 124 247
659 33 276
415 260 669
805 661 694
403 721 573
115 283 887
793 670 148
105 781 84
419 527 640
253 42 810
819 745 497
58 469 225
5 829 32
43 645 64
196 459 837
387 307 719
159 27 540
223 368 963
65 79 665
695 323 267
121 386 992
736 145 755
682 709 551
589 356 702
420 705 755
145 793 227
817 505 967
615 730 626
476 766 463
499 679 656
1 57 36
31 805 296
466 557 980
829 655 44
693 625 471
669 259 918
11 95 144
699 87 16
745 567 501
565 117 8
712 397 310
50 428 298
576 421 49
69 13 969
266 310 241
683 607 191
191 49 960
826 464 547
163 439 360
555 721 923
562 112 540
56 113 325
187 795 907
505 7 317
619 601 209
452 490 900
283 499 25
799 346 645
306 331 534
546 535 907
823 310 311
171 487 113
597 370 425
561 175 547
99 380 857
755 267 846
295 133 785
607 406 774
607 63 325
271 259 808
642 381 384
235 781 789
121 514 68
731 772 548
421 325 242
395 453 19
43 619 846
373 114 185
611 26 309
113 49 205
392 509 160
497 477 531
451 695 710
302 544 789
281 292 733
295 379 766
226 781 348
331 376 232
41 164 178
172 246 568
283 789 139
63 97 430
259 364 375
373 341 105
28 588 666
598 800 879
457 259 591
51 205 791
254 1 529
147 439 755
307 237 881
143 127 220
441 82 172
7 207 551
31 337 792
555 97 177
775 380 470
12 48 440
333 639 901
145 763 138
13 634 861
553 289 12
817 445 232
292 754 162
799 601 297
355 793 544
751 281 62
121 231 576
229 685 794
412 217 463
29 387 169
145 199 378
283 134 879
322 7 150
347 289 35
1 291 738
112 519 689
201 739 750
157 227 50
3 352 522
4 503 28
671 595 139
116 745 232
114 29 242
27 696 147
121 634 700
577 655 514
45 493 335
439 817 535
253 106 81
694 766 115
78 462 173
715 754 501
167 329 570
75 229 22
317 417 723
94 684 828
501 129 258
67 71 141
743 808 253
310 755 283
436 498 638
1 472 108
513 614 992
448 81 258
337 559 805
591 413 330
661 91 150
667 567 329
16 604 903
697 253 260
659 27 211
228 57 12
11 805 982
145 766 454
221 790 896
630 733 497
333 1 921
621 61 425
77 165 703
539 648 644
145 163 568
519 377 852
418 708 442
235 34 15
120 679 761
314 297 136
323 559 654
439 328 236
29 384 379
810 585 876
622 736 334
209 719 455
49 483 85
91 163 264
504 69 855
691 47 187
459 475 914
13 321 953
95 797 510
801 167 330
67 93 360
316 500 404
237 189 564
45 263 618
53 334 126
595 765 279
153 87 232
539 549 316
40 1 184
379 50 871
394 502 493
813 617 410
229 85 312
367 753 135
171 375 131
175 223 101
165 125 748
43 505 332
745 353 925
463 551 863
357 51 137
595 456 826
263 535 385
7 127 858
63 692 414
113 121 62
127 45 946
165 550 983
427 199 777
229 757 253
647 777 19
442 581 339
593 147 425
652 209 819
310 295 815
364 347 390
831 13 189
789 196 97
291 166 335
425 199 603
661 770 738
385 825 353
433 704 449
535 279 854
277 25 502
679 36 641
361 553 456
535 698 360
307 430 975
577 171 527
771 319 36
64 790 455
107 817 543
132 1 210
108 166 5
253 163 944
475 31 512
631 817 81
565 301 773
369 718 368
181 160 476
45 211 237
157 664 909
773 748 913
84 227 684
89 757 1
70 238 732
496 655 276
109 333 573
82 39 953
349 87 318
71 84 266
72 731 112
787 777 530
118 779 845
221 705 400
29 113 111
1 96 706
655 151 663
211 607 301
10 750 168
338 484 794
718 651 20
106 406 163
785 279 389
217 35 901
288 44 825
53 514 75
432 724 553
282 53 57
74 184 377
749 725 472
735 145 872
667 100 567
188 559 442
679 111 511
606 373 2
11 247 598
811 198 612
368 337 633
193 240 462
363 30 548
639 613 328
472 231 118
227 313 119
274 35 217
141 393 487
107 7 882
29 99 893
157 382 318
467 237 32
181 765 336
337 468 335
636 253 361
70 819 441
7 499 547
4 16 249
193 345 427
514 403 507
101 532 514
61 319 988
52 222 884
341 514 329
625 139 830
433 807 610
43 459 562
443 140 912
723 373 502
110 522 527
592 544 419
359 583 285
682 702 223
351 241 819
635 591 240
64 208 542
553 734 876
527 149 852
349 440 384
50 101 712
545 557 539
793 511 381
241 450 126
477 696 873
11 786 788
553 223 764
348 130 614
370 493 394
373 304 571
309 181 477
605 810 976
724 279 742
97 661 435
91 771 550
31 607 611
119 100 732
478 247 383
381 628 114
673 691 196
9 38 645
217 517 158
94 44 689
37 733 426
289 815 112
435 217 213
485 515 390
490 185 42
73 337 167
50 347 167
391 15 686
531 481 159
409 298 389
406 785 14
816 787 891
199 41 432
53 121 526
403 147 882
535 604 25
13 751 93
532 191 505
443 732 609
271 394 210
823 59 388
324 537 254
84 146 916
157 3 255
358 115 443
247 648 220
779 694 480
133 262 591
525 469 101
261 223 998
748 577 661
211 676 198
251 433 739
214 795 984
445 348 179
745 579 701
557 391 626
46 757 443
616 158 521
664 735 274
361 144 826
137 186 918
422 756 359
348 613 520
55 233 196
73 546 363
259 279 753
279 499 967
280 581 497
37 70 931
493 513 435
333 122 364
730 143 162
238 719 800
11 543 941
121 247 399
13 533 742
575 655 959
4 7 875
674 596 29
492 493 564
634 193 359
703 739 96
527 83 45
667 818 634
128 716 324
215 497 101
567 331 60
523 311 317
97 114 641
625 51 377
615 259 556
550 387 824
553 241 228
381 387 30
553 352 146
539 557 32
553 515 789
691 467 438
71 567 724
697 341 678
484 376 362
158 637 236
105 435 638
356 536 453
446 789 164
19 469 402
106 368 560
49 544 26
785 748 644
621 95 727
803 107 196
139 565 528
661 485 147
631 271 456
451 459 502
91 820 542
589 166 88
721 717 365
142 2 557
41 90 98
119 683 64
98 19 79
31 719 747
397 791 749
133 405 783
541 233 893
318 655 429
36 618 212
553 659 238
253 469 884
204 517 708
7 199 647
55 61 17
465 115 600
659 565 512
157 165 72
519 804 165
696 585 95
213 723 595
533 715 967
115 311 505
804 171 605
367 325 642
16 523 594
665 669 811
631 416 639
155 349 124
595 475 51
421 604 759
307 617 766
508 679 61
321 389 608
655 145 43
679 697 877
290 406 348
61 333 353
280 673 576
418 321 216
389 273 809
723 229 665
28 65 177
131 505 943
46 327 614
83 372 570
507 243 647
296 304 524
363 82 247
685 803 485
539 746 652
588 253 724
19 59 645
681 13 398
635 651 299
715 157 480
319 269 699
10 535 18
647 655 835
75 115 451
164 727 746
631 199 906
251 409 356
235 547 502
2 4 224
167 439 142
571 519 945
672 565 927
475 750 140
403 715 544
674 319 131
421 824 675
149 417 508
299 69 975
95 615 101
461 253 372
313 295 419
283 812 770
19 806 535
357 594 411
691 809 885
90 787 815
771 17 504
556 489 898
289 796 131
406 1 304
505 417 317
83 670 732
687 553 479
763 142 712
7 664 730
147 214 601
471 783 485
43 591 8
391 227 427
98 120 179
517 596 480
219 13 652
373 73 163
769 97 292
155 19 183
715 505 388
581 97 505
706 62 353
519 355 530
335 697 382
665 823 541
191 449 837
161 454 378
181 369 726
625 249 495
399 427 70
259 193 249
565 527 843
403 798 633
317 127 134
43 148 755
335 706 829
695 241 380
337 535 146
244 307 877
127 327 244
151 67 42
635 805 709
217 457 738
232 757 413
762 97 50
751 97 810
115 331 42
67 469 745
525 335 127
331 397 941
496 691 822
597 676 106
7 422 284
145 214 739
65 641 659
483 739 783
40 403 56
712 448 906
511 529 31
490 757 71
397 781 871
409 301 715
702 637 945
786 772 5
409 91 983
238 693 853
453 7 501
293 103 271
819 332 842
395 351 913
523 535 566
433 718 839
141 248 345
101 743 297
673 237 183
503 715 335
259 45 836
805 28 812
207 775 905
301 584 685
119 73 293
80 358 750
667 56 679
541 408 73
445 809 587
136 247 726
668 609 460
45 827 731
157 39 236
589 533 58
37 316 197
500 807 599
242 530 541
110 254 968
472 13 358
336 371 391
1 14 525
801 739 384
60 523 634
637 168 85
359 75 586
29 477 633
505 658 3
385 537 379
103 347 246
599 10 796
87 691 782
103 727 143
426 557 927
188 343 10
517 487 847
745 605 393
714 613 151
545 435 499
320 542 662
375 828 825
109 171 64
383 409 616
499 702 281
556 687 434
585 43 705
581 535 675
607 73 977
673 547 256
430 101 910
633 491 856
572 404 655
421 431 751
190 293 267
118 241 961
403 574 700
398 613 884
475 705 28
631 432 308
160 379 427
45 745 401
561 295 384
479 395 542
421 413 776
439 401 362
75 192 997
9 404 635
232 673 425
817 394 444
181 505 222
112 158 877
757 340 956
315 326 50
700 28 895
499 589 117
493 249 249
116 696 760
515 41 116
502 601 47
495 465 753
809 480 145
20 269 918
633 523 814
751 747 786
115 776 489
697 331 243
765 155 726
560 23 527
763 693 435
117 189 115
193 418 350
727 639 855
25 107 98
569 246 426
79 505 776
739 685 687
196 277 675
415 817 249
357 775 323
95 439 978
48 388 71
742 709 58
61 132 478
700 749 29
241 277 595
37 151 793
610 691 341
787 615 274
193 154 229
439 179 153
647 685 369
280 331 188
509 193 528
175 265 36
289 595 681
309 193 479
408 291 666
815 396 523
464 67 725
249 181 222
263 801 662
17 830 323
424 571 575
382 634 87
32 239 320
289 405 75
406 676 649
783 53 320
39 413 919
589 632 420
466 613 118
409 663 626
330 697 164
685 587 243
595 439 801
458 480 631
409 696 462
829 366 1
1 73 809
133 781 47
397 313 19
213 830 533
441 16 743
315 494 227
472 762 820
97 295 263
154 624 704
831 166 246
508 175 999
343 463 203
200 187 911
657 149 176
728 697 645
827 637 662
777 163 205
181 439 706
92 824 574
310 301 61
178 259 214
547 146 759
317 547 89
1 196 775
303 571 470
195 766 272
447 335 267
775 169 390
775 822 254
583 219 793
97 247 809
282 503 294
571 653 447
523 259 40
406 623 965
811 226 3
259 451 177
295 403 95
520 579 594
709 139 134
816 292 536
51 117 378
727 39 860
418 682 416
324 730 146
335 825 60
203 242 621
271 370 672
7 17 871
427 603 73
490 771 22
4 5 147
454 570 433
109 388 371
355 759 336
121 812 114
445 824 233
443 274 598
23 232 583
219 247 146
447 299 149
19 30 826
103 199 950
85 541 977
470 421 587
730 733 505
378 325 556
87 497 342
831 439 586
589 111 300
418 232 578
268 407 710
666 339 234
57 231 951
679 795 281
285 639 322
175 571 193
13 559 827
169 335 984
281 131 425
797 571 606
151 631 333
475 199 482
34 496 128
83 137 173
517 368 804
314 545 966
594 127 765
43 380 671
280 703 68
787 67 967
353 324 187
316 562 704
112 157 322
177 829 358
364 564 889
394 660 967
217 411 478
211 802 941
240 282 359
250 499 789
59 387 631
549 428 657
35 185 588
784 433 265
487 376 817
417 757 946
373 436 113
495 373 726
241 350 710
663 831 281
279 309 524
49 336 854
193 559 410
517 737 429
431 537 829
313 16 209
277 227 986
275 553 443
265 121 589
380 729 450
776 678 927
499 81 935
481 171 222
631 619 46
318 671 158
31 61 659
346 428 396
322 262 732
109 208 774
353 103 921
81 223 896
739 285 514
640 457 155
274 336 874
136 303 894
38 619 499
305 19 613
27 53 197
761 235 14
329 541 323
665 225 224
631 34 218
441 439 102
287 264 462
492 209 11
425 163 995
643 811 107
585 478 219
215 453 129
111 369 386
103 821 977
177 137 647
112 13 202
313 293 657
825 211 991
212 511 206
712 1 487
34 75 636
79 421 399
359 581 433
798 457 989
220 505 956
205 125 824
541 157 394
177 833 226
58 131 425
685 305 284
115 243 215
252 177 757
148 729 33
89 769 280
117 394 468
559 625 165
583 829 658
263 673 826
729 749 684
411 817 623
632 691 966
313 629 849
400 646 790
749 733 722
193 515 570
722 524 854
756 325 740
621 395 702
557 535 959
619 87 263
307 609 122
625 351 746
289 695 229
262 439 329
763 589 28
355 539 503
579 787 162
59 494 47
25 125 968
617 141 474
679 224 663
544 649 949
150 733 96
43 6 447
361 239 109
503 691 197
301 649 552
103 251 611
177 745 617
430 526 890
618 383 180
677 46 515
57 71 786
283 211 975
459 559 415
247 1 540
409 205 928
177 109 674
489 223 618
507 657 14
301 323 323
64 106 841
530 579 637
745 573 655
178 463 535
91 805 148
721 617 880
141 419 473
499 271 310
541 334 501
578 32 681
819 478 812
727 616 100
781 145 607
109 811 232
796 373 662
637 219 735
465 501 82
431 241 873
781 31 919
139 21 269
277 709 24
495 271 18
151 523 738
239 398 556
289 9 435
485 810 493
695 433 636
614 44 548
265 783 421
331 216 573
367 63 510
519 451 890
52 523 559
588 775 501
49 445 211
77 615 805
61 499 349
739 485 759
23 383 842
439 260 827
637 45 151
611 130 886
52 353 437
44 112 401
324 663 510
265 333 119
513 529 164
667 10 877
295 169 286
97 253 633
611 561 731
295 833 946
652 733 487
481 730 669
123 152 121
313 727 31
403 251 212
259 639 327
229 313 345
700 361 674
137 653 613
406 655 306
265 305 341
357 631 453
289 292 280
397 1 372
777 85 696
86 613 447
455 151 958
777 101 840
793 63 331
327 647 800
18 311 995
22 78 840
43 673 822
415 503 389
28 50 440
410 723 660
555 485 495
33 162 161
149 535 187
96 362 943
737 742 967
70 325 134
53 153 67
663 61 14
533 626 279
310 240 623
49 247 317
771 193 130
59 82 284
595 672 706
61 466 298
259 637 921
1 408 440
577 661 464
653 749 901
642 187 812
463 580 671
322 374 28
459 656 529
171 808 707
671 391 444
803 369 967
33 645 60
379 419 708
361 832 726
540 568 43
564 764 712
403 311 165
490 777 978
385 149 864
402 657 197
245 515 818
638 666 829
47 346 474
629 607 88
557 750 337
609 677 604
396 346 401
564 457 795
555 723 19
21 49 350
504 695 202
643 163 55
443 673 931
709 754 521
331 214 31
88 328 349
205 439 290
766 808 979
360 392 266
349 775 150
679 481 347
646 479 463
308 825 726
601 772 408
727 765 561
247 631 187
503 151 497
5 11 169
247 582 347
529 251 718
545 699 923
625 283 759
661 158 180
175 276 802
67 685 768
7 25 402
559 301 331
676 207 272
418 571 91
249 596 722
101 216 17
627 493 723
712 383 875
307 703 995
646 436 253
769 801 80
362 685 917
313 551 581
239 289 182
259 71 745
418 523 40
176 455 440
775 445 156
659 107 457
6 433 129
608 688 128
161 328 375
193 349 524
595 106 43
679 553 189
385 265 329
289 459 602
682 320 930
728 249 346
747 293 858
511 548 650
515 113 969
171 427 393
237 495 93
373 175 240
829 139 73
171 670 204
163 834 54
91 73 862
31 499 593
547 704 759
266 651 213
340 387 392
727 343 544
73 458 587
1 10 768
710 241 374
781 411 384
391 751 548
652 166 934
214 631 270
358 31 886
139 352 344
469 101 33
664 703 338
251 361 128
247 583 679
505 794 637
780 63 295
821 790 133
515 425 464
39 555 587
788 561 419
124 543 189
197 404 976
713 236 127
463 130 244
421 80 384
615 743 380
481 793 967
141 106 509
637 789 384
373 510 521
95 149 541
115 344 516
270 409 987
307 82 389
567 233 236
35 76 553
151 229 486
95 467 155
778 503 889
749 321 532
41 715 362
617 807 208
436 388 324
603 1 511
130 333 357
328 85 78
218 392 206
439 592 247
217 318 437
235 289 649
517 427 6
571 702 437
430 518 697
279 69 597
355 263 343
371 401 803
493 113 718
670 647 417
109 609 499
73 708 686
413 411 428
810 215 986
259 790 374
802 310 291
551 205 980
148 236 37
604 31 681
541 757 249
333 507 693
309 444 473
411 26 634
292 293 651
781 373 579
592 460 907
632 291 944
558 834 207
766 700 488
193 394 355
85 721 376
397 43 688
121 745 402
280 67 470
178 672 664
139 649 312
647 319 916
6 159 235
1 3 59
811 13 218
580 385 426
124 295 518
225 719 296
347 411 699
804 749 64
328 385 388
241 213 256
397 398 338
147 91 910
196 84 616
103 177 103
320 133 713
1 802 507
636 781 245
609 789 189
679 631 819
476 403 216
503 311 655
249 355 496
616 557 870
741 178 439
730 223 11
321 283 894
535 653 628
590 539 246
471 167 523
125 207 14
277 273 934
181 397 427
353 625 399
822 630 997
448 91 570
466 188 512
751 65 912
457 748 916
737 792 131
624 370 785
299 559 495
250 91 135
631 104 57
595 91 823
180 832 240
577 829 408
113 670 474
581 103 586
237 255 747
450 49 981
1 5 8
613 631 605
505 262 700
577 707 486
541 781 225
675 115 282
471 757 80
205 303 911
815 97 860
322 381 842
567 187 441
32 121 415
245 757 475
541 790 966
18 150 128
349 576 287
332 67 721
435 561 640
97 787 865
643 559 818
521 617 850
197 69 244
199 739 604
11 209 367
759 781 633
554 409 421
241 191 54
233 91 408
235 484 345
325 247 745
355 463 785
571 305 840
338 390 970
558 757 738
663 589 320
725 271 330
619 658 281
538 241 246
271 649 125
616 275 986
181 601 957
652 148 719
87 16 883
611 681 133
67 118 386
268 386 425
317 718 995
599 796 463
107 515 315
712 373 127
65 795 669
780 249 371
539 415 2
364 400 246
155 487 545
695 531 715
565 776 28
427 454 61
237 445 236
91 338 824
557 511 418
112 772 955
538 348 694
391 154 6
469 341 240
570 773 262
673 39 826
393 540 347
175 133 325
91 247 715
509 323 240
427 149 86
109 274 274
275 683 63
11 216 544
15 618 340
265 719 402
610 677 855
391 418 102
665 831 468
183 547 777
308 453 950
259 561 650
51 287 847
685 683 18
263 374 755
586 424 679
301 362 346
484 743 988
811 217 757
411 560 993
73 316 280
667 187 68
132 202 344
403 751 344
564 323 124
91 629 134
33 611 479
427 649 559
589 247 765
180 385 927
459 571 231
306 746 53
262 73 580
186 328 947
795 603 716
523 796 146
718 733 115
565 749 537
7 615 461
53 92 83
421 101 649
519 301 314
602 601 738
179 694 164
557 345 428
769 606 607
13 541 890
291 755 897
754 82 835
683 628 41
181 19 179
537 737 566
167 655 308
31 352 949
819 19 194
106 189 135
705 715 245
39 298 748
503 673 348
133 606 890
225 451 717
655 289 938
79 104 492
799 623 720
229 508 247
362 336 894
349 373 176
157 103 444
444 709 442
61 217 87
412 139 603
311 701 103
29 62 761
205 448 913
694 541 780
259 53 601
42 376 198
158 317 760
664 673 927
109 96 623
193 510 164
265 801 493
601 346 654
29 533 225
188 634 345
208 334 1000
530 143 946
172 440 997
713 427 825
1 9 961
271 73 486
128 462 224
7 44 242
589 497 490
806 755 350
359 481 930
191 95 271
806 731 811
451 301 599
623 157 226
421 151 213
763 517 630
670 323 800
185 593 859
795 372 964
78 745 343
517 328 19
769 833 378
5 34 151
36 63 751
755 355 298
684 75 811
585 673 717
667 211 434
19 612 165
657 475 271
573 1 736
655 343 438
805 401 194
678 228 392
607 787 729
832 588 433
744 646 163
499 43 995
778 562 285
224 431 996
127 475 817
547 631 904
386 736 241
481 349 181
185 651 795
779 520 309
83 173 224
536 626 25
45 290 726
195 287 580
261 825 824
823 350 154
677 145 55
20 642 947
613 332 185
34 684 133
492 653 590
600 238 946
766 832 290
805 247 734
547 821 349
733 285 40
121 244 730
55 511 762
511 97 693
737 91 314
679 181 226
79 262 603
697 371 308
327 389 669
25 703 698
197 21 150
79 171 59
390 711 393
313 819 153
145 1 262
745 39 230
169 205 541
661 28 178
781 610 411
346 785 212
16 562 23
250 727 314
61 124 677
414 106 143
17 75 788
13 507 105
349 341 741
675 781 549
193 187 46
643 123 81
434 769 45
585 763 503
413 711 894
223 793 484
49 79 753
22 176 349
282 475 288
264 137 992
334 484 694
769 274 506
712 703 744
535 628 240
691 62 929
605 511 397
547 766 678
479 12 412
170 415 98
497 743 28
275 563 803
91 89 686
89 745 210
385 400 243
634 694 479
127 301 814
573 343 24
297 775 197
197 575 416
436 799 622
797 400 693
282 433 75
811 211 657
512 65 697
589 831 800
762 551 578
105 810 229
561 729 62
627 724 472
13 833 228
310 513 370
207 241 110
295 436 709
87 73 996
657 15 748
529 550 575
747 211 590
769 313 312
763 257 574
335 331 824
553 295 513
466 7 969
261 133 7
453 727 262
275 175 123
227 179 962
43 175 769
349 43 110
265 484 90
194 655 784
69 125 373
25 583 354
591 412 385
27 220 224
165 691 861
83 241 148
31 33 212
634 292 182
5 685 473
1 77 431
452 64 263
253 694 550
629 425 145
617 757 68
393 1 433
370 349 675
28 217 240
198 284 273
301 457 671
789 520 436
787 797 425
727 323 607
187 743 110
408 499 489
292 159 94
371 49 330
241 805 135
365 115 670
502 286 247
577 127 391
442 769 550
425 781 131
415 421 237
413 497 825
349 100 497
800 411 210
251 749 267
481 370 853
557 185 278
307 833 578
526 214 84
834 347 467
635 577 749
710 577 694
33 41 734
771 235 761
1 386 430
85 735 96
551 111 813
283 817 811
245 583 991
181 235 563
37 89 109
235 556 379
41 211 276
262 288 679
746 617 38
769 780 218
469 123 510
243 1 820
51 637 797
135 296 258
427 211 860
475 423 117
821 495 612
742 583 463
434 681 988
43 49 402
289 661 17
433 812 638
750 566 773
433 117 686
43 607 551
259 460 953
374 61 837
568 826 191
373 825 786
608 485 489
5 233 49
77 134 468
355 447 88
13 45 572
679 829 652
772 347 640
49 197 31
271 273 170
743 543 178
311 487 287
121 673 846
244 295 160
27 31 795
56 407 25
548 419 833
151 667 713
196 592 257
358 827 280
639 453 138
389 331 607
178 679 101
500 164 326
121 469 785
147 227 732
373 13 257
650 751 84
259 61 396
757 745 574
827 179 713
667 541 733
90 298 481
37 764 961
28 253 417
448 22 658
52 458 719
73 155 845
195 499 35
483 277 770
121 407 132
111 526 414
69 631 764
819 637 720
423 361 552
619 30 297
493 151 816
701 449 52
655 564 303
805 347 167
23 230 760
384 721 814
81 459 483
260 286 497
715 834 358
427 767 664
371 823 774
551 580 772
751 625 66
767 525 3
467 763 169
534 616 926
427 515 845
637 130 164
595 553 532
364 669 289
301 421 443
143 193 186
679 665 391
385 175 827
762 778 804
541 359 213
215 331 881
169 25 949
391 520 765
373 709 36
271 738 226
197 267 676
175 197 684
219 253 825
224 331 683
207 566 437
33 629 170
417 105 568
82 109 347
29 187 283
193 727 563
279 421 254
543 150 720
731 385 802
385 168 323
663 739 333
797 457 455
13 613 508
559 543 983
73 74 488
223 144 181
199 487 994
431 593 818
105 34 231
610 751 819
615 447 618
187 253 904
254 495 385
655 61 279
545 777 23
574 287 691
47 589 953
805 435 965
788 529 251
202 483 787
95 589 426
127 713 984
813 679 745
805 33 67
255 388 50
289 342 464
163 753 19
577 523 801
649 661 90
297 703 890
22 233 271
324 567 929
797 316 619
325 222 867
736 715 728
444 307 156
5 19 862
187 213 205
322 423 1
553 751 15
87 167 627
507 452 752
664 688 227
273 687 559
797 693 860
377 789 859
466 58 288
829 793 835
100 223 845
225 421 900
70 168 881
295 187 796
735 623 90
556 271 745
29 139 722
459 595 814
627 73 420
691 781 595
186 193 667
433 459 438
239 250 323
813 460 83
515 451 34
621 173 566
209 608 62
213 217 52
621 339 897
265 89 677
177 513 601
478 39 909
283 642 643
767 173 286
791 589 864
91 363 967
8 691 569
397 291 278
367 364 365
469 613 684
19 415 804
43 471 269
181 742 741
94 354 192
223 811 332
143 772 664
289 443 210
529 809 37
244 97 401
685 704 555
199 402 498
739 413 534
47 655 94
485 809 123
523 499 259
339 235 627
301 627 355
2 391 699
103 583 520
454 201 687
491 477 236
622 630 139
227 361 176
481 745 129
359 169 658
787 435 666
199 495 89
358 207 275
91 643 463
495 769 849
271 235 787
629 640 350
303 348 34
529 355 850
205 527 327
707 385 33
595 583 277
329 606 625
157 245 335
633 187 465
454 181 225
28 313 215
283 448 758
34 309 108
803 221 74
300 347 784
7 21 363
157 586 383
657 637 900
667 105 573
81 408 506
223 369 479
259 113 868
259 163 416
625 9 215
73 172 235
403 494 191
812 366 971
421 466 105
600 283 516
245 697 636
709 565 340
743 245 165
373 171 982
49 236 851
361 717 212
263 175 944
100 685 649
155 481 293
171 649 194
301 503 170
477 829 161
787 310 42
771 793 501
674 751 332
159 144 172
350 510 287
82 550 632
281 771 253
619 187 744
370 606 745
538 359 215
421 633 192
12 602 169
49 58 826
61 382 663
43 598 501
117 599 125
23 758 793
733 687 797
103 487 372
249 828 563
61 709 722
763 223 104
543 115 698
81 261 238
604 483 532
537 667 773
526 577 592
417 492 293
829 163 865
446 578 166
103 761 578
223 41 791
95 179 106
37 331 899
463 718 7
707 725 615
258 175 319
653 64 157
645 697 705
327 829 631
577 298 371
73 277 433
127 797 402
409 157 527
73 413 48
619 667 317
325 182 973
43 517 231
577 391 421
661 411 522
705 400 4
31 403 319
397 535 260
49 109 772
631 590 739
480 289 307
762 451 760
1 154 731
56 664 924
519 741 252
129 465 384
14 27 620
214 327 576
499 211 552
385 548 78
547 465 679
418 721 227
499 427 356
91 485 662
649 190 134
287 347 651
130 289 499
583 322 663
787 379 814
589 325 621
73 265 355
143 791 376
367 481 97
303 715 727
87 227 516
591 636 440
115 87 307
577 805 773
348 476 720
193 361 696
55 291 257
207 746 799
475 418 909
512 604 627
371 93 66
503 589 251
355 385 845
689 533 147
60 257 913
670 63 338
533 134 171
645 511 23
213 593 891
421 765 91
186 194 345
243 701 715
769 727 614
697 721 178
1 332 335
505 54 915
192 488 731
157 707 987
157 610 486
474 571 563
61 233 1
594 565 17
188 611 471
135 99 618
194 680 91
109 370 108
469 751 731
486 143 380
734 535 755
553 808 543
187 337 295
535 451 628
586 235 540
553 418 542
24 96 419
225 830 358
821 69 685
401 724 194
672 93 907
379 211 415
557 585 365
163 68 356
807 79 564
153 169 783
293 650 935
167 793 532
277 800 655
357 720 828
95 1 335
238 315 295
451 558 785
171 183 263
262 523 310
493 281 249
558 656 123
298 421 131
548 283 596
195 682 93
44 162 349
625 763 572
101 541 740
495 279 795
371 447 248
790 397 666
661 760 694
705 684 418
25 451 354
196 250 126
560 441 859
224 109 631
341 319 551
743 157 133
36 253 715
481 363 433
775 581 27
72 645 78
31 40 711
281 562 113
807 45 506
127 454 506
306 532 558
253 427 996
728 693 148
436 668 40
199 252 586
111 789 989
529 639 27
445 742 563
322 685 327
424 104 468
525 283 604
181 55 436
811 361 970
799 273 532
581 397 80
701 745 49
547 79 852
128 664 159
91 388 63
725 558 467
132 77 636
501 799 292
158 741 424
413 130 463
355 597 335
371 289 392
537 586 776
339 601 716
119 455 842
563 553 478
474 115 469
351 763 461
428 573 115
394 637 199
143 413 501
413 795 363
357 595 671
439 515 958
15 469 270
385 255 901
547 402 566
547 88 630
309 415 554
7 205 42
252 258 484
349 460 890
162 31 638
559 833 494
301 778 119
347 811 701
679 565 988
804 469 303
368 67 499
817 577 976
425 622 379
143 339 95
601 538 398
115 73 958
309 117 888
203 373 721
669 657 506
169 703 340
719 815 653
127 265 612
279 631 500
457 397 666
356 43 803
683 2 607
526 643 691
766 751 33
721 457 470
817 287 540
159 331 381
610 547 632
527 531 292
223 523 366
304 145 600
481 568 161
351 378 298
352 793 120
642 655 380
226 441 637
383 802 602
535 331 463
732 664 214
429 436 638
565 663 799
457 383 128
559 453 863
430 196 511
441 13 469
751 400 23
177 828 162
323 351 568
617 97 701
134 156 283
463 522 991
542 597 819
457 685 43
134 310 54
229 399 51
778 673 247
213 383 778
714 249 281
247 448 617
174 805 182
488 670 939
542 819 293
686 111 920
725 424 791
1 162 966
745 60 456
661 602 303
269 543 214
373 151 411
553 705 681
211 254 827
323 439 390
753 53 602
452 435 67
329 600 465
228 322 88
128 173 658
731 292 459
559 115 554
212 353 189
241 55 787
41 102 205
808 345 646
664 279 734
571 172 243
745 607 891
216 85 437
93 329 791
294 596 874
262 565 332
191 416 903
39 322 648
264 541 649
337 655 611
526 753 326
404 451 384
415 391 81
240 460 436
583 579 336
751 79 337
786 595 952
262 692 598
511 622 665
191 83 499
509 585 231
222 569 821
340 781 725
281 425 384
493 523 623
171 607 771
604 685 702
565 517 383
571 590 613
581 821 515
38 275 303
385 367 143
235 789 453
604 365 212
448 381 817
247 394 9
249 657 970
557 609 306
113 205 649
337 203 49
801 583 606
565 397 16
59 809 980
663 278 701
388 730 615
117 347 399
769 563 710
401 245 566
64 111 791
811 37 761
155 71 337
281 787 389
73 118 667
820 692 707
557 83 942
1 15 749
17 623 565
671 423 607
535 393 912
679 345 489
289 104 416
4 8 756
151 715 583
769 45 435
421 145 758
781 351 18
659 276 441
336 227 405
271 453 809
577 671 223
685 479 45
506 272 65
87 315 28
573 632 110
403 435 329
250 613 658
463 31 67
393 648 93
511 753 434
85 43 120
287 433 528
121 241 624
817 474 733
572 481 642
591 813 417
6 833 449
177 67 197
125 363 187
1 279 715
819 295 523
57 423 768
381 107 2
539 751 963
523 657 878
633 323 887
691 85 656
517 265 272
303 705 215
435 589 839
36 421 636
507 470 667
544 685 508
259 376 62
773 213 30
171 341 160
343 445 400
676 573 97
595 562 327
37 19 470
235 557 669
531 700 302
295 365 870
452 363 792
412 622 546
146 234 24
124 16 993
601 769 522
166 61 174
234 360 353
712 526 363
55 122 337
433 573 979
709 409 137
250 271 572
315 115 551
620 785 235
457 145 399
693 649 506
307 273 141
173 194 615
747 748 823
815 69 518
315 499 350
93 587 995
520 36 455
313 823 933
505 739 282
535 47 302
663 483 291
328 53 937
531 690 388
655 101 686
739 424 886
817 42 348
289 700 246
287 415 792
83 735 662
428 518 336
79 385 553
193 637 419
829 73 54
649 574 593
445 181 724
301 231 343
148 93 167
133 541 5
55 178 10
264 394 591
551 265 82
61 67 344
109 582 541
469 757 939
757 26 485
553 61 21
377 331 193
126 130 921
38 219 757
661 71 422
274 217 704
777 135 135
709 327 201
649 115 872
69 161 916
181 319 110
31 577 542
217 709 737
449 5 582
541 562 536
183 201 381
433 89 719
167 213 614
799 70 125
721 535 724
486 523 854
295 382 203
15 208 890
398 760 286
493 309 266
115 423 701
493 487 114
625 342 683
243 94 184
615 625 681
331 174 810
111 243 202
704 243 272
539 618 67
121 263 932
103 587 285
11 451 800
398 547 766
541 631 127
649 643 395
589 820 675
64 247 681
94 438 312
475 670 406
577 265 882
220 82 523
778 809 855
677 745 195
181 187 347
553 17 338
471 4 641
363 241 571
91 590 776
751 703 129
137 151 797
732 163 205
344 598 473
391 127 516
197 781 377
545 137 726
16 495 695
487 172 800
51 825 761
249 1 626
15 379 556
747 14 370
773 415 78
769 451 135
313 178 26
436 812 841
505 223 410
479 503 724
391 433 43
472 565 839
804 13 69
41 191 394
329 271 279
184 761 826
445 573 735
264 178 402
118 133 583
591 699 890
349 501 720
799 85 581
799 61 647
4 37 891
453 781 153
403 623 915
490 769 903
387 361 877
541 217 361
324 444 521
181 363 204
121 55 169
59 296 229
145 414 697
716 820 311
43 167 33
700 517 817
209 223 185
45 224 715
141 647 333
78 307 23
40 272 320
199 784 830
42 383 79
317 409 565
3 204 206
465 533 83
529 579 275
48 198 65
21 245 578
129 235 944
25 81 967
463 446 522
247 713 523
79 135 410
433 88 908
601 373 949
37 67 689
535 248 986
337 805 739
655 177 454
761 592 157
407 571 694
679 430 91
127 274 558
95 140 631
21 559 134
234 763 519
441 187 12
782 727 95
663 493 140
579 801 676
619 503 914
435 268 598
97 316 45
55 279 622
700 198 391
411 552 320
58 802 105
95 121 689
23 518 644
742 670 582
34 365 105
169 457 797
417 319 615
473 23 948
352 525 665
783 425 631
647 133 84
328 418 81
141 185 312
529 225 588
333 512 449
433 625 503
486 768 803
106 372 897
496 823 999
832 178 927
557 352 777
495 89 820
251 757 934
467 709 305
740 69 227
452 727 336
314 341 932
313 259 251
163 302 854
69 385 218
173 13 542
304 732 998
293 127 813
577 436 917
478 620 173
491 829 554
654 3 894
233 181 139
285 485 971
80 567 187
499 493 669
509 492 540
371 87 363
551 409 926
769 163 624
477 357 440
451 751 546
509 504 211
49 548 827
1 127 954
259 133 708
192 350 367
274 626 148
34 769 463
27 553 257
687 5 38
451 766 562
33 127 810
519 409 836
755 363 254
161 397 581
167 214 150
19 97 422
551 151 283
787 173 329
105 256 839
174 153 264
445 455 915
211 601 300
325 665 283
227 631 970
41 133 352
373 389 333
719 371 150
289 693 496
474 367 340
729 617 823
125 251 843
781 813 349
25 554 715
443 818 717
759 631 656
649 19 748
68 639 13
727 123 312
449 448 502
523 800 64
799 505 296
550 745 385
5 115 628
411 469 292
485 636 866
829 601 704
781 762 232
58 829 839
19 52 997
820 64 433
16 725 366
151 412 432
244 398 368
489 445 465
381 331 51
253 563 396
68 11 337
192 370 226
15 329 4
575 459 103
487 553 722
475 551 966
592 295 877
109 439 870
23 607 228
589 527 81
289 707 431
493 711 87
25 109 206
355 673 489
241 630 524
307 454 845
558 133 865
649 583 592
301 345 349
285 623 868
679 155 625
153 180 858
763 340 809
157 121 8
787 309 745
50 427 561
453 461 441
551 345 99
178 481 895
720 756 688
245 367 795
475 491 442
199 205 818
223 439 573
253 319 677
77 169 705
221 335 750
112 400 266
286 650 153
493 685 530
47 507 746
479 496 183
475 587 737
701 716 601
349 301 571
736 252 58
785 325 649
381 409 493
607 1 309
39 260 736
513 774 564
292 472 42
366 131 350
271 327 834
389 685 757
595 771 551
82 19 914
134 319 804
583 559 38
306 757 594
285 130 763
829 165 424
403 213 400
467 697 705
710 774 249
639 197 255
819 487 776
679 733 734
321 586 384
281 790 93
460 29 812
537 579 150
569 65 45
80 452 943
241 697 63
37 763 72
312 359 15
29 370 552
388 703 525
695 283 310
225 552 975
693 706 28
319 571 895
473 401 197
575 151 141
13 72 581
33 85 483
819 351 494
613 519 671
254 544 912
313 50 161
777 43 150
640 613 516
555 435 284
487 418 281
823 229 189
347 644 870
229 682 809
783 660 940
295 26 525
589 335 866
333 465 972
820 223 527
169 306 963
822 209 684
546 197 937
395 721 930
778 818 187
133 340 723
61 609 660
817 552 334
7 514 2
663 175 992
577 747 331
295 337 996
82 199 622
134 403 382
834 625 200
47 714 926
339 11 273
295 100 964
143 534 288
503 277 848
506 151 910
580 181 983
307 52 38
25 645 383
361 199 306
175 58 699
624 373 430
751 607 838
22 68 321
19 603 719
554 813 585
541 511 503
337 115 605
599 355 1
791 83 398
693 55 891
226 86 540
211 81 164
451 635 228
746 7 787
483 295 684
727 565 270
358 539 169
55 114 553
178 617 513
461 173 735
595 195 954
191 631 556
709 463 727
340 496 522
625 723 994
236 178 165
706 799 919
343 93 273
211 215 608
355 349 186
627 697 871
289 2 535
532 463 967
484 83 169
217 381 270
758 253 746
503 36 770
79 337 476
295 585 120
490 319 116
442 539 215
265 41 528
328 587 632
630 52 86
76 312 258
85 91 129
755 651 876
598 107 498
613 207 719
28 534 279
457 702 971
514 563 145
602 379 257
333 499 375
388 473 102
747 28 857
739 204 746
290 746 212
592 797 132
48 724 774
584 796 76
226 771 698
76 219 108
535 736 961
381 785 925
61 756 666
181 488 428
2 221 33
733 796 522
177 601 711
625 361 956
85 325 932
215 427 934
28 157 455
378 317 868
210 338 521
658 23 909
113 84 134
671 433 502
301 191 149
325 793 814
530 733 924
487 783 6
115 700 838
491 398 683
485 136 914
400 166 51
126 601 262
739 832 918
10 159 119
354 247 408
139 182 158
1 823 677
751 541 460
30 630 645
793 73 338
215 54 468
575 138 91
664 239 755
69 505 946
483 233 991
349 208 8
811 553 970
324 235 131
493 607 754
278 1 320
539 274 562
271 369 781
391 181 496
279 804 108
643 781 896
151 491 476
5 32 947
163 231 266
418 131 530
247 16 320
359 324 960
733 181 238
535 652 633
374 478 809
691 215 539
343 667 48
139 571 512
637 355 378
403 680 804
107 281 542
261 357 518
364 193 810
777 823 414
507 377 239
791 208 119
605 610 132
826 785 484
373 787 695
648 1 424
751 348 177
715 669 535
682 607 797
89 275 933
61 66 457
565 607 489
235 421 887
312 458 796
833 671 513
228 85 262
5 557 114
49 265 365
446 277 381
377 51 972
181 40 941
715 778 313
5 329 353
458 745 295
647 264 190
665 83 118
497 529 668
109 163 8
388 97 548
61 773 169
644 623 304
757 328 238
127 781 935
787 364 293
7 763 522
619 625 465
439 664 633
353 432 985
13 352 316
362 424 790
223 711 597
142 789 106
367 531 426
754 637 516
376 663 841
507 466 347
117 278 76
337 213 565
62 442 310
245 313 237
240 628 90
381 750 763
285 426 150
182 111 962
141 293 530
608 664 529
453 682 770
757 223 803
823 818 541
575 763 992
141 320 612
723 332 445
225 219 524
167 209 71
703 825 36
25 815 959
206 609 325
57 613 552
471 721 215
619 163 729
319 235 574
151 420 689
221 551 459
344 752 112
562 816 841
237 433 360
45 187 869
251 517 100
223 781 763
69 487 312
637 505 726
151 482 779
9 18 797
451 775 528
681 687 522
13 17 858
187 643 758
208 598 238
595 73 42
661 337 53
272 293 795
529 627 618
731 449 399
196 73 601
431 676 958
97 804 700
287 669 430
95 221 701
79 519 32
131 367 521
136 558 362
345 625 136
274 498 759
343 308 59
25 473 152
26 129 889
397 617 140
484 163 961
61 516 401
241 273 12
831 211 950
223 103 621
540 297 265
298 507 531
652 833 135
277 199 622
13 699 246
643 155 685
613 409 235
127 455 77
25 335 294
823 107 257
204 830 506
484 125 905
603 55 106
211 583 297
3 721 876
610 645 568
727 135 36
478 544 12
331 517 416
301 123 305
16 337 530
9 469 92
429 367 460
229 201 382
205 307 479
190 385 282
709 343 40
13 782 414
499 276 401
31 292 447
409 331 798
21 331 262
29 128 862
435 467 939
313 479 17
335 241 554
223 111 42
248 49 532
319 601 941
631 473 356
505 729 843
24 673 713
351 451 33
547 73 26
243 656 459
821 715 600
496 265 327
589 175 777
706 500 804
465 451 291
8 293 532
141 661 990
65 389 704
454 261 892
47 789 48
571 649 797
43 212 274
481 617 40
666 523 542
777 601 973
315 714 361
59 317 174
334 249 247
451 639 665
535 255 484
403 775 353
65 263 637
593 127 992
445 403 161
552 627 897
635 525 637
376 105 44
793 412 38
49 593 624
712 727 17
137 557 312
701 556 720
185 30 983
433 113 142
141 153 82
157 819 716
676 688 843
733 259 714
371 811 823
655 583 401
387 565 234
94 67 674
235 65 100
412 797 401
417 306 820
37 39 926
127 621 45
554 166 306
805 343 369
75 519 20
253 82 912
3 87 127
493 617 33
825 223 472
191 307 757
453 797 385
311 103 681
133 366 864
757 756 762
785 811 258
669 7 100
21 661 378
274 417 249
25 753 677
265 431 324
231 125 935
161 613 894
82 126 785
715 791 879
187 661 579
241 199 202
797 733 669
51 107 225
143 649 271
548 141 742
320 71 755
643 817 184
213 637 752
595 280 195
81 377 793
425 191 615
484 189 618
132 419 745
721 698 821
244 673 142
184 585 279
1 35 828
270 365 29
129 634 194
753 1 947
496 731 791
711 629 916
439 677 158
339 411 319
49 163 480
256 403 652
555 301 910
258 266 98
350 268 284
217 75 56
342 391 516
421 715 24
120 123 686
539 439 88
329 391 376
639 313 553
253 343 830
777 620 264
744 469 602
497 664 865
65 181 144
35 678 907
185 539 901
366 21 328
71 656 560
17 673 625
89 130 751
663 517 95
73 240 340
171 785 937
439 4 150
465 700 990
299 181 67
730 323 453
680 195 718
487 685 323
719 559 804
119 504 498
273 742 431
829 421 808
369 306 975
772 10 603
514 631 778
640 343 228
136 798 987
715 398 767
217 343 606
541 223 16
133 802 128
58 236 886
132 247 449
761 733 389
264 270 770
577 697 269
57 347 620
319 665 213
421 523 410
457 317 629
376 830 837
241 647 240
451 493 585
76 724 486
436 510 671
712 517 879
474 205 181
715 433 345
385 46 609
455 341 155
658 289 176
241 145 599
585 13 987
771 451 19
485 715 349
475 277 533
646 673 596
737 815 653
578 495 975
124 421 349
459 264 238
77 825 936
23 568 58
639 269 611
423 5 6
700 733 729
451 619 105
1 157 26
219 699 575
31 424 123
145 719 4
182 516 958
523 522 282
799 91 316
683 373 10
679 673 582
590 773 285
414 679 282
164 489 382
33 641 95
217 437 567
739 805 862
337 130 709
9 22 870
205 709 80
752 463 471
259 825 443
7 523 985
809 713 804
307 787 38
247 449 675
142 751 7
325 265 4
7 619 371
655 550 694
659 599 458
457 501 462
15 677 572
730 419 340
787 568 861
297 629 972
185 13 683
192 667 709
37 253 763
331 263 877
355 59 205
165 607 218
103 645 665
158 238 925
472 151 646
89 819 574
15 149 240
298 248 231
715 317 771
356 70 670
19 210 759
79 787 621
439 457 680
745 169 951
745 619 127
1 144 147
451 85 407
491 157 270
295 238 445
63 364 41
238 445 160
7 79 769
487 709 481
38 83 909
46 816 886
172 553 820
77 280 984
701 118 425
391 513 305
73 588 545
558 307 230
183 732 316
1 6 68
279 733 971
451 625 705
202 115 932
148 593 202
513 295 318
21 35 348
769 1 149
396 505 490
655 103 482
553 685 241
265 427 928
9 373 949
155 726 222
153 410 160
782 451 271
112 705 64
687 373 97
163 778 899
383 197 892
745 196 923
460 627 674
329 257 762
379 300 349
497 286 920
440 685 47
265 397 141
9 13 953
361 643 178
647 211 191
423 559 574
193 709 202
645 557 352
433 733 183
727 77 202
229 750 51
577 667 961
46 792 831
355 167 19
823 61 775
27 152 909
305 670 727
258 385 828
81 611 722
349 829 357
129 499 263
45 363 316
831 769 733
475 560 594
745 189 650
389 203 136
107 203 506
91 650 63
271 139 452
795 547 416
47 393 688
779 796 205
32 195 680
240 429 605
213 739 983
751 697 275
463 772 980
89 175 44
105 794 43
301 428 783
385 454 928
771 730 190
688 533 436
547 574 714
81 398 987
737 60 880
216 397 468
103 711 200
231 474 140
6 28 558
323 373 133
577 385 768
817 709 736
411 179 857
270 119 993
605 469 864
145 169 581
162 582 453
702 139 239
499 200 761
619 366 805
73 644 589
12 811 738
601 209 552
14 42 535
126 621 182
727 525 347
664 256 349
233 819 904
69 109 918
103 526 252
729 254 366
517 526 434
535 305 232
557 736 645
737 667 36
229 603 315
211 154 596
292 255 493
163 316 814
442 424 615
403 223 4
329 494 697
27 305 826
249 583 960
625 319 79
771 530 420
243 332 21
553 138 696
178 512 681
517 760 853
733 805 983
198 709 91
141 740 457
508 181 219
115 364 55
285 423 581
175 267 210
717 291 283
530 550 933
706 751 609
709 410 505
403 323 151
241 595 391
56 213 87
185 396 423
265 622 644
191 597 281
75 712 1000
255 621 857
547 749 23
217 442 486
336 566 201
113 228 269
409 253 355
679 105 954
805 557 909
556 377 305
647 109 285
642 751 493
57 505 959
47 672 179
246 19 516
106 469 473
31 117 324
437 759 229
66 142 756
665 649 87
704 711 945
669 109 557
58 259 437
823 16 345
433 443 398
299 711 147
319 268 966
529 589 426
769 43 427
375 655 389
193 779 803
207 610 585
100 308 886
663 655 387
119 207 137
763 46 231
115 291 103
676 264 985
730 601 455
763 546 360
631 415 215
88 222 893
610 331 771
444 599 992
718 383 488
119 793 840
11 97 803
667 545 758
389 597 174
783 787 145
255 315 880
567 253 305
493 79 912
453 468 622
248 300 859
511 799 680
13 529 230
247 143 216
20 64 831
329 307 324
449 508 152
457 793 288
407 157 900
305 381 865
87 437 469
383 431 943
579 387 818
745 373 344
831 721 683
174 760 319
460 449 751
225 495 32
671 37 164
795 539 231
517 132 961
662 789 509
127 113 560
319 123 86
700 128 694
428 464 145
289 175 967
658 580 475
751 56 29
73 288 645
76 433 921
484 47 336
232 439 6
25 123 817
152 305 720
649 295 115
107 94 784
715 793 216
391 213 116
679 427 808
451 712 119
87 827 820
181 615 905
667 747 310
757 119 958
426 654 403
607 415 457
721 661 967
268 296 403
562 612 737
595 469 702
267 209 738
609 211 851
373 506 316
412 482 606
663 559 873
10 124 576
541 265 725
747 19 686
293 17 521
307 613 547
623 551 325
672 444 568
154 497 163
433 787 743
442 737 416
751 415 142
243 451 280
430 480 771
432 769 514
573 834 328
718 757 170
152 446 51
49 147 930
567 541 4
498 91 306
511 439 354
333 263 266
460 217 102
308 352 157
745 805 979
540 572 26
499 57 426
597 424 864
9 20 336
456 41 968
252 766 214
763 272 685
12 218 243
451 507 367
318 675 970
205 190 616
581 533 684
820 803 845
403 661 605
592 662 94
175 517 338
802 229 916
745 355 421
775 301 176
763 598 644
196 591 915
373 539 956
81 365 124
667 593 691
229 259 455
703 631 234
223 419 780
92 691 710
163 196 74
259 763 446
287 233 648
124 351 450
493 825 231
411 139 595
640 713 91
661 808 224
331 31 299
757 97 130
472 769 539
585 493 895
829 553 723
317 433 114
349 145 126
221 29 598
767 237 984
758 824 941
609 457 655
5 119 468
463 599 540
25 105 143
157 762 300
24 487 161
403 542 394
572 333 321
436 459 953
453 667 442
1 69 438
39 421 718
553 1 611
733 319 634
131 92 248
159 395 477
61 364 730
727 699 197
25 811 463
7 103 119
451 568 933
105 215 224
163 135 427
179 115 252
30 663 984
723 223 135
245 103 226
596 331 69
59 713 445
393 69 349
390 85 805
149 199 640
699 558 901
436 614 216
221 279 292
493 799 549
551 815 182
1 2 987
828 352 207
112 791 903
220 271 471
45 305 113
443 415 702
513 361 234
569 91 712
144 110 643
472 268 489
721 708 337
319 457 225
293 697 5
744 791 618
149 703 567
789 281 933
751 442 955
601 638 748
3 182 640
154 61 99
433 332 978
363 591 90
539 689 444
125 235 1
505 660 909
693 800 651
247 611 923
718 109 420
257 488 69
768 772 955
599 805 534
165 145 381
642 350 691
72 167 893
295 315 336
61 177 23
422 793 919
376 785 852
403 649 220
354 773 25
815 614 159
637 77 782
501 669 325
233 703 486
295 525 64
218 610 368
349 771 165
601 421 666
184 466 940
140 337 942
695 579 504
13 151 494
361 778 840
473 583 310
21 535 502
8 24 251
662 297 151
142 577 145
609 235 167
357 34 330
345 259 922
379 528 95
439 391 652
101 739 488
229 787 751
717 617 272
220 499 412
578 403 485
573 691 482
269 607 274
391 417 767
175 109 523
25 55 510
361 367 392
429 765 897
316 634 396
709 736 974
333 52 172
386 37 793
519 447 740
225 323 608
508 93 969
136 734 215
730 667 312
227 77 547
697 459 663
140 807 163
248 518 686
313 370 857
163 473 194
373 273 907
44 789 281
691 145 77
172 528 60
517 23 112
509 547 126
718 343 550
180 264 445
209 478 78
181 643 264
790 326 828
364 793 135
367 183 624
379 145 213
197 655 931
707 341 865
739 545 663
313 799 371
134 546 738
315 487 267
436 409 989
625 493 792
477 214 297
251 235 70
76 641 299
517 283 225
565 358 329
737 249 707
671 331 3
476 3 827
541 690 716
31 427 984
445 571 831
686 718 454
445 645 241
151 453 976
543 207 780
292 241 947
82 217 377
577 157 793
361 294 438
577 399 300
225 381 392
41 531 384
153 574 194
571 787 129
515 52 563
561 817 27
667 440 393
697 724 357
233 784 767
592 377 670
805 213 947
67 766 492
107 271 248
583 429 768
613 712 438
16 242 438
651 275 823
97 14 781
43 67 256
832 751 224
743 183 320
435 761 984
109 103 785
421 493 561
505 219 527
547 413 755
492 352 177
412 213 638
645 447 427
216 661 980
270 243 752
553 745 61
367 198 14
533 253 750
139 331 539
503 769 341
119 170 453
711 213 988
25 809 10
339 328 832
561 559 878
789 477 184
257 173 515
593 763 539
484 274 611
529 734 868
