856 3512 217
321 450 195
413 737 678
118 830 380
505 517 338
621 771 220
188 193 943
282 30 260
96 473 576
625 37 154
657 731 377
131 5 730
3 47 418
510 832 181
657 35 716
794 822 217
709 527 171
365 718 119
701 159 801
302 161 809
490 733 228
184 97 308
441 408 536
469 65 510
771 749 938
47 202 147
85 196 919
380 177 271
673 20 114
499 45 667
133 356 919
3 5 474
221 226 236
121 235 72
427 301 502
230 392 998
152 249 856
199 203 636
425 655 556
379 467 544
791 438 253
430 827 866
845 735 28
853 322 369
43 71 862
421 834 340
538 197 33
9 19 82
73 141 509
838 592 128
257 242 221
703 317 660
191 611 984
811 633 194
338 423 186
737 19 342
651 180 986
153 373 697
123 559 205
648 645 558
129 317 961
711 832 584
6 181 66
265 11 545
642 745 881
269 752 392
101 689 296
254 745 809
75 477 480
358 430 663
129 530 542
618 123 91
137 536 986
153 697 872
241 381 409
523 613 986
449 722 876
627 553 282
243 735 521
593 617 886
125 534 692
3 845 627
733 134 93
19 61 383
804 387 440
641 361 37
129 445 796
275 556 805
565 211 614
231 777 92
81 216 191
348 81 35
415 425 365
261 681 446
640 365 519
205 541 269
291 627 852
507 127 882
695 241 126
525 502 865
96 418 312
6 272 250
838 29 301
25 26 955
451 511 864
169 151 157
443 339 812
61 451 950
31 51 600
281 95 839
273 103 928
425 114 626
155 388 972
289 633 111
540 142 187
109 376 917
698 588 23
193 243 802
243 518 717
612 693 92
205 397 490
29 79 584
807 87 374
737 729 462
198 267 294
201 304 602
64 121 483
73 757 284
781 622 480
41 466 803
357 575 466
651 456 997
6 135 106
301 23 380
845 609 137
39 107 471
129 307 131
95 416 239
246 367 938
42 17 414
545 17 828
478 817 877
255 597 912
458 609 584
61 133 757
725 79 603
273 363 680
205 209 986
609 421 819
279 257 487
439 169 209
665 27 679
173 53 435
458 461 955
21 625 656
53 271 383
159 767 372
794 225 433
521 279 66
49 263 513
129 380 252
777 612 943
637 688 195
415 453 816
22 45 276
667 809 65
89 305 262
393 678 256
625 149 187
211 659 165
657 713 892
653 719 309
565 289 12
241 321 291
199 340 36
37 361 322
137 662 613
185 536 660
564 275 153
648 303 92
81 497 568
37 189 121
633 478 434
803 209 324
171 93 429
754 55 519
397 363 347
393 411 119
36 80 877
296 170 349
201 767 284
170 9 157
207 263 810
681 760 625
545 453 597
561 401 717
111 425 890
79 87 351
225 403 793
773 816 208
383 744 589
675 279 515
123 649 186
256 286 351
849 483 260
33 529 8
601 748 767
435 547 681
556 319 260
781 763 368
220 321 595
49 273 519
480 720 666
251 226 764
665 643 464
112 204 64
441 706 606
854 581 120
5 415 161
782 699 777
703 705 746
209 305 794
519 173 60
606 389 701
5 725 953
596 233 702
404 749 365
396 688 875
25 385 672
30 411 311
471 145 754
212 661 504
336 405 51
394 301 399
106 290 738
645 619 33
162 532 336
180 153 986
91 825 483
122 393 788
515 638 576
34 456 346
405 67 400
722 588 334
163 664 166
672 338 506
435 773 276
460 638 220
61 392 258
429 407 136
847 28 219
197 555 242
745 225 571
139 691 241
17 41 223
293 537 908
511 235 637
369 457 556
252 401 596
222 113 246
23 685 5
712 243 53
352 641 74
777 788 607
415 806 442
178 276 460
342 345 872
435 329 634
219 84 659
753 128 216
703 14 463
202 158 46
208 252 593
227 633 744
2 16 371
189 433 384
24 429 778
595 290 470
540 319 752
63 196 392
47 192 832
741 119 472
108 392 50
543 179 181
296 546 599
241 133 195
797 101 506
819 288 827
18 178 973
215 285 105
126 135 795
827 689 568
703 230 925
212 781 714
675 281 591
402 797 256
631 712 788
305 811 869
525 831 320
1 165 211
151 255 307
275 73 716
673 145 896
359 39 143
623 433 502
711 169 243
411 653 713
487 740 295
689 249 867
329 409 809
285 11 682
741 277 462
111 116 931
721 653 569
505 76 587
262 551 43
497 556 737
812 598 193
301 276 550
734 581 782
625 759 229
651 200 794
829 846 871
305 369 360
26 127 126
357 649 465
204 260 46
78 610 476
695 463 269
176 516 333
669 689 219
25 1 603
25 48 11
4 118 541
435 812 876
617 584 47
99 132 649
393 537 54
817 195 41
44 242 479
761 335 454
355 830 708
100 143 761
801 546 594
447 311 317
243 780 395
190 398 170
407 119 57
811 169 543
123 279 802
125 21 903
352 79 385
729 597 829
633 702 601
99 502 143
224 65 920
213 214 957
27 81 505
541 166 87
375 389 569
513 736 226
573 453 86
201 393 110
471 153 431
161 572 161
251 82 772
601 746 403
121 714 8
73 778 535
305 257 922
601 730 374
531 621 125
611 654 219
115 130 384
819 248 591
684 705 232
177 442 905
69 248 454
748 203 546
784 59 235
574 269 236
341 12 622
437 394 18
194 856 523
565 359 354
368 793 35
414 550 332
311 449 332
85 461 426
45 466 66
461 698 271
806 728 121
191 312 151
839 767 895
515 753 945
595 757 95
486 220 802
774 321 525
605 553 384
711 768 555
769 421 820
61 75 120
5 49 139
543 49 206
1 351 494
546 784 84
749 695 681
533 380 102
594 419 768
80 378 775
272 609 866
853 801 369
689 265 688
33 487 281
775 77 255
393 425 369
206 589 540
480 491 137
74 563 568
579 619 458
397 295 193
153 199 411
137 57 58
371 153 998
103 769 696
553 20 58
44 251 79
555 339 779
325 266 636
85 417 944
81 313 630
105 222 500
401 804 317
463 627 455
807 757 167
438 761 474
616 356 271
346 442 85
21 370 444
323 376 211
115 57 134
283 135 924
801 9 691
54 329 32
732 124 429
335 165 443
301 798 879
61 273 375
701 341 279
477 55 477
262 741 385
693 161 940
321 773 579
104 384 834
454 233 815
345 375 348
677 529 667
777 597 404
826 833 273
407 169 447
643 189 19
745 438 208
277 717 862
839 422 937
6 17 999
717 623 264
39 606 697
334 1 464
57 415 196
289 113 699
627 701 202
732 359 848
16 244 389
231 293 996
73 354 984
509 339 579
450 48 646
127 271 798
189 657 63
526 651 274
25 169 622
70 254 159
1 488 727
537 494 205
367 503 557
21 72 661
546 676 817
733 687 601
175 189 28
1 409 295
493 585 696
249 725 845
354 414 967
41 167 524
136 730 705
211 833 239
1 32 991
224 236 415
694 601 375
680 361 493
376 421 573
65 417 265
593 263 180
397 571 581
233 335 73
475 539 616
407 619 118
10 748 147
186 281 179
115 492 72
314 581 884
53 62 81
174 228 772
435 755 817
524 87 940
797 207 458
605 597 759
500 623 248
217 713 243
465 699 466
488 115 898
109 760 622
374 813 923
536 135 498
505 414 148
441 837 132
221 817 689
214 789 63
661 706 578
597 87 309
734 61 250
151 401 655
199 574 360
498 153 157
81 167 513
430 560 262
3 441 885
780 788 943
849 257 870
121 116 651
431 838 528
813 662 20
236 548 329
593 69 93
841 326 93
189 587 616
337 518 779
574 709 687
846 365 472
181 649 983
645 603 179
847 303 934
537 769 552
48 53 808
289 514 933
312 74 716
401 91 890
239 265 303
233 7 254
1 36 345
608 489 199
297 705 875
235 832 780
21 26 831
137 497 172
301 709 778
287 437 238
421 534 24
542 625 678
403 87 664
436 796 423
10 93 791
661 606 846
505 829 427
747 217 286
377 444 887
371 721 101
418 101 252
842 337 405
193 409 662
457 361 640
63 45 286
166 521 618
534 25 279
269 343 423
2 212 807
787 413 115
433 717 586
657 593 175
373 608 338
687 699 742
36 793 303
689 623 450
125 147 576
489 786 829
444 123 679
389 32 283
65 213 563
803 805 303
632 183 278
225 555 461
71 232 1000
274 675 369
41 27 46
151 490 945
207 740 111
166 146 555
53 399 321
28 513 470
585 23 954
747 615 383
465 737 931
320 832 862
288 502 606
259 543 459
409 455 54
343 9 99
24 114 105
809 567 261
93 771 980
51 117 642
431 395 571
614 630 404
246 628 436
163 242 83
629 794 405
37 657 667
73 396 640
488 41 619
353 293 977
397 145 558
649 85 720
481 235 402
785 600 703
1 5 702
712 649 678
766 571 292
333 223 921
444 45 837
21 309 536
495 29 32
387 521 480
298 145 686
463 8 826
763 281 395
733 137 426
507 509 505
163 111 95
633 385 323
537 203 719
49 111 570
238 189 548
225 828 587
289 542 366
255 449 396
712 817 525
555 582 7
50 33 888
106 614 969
133 45 935
137 793 765
791 747 519
538 171 762
405 577 326
550 651 823
547 113 53
65 41 827
809 417 729
699 289 10
159 200 738
121 849 743
657 485 952
721 355 772
761 108 121
61 164 695
217 178 461
841 350 152
42 1 259
458 464 470
141 320 517
707 227 998
53 215 198
131 143 649
301 265 724
677 537 960
637 541 120
385 823 782
13 187 631
638 1 287
673 37 80
685 834 818
153 301 569
332 632 961
392 109 716
655 547 579
129 284 353
270 348 202
71 296 866
421 289 551
221 395 22
831 823 878
787 401 473
715 640 788
295 539 272
274 19 834
265 662 698
663 761 194
255 137 728
760 583 699
423 537 648
197 496 969
441 581 720
451 842 178
61 169 619
175 360 509
483 577 722
329 641 369
215 448 259
343 440 530
220 471 99
201 507 143
337 666 567
825 179 703
157 50 326
469 392 104
118 328 129
65 77 579
821 493 338
319 853 175
245 9 486
594 805 89
440 580 161
111 393 332
643 792 68
81 83 395
9 696 480
821 173 516
350 257 564
639 352 375
121 339 302
82 311 264
782 137 170
793 855 527
795 734 381
537 645 79
221 497 594
7 391 569
223 508 537
291 300 79
75 417 241
390 838 516
355 457 551
249 108 953
385 128 470
577 537 517
477 645 770
556 681 747
49 609 348
810 521 240
6 34 102
297 180 533
163 259 790
49 781 64
713 553 534
433 483 465
777 573 497
212 856 892
752 55 840
177 407 274
373 216 602
768 276 836
202 223 641
443 743 726
666 257 430
777 201 574
804 493 461
189 839 68
79 33 265
505 329 653
855 345 947
201 334 9
171 781 556
148 234 520
771 737 893
471 745 249
613 544 436
743 800 563
715 697 249
9 798 100
225 757 996
308 729 944
62 293 746
485 795 223
461 117 184
637 709 503
393 431 307
118 148 24
809 341 765
17 23 514
173 40 899
185 528 719
820 706 230
343 831 581
449 337 981
63 199 623
735 794 67
735 813 446
382 104 202
204 377 672
425 675 305
700 409 992
529 504 507
693 800 736
1 524 724
211 785 231
353 513 312
385 528 723
3 4 648
828 232 547
83 522 892
345 761 27
28 81 727
477 399 981
538 581 651
625 777 349
57 615 608
313 665 838
136 634 428
617 249 415
210 674 909
186 447 400
177 720 483
625 761 620
47 634 391
495 693 20
99 455 341
21 510 148
291 613 750
113 217 385
841 433 125
621 455 573
29 633 919
289 339 222
196 669 559
210 209 493
808 833 298
529 293 243
121 19 277
720 679 219
433 31 817
236 274 583
12 268 607
18 451 50
605 5 225
657 153 546
452 401 481
283 393 171
254 713 532
229 217 912
417 629 628
821 466 697
285 795 997
83 187 600
602 305 703
649 513 900
353 131 566
257 53 971
785 673 521
467 307 152
753 504 179
92 149 539
669 435 35
493 643 608
103 282 841
556 473 388
453 252 222
119 246 168
234 333 861
449 529 56
670 689 536
553 617 740
431 847 187
133 732 191
33 593 86
189 285 348
42 284 206
216 713 742
452 477 181
157 280 106
369 736 957
566 261 969
537 51 416
768 641 588
329 821 127
709 740 65
802 131 947
285 7 639
482 347 762
9 86 655
26 262 104
31 103 140
57 185 87
569 616 965
320 524 18
43 533 773
799 605 338
225 641 938
827 257 397
297 537 306
61 322 28
201 193 76
302 792 120
538 355 444
648 687 532
171 229 297
762 121 800
449 103 755
189 283 418
115 531 575
605 845 976
469 676 726
229 278 414
701 698 663
76 138 87
110 841 462
213 230 429
205 502 656
489 800 886
237 609 75
643 427 520
177 533 702
693 401 450
391 791 275
479 161 235
19 95 623
1 469 439
519 69 217
649 625 210
109 793 728
81 117 769
349 469 110
154 307 443
315 710 616
52 803 341
641 194 647
835 202 158
449 479 232
196 645 3
207 254 761
470 100 639
208 670 961
291 749 373
829 601 759
794 689 969
735 306 52
186 227 712
469 565 347
817 585 64
583 349 138
611 515 474
201 665 599
141 459 912
289 506 148
505 177 705
465 389 376
833 13 419
755 113 380
577 557 947
809 535 248
127 358 784
336 507 20
284 44 800
44 1 436
641 490 785
405 313 896
435 330 792
86 371 818
259 405 903
228 346 737
771 665 728
35 605 513
757 305 679
521 218 721
2 215 161
73 537 90
345 771 216
60 734 602
369 465 148
343 483 930
769 343 227
388 604 184
593 683 943
537 122 762
197 701 539
60 265 434
189 801 792
837 401 917
485 739 463
37 85 10
617 429 470
293 295 328
477 662 922
741 287 482
161 338 736
192 389 799
773 105 761
581 585 40
605 627 346
49 655 586
847 483 135
137 306 954
161 579 792
425 276 814
361 18 379
8 78 579
216 276 409
209 371 762
655 269 281
149 252 183
100 144 29
795 353 553
339 843 139
169 598 371
113 593 809
127 641 268
525 421 537
38 90 408
143 609 419
1 14 30
841 147 225
517 121 193
801 807 219
656 770 78
44 67 16
771 191 189
805 793 604
667 303 369
476 429 111
521 681 80
25 559 160
795 805 733
543 739 753
256 535 436
5 369 791
241 454 122
765 297 612
777 189 171
558 513 468
403 238 971
459 345 821
64 382 73
531 836 773
353 58 213
151 97 57
115 317 185
585 125 868
170 490 979
853 150 571
51 99 325
456 616 73
31 317 501
1 447 592
577 617 516
21 235 684
329 201 272
109 570 988
269 368 622
461 172 211
552 603 971
147 78 606
193 365 953
417 1 671
472 66 200
37 253 188
276 300 139
248 804 104
113 533 555
207 685 280
248 421 35
603 849 971
606 177 71
141 197 26
854 169 957
473 641 579
355 341 567
628 817 266
736 473 17
57 577 197
425 25 913
526 792 836
707 740 844
291 593 22
687 811 775
284 429 483
601 801 470
611 670 639
216 486 843
853 624 293
573 65 667
1 13 147
114 294 90
249 270 47
200 211 504
801 285 595
633 419 82
64 753 403
251 587 428
851 56 890
229 201 882
198 339 320
403 85 617
160 430 830
405 715 573
794 293 616
362 491 924
186 298 425
566 9 923
153 55 85
641 477 163
574 609 155
77 499 243
142 421 62
849 82 32
265 401 317
365 263 951
489 694 849
363 771 455
249 787 138
734 798 879
456 618 917
481 825 617
93 122 783
289 805 863
625 837 268
458 699 484
108 413 934
385 825 631
50 98 891
9 21 71
379 479 89
76 257 533
149 519 696
218 373 268
523 766 240
169 201 141
437 539 841
712 812 471
107 65 75
49 337 249
319 802 862
195 641 827
246 264 381
324 321 301
21 485 506
331 381 362
635 110 789
369 619 785
63 480 672
33 68 775
209 40 516
437 353 624
71 93 376
529 5 173
701 650 269
479 725 86
545 489 134
5 21 547
610 474 966
392 422 256
844 283 677
282 207 246
87 489 425
108 404 591
97 425 406
229 553 247
652 485 677
204 795 600
149 821 484
93 745 500
733 249 68
33 469 170
645 695 977
7 33 118
371 58 797
125 134 572
373 577 959
238 199 714
45 498 51
518 843 690
535 525 965
513 475 641
187 173 389
49 433 479
453 112 719
131 421 440
503 558 538
317 413 211
689 785 539
338 405 258
581 457 254
709 801 522
195 206 316
278 48 534
430 536 399
490 740 798
90 133 479
509 579 718
701 338 898
425 409 928
193 417 858
474 729 320
781 699 730
529 195 963
280 781 843
321 811 53
185 328 606
233 611 700
185 825 744
357 38 372
741 259 496
1 54 734
73 152 771
627 498 171
204 246 655
781 757 1000
853 831 524
629 331 929
318 457 305
307 361 344
1 6 412
561 505 84
633 56 641
487 145 149
380 389 896
386 23 923
81 89 296
28 702 549
738 697 975
511 71 751
821 818 941
166 304 259
247 566 810
744 401 645
31 619 164
405 545 565
135 339 900
107 61 553
133 420 290
236 502 484
269 321 711
136 679 29
637 380 300
729 221 643
153 74 166
561 3 389
521 321 493
581 529 902
365 441 903
92 250 559
293 345 65
221 316 251
821 94 711
403 569 403
321 832 251
372 209 16
651 25 35
689 652 809
209 421 183
47 129 897
409 677 984
223 504 324
130 378 126
705 109 885
152 734 714
5 18 599
112 344 256
707 747 568
234 308 624
220 829 447
164 429 615
65 769 878
89 207 246
289 125 782
825 50 418
639 196 796
502 643 257
469 361 225
321 88 363
317 451 52
183 89 498
737 849 655
101 229 95
276 18 350
236 406 424
11 60 494
574 657 490
167 701 154
521 196 883
720 449 993
738 193 905
681 297 553
505 267 629
27 629 319
633 1 54
230 840 254
841 293 479
52 460 707
415 273 675
737 141 221
209 489 519
287 205 469
131 291 627
773 670 996
409 253 264
796 215 136
605 748 589
631 725 233
781 817 182
76 525 514
567 635 6
41 465 477
57 481 480
445 19 947
595 285 452
29 75 719
341 342 572
187 33 545
317 101 45
591 121 754
251 306 120
245 809 681
127 513 91
365 659 881
41 696 63
398 344 525
389 334 607
29 784 969
448 630 543
267 417 905
725 764 868
41 32 427
797 21 122
117 465 261
200 256 653
529 310 103
373 806 212
86 13 1000
162 173 330
708 784 645
805 209 110
281 210 999
665 255 447
331 733 359
329 691 556
437 419 572
697 233 976
691 625 91
328 848 209
131 853 651
1 242 882
721 431 162
85 519 959
219 187 488
3 297 150
537 773 903
256 364 472
108 634 639
25 97 948
559 600 790
295 449 876
133 145 531
318 427 65
605 294 748
237 650 1000
189 665 369
215 854 303
517 79 625
251 279 66
31 779 691
51 726 943
601 445 384
267 400 241
441 216 330
415 714 987
257 545 36
84 121 959
638 308 74
71 288 287
521 203 853
57 153 416
780 673 812
345 827 253
185 481 881
253 415 144
22 30 433
620 624 274
32 438 297
16 46 72
105 336 262
238 529 521
813 581 634
370 772 980
97 541 333
83 207 278
264 417 400
403 594 753
323 1 247
659 120 464
785 839 142
59 259 337
161 247 934
613 753 508
671 855 455
61 586 808
602 414 60
809 143 213
360 376 2
787 845 458
687 821 401
713 729 786
595 493 51
839 644 309
198 678 935
414 637 687
821 103 567
184 569 948
19 349 942
1 844 434
355 337 398
702 561 108
581 525 902
129 717 53
276 609 572
27 839 886
13 277 462
187 763 297
817 490 258
12 310 10
313 177 255
652 783 310
681 29 390
689 769 64
600 740 855
113 19 889
199 525 520
287 265 72
198 394 650
697 774 991
804 105 908
469 245 350
401 305 910
327 544 657
607 769 388
163 285 33
341 379 831
95 9 995
441 237 37
161 360 178
375 569 847
387 470 383
385 429 195
46 543 861
351 57 973
25 397 551
669 369 835
445 393 159
721 681 478
388 521 698
321 487 850
73 756 433
338 523 658
379 591 293
502 217 262
627 545 819
565 449 992
594 774 728
489 122 899
201 618 329
113 152 470
131 157 468
763 337 561
3 11 465
353 167 362
843 231 863
369 785 219
835 267 765
31 469 221
313 89 272
493 757 261
200 537 171
641 57 388
657 285 656
367 377 336
605 429 641
851 142 796
789 705 303
125 453 806
811 661 893
785 698 346
657 161 834
620 829 362
691 77 714
246 685 628
58 389 145
296 494 807
265 765 705
457 397 285
209 381 450
61 657 565
451 12 903
363 529 791
195 341 74
643 379 924
411 548 163
806 195 926
135 785 151
142 269 560
141 589 714
674 643 729
314 350 891
449 831 367
411 45 796
657 463 208
65 612 568
585 73 123
115 523 787
697 241 598
509 809 878
5 55 27
377 232 715
312 810 437
113 448 841
183 758 636
732 329 577
321 426 244
629 169 882
285 461 231
549 647 355
281 801 82
1 412 263
705 351 151
249 413 152
769 133 794
265 241 519
73 582 116
99 393 336
599 446 177
427 335 45
185 797 80
596 177 118
393 481 887
103 465 508
34 845 637
642 231 451
138 194 359
509 784 216
701 593 516
134 443 673
57 361 512
227 665 128
298 475 196
7 20 783
782 276 529
710 325 638
75 661 171
291 326 778
193 49 490
152 163 800
717 473 895
77 93 936
459 831 138
585 789 154
175 173 943
201 685 463
287 690 566
709 281 794
645 787 412
114 665 407
545 513 94
47 176 856
13 329 106
241 816 249
150 105 132
369 380 59
554 679 512
686 146 69
143 334 298
377 513 479
20 195 130
64 390 701
185 709 577
502 517 184
65 667 167
188 17 784
641 465 806
658 79 921
167 609 121
550 680 102
305 128 258
811 707 477
17 65 317
773 84 143
287 85 613
721 5 891
665 513 885
789 575 255
659 99 98
787 735 172
41 365 246
701 447 331
1 805 65
788 89 670
512 145 620
271 408 409
245 270 809
394 303 763
281 181 587
794 145 110
385 329 888
377 825 15
363 257 238
208 161 308
63 171 738
281 113 460
481 301 948
791 381 939
56 403 857
50 97 172
203 715 297
397 105 368
203 745 344
577 582 771
579 231 171
312 369 205
693 361 74
369 662 24
33 43 577
569 171 980
855 481 289
623 249 207
423 828 205
25 389 593
596 264 883
89 96 360
217 409 262
337 649 931
683 258 167
169 315 119
505 193 615
149 567 569
521 652 400
34 40 266
287 332 766
188 652 958
263 641 848
480 246 651
585 753 707
633 217 999
19 283 679
50 56 651
652 81 166
318 419 424
825 313 452
105 841 821
722 108 287
534 780 880
585 163 494
513 554 886
245 515 274
803 729 118
347 257 945
512 453 734
36 105 33
117 114 209
341 802 747
413 435 576
442 830 327
399 743 179
845 257 364
180 64 907
313 703 503
85 479 971
478 371 509
165 22 453
492 766 299
261 768 150
517 631 665
777 289 731
427 69 767
737 265 247
466 546 675
566 803 400
201 267 851
667 487 151
167 257 191
522 100 50
29 559 652
229 786 459
789 341 251
536 705 587
753 237 891
617 738 183
329 761 776
457 396 870
285 713 630
695 41 729
317 554 264
506 669 751
782 563 765
730 206 549
665 219 462
366 641 190
809 778 318
229 592 370
353 321 298
465 193 580
96 609 78
711 856 411
584 353 852
429 529 959
37 82 605
208 477 496
719 749 653
109 266 242
307 473 132
45 254 459
204 285 77
368 505 159
195 770 409
645 622 763
55 118 131
143 548 23
546 766 994
533 157 718
293 523 399
1 29 12
497 446 55
48 142 231
57 435 445
641 673 99
95 806 185
96 316 469
731 805 430
449 807 309
412 175 279
170 779 354
517 241 255
823 658 431
643 131 1000
88 787 302
677 576 981
231 841 872
239 769 857
183 319 91
577 757 829
71 369 783
653 850 445
67 169 292
406 672 533
807 691 133
365 317 856
193 577 145
316 721 326
331 642 868
118 343 809
113 643 300
409 326 340
738 793 839
769 243 520
761 733 326
454 592 708
469 569 617
359 463 851
333 226 396
315 609 144
323 603 890
17 114 765
676 529 42
89 100 275
771 351 572
271 469 616
133 209 413
289 293 528
669 174 291
633 145 314
1 841 909
157 495 823
49 657 409
456 280 881
132 121 623
20 24 887
747 89 235
602 65 450
250 841 489
427 657 434
662 273 579
1 238 217
128 855 534
344 673 26
19 150 312
1 2 394
288 849 156
357 527 878
549 581 80
629 279 682
144 602 819
350 353 384
202 831 838
653 29 307
793 553 84
524 545 659
289 402 350
601 111 137
278 549 368
509 149 876
489 727 316
730 613 924
527 117 356
295 845 664
53 159 286
278 717 189
369 697 457
111 188 373
334 586 13
47 495 802
281 177 210
42 261 458
7 146 393
321 695 755
295 775 59
247 532 796
396 737 671
16 63 203
79 342 394
17 293 186
726 419 46
1 172 256
4 803 261
846 841 838
755 215 340
641 331 597
112 638 659
239 375 114
813 698 892
237 785 429
131 293 819
265 753 314
305 467 328
49 191 790
393 585 373
13 215 786
569 289 364
780 313 774
460 778 832
511 713 132
222 362 293
759 141 679
261 393 255
209 233 810
233 244 328
486 605 618
193 33 545
15 113 890
652 695 441
21 429 629
527 621 244
531 229 269
9 364 855
541 721 804
625 437 272
780 645 101
58 783 863
343 593 480
433 745 481
33 177 754
607 707 108
511 729 12
135 461 451
305 313 39
95 663 992
141 564 172
259 265 428
424 372 27
177 273 371
453 141 696
373 89 813
234 9 212
277 701 184
429 413 5
545 340 102
777 116 305
162 843 186
289 622 654
561 645 690
753 293 458
461 697 423
318 185 510
777 501 442
466 359 169
849 761 626
577 166 216
377 322 436
406 820 673
776 833 157
408 195 957
378 117 793
579 785 98
579 713 689
225 301 64
485 473 980
339 396 152
481 505 253
328 489 488
721 295 523
337 508 636
274 354 819
553 186 672
617 296 501
7 52 565
301 501 77
1 432 861
781 137 760
317 322 168
191 681 546
473 761 369
711 219 228
166 181 555
856 715 705
497 651 840
64 357 254
516 451 336
257 286 261
841 849 37
308 352 368
849 373 960
74 94 253
735 161 189
365 410 369
89 17 73
597 147 108
573 441 421
216 83 155
137 589 661
780 651 335
726 372 308
385 636 190
317 793 264
553 833 1000
497 549 76
717 621 25
516 75 52
128 737 641
529 671 484
721 201 768
279 541 26
447 57 773
448 619 927
731 241 921
337 593 142
425 708 652
59 189 770
38 42 480
763 767 626
78 634 444
139 325 468
74 29 713
847 407 275
334 597 462
801 221 489
715 805 515
354 30 11
361 41 616
811 787 572
389 691 752
677 731 479
780 377 745
593 83 363
315 765 494
849 431 969
61 739 988
345 845 936
17 84 547
313 560 437
489 465 831
397 396 266
631 801 200
465 273 916
733 663 9
403 659 146
617 526 563
532 567 86
393 513 911
67 131 607
393 293 447
385 29 301
1 288 639
335 434 368
19 129 148
469 669 837
775 95 378
660 295 328
49 220 69
289 450 650
714 781 248
469 129 665
236 745 583
10 28 429
473 609 274
477 41 536
463 425 28
367 441 218
93 521 638
393 771 940
417 319 260
16 481 395
102 681 878
587 671 757
536 233 656
157 425 278
503 649 179
434 827 500
653 179 980
1 22 161
383 307 413
22 119 815
97 377 18
575 535 30
577 571 89
785 221 249
1 598 381
635 200 772
1 9 874
99 519 334
391 369 399
480 479 136
645 143 821
801 630 501
723 701 488
561 744 237
605 233 989
245 485 870
847 661 920
233 468 882
245 97 584
506 678 429
468 193 387
242 515 501
320 829 299
657 213 661
201 208 272
677 97 961
57 259 991
418 685 121
31 59 29
810 161 46
134 153 366
160 657 11
1 8 583
676 99 885
209 137 823
108 125 282
256 658 153
54 715 110
513 788 106
5 158 289
361 441 404
688 723 18
104 25 931
1 146 541
6 361 339
175 675 535
398 477 241
125 473 561
157 737 826
698 474 238
477 241 245
806 651 401
119 249 183
267 390 243
41 113 889
77 433 841
97 177 712
475 107 220
249 251 931
159 503 797
477 799 596
10 831 329
722 49 264
133 658 973
499 511 65
784 267 350
208 488 649
73 424 294
651 495 233
621 720 789
649 131 511
381 626 135
21 183 516
558 697 255
531 540 955
246 697 900
385 854 40
91 160 863
353 81 664
639 617 964
681 732 936
173 478 969
721 529 820
559 843 510
567 764 935
364 451 9
793 397 726
755 89 313
697 481 173
575 359 714
353 345 268
337 729 970
391 177 602
370 63 502
281 57 877
66 88 632
335 397 920
808 330 309
49 17 154
50 564 766
153 97 424
582 333 654
125 481 807
453 743 966
593 447 697
608 521 210
761 79 55
247 277 350
696 593 527
141 145 667
656 724 169
337 141 588
156 701 969
401 261 167
491 514 287
141 231 69
157 572 960
605 565 98
818 637 168
567 505 253
296 49 384
508 609 510
211 653 52
217 629 740
357 265 997
527 617 962
601 777 261
359 757 76
466 578 132
665 745 57
170 277 711
607 145 839
167 685 559
481 339 455
137 225 993
417 437 34
297 310 439
756 782 653
91 95 170
305 273 318
65 524 764
123 156 298
63 625 952
113 673 100
51 711 177
365 487 327
404 782 407
713 508 42
426 505 608
61 797 712
38 596 855
177 729 990
453 23 602
107 741 81
460 425 115
175 180 864
705 767 763
402 101 16
353 325 750
301 387 549
188 641 219
41 657 293
7 64 469
65 587 308
43 557 502
347 453 848
753 169 349
685 181 749
201 81 768
436 457 759
298 496 22
53 820 889
432 173 749
149 629 14
529 243 489
527 369 322
153 239 342
192 104 353
5 101 724
350 7 55
82 192 258
308 241 962
777 225 709
552 431 12
352 623 618
506 650 306
507 369 70
322 639 754
495 573 913
266 492 874
1 3 961
411 701 452
17 193 228
345 742 122
659 468 363
589 599 622
305 755 149
144 222 396
837 40 438
116 150 675
657 503 240
201 715 112
543 489 114
578 21 803
459 203 511
233 705 981
827 131 536
683 582 233
305 701 778
741 207 552
586 57 560
368 428 386
724 80 322
419 689 862
85 530 932
296 522 960
650 293 755
670 453 470
286 583 309
646 648 479
731 211 490
805 670 653
39 829 791
361 519 343
499 568 739
225 646 57
813 198 105
2 102 891
82 249 428
241 275 567
766 573 103
385 117 533
2 324 942
331 363 699
387 826 731
79 509 457
139 741 110
213 233 267
139 762 132
493 760 969
705 245 330
403 643 640
277 76 21
617 669 972
343 681 243
53 529 336
350 577 7
68 828 634
489 266 864
817 545 266
385 569 8
680 515 763
221 643 570
385 541 378
174 198 420
188 137 933
1 681 863
32 44 16
79 663 193
20 755 879
191 409 296
509 265 738
241 753 467
671 77 200
337 853 491
730 89 915
559 580 939
193 482 904
436 521 636
333 183 851
677 733 597
30 63 819
627 595 373
153 20 738
98 579 992
18 663 404
679 39 493
594 21 212
421 401 699
155 91 989
101 551 329
209 189 791
465 668 123
314 330 988
521 385 261
358 257 979
217 369 308
259 523 93
448 787 241
22 462 323
459 716 901
417 278 4
209 353 743
601 537 190
476 154 936
350 561 709
333 307 39
129 633 562
439 486 584
477 274 853
15 91 212
211 319 615
451 653 531
246 725 233
411 105 816
176 450 374
257 472 140
338 121 930
433 586 580
73 595 224
36 198 55
367 492 137
329 569 66
22 127 549
405 185 393
13 676 191
746 680 699
721 155 291
292 169 196
222 750 849
680 41 46
521 585 709
181 637 289
528 533 345
173 211 790
164 455 110
9 481 198
745 57 250
691 97 265
345 441 846
141 259 295
186 240 670
319 622 992
221 463 348
393 457 816
514 467 813
169 233 98
320 366 482
48 110 914
845 750 455
105 479 38
138 327 13
248 27 401
749 249 346
552 277 522
607 42 450
395 782 334
126 141 65
539 373 54
170 632 57
631 501 107
617 759 381
476 682 983
121 731 311
4 76 195
221 517 633
250 144 488
213 467 593
196 372 219
73 495 170
661 97 382
9 198 382
13 29 480
783 704 377
37 521 160
668 854 746
679 499 616
625 161 319
652 687 187
273 114 401
39 565 544
747 23 541
673 53 435
200 478 127
79 284 347
154 182 40
637 147 674
5 37 812
520 659 249
65 567 961
633 9 527
41 161 925
261 653 344
433 563 28
600 199 288
815 369 672
97 209 239
62 452 257
679 597 922
45 785 638
205 434 250
721 342 970
117 681 134
141 153 188
297 159 332
342 408 651
499 563 933
3 89 411
29 214 375
573 435 669
157 13 586
149 70 879
527 449 41
88 139 403
205 754 371
241 97 18
13 37 783
165 626 798
36 537 31
15 11 357
538 834 218
8 449 884
132 735 348
809 853 452
288 733 494
33 313 285
339 737 727
500 286 742
13 154 823
65 277 263
87 369 205
8 73 152
18 779 820
107 25 309
539 75 794
213 232 692
73 637 821
89 204 826
171 487 557
394 229 851
121 89 819
713 243 933
442 366 327
511 765 68
596 738 196
649 635 915
441 247 475
129 35 46
323 3 879
84 612 359
449 17 634
145 205 215
25 782 103
231 139 497
217 712 782
257 87 96
205 405 422
128 505 802
443 67 598
43 538 876
148 170 131
213 681 352
329 562 483
789 474 948
349 665 742
418 694 1
99 17 169
133 162 725
94 481 700
454 765 894
241 385 312
761 501 480
254 817 956
37 518 342
609 47 973
587 192 525
660 776 584
361 103 608
171 429 409
481 799 477
401 679 88
292 850 614
629 435 53
806 729 920
644 633 548
703 150 118
671 137 123
352 95 228
340 856 277
737 169 387
725 187 731
56 74 836
632 1 125
585 796 882
113 180 934
115 436 745
361 165 109
157 418 18
770 105 596
348 765 525
193 816 505
201 131 500
169 743 506
638 803 619
185 669 73
576 701 280
761 647 620
267 763 218
7 39 559
457 237 666
233 649 865
577 294 484
381 604 143
7 833 612
271 731 393
199 709 415
94 645 979
85 181 723
350 584 695
3 49 119
185 314 486
389 576 1
277 303 486
787 795 791
261 562 552
124 161 866
33 240 764
78 386 169
403 138 294
22 385 487
85 165 944
651 407 738
166 769 551
260 809 949
421 269 482
357 19 495
379 103 740
595 719 288
386 269 894
334 75 516
148 108 257
366 593 931
761 774 568
198 89 144
584 157 60
199 239 559
765 772 286
430 258 46
785 385 602
85 801 942
321 175 855
489 196 949
841 608 761
13 161 765
673 682 755
139 549 315
380 694 938
184 365 975
107 702 215
17 567 750
11 301 954
335 135 690
255 390 612
318 469 415
727 397 935
374 735 198
429 616 612
577 657 240
90 704 808
1 818 64
369 583 952
362 321 199
849 155 595
89 229 902
483 543 272
232 625 443
327 528 135
120 485 816
49 819 898
322 739 570
449 798 403
69 33 63
35 579 992
13 583 806
585 685 93
217 233 954
513 275 962
277 617 389
525 754 591
241 285 535
538 106 557
325 250 926
271 301 25
414 195 69
809 7 531
449 128 12
604 478 534
681 188 864
10 15 298
763 657 894
417 33 409
738 206 462
640 775 483
409 113 448
2 512 273
326 845 734
114 82 764
465 401 270
609 329 944
665 366 902
435 1 927
345 818 145
122 693 153
131 666 30
365 57 524
746 610 681
695 105 755
425 742 1
179 666 60
733 692 399
113 258 600
273 705 528
385 662 91
481 44 41
481 285 725
118 175 218
797 31 163
566 770 394
59 789 9
1 253 218
129 503 976
721 852 402
113 23 957
97 204 492
221 775 707
299 97 855
296 380 769
106 116 237
593 845 862
781 607 424
65 333 347
361 733 490
537 489 598
673 97 338
372 723 401
17 25 441
324 593 902
610 213 473
425 217 299
385 621 492
49 831 535
574 676 140
819 641 835
729 193 595
851 33 152
153 179 347
129 171 554
66 848 890
85 193 501
75 99 830
429 537 800
405 281 188
240 29 113
230 235 617
141 487 145
53 115 319
381 761 375
647 552 416
113 165 344
207 617 878
342 777 414
839 707 607
721 220 484
691 446 411
99 161 672
95 769 123
154 190 478
699 413 554
585 687 608
36 557 988
237 299 563
444 465 173
52 331 404
253 414 809
501 173 949
305 186 29
55 668 102
191 355 998
520 695 292
435 845 994
355 483 71
215 345 996
169 143 129
355 397 359
393 259 204
181 677 296
126 241 951
841 850 267
563 833 770
739 256 533
838 715 41
369 649 781
603 833 300
459 829 430
67 258 775
25 707 651
641 763 439
473 21 879
123 557 497
605 117 280
808 313 155
497 527 935
93 566 662
337 591 945
351 476 216
290 524 14
793 305 373
581 607 783
775 6 340
677 382 58
709 289 1000
557 249 593
729 404 928
855 183 975
374 763 1000
393 743 971
6 12 780
14 221 104
802 793 630
737 626 814
144 718 705
200 374 15
396 749 684
80 729 725
226 526 432
137 337 407
845 385 923
845 653 353
481 111 720
298 3 390
325 655 352
730 356 189
847 283 86
821 805 933
17 701 993
133 639 864
829 165 48
669 477 765
169 357 323
844 700 464
102 128 290
83 155 496
230 299 22
64 683 910
189 617 659
25 247 254
521 691 196
45 649 921
497 396 398
575 66 611
152 359 721
285 515 595
5 7 526
518 131 78
138 186 876
657 794 146
43 837 753
33 57 962
666 679 913
729 125 816
17 109 868
548 803 849
631 844 718
332 137 505
37 465 978
429 719 506
729 693 236
70 112 143
57 817 513
355 654 482
45 289 792
537 67 335
302 321 412
577 677 187
791 137 982
833 91 321
189 491 382
429 702 730
62 646 283
565 781 761
643 521 652
681 49 294
622 841 44
245 741 401
304 33 108
65 488 342
301 473 5
92 126 136
205 224 236
395 625 423
241 809 7
49 329 495
545 281 768
381 443 853
809 211 51
305 599 109
770 191 437
189 475 82
3 120 352
808 74 151
587 606 752
587 700 988
537 345 559
762 840 318
465 719 195
409 184 913
125 137 785
281 311 359
211 123 749
74 106 702
195 743 608
492 72 701
393 631 163
400 306 536
11 35 699
174 542 181
358 457 859
828 841 836
35 696 237
527 785 443
78 782 886
159 354 23
383 19 754
43 593 3
135 41 833
275 361 407
597 840 588
581 423 539
549 813 100
385 740 999
76 199 581
115 202 415
81 91 437
150 474 515
229 821 180
687 689 988
387 341 159
444 282 361
479 850 619
87 114 715
466 631 938
565 73 878
401 302 300
58 168 606
849 746 584
28 136 626
103 292 70
147 175 37
437 391 717
633 102 993
175 447 520
475 509 471
721 35 740
794 169 905
81 115 979
275 187 106
457 761 12
13 323 922
325 727 349
179 349 988
377 724 638
143 817 499
309 161 446
153 237 616
566 765 774
520 767 699
179 203 996
532 694 578
359 634 857
616 93 126
201 153 951
785 41 234
590 275 663
556 736 372
836 623 267
781 644 998
705 706 601
436 494 760
312 685 818
117 219 230
631 154 154
55 636 653
391 256 585
321 791 283
265 855 866
539 662 114
370 431 792
432 246 729
125 355 781
723 693 212
640 209 133
133 504 306
611 44 750
380 529 731
371 671 751
12 184 593
536 759 498
417 421 584
441 497 126
419 693 977
409 761 873
737 697 707
668 249 530
358 715 919
521 119 166
687 157 703
562 444 201
280 7 56
769 153 929
85 671 40
137 341 889
518 397 176
685 387 169
17 425 62
166 601 942
141 137 593
397 493 362
429 749 606
340 157 583
482 721 953
303 259 150
149 839 503
765 200 522
23 11 999
607 823 168
154 471 749
568 627 581
391 343 339
651 149 876
729 301 619
621 744 471
163 841 730
779 201 820
252 583 511
362 742 388
341 1 928
100 750 223
685 513 797
679 753 573
463 444 613
137 147 315
337 168 474
257 665 508
102 765 448
1 595 296
445 421 874
693 10 885
710 609 777
725 715 358
296 500 238
393 247 23
200 836 13
236 698 659
343 568 422
17 549 879
204 814 229
303 373 656
545 486 515
655 311 303
702 833 5
163 291 705
312 185 660
557 807 716
211 318 39
677 643 344
442 9 850
205 334 835
509 2 575
236 446 140
21 761 987
631 847 637
116 124 159
13 58 540
73 30 976
637 311 182
739 229 773
429 223 598
643 684 146
11 108 485
57 178 863
559 408 17
705 423 778
41 744 64
740 1 303
266 265 380
73 217 5
340 587 346
108 801 816
419 737 6
593 376 895
245 424 565
289 849 899
569 1 316
137 281 968
26 248 323
171 621 762
773 421 122
477 629 945
676 244 466
235 815 332
691 271 753
2 453 12
210 424 427
225 481 842
337 117 411
93 210 366
7 675 701
19 402 38
185 161 670
497 316 345
87 241 598
77 104 538
493 790 530
677 164 896
310 173 940
804 44 371
750 390 915
563 699 694
847 125 850
345 483 234
180 97 46
33 825 665
661 665 295
853 709 483
351 292 568
634 673 212
834 296 539
621 97 411
104 149 863
554 685 920
796 459 153
71 588 826
345 535 431
789 808 15
761 825 758
33 263 465
6 31 770
699 409 372
87 405 133
555 579 284
423 313 639
585 469 341
715 609 860
851 115 143
347 95 121
727 652 172
577 49 165
614 153 924
811 817 399
128 716 337
1 27 96
19 585 613
31 84 631
550 231 503
336 95 704
221 289 377
72 417 855
259 667 467
405 581 389
133 165 158
369 295 306
669 24 806
3 640 53
251 153 840
629 321 74
843 413 548
249 1 228
212 169 486
213 302 490
772 264 627
239 337 829
623 844 707
713 215 161
83 205 412
271 425 688
64 517 676
159 673 46
181 661 91
159 287 537
562 325 822
719 377 496
341 319 187
680 497 572
741 702 743
330 536 649
10 577 996
275 9 283
613 549 356
387 539 97
437 81 212
547 555 682
845 281 829
5 10 221
466 767 541
668 310 603
198 489 314
1 38 112
735 719 569
107 764 215
777 581 21
291 733 474
339 365 669
517 319 421
645 409 663
227 831 425
635 803 242
39 377 281
153 776 792
607 555 590
107 155 42
546 722 131
425 704 83
69 77 403
379 145 906
16 281 547
48 255 65
413 141 20
185 847 637
310 654 804
149 439 352
30 566 751
495 550 336
177 429 7
485 573 906
74 109 412
473 145 970
226 16 520
373 417 344
225 475 508
265 822 440
597 774 878
305 333 843
476 608 657
120 456 945
623 746 823
171 589 660
800 263 153
247 57 920
95 123 618
736 109 802
847 744 72
827 793 323
317 338 308
554 250 882
735 851 848
422 545 560
345 6 71
220 722 680
65 193 694
14 629 823
561 279 323
237 21 454
649 538 802
741 479 131
847 369 734
35 125 529
138 500 710
500 650 842
414 126 804
293 401 182
351 837 755
57 218 932
413 779 158
499 794 378
145 793 5
726 657 806
167 297 229
686 381 365
585 385 593
217 735 944
446 717 461
731 849 674
583 66 841
73 615 138
509 209 706
265 393 549
362 297 91
313 694 621
217 81 975
437 680 344
505 783 653
80 784 860
48 718 173
847 152 906
113 726 766
185 115 297
321 476 15
147 139 492
274 48 981
49 379 815
514 353 734
641 193 236
159 609 877
469 689 220
53 829 777
513 697 711
816 124 515
229 703 510
447 425 116
305 698 601
508 4 530
465 89 216
599 265 351
49 405 29
737 323 276
599 439 596
497 777 248
383 499 570
4 838 920
497 107 970
831 671 871
70 351 469
370 851 909
145 390 960
775 245 972
100 821 108
527 591 692
623 761 939
30 751 783
357 469 247
374 572 120
241 497 450
637 847 874
549 367 72
503 81 432
719 176 887
708 645 237
170 578 583
398 425 217
629 273 222
193 312 239
349 172 346
813 380 277
395 552 44
221 596 612
628 345 148
144 793 788
237 383 713
394 327 134
401 541 588
253 123 659
465 33 890
705 375 154
496 61 124
777 335 508
189 177 239
767 19 617
364 345 617
637 164 159
583 743 570
33 655 751
769 459 901
773 19 55
46 669 217
201 708 66
57 174 410
9 613 505
841 367 922
600 620 824
248 111 391
637 261 168
621 659 11
390 611 638
492 795 735
429 289 679
439 172 144
121 11 349
545 121 967
381 642 822
298 690 411
255 334 850
626 71 403
40 478 159
683 848 75
336 468 999
162 582 34
583 473 523
631 59 721
701 83 287
809 537 147
589 721 277
183 412 107
151 625 416
99 498 220
458 824 743
1 594 490
783 648 434
529 729 128
734 591 715
624 815 719
264 221 603
39 590 186
722 778 462
106 458 856
299 321 632
385 43 60
23 169 112
195 512 637
814 761 448
732 621 77
6 565 849
295 751 518
837 164 160
81 609 969
244 746 804
323 660 622
821 423 362
411 353 580
801 487 63
673 799 337
41 833 443
647 829 567
177 245 689
391 607 875
790 295 53
591 839 621
626 801 174
549 450 553
739 457 384
17 485 258
497 610 213
43 589 79
756 11 421
849 640 679
157 363 219
202 520 639
793 620 822
2 140 768
723 728 484
101 746 51
551 585 576
368 771 727
592 425 376
718 461 770
143 333 109
285 105 398
596 273 511
461 116 34
465 534 980
352 553 799
94 151 264
210 758 921
449 469 825
563 49 902
825 619 567
777 567 605
17 166 721
253 489 184
544 385 369
553 509 591
761 153 603
817 393 991
264 575 678
9 661 209
157 65 907
43 763 235
703 714 594
264 460 149
58 267 89
743 217 463
527 263 232
457 117 319
743 753 181
369 33 822
486 656 939
493 835 806
825 341 26
467 644 958
503 615 725
108 339 223
443 732 372
570 239 385
809 681 297
671 320 218
233 185 457
290 689 334
292 414 616
368 777 434
585 145 259
105 270 638
8 50 379
380 839 700
82 692 58
293 333 672
505 639 323
353 517 723
100 657 468
217 825 876
831 513 772
553 813 82
544 664 598
250 733 905
149 145 328
275 131 782
382 555 494
229 320 921
545 31 106
741 345 175
793 219 519
67 122 74
709 505 424
853 153 505
1 233 838
125 553 688
265 782 361
389 542 875
649 757 642
397 153 202
217 321 72
359 235 905
35 554 286
8 92 375
849 485 289
282 809 879
78 589 999
37 202 804
279 177 891
577 425 641
753 129 297
686 719 280
565 617 968
639 749 39
815 155 793
173 590 10
709 405 273
675 689 186
70 700 524
4 66 243
847 825 475
129 385 329
100 115 478
497 532 324
587 425 118
12 432 604
162 524 460
557 755 714
833 805 688
359 741 447
345 163 965
294 98 1000
37 817 701
149 495 967
68 73 206
61 397 438
235 99 212
207 359 35
19 69 956
445 756 45
201 668 657
628 169 389
391 69 365
654 705 780
463 484 430
89 371 529
533 757 400
30 469 851
15 151 98
56 835 683
459 567 66
97 265 661
347 301 676
809 643 628
250 497 74
431 283 447
854 585 846
541 113 647
590 386 100
145 832 124
71 531 541
837 531 396
497 306 294
607 777 378
213 347 801
828 162 977
537 153 200
584 417 530
617 585 295
10 70 981
81 805 741
685 686 210
645 809 428
9 579 799
148 768 426
491 695 368
553 145 436
503 575 966
205 605 425
573 625 656
