900 6983 444
776 835 843
91 53 696
757 81 141
205 839 505
168 338 696
479 461 631
876 599 727
717 844 967
168 1 473
379 1 346
325 326 843
369 599 633
799 768 29
421 385 203
212 528 129
317 883 908
791 449 695
871 479 78
170 686 850
541 259 817
521 539 414
613 382 579
415 157 363
676 11 254
466 156 131
451 151 513
147 287 838
449 63 421
275 344 579
647 81 129
241 356 663
51 346 257
208 802 147
283 17 164
309 574 423
421 610 114
277 405 955
595 122 231
601 209 869
255 9 482
351 730 812
621 356 571
460 321 775
133 544 32
676 883 202
500 217 711
73 115 102
655 37 770
853 661 972
595 241 49
853 671 355
427 701 563
621 838 848
639 93 907
168 111 565
676 374 844
193 375 467
145 675 73
271 412 778
199 786 756
755 83 61
499 801 367
29 113 471
496 180 527
865 301 457
337 411 275
97 1 802
165 729 357
271 526 545
216 7 157
43 898 89
551 55 590
241 447 879
226 331 81
226 376 440
403 4 469
772 751 555
706 562 808
811 813 923
139 232 228
454 771 32
841 884 957
513 46 200
19 100 838
295 399 46
665 226 882
699 889 14
1 565 153
389 201 282
745 761 293
146 43 448
326 642 762
341 217 943
145 891 159
679 577 361
245 795 319
341 791 895
566 65 906
113 739 896
664 847 627
253 133 529
8 41 462
266 569 479
484 1 270
521 393 994
133 7 167
441 397 214
793 491 64
575 784 972
541 88 88
174 281 67
417 481 112
532 391 638
9 439 757
651 352 769
451 387 741
233 493 966
801 541 882
71 513 814
373 837 111
376 473 35
109 354 45
146 481 490
561 579 766
398 701 500
201 289 926
4 495 323
559 606 915
376 621 869
748 829 91
853 725 855
209 584 725
199 57 755
473 456 855
741 543 162
775 541 403
598 715 758
205 888 277
656 361 4
248 288 346
541 307 121
765 136 798
469 77 39
813 585 155
113 237 838
376 266 561
721 779 976
343 809 775
121 897 344
30 668 947
401 541 104
653 890 554
222 314 468
397 756 352
256 491 77
182 481 496
333 390 791
541 825 744
394 385 376
99 330 503
21 87 64
621 13 19
205 844 361
280 793 860
202 823 852
191 498 702
743 529 290
701 25 778
295 448 53
91 325 15
589 811 250
61 490 247
289 874 451
657 187 844
82 887 374
395 667 999
2 4 958
307 685 637
67 666 270
378 525 852
739 842 699
181 199 769
589 733 54
334 581 224
839 466 604
555 761 397
429 559 912
284 436 91
195 681 655
407 191 345
131 649 573
489 693 177
426 865 449
172 530 35
586 391 624
813 101 645
498 181 228
401 312 24
219 691 48
735 609 93
397 482 42
847 310 140
353 457 921
169 57 109
451 71 192
538 841 785
63 707 642
557 77 190
592 799 607
521 755 408
233 517 626
277 817 287
461 639 331
41 581 698
805 758 863
1 19 770
461 799 746
430 207 519
553 51 232
769 775 94
370 811 712
361 391 118
488 449 998
46 861 937
117 626 273
435 85 644
141 239 389
124 761 99
533 453 75
701 363 499
28 195 654
271 56 947
366 646 171
143 483 569
703 829 519
208 601 678
541 683 353
325 748 839
877 889 439
91 345 183
282 467 676
784 466 455
181 217 555
523 661 803
114 481 323
619 543 741
661 7 764
559 598 747
397 721 480
97 118 211
241 836 803
151 499 454
483 535 364
191 505 109
761 1 764
52 183 689
481 869 66
619 769 501
685 539 930
742 441 648
707 721 364
533 534 463
581 63 353
435 684 850
203 329 164
601 771 374
65 776 76
22 457 105
252 805 729
382 436 879
721 808 398
302 865 336
43 104 334
361 475 515
811 754 97
577 177 531
637 271 535
637 407 559
166 177 19
370 137 617
665 461 672
499 361 124
255 631 924
674 697 527
721 681 794
551 113 18
85 643 17
361 243 247
547 162 641
673 649 424
811 235 53
226 1 125
461 766 848
304 386 904
73 345 425
706 406 215
441 521 30
121 381 784
361 811 156
721 212 951
54 224 891
465 433 435
205 237 178
697 663 916
397 583 36
627 806 480
445 109 823
622 201 5
415 587 612
323 79 472
719 196 922
421 298 746
181 816 470
61 213 65
841 535 424
796 849 74
129 9 965
725 529 205
83 553 935
703 243 329
220 322 89
205 883 381
814 103 95
261 737 768
547 54 62
861 97 470
845 369 179
141 587 364
577 747 55
91 571 185
29 561 853
245 135 179
51 796 196
784 371 693
845 25 473
751 460 94
509 793 513
82 604 399
297 61 836
779 753 166
573 151 980
453 221 454
756 581 800
859 394 408
523 546 303
25 1 997
107 160 663
341 57 264
387 489 624
264 276 681
301 313 726
139 392 561
577 163 787
298 261 502
77 446 924
201 870 223
245 332 322
781 541 463
244 625 956
361 856 523
766 373 810
625 37 116
313 336 795
689 1 162
877 256 778
451 497 494
352 154 6
630 648 950
841 323 782
235 9 479
595 877 770
75 841 363
501 409 844
401 253 137
217 268 8
328 641 784
411 531 881
42 401 40
721 51 534
577 701 672
801 151 296
415 418 119
781 389 629
729 801 474
865 186 388
547 509 68
75 793 942
721 624 539
145 509 725
281 559 844
881 382 129
453 874 824
793 601 146
781 877 277
665 28 137
181 325 678
189 735 555
829 241 336
533 781 534
881 370 467
860 373 138
577 739 79
1 511 790
115 381 350
515 853 192
683 551 807
471 889 934
54 128 959
601 505 195
100 70 469
325 669 459
273 831 278
361 831 290
67 595 843
711 429 914
73 233 506
569 591 830
733 141 520
136 581 77
625 861 174
701 346 148
667 454 227
81 236 101
117 541 308
406 768 195
152 508 520
346 442 570
801 784 908
866 151 225
205 286 376
451 217 841
781 505 536
336 750 158
571 253 719
488 780 594
193 425 288
606 816 792
136 265 408
515 100 998
135 683 926
321 301 519
273 477 716
571 889 392
137 507 469
657 898 695
441 597 837
781 556 885
896 167 1000
263 695 332
841 404 454
847 736 792
101 277 993
809 1 251
37 293 884
725 189 308
597 866 920
172 298 369
535 545 855
293 181 314
305 385 445
623 847 269
689 22 422
451 472 746
859 185 956
721 298 702
451 796 73
261 216 407
207 383 742
125 841 196
10 248 541
667 675 651
111 420 583
550 846 405
109 883 369
143 349 820
851 343 38
585 97 381
145 685 740
533 671 874
495 73 208
415 436 391
757 715 622
693 132 82
635 196 263
17 196 475
400 514 744
136 376 214
852 799 512
437 525 365
371 820 449
338 642 118
5 103 284
157 561 947
581 835 943
465 849 97
174 757 428
871 604 909
861 883 969
337 692 991
719 499 686
733 801 733
48 296 461
381 585 373
577 741 736
271 214 691
377 334 173
861 457 759
301 94 185
417 636 999
665 451 847
551 21 245
193 361 285
613 648 789
882 559 931
131 377 469
327 588 663
415 197 41
305 541 390
869 126 318
361 821 841
613 491 156
709 793 625
305 803 267
21 385 828
869 385 302
829 271 61
130 205 775
701 521 563
721 271 201
21 31 396
6 551 634
339 321 499
102 141 517
366 845 80
358 75 678
473 145 95
145 6 491
24 30 28
231 872 758
397 891 515
816 793 983
433 420 109
349 292 395
878 106 294
40 645 587
845 701 448
809 539 11
755 535 273
793 426 954
137 331 62
631 433 148
335 58 573
715 341 2
201 221 861
96 725 572
847 61 886
881 424 157
343 805 556
853 545 691
757 676 877
101 136 279
93 439 496
268 591 159
838 241 966
211 838 442
401 547 968
151 454 110
887 649 279
211 826 203
1 281 991
349 675 895
607 391 41
16 193 547
361 205 134
349 26 750
62 557 205
681 143 129
367 197 393
751 250 295
333 591 583
727 721 996
231 345 659
781 149 264
37 418 277
421 301 439
49 208 792
811 561 381
426 105 672
826 881 116
761 181 864
436 9 788
676 109 791
131 125 128
620 41 568
516 713 919
160 357 280
571 256 181
329 71 349
537 61 245
21 757 810
788 694 507
451 739 275
685 465 781
46 505 181
731 229 686
847 801 185
225 189 769
743 166 892
86 171 38
649 655 144
122 246 438
711 412 487
706 451 735
201 76 732
711 69 256
271 773 430
16 38 287
561 31 209
703 134 568
731 310 808
884 401 566
183 691 77
253 586 39
481 337 634
633 558 12
674 726 67
601 99 796
541 265 37
329 330 193
325 36 104
271 685 689
19 255 119
53 226 363
117 241 250
862 451 559
387 265 758
358 697 176
421 3 184
109 825 941
745 371 137
367 333 220
556 717 232
1 282 91
541 141 286
165 361 516
645 455 490
253 736 748
396 401 416
268 681 648
577 742 61
801 265 541
246 371 322
889 353 674
337 857 943
486 73 450
613 289 641
293 159 477
223 373 605
421 276 207
94 2 242
109 193 714
844 737 770
95 617 79
21 85 542
391 781 12
182 728 441
250 302 900
611 234 5
410 148 576
607 290 706
757 529 787
97 433 628
466 502 863
226 310 349
123 688 435
25 805 688
169 757 469
817 655 801
821 184 392
150 280 524
829 599 903
56 172 450
712 391 240
841 453 648
589 145 388
123 152 866
841 389 56
110 301 952
481 853 351
314 78 950
189 745 98
334 151 306
301 656 763
70 249 542
668 257 86
541 721 322
829 401 977
766 477 530
171 490 10
25 190 557
103 665 225
528 605 984
707 482 859
689 511 959
85 394 433
256 237 341
601 97 181
193 409 806
850 344 502
361 490 184
451 389 874
253 195 950
432 265 716
72 325 636
66 277 133
689 505 625
8 360 439
451 208 909
706 884 927
451 851 615
841 32 743
421 829 26
685 361 947
149 241 45
586 321 140
865 649 268
685 709 410
469 443 606
271 751 61
622 625 356
850 237 625
16 375 458
211 379 243
147 292 907
217 697 741
388 607 629
93 333 681
558 85 209
721 17 573
85 13 159
1 782 306
716 857 818
106 169 910
805 753 794
337 233 31
319 641 37
449 784 222
709 317 501
277 760 336
625 451 786
877 52 160
707 75 582
721 151 42
259 451 913
415 132 764
749 625 682
5 35 427
568 178 456
783 598 782
477 782 450
811 721 351
183 883 912
606 252 10
483 889 158
241 577 531
315 584 20
328 600 46
665 182 47
785 884 636
493 527 111
173 595 385
181 537 674
571 728 353
811 759 537
766 196 247
381 201 66
457 573 74
761 221 223
231 790 40
241 256 926
617 149 373
567 793 873
348 501 886
496 597 715
379 848 919
490 817 848
433 489 87
598 766 846
124 581 986
631 424 267
388 169 966
27 401 815
139 379 212
409 99 349
875 262 964
461 727 512
272 716 772
249 717 525
739 111 420
396 282 523
891 171 611
409 446 364
166 667 925
736 185 684
306 39 897
286 643 832
181 862 663
453 89 679
633 325 353
541 811 926
22 204 651
444 689 961
562 403 623
556 885 198
211 855 265
385 601 778
645 733 328
499 426 223
349 246 989
766 133 573
825 838 960
277 152 520
213 453 754
40 691 569
379 491 292
369 817 975
331 149 816
679 280 782
387 89 432
611 37 279
148 259 541
638 236 278
145 885 199
559 871 436
751 725 28
147 109 926
101 176 971
281 365 849
658 865 969
152 1 454
115 732 655
309 493 28
521 145 648
839 101 71
544 181 941
721 841 447
316 33 492
205 260 443
652 562 500
653 31 588
817 61 72
349 545 304
574 851 275
373 631 690
403 41 974
121 486 485
561 105 520
66 715 252
35 366 428
237 581 637
265 65 754
387 1 796
815 877 116
541 67 436
31 457 273
326 91 957
134 351 63
843 1 545
613 769 392
791 776 392
413 231 5
541 169 118
133 128 50
285 352 572
517 151 159
221 401 127
116 321 962
237 470 962
247 734 789
214 316 289
139 399 953
31 275 647
130 354 472
84 821 887
37 349 638
462 548 908
209 433 482
501 401 243
451 91 107
792 411 799
542 139 190
775 131 150
261 291 766
6 8 247
336 799 886
111 121 29
857 316 990
560 123 709
657 301 930
689 386 93
377 179 756
187 505 920
1 77 643
785 527 304
189 433 888
811 309 754
879 551 841
736 653 405
545 37 104
81 281 742
566 181 411
825 361 801
602 541 481
641 877 264
726 240 852
2 696 576
549 472 535
408 541 962
774 1 165
13 171 429
769 724 544
661 5 393
825 163 27
385 719 803
178 316 275
25 345 457
380 437 621
859 488 995
265 666 786
865 663 631
162 201 59
142 699 526
841 621 441
776 817 548
316 253 788
350 722 552
271 341 803
331 241 930
898 757 883
90 447 592
398 635 565
170 883 441
569 77 646
36 97 370
853 157 161
469 199 454
392 863 409
43 111 32
205 477 236
617 263 294
71 481 943
101 445 536
213 798 603
523 173 965
216 459 391
773 833 482
688 84 870
351 158 909
893 701 122
807 21 178
127 303 379
677 169 821
213 676 414
4 406 209
79 488 607
705 741 47
605 248 374
451 256 306
451 121 707
7 485 608
547 283 4
424 484 775
204 661 325
401 207 369
394 829 810
426 321 292
100 676 354
109 886 393
345 282 871
55 121 322
551 560 790
355 409 5
619 394 766
496 133 963
773 97 338
864 101 603
45 176 270
577 751 481
43 715 923
793 447 743
626 175 224
593 365 327
565 325 768
253 305 530
295 620 487
390 593 911
271 517 195
371 449 846
181 93 367
271 586 918
323 169 795
91 625 455
393 245 457
333 361 452
829 726 145
433 261 495
831 529 253
895 425 770
489 361 698
529 257 411
515 244 498
293 607 917
18 20 29
861 307 851
589 229 616
1 556 14
25 197 85
458 406 553
641 363 179
223 286 500
127 631 584
423 703 754
493 321 791
48 76 100
541 790 234
205 307 166
313 826 302
361 531 808
713 55 926
205 391 30
464 149 765
707 313 648
73 525 543
73 216 294
697 721 22
145 199 525
487 492 568
753 820 440
81 277 355
451 521 916
411 649 114
123 7 994
421 217 79
415 709 698
44 55 566
72 631 245
181 147 506
421 757 900
525 787 460
33 413 213
813 653 167
596 82 643
455 622 786
301 333 392
457 645 718
239 575 60
4 298 339
271 241 294
374 163 417
801 577 482
739 461 304
199 366 338
669 91 596
388 541 658
205 1 708
564 878 103
675 684 15
896 276 304
711 565 916
202 207 486
81 209 527
292 367 744
681 661 806
25 529 785
401 505 937
271 501 950
734 78 793
504 28 254
221 642 480
179 176 740
817 265 362
529 668 142
116 714 813
356 829 423
28 83 244
596 433 766
721 79 932
653 196 674
347 521 926
860 31 635
389 272 918
781 814 921
199 511 612
121 393 167
29 57 919
61 85 20
151 57 328
97 413 17
345 701 280
643 461 502
50 1 295
685 57 567
91 299 211
73 703 176
643 805 256
326 604 584
636 666 923
49 495 364
726 497 887
182 341 604
76 610 613
21 738 556
193 208 967
353 496 52
73 787 228
57 591 758
406 726 453
357 573 639
791 415 392
507 522 319
481 367 119
441 745 67
41 175 423
585 112 522
44 209 918
293 475 570
181 473 826
181 460 711
508 206 722
285 841 328
885 701 193
664 766 242
29 84 590
766 65 275
265 661 882
694 701 41
289 483 230
86 857 344
191 241 422
257 676 39
329 827 804
395 286 676
501 541 13
316 577 279
781 746 738
851 253 813
823 236 54
151 327 972
413 897 689
117 793 432
226 301 88
529 890 276
807 290 323
647 501 622
601 528 82
342 838 84
111 225 67
421 391 257
124 215 440
275 515 612
451 221 492
385 825 483
61 379 661
325 721 52
149 661 469
11 749 859
93 793 44
301 261 74
852 352 773
593 241 179
98 364 349
1 408 477
1 231 280
144 771 506
461 806 816
571 508 744
778 775 415
411 591 450
8 133 463
211 741 797
331 751 10
161 344 221
882 7 39
309 731 732
77 549 225
151 814 491
601 160 576
264 335 815
761 363 688
87 243 593
496 369 914
233 152 515
24 7 520
785 133 86
433 361 125
808 146 864
335 535 380
841 699 224
694 745 235
171 268 915
838 101 214
773 809 356
661 429 150
455 309 591
658 491 836
31 581 790
32 21 193
361 775 695
878 319 22
7 733 146
868 159 160
636 244 369
886 496 256
633 729 739
413 646 298
77 733 782
184 79 793
156 514 20
165 451 117
73 597 328
355 571 191
647 809 600
501 580 432
721 717 114
609 391 968
229 824 896
703 226 552
885 381 19
397 410 553
510 853 929
97 226 21
393 331 112
241 587 160
79 613 299
73 163 804
337 509 697
553 133 770
757 217 877
36 736 344
363 697 780
36 435 861
893 401 238
460 574 381
334 63 231
407 738 47
255 301 374
185 427 949
661 38 426
565 616 277
242 577 710
797 301 449
61 445 644
116 311 765
808 643 955
820 256 210
669 835 10
201 181 283
424 604 831
874 329 446
613 801 263
376 5 999
141 1 193
201 461 2
196 545 117
657 559 502
1 5 588
235 821 820
358 526 516
841 96 165
532 666 772
170 101 500
339 241 553
337 811 519
201 209 220
512 316 892
678 541 334
432 148 784
517 549 172
111 523 105
529 633 571
578 484 208
337 244 220
731 747 846
634 775 187
281 112 383
19 123 993
31 867 497
73 463 713
451 805 188
713 41 962
257 433 837
893 481 750
565 545 510
6 70 888
685 406 808
1 672 291
783 793 411
563 649 960
109 809 237
91 425 180
310 505 882
234 387 138
81 313 924
605 373 477
639 256 862
217 793 745
260 653 992
141 607 32
781 633 650
736 751 835
814 569 913
27 712 28
798 381 395
629 97 364
301 635 114
325 538 792
505 73 798
397 295 704
290 454 570
1 22 637
821 757 692
480 601 518
90 333 290
478 157 37
721 469 660
662 234 545
681 861 99
625 705 900
571 705 339
361 565 308
869 491 628
163 308 222
237 541 566
497 269 294
501 297 911
583 685 918
153 505 37
407 631 617
232 512 510
789 261 87
711 862 610
181 565 719
470 253 549
607 698 518
821 861 934
32 172 115
654 865 590
238 410 695
821 609 545
206 612 736
97 112 740
673 869 101
649 235 83
443 627 885
643 193 901
838 714 90
442 391 803
316 137 348
549 250 570
39 184 114
337 223 19
262 67 681
749 775 94
565 679 585
600 836 642
563 211 214
1 721 786
118 124 150
219 144 473
633 110 801
70 253 807
22 631 668
286 475 408
91 1 839
241 214 222
469 874 665
567 486 198
175 238 598
82 349 143
316 727 542
229 401 938
550 253 390
657 51 347
269 241 333
822 246 930
109 829 604
613 446 294
66 181 281
725 151 76
822 601 140
227 220 943
181 289 14
649 627 468
359 5 283
607 875 271
555 519 616
79 841 315
193 113 530
885 798 906
21 111 353
765 110 881
701 482 416
322 451 773
781 582 350
141 206 572
486 485 865
31 130 171
766 681 1
429 862 843
601 745 98
288 513 172
433 825 384
857 403 76
298 342 627
277 213 763
601 194 466
154 335 84
549 124 371
829 301 627
484 753 386
286 676 395
401 509 419
877 825 973
251 291 583
585 51 980
667 609 478
265 856 323
855 181 71
31 834 574
381 175 529
766 891 658
151 113 613
457 667 252
721 291 737
321 835 834
397 356 112
55 353 408
351 521 124
201 62 667
73 371 964
262 319 804
273 277 54
131 421 609
681 665 678
349 409 836
323 324 62
181 848 394
417 361 539
124 487 678
884 279 42
321 597 590
502 685 590
175 355 459
781 181 340
561 211 448
386 213 713
626 577 133
799 309 781
867 505 947
451 161 108
217 3 188
91 95 155
809 621 462
451 463 923
174 289 859
539 804 197
394 1 942
521 320 342
539 892 7
105 169 597
571 638 13
211 93 897
181 727 302
699 461 62
751 73 915
137 536 288
637 280 878
76 301 966
517 128 672
541 469 498
553 617 124
379 301 625
409 277 402
586 1 482
706 455 748
448 854 713
676 841 185
853 263 200
835 694 787
121 701 869
499 191 371
8 458 295
499 487 705
756 685 7
281 609 769
341 508 181
801 725 256
302 600 383
163 125 583
208 358 834
193 565 239
481 306 924
471 145 540
199 601 51
471 316 834
745 553 874
829 763 84
167 325 483
361 369 642
659 293 268
865 41 64
271 391 195
858 582 117
509 1 288
207 247 815
1 193 60
37 453 523
761 701 6
342 383 32
541 52 748
721 89 80
21 213 570
471 661 354
821 453 604
565 145 458
81 214 342
229 256 59
194 271 193
897 705 277
435 451 40
221 41 775
420 634 786
469 297 755
857 393 401
345 205 614
368 631 582
124 821 181
641 169 398
253 73 640
252 637 939
19 451 350
540 873 551
217 655 68
145 757 387
545 779 634
737 283 352
418 597 110
801 865 725
433 677 826
121 7 342
317 119 869
450 515 966
200 679 434
413 680 872
181 226 185
262 620 416
331 297 560
599 883 72
133 279 846
1 28 669
460 305 40
603 415 69
121 712 65
201 693 804
805 771 989
687 329 978
605 885 631
549 463 554
262 256 405
640 93 700
631 799 640
118 465 739
217 50 6
478 893 57
356 380 212
729 345 739
361 217 930
561 565 297
833 631 102
695 577 287
575 99 481
882 791 500
463 419 609
843 136 371
451 414 551
881 151 917
571 451 687
426 241 514
131 871 903
55 317 765
426 175 674
229 721 227
865 701 942
110 383 526
821 386 533
401 420 900
116 166 153
689 361 264
70 300 17
409 559 935
369 622 849
274 652 1000
202 459 670
676 121 371
5 14 393
394 553 681
217 770 56
275 604 821
97 137 545
85 281 757
401 885 136
785 161 960
674 541 91
321 850 916
841 805 194
137 181 384
64 345 416
861 485 4
123 346 213
307 846 92
373 226 164
518 204 646
721 472 119
372 523 390
496 177 662
460 417 624
226 843 789
411 24 493
881 634 244
1 483 521
121 282 231
661 475 600
624 217 137
61 606 676
469 161 849
281 443 731
341 374 78
256 447 978
169 691 190
845 271 111
433 125 298
145 179 523
478 397 87
533 451 366
601 391 44
181 845 683
376 721 597
733 547 334
621 341 292
291 280 589
784 89 645
577 225 746
737 413 798
856 736 597
876 565 787
163 411 589
502 562 161
651 251 734
109 159 975
369 614 407
829 661 38
886 737 671
853 275 762
166 661 331
313 50 175
192 546 261
331 361 827
859 19 118
205 669 408
891 215 155
371 429 238
494 154 991
372 825 290
233 404 544
279 4 364
460 721 533
665 190 507
804 173 547
97 159 823
793 172 455
515 309 726
475 668 283
353 205 401
877 361 481
298 279 42
653 232 155
665 721 316
791 81 160
401 801 679
13 321 380
619 91 764
357 582 873
145 281 94
206 883 289
847 898 131
540 881 815
855 601 150
245 826 444
799 285 784
404 811 241
128 692 510
715 221 79
31 181 853
36 775 750
541 199 902
195 867 923
721 639 905
205 677 894
697 829 427
22 142 915
241 816 910
678 601 889
826 201 545
5 81 854
49 613 425
201 261 707
41 257 917
249 841 514
361 815 375
445 352 345
694 301 739
141 842 244
217 397 361
840 229 527
253 561 749
881 197 609
586 325 890
613 565 647
36 58 529
677 145 72
709 221 433
144 23 212
69 271 294
745 248 272
568 361 720
556 199 585
251 673 799
601 640 920
568 246 179
348 51 290
709 320 536
481 611 847
798 481 925
232 803 681
317 825 859
165 436 227
758 865 197
241 679 241
328 740 221
284 417 522
571 236 665
458 769 292
379 385 146
861 107 165
503 233 501
151 533 413
245 823 125
193 277 519
341 256 622
1 241 327
85 390 62
459 854 147
685 353 17
441 251 553
187 526 451
306 865 911
208 366 554
296 826 596
133 181 925
88 829 951
109 541 189
21 37 966
581 693 342
194 21 59
601 343 966
121 877 787
161 51 56
301 159 481
57 701 724
685 481 306
776 289 536
190 244 687
496 201 918
711 817 58
145 613 985
661 672 137
447 576 451
501 133 980
70 319 123
187 17 565
485 1 942
317 547 261
801 397 779
842 151 827
71 553 310
736 739 187
45 101 452
1 589 830
732 541 103
518 165 793
541 694 505
496 776 589
76 761 467
565 766 576
726 79 140
441 577 926
64 505 164
523 681 65
75 356 809
471 227 853
363 797 548
471 707 531
201 82 224
256 1 171
649 181 895
96 573 602
397 555 621
758 241 311
631 1 10
639 221 85
343 648 427
526 331 948
641 55 496
28 279 762
280 673 992
198 757 426
841 529 620
499 802 449
489 613 551
881 789 520
87 222 146
889 861 89
75 826 47
775 240 563
601 757 75
281 491 178
595 37 2
443 841 476
497 271 680
65 517 282
612 751 69
18 550 736
388 172 740
127 376 952
493 131 430
602 847 792
271 179 393
277 91 792
817 851 704
891 698 993
533 837 505
473 781 988
271 37 499
289 793 525
541 226 960
401 571 49
556 325 295
311 790 417
290 828 782
101 710 76
21 717 783
95 211 128
625 257 492
76 618 305
201 532 340
151 595 757
745 641 611
721 791 237
775 891 784
109 301 396
307 593 707
335 115 109
165 284 70
250 326 678
656 184 902
201 618 9
595 463 79
821 385 25
621 703 235
511 709 403
564 621 161
112 577 646
428 484 799
689 3 358
301 16 586
533 1 810
251 697 43
551 753 248
190 557 561
626 61 426
801 161 165
351 681 213
44 753 962
748 181 457
805 705 982
73 1 168
849 409 451
537 775 212
365 317 198
208 195 625
432 263 120
877 161 27
364 345 468
740 528 124
273 37 327
16 276 386
715 767 169
344 358 551
689 26 876
591 445 2
53 97 280
133 166 114
646 419 202
807 847 891
701 148 283
433 493 270
10 175 714
616 205 974
675 805 484
76 545 389
273 367 945
349 439 236
304 541 669
330 202 412
69 411 686
356 568 966
41 229 490
187 226 310
589 253 734
1 701 127
591 768 496
382 181 619
614 691 429
649 218 369
833 307 219
235 161 813
27 66 636
209 309 721
188 841 206
873 136 833
625 601 309
112 600 509
211 655 414
771 667 510
613 539 321
149 442 502
372 577 879
481 629 205
113 801 691
869 181 844
30 541 54
146 437 411
1 487 886
886 565 787
17 55 725
349 363 629
584 357 334
821 397 770
239 887 917
169 527 272
640 163 818
53 483 855
674 298 693
127 685 903
833 761 909
28 461 74
7 185 247
321 371 567
803 601 75
466 310 701
185 622 209
721 97 514
106 721 648
201 567 991
136 705 556
259 730 86
49 541 288
361 156 412
865 445 43
757 838 49
325 265 106
301 177 900
101 183 556
593 813 158
627 883 100
283 312 176
676 181 295
581 361 228
578 323 63
576 851 642
414 789 200
421 221 498
773 817 619
641 411 906
1 119 508
201 556 567
595 844 540
631 808 455
46 321 868
793 721 681
409 605 2
141 51 499
93 737 906
631 133 661
697 761 941
343 103 547
19 603 658
629 438 238
817 637 158
236 301 708
133 40 760
243 621 95
751 121 329
571 217 284
472 661 821
210 301 379
541 521 587
337 421 654
701 562 873
513 837 979
419 576 816
829 221 8
849 412 304
433 676 341
151 883 330
82 289 947
119 59 193
327 666 107
681 762 82
397 793 477
685 643 431
649 550 361
314 415 56
563 521 446
27 42 557
47 139 747
488 523 21
527 571 933
723 671 701
514 307 273
525 484 267
667 306 636
97 718 547
199 865 43
529 829 513
489 456 789
461 817 715
775 363 731
763 721 628
227 851 629
111 177 482
466 687 57
295 837 314
626 377 954
641 721 227
264 694 58
188 689 428
769 788 799
301 613 531
121 601 427
885 321 77
325 419 766
229 361 318
66 681 714
199 577 161
639 289 29
301 600 951
850 133 651
597 17 500
121 343 561
601 438 698
225 641 401
1 357 230
691 650 595
136 126 451
336 737 999
336 553 590
653 376 868
779 201 134
649 810 778
436 343 783
829 858 668
115 352 679
70 337 46
210 547 60
697 695 220
415 739 997
65 69 814
610 577 669
885 596 442
247 829 835
435 886 835
73 532 851
1 541 599
37 661 938
411 844 758
161 591 516
77 271 890
153 149 411
337 91 659
245 855 772
301 562 501
11 711 693
768 891 740
568 851 945
139 549 143
217 577 53
161 217 474
406 314 273
601 717 627
25 351 4
181 789 987
561 176 897
176 449 489
251 527 551
265 389 933
106 571 338
781 221 202
757 519 673
670 807 679
68 270 91
86 219 10
433 283 950
261 739 45
268 371 506
265 697 913
232 883 735
869 161 414
877 371 607
19 274 829
655 468 788
253 722 462
211 892 11
268 69 476
143 801 762
1 505 313
221 377 592
733 613 992
67 849 463
217 167 388
241 102 59
709 209 831
85 92 284
301 1 735
685 731 94
216 451 972
3 282 717
889 541 114
601 127 215
523 698 954
726 886 348
466 567 630
388 471 15
484 589 795
135 315 252
755 775 180
186 862 929
414 586 300
137 149 183
53 471 511
626 473 198
829 369 801
391 820 467
259 297 158
51 367 175
681 741 869
614 816 10
490 539 51
634 485 631
63 618 13
751 351 322
321 694 64
22 60 224
217 325 900
826 463 964
390 742 302
661 626 778
601 373 148
787 391 326
283 844 389
241 141 537
597 347 185
390 67 142
199 395 551
181 826 41
245 361 245
277 899 649
387 36 767
617 468 787
56 856 8
309 533 786
118 390 784
55 180 335
478 293 917
826 271 363
168 426 252
681 706 1000
661 317 717
62 114 577
722 493 789
141 545 802
345 886 230
221 613 804
51 109 233
1 457 826
235 715 911
809 457 63
661 460 877
9 34 638
61 172 208
833 157 59
673 20 966
601 553 933
601 613 260
103 433 211
297 161 230
845 1 51
829 604 963
313 574 580
464 1 740
671 589 530
748 323 941
548 176 82
609 881 872
801 518 346
775 457 445
95 767 923
736 775 653
302 613 6
239 379 712
589 841 631
121 677 270
865 397 129
344 737 825
601 598 613
639 570 31
666 257 703
670 535 596
605 142 634
865 270 553
893 92 640
355 583 498
893 364 128
235 647 459
891 747 811
801 716 201
592 748 739
621 677 363
33 492 209
221 805 709
259 625 14
601 577 438
55 534 386
113 641 661
405 108 638
756 235 324
826 349 840
592 361 810
461 517 125
45 805 679
337 398 492
557 822 205
87 540 373
165 760 143
754 301 916
849 73 138
388 811 985
600 349 4
881 847 477
343 186 343
194 277 761
298 43 332
886 93 34
517 93 520
241 453 276
631 532 886
418 745 363
521 13 685
433 589 941
877 505 552
377 192 959
268 336 399
517 889 452
356 541 609
631 37 366
211 451 385
391 719 52
469 511 593
269 531 705
285 55 591
889 553 477
338 343 52
247 624 540
455 660 203
507 761 35
676 667 963
405 607 748
175 341 662
441 865 686
74 240 98
443 41 549
111 510 199
13 265 558
751 206 118
253 301 351
841 632 932
832 172 779
469 640 674
586 100 560
601 857 49
691 589 65
132 781 305
259 791 26
376 247 106
421 676 928
331 415 404
293 514 263
215 631 986
808 433 954
109 11 37
97 576 114
297 175 525
732 257 20
493 281 901
749 217 12
152 620 367
735 121 879
170 633 190
634 77 491
663 321 47
129 165 15
289 817 671
331 755 102
141 413 864
509 755 170
486 719 725
140 848 402
809 374 549
426 881 442
623 857 655
23 116 156
4 413 280
544 391 390
445 181 36
841 533 419
626 1 59
629 595 5
467 408 383
316 293 650
24 181 992
411 781 7
192 832 924
295 541 518
368 595 506
356 493 325
157 676 762
661 437 553
80 293 16
829 169 199
649 821 193
15 251 293
78 654 101
44 78 801
290 241 485
693 195 100
601 169 696
273 509 774
579 235 873
576 721 281
361 881 343
841 360 603
269 601 69
486 625 685
241 877 27
359 421 225
13 567 67
309 656 425
509 489 642
59 789 778
171 163 511
472 391 882
487 401 591
849 865 903
491 770 426
161 481 652
841 543 581
339 597 495
522 608 576
1 531 586
853 119 124
757 694 322
571 121 245
403 101 583
451 393 787
781 406 405
771 200 707
20 814 288
231 847 710
721 464 579
167 541 185
397 373 361
141 26 439
525 491 129
567 461 559
841 266 463
835 196 593
139 637 911
88 900 622
745 786 614
841 701 398
343 618 873
213 678 159
691 767 95
690 811 624
774 433 365
17 898 620
397 811 530
37 477 957
389 624 165
148 541 692
116 708 320
241 770 324
154 495 603
54 88 525
836 587 71
109 241 224
781 327 718
229 301 912
631 257 193
317 591 574
442 685 825
226 685 194
293 619 299
231 317 122
51 90 421
817 758 176
160 501 586
533 571 936
253 491 822
611 136 837
679 697 837
437 728 23
172 658 447
771 217 104
328 225 206
229 29 590
721 367 150
551 70 491
336 842 449
151 406 995
439 189 499
373 847 863
805 87 740
864 351 902
605 169 431
801 311 121
655 840 749
175 330 687
106 421 164
541 549 81
361 393 122
429 558 617
403 870 782
65 881 338
409 545 30
801 289 832
39 67 409
212 208 379
189 300 933
225 385 672
538 217 360
191 677 749
449 417 225
117 74 371
359 533 190
338 701 531
11 53 914
613 793 642
133 231 42
649 712 930
874 503 985
118 201 212
817 364 194
805 610 250
3 13 616
657 441 802
1 31 225
200 707 24
48 62 889
829 232 610
188 333 696
586 433 601
515 505 166
8 140 820
513 433 752
745 343 960
667 217 774
703 481 164
67 484 555
736 541 30
379 881 163
465 797 73
100 347 960
112 226 305
181 363 193
381 701 452
219 359 321
296 835 29
689 431 698
177 697 593
376 661 860
381 775 735
337 610 998
811 111 284
57 409 477
81 664 420
357 889 498
791 526 624
743 796 435
735 885 133
64 294 45
282 466 579
433 223 801
713 625 264
705 7 194
555 13 822
45 528 68
599 225 310
244 871 28
521 682 870
181 209 853
487 151 399
114 61 717
646 445 67
591 7 88
370 469 356
501 255 434
291 683 433
361 198 592
431 55 595
364 255 820
561 841 908
656 541 452
867 873 609
637 787 627
841 126 40
351 167 109
135 701 345
77 797 717
326 649 623
63 857 543
94 196 253
381 759 53
220 461 339
801 163 495
188 558 271
288 561 857
34 709 918
147 865 94
692 500 546
574 141 575
684 179 859
721 633 828
61 823 162
271 372 817
471 409 238
694 529 242
432 363 661
191 269 926
793 871 635
646 253 284
833 621 632
521 878 321
657 861 711
529 247 700
676 287 160
112 357 294
349 757 466
245 589 378
43 143 405
733 21 386
242 283 713
487 721 62
251 631 96
64 421 29
281 445 792
343 763 327
457 345 228
7 11 589
529 613 61
849 561 228
715 685 730
46 501 475
1 2 196
284 82 535
121 316 402
127 31 466
389 181 827
422 406 950
216 351 883
205 390 923
491 278 539
574 637 212
431 631 948
451 662 26
729 45 782
361 127 513
831 676 906
142 312 700
193 101 706
687 485 107
161 163 385
153 665 398
458 409 462
757 253 537
409 889 278
186 833 371
574 781 992
536 613 375
6 223 145
325 109 605
811 797 857
703 869 895
581 892 831
737 893 71
370 781 102
132 161 562
501 640 607
597 249 448
847 331 729
385 257 772
477 487 594
361 53 966
673 729 778
86 449 721
221 703 758
759 19 538
476 781 556
521 192 836
776 261 268
708 275 830
57 812 59
46 341 649
809 469 476
697 847 429
745 728 94
551 768 541
679 601 324
431 485 757
601 426 155
149 592 251
657 767 441
13 401 898
476 41 570
457 547 553
274 1 724
1 421 988
284 678 953
489 577 27
883 850 672
721 785 330
337 553 499
115 631 298
845 893 269
566 489 873
703 139 144
477 381 687
837 165 684
709 13 244
613 187 126
393 292 641
246 636 574
372 769 949
223 856 980
201 31 887
756 277 277
305 323 935
601 461 491
577 349 684
235 333 663
157 660 148
421 454 649
453 25 96
805 881 941
806 769 246
703 561 121
325 454 693
501 376 190
55 235 132
93 309 284
201 149 579
719 815 897
751 611 457
265 311 345
757 407 153
337 859 293
619 316 746
786 781 585
577 598 517
148 397 754
181 233 311
643 289 240
713 633 934
405 709 60
497 681 602
169 673 80
137 301 237
539 697 791
227 370 154
19 27 191
707 496 601
424 847 631
701 304 785
69 361 1000
821 589 583
373 655 876
173 216 206
741 723 86
80 95 836
235 491 918
60 25 689
480 861 783
1 803 400
556 620 991
40 489 958
695 13 134
757 10 988
313 559 954
635 865 966
421 72 204
605 431 150
701 91 400
881 21 687
289 269 302
383 885 751
1 521 866
293 861 617
629 505 128
331 414 645
99 13 430
657 663 103
796 567 386
191 670 962
737 561 472
254 421 192
552 201 890
217 661 917
439 865 882
877 545 119
7 581 698
235 289 532
41 456 501
547 661 126
829 141 297
661 298 202
82 754 67
378 748 744
396 717 386
157 3 488
679 409 448
351 265 197
301 433 261
337 228 56
124 227 464
874 537 103
565 289 373
613 411 159
479 73 39
177 784 102
151 724 47
850 161 589
517 884 9
613 25 584
197 529 926
739 557 469
155 456 333
18 875 171
89 439 156
158 727 833
712 433 3
139 877 103
389 793 845
217 671 365
145 821 440
147 576 195
222 633 829
81 441 228
2 3 643
37 753 503
261 31 279
19 811 371
863 841 877
457 201 383
748 213 173
409 831 236
630 659 191
211 631 69
13 565 170
61 820 259
201 25 533
445 454 448
47 145 918
166 451 78
829 892 753
881 810 178
373 702 319
421 484 852
593 173 269
485 831 808
679 193 794
335 193 598
365 624 687
345 328 62
826 40 73
889 499 951
504 651 141
213 609 924
775 401 536
651 773 253
75 481 647
301 175 709
301 31 648
49 535 383
85 606 249
541 653 751
591 631 512
315 141 223
725 583 235
701 361 878
593 205 67
271 541 179
625 151 207
1 664 326
376 889 977
50 473 652
448 697 288
449 766 246
683 834 725
89 592 874
691 112 242
141 697 470
79 767 954
761 892 10
493 586 792
208 281 677
820 191 583
97 548 933
718 311 917
19 99 625
529 761 733
9 445 582
781 613 411
105 147 614
121 843 984
516 869 302
753 673 478
734 493 807
397 589 7
785 505 80
25 206 654
19 883 602
577 853 93
465 737 81
774 381 827
739 109 687
309 13 618
639 233 383
321 89 652
834 541 934
117 393 964
886 246 330
245 41 120
313 22 805
380 787 942
898 240 399
533 651 578
841 307 412
550 693 233
241 623 991
79 200 987
72 178 893
851 757 892
626 397 53
1 29 673
181 263 252
166 13 433
557 399 939
610 769 385
9 845 339
643 318 542
146 793 403
806 551 912
667 37 98
102 762 933
199 669 158
541 133 66
457 593 766
46 340 388
381 75 874
709 173 286
557 226 165
865 181 511
757 505 45
417 846 675
136 805 740
133 825 223
881 178 625
887 711 715
517 541 514
533 657 537
846 534 831
576 526 476
624 497 600
342 480 638
871 238 35
193 526 579
376 1 441
509 180 798
177 331 134
378 877 696
201 571 418
841 853 160
343 721 318
691 87 882
451 601 1000
203 1 931
601 79 634
829 857 500
127 301 78
726 587 995
509 883 259
157 46 38
397 796 647
121 449 496
581 271 876
773 305 588
299 421 487
103 365 414
645 856 80
894 595 275
532 898 8
453 847 665
261 70 194
8 12 415
58 619 903
541 313 757
298 853 426
841 631 678
113 136 775
801 316 538
27 431 760
121 291 45
344 761 393
513 868 57
577 181 481
387 704 842
247 151 726
112 375 83
373 105 764
200 162 616
22 551 419
97 254 298
91 668 202
678 286 162
223 745 866
439 579 707
341 253 711
763 463 445
361 81 537
691 49 293
73 311 687
520 605 741
79 61 703
85 649 443
855 345 849
773 536 743
500 93 238
465 337 187
213 722 659
406 325 928
305 821 634
802 595 768
209 590 720
689 291 971
583 791 898
836 572 588
131 696 83
58 697 474
73 97 474
802 829 45
336 661 834
45 65 805
481 496 865
645 473 316
540 691 901
817 437 317
397 509 93
261 319 588
47 279 468
319 271 738
726 648 662
76 701 790
361 753 900
685 469 999
721 93 187
657 864 354
461 845 600
5 801 303
723 246 323
273 469 25
560 805 694
67 639 694
865 522 178
541 663 262
433 839 950
121 210 919
889 216 845
271 841 261
547 680 842
697 577 869
271 466 225
541 51 128
665 633 161
139 242 362
557 191 776
887 49 224
296 639 84
136 685 572
203 655 375
291 757 238
78 777 99
857 105 867
651 10 918
63 19 995
847 337 706
37 245 343
880 205 832
104 617 538
380 712 279
701 860 846
491 337 158
201 619 522
105 601 26
357 669 744
376 18 346
788 37 445
155 745 415
633 343 241
121 835 430
865 221 745
876 155 10
433 82 523
301 532 739
841 181 298
46 595 95
124 568 492
271 116 792
853 583 351
373 291 9
361 790 399
99 169 546
218 1 414
292 323 585
62 164 135
516 109 637
889 649 151
245 205 620
581 13 471
577 520 788
551 877 788
46 256 751
67 676 28
255 75 23
801 717 87
490 838 679
517 153 254
421 463 860
892 669 404
109 5 113
156 565 196
559 601 127
491 644 861
751 521 370
616 411 339
716 457 558
472 447 179
364 859 16
484 643 304
601 887 834
58 313 183
761 528 466
436 671 676
893 421 218
237 257 528
432 373 939
171 699 754
640 496 439
51 124 659
181 763 691
474 469 490
71 661 988
344 798 557
223 163 912
845 756 412
425 745 479
613 409 286
709 281 208
241 841 808
591 96 224
541 886 877
229 231 71
291 676 947
361 343 694
745 865 587
736 87 235
154 328 626
325 759 6
289 677 50
631 529 336
451 326 814
64 433 104
681 505 365
676 868 777
4 397 691
182 442 783
465 552 648
755 757 205
136 319 843
673 230 219
558 427 75
693 825 498
336 761 911
313 138 147
421 361 952
395 7 688
680 61 466
493 461 371
441 757 838
350 541 702
641 406 393
501 221 723
589 451 263
226 876 351
81 151 566
513 391 169
487 813 60
157 226 450
581 451 98
221 756 187
33 143 847
365 851 496
677 367 944
301 778 85
63 301 694
241 655 796
383 693 133
138 706 418
519 840 499
667 85 459
706 709 423
814 739 157
600 76 114
181 298 153
1 477 653
141 889 761
413 566 737
318 127 38
723 637 567
865 388 821
301 856 620
225 299 779
12 387 404
400 681 421
653 537 613
350 428 43
673 526 28
297 464 872
6 50 570
365 800 391
829 621 878
5 49 989
452 258 162
398 345 970
515 860 523
7 10 544
637 25 126
703 742 905
613 481 101
696 680 79
691 746 463
22 515 807
631 380 426
579 451 713
754 821 644
324 847 296
559 329 40
775 625 104
249 325 332
727 647 951
463 545 995
181 173 236
825 197 668
401 391 587
133 16 642
649 95 166
181 428 638
507 531 269
639 784 218
261 141 404
673 601 564
463 70 967
210 490 493
660 316 77
71 881 244
271 376 265
278 673 285
229 258 525
857 379 773
1 643 21
13 409 99
401 769 503
46 457 577
795 533 387
496 73 687
500 841 628
574 361 691
238 883 101
13 173 803
432 31 236
455 613 814
881 269 448
221 424 938
773 883 303
849 869 169
775 421 809
367 487 315
889 21 586
733 381 702
554 125 183
841 601 923
1 221 647
398 829 647
562 747 615
844 316 876
219 694 900
151 426 997
249 391 916
153 5 870
154 306 356
393 169 903
55 717 589
709 857 37
826 312 209
441 619 534
112 517 368
201 161 949
622 775 926
694 331 437
585 109 272
341 897 79
47 673 996
669 305 915
9 26 582
99 512 491
269 656 988
865 235 470
469 559 656
337 661 36
299 481 90
256 121 827
85 631 969
301 521 841
361 865 764
739 161 578
385 685 305
670 560 367
380 673 688
617 76 982
637 461 490
141 466 828
26 408 646
271 760 939
448 725 588
391 895 233
441 283 497
211 267 685
761 780 952
223 788 860
205 665 911
90 517 220
595 697 44
163 476 410
1 151 3
59 472 25
895 257 435
249 676 653
352 492 543
261 169 74
333 341 872
83 121 825
356 886 870
607 563 691
884 105 845
713 325 572
784 326 199
761 541 274
397 874 539
516 8 714
386 471 453
340 734 415
306 67 587
608 826 609
693 271 285
676 313 462
166 888 527
731 579 409
2 75 448
20 205 34
57 745 369
385 85 976
1 858 166
223 841 534
626 820 186
854 856 748
859 409 660
244 37 188
519 742 121
203 641 331
15 599 497
5 593 639
423 217 731
398 463 108
34 662 896
417 9 630
801 621 56
787 413 626
697 789 679
197 389 807
721 361 350
853 516 68
609 325 986
307 701 171
631 627 837
880 501 575
40 118 444
817 37 209
647 529 445
661 271 694
16 360 926
571 715 246
877 76 882
109 272 758
45 389 559
496 93 31
298 41 994
67 245 446
881 406 150
181 32 106
587 19 788
141 391 338
1 857 661
769 361 978
78 37 39
391 536 717
136 441 923
505 91 632
421 190 883
730 651 415
229 811 210
429 769 406
115 127 300
17 441 989
133 280 860
235 893 778
886 589 902
537 824 990
1 163 575
131 261 72
493 330 915
145 331 624
825 375 573
497 141 638
271 136 786
272 323 572
116 62 239
451 447 516
109 425 298
151 211 268
1 497 436
881 811 136
882 777 611
1 808 393
463 221 130
91 269 64
443 790 133
876 571 890
112 361 484
645 94 344
817 451 633
270 391 261
558 845 82
113 503 456
25 760 486
530 127 441
143 177 431
241 711 422
19 267 473
875 243 28
541 757 412
511 202 101
857 820 39
290 219 140
551 665 814
631 45 185
459 594 406
616 654 693
375 384 632
421 601 954
898 841 459
643 241 381
134 235 263
11 601 293
525 641 798
609 693 121
712 835 277
511 601 24
51 126 883
548 613 273
38 357 895
763 426 71
49 781 650
733 691 390
129 865 862
47 63 498
388 357 532
213 19 796
117 252 835
361 496 946
63 107 274
342 685 766
841 425 970
301 541 500
325 145 451
146 54 590
118 455 857
91 416 518
896 345 99
151 107 301
707 181 450
345 521 463
111 854 368
206 229 360
441 247 160
481 470 247
196 193 590
517 653 53
199 65 757
464 199 140
242 476 687
847 501 916
871 781 254
245 473 770
487 529 304
380 601 936
797 91 404
127 808 231
45 157 598
748 331 832
4 220 988
216 260 848
771 49 62
807 373 190
679 449 545
577 597 631
239 289 317
451 371 728
258 603 689
113 653 925
741 564 253
523 863 482
589 709 685
709 407 319
25 478 449
241 361 185
549 555 432
584 62 323
754 325 258
397 550 628
104 787 508
481 240 854
725 271 476
83 144 277
897 421 438
1 7 58
735 505 1000
419 406 937
229 69 837
349 829 506
883 371 370
190 339 731
163 69 590
37 375 283
777 97 622
427 847 189
858 653 714
349 706 13
867 871 332
63 74 715
187 253 78
655 478 349
815 299 287
77 253 228
766 853 608
645 801 954
630 733 656
290 505 244
847 297 170
1 455 505
251 317 102
613 337 189
493 13 748
569 193 760
293 57 713
246 282 219
887 193 107
45 51 206
271 433 171
187 648 340
361 649 576
802 801 335
96 596 70
185 601 86
225 14 119
601 503 60
335 748 771
601 727 561
781 325 336
317 265 318
602 891 726
441 287 118
584 821 574
346 460 391
213 269 651
365 461 438
657 55 775
883 293 956
353 115 474
245 433 330
634 666 244
891 843 432
480 349 456
406 861 986
151 37 975
175 428 610
289 563 390
514 45 13
479 575 701
221 765 142
376 823 286
376 796 996
493 64 316
469 7 884
801 376 448
613 597 890
121 884 837
425 379 647
361 287 360
377 640 10
409 747 552
761 787 379
712 63 257
817 127 908
457 843 509
192 79 305
88 91 827
286 837 917
711 723 19
293 280 70
457 235 921
766 871 642
541 417 305
61 351 398
509 101 686
409 744 176
775 451 971
559 296 314
51 601 34
231 261 333
4 117 442
733 577 451
381 681 839
898 820 663
347 189 32
151 16 475
81 265 788
769 91 548
109 174 787
223 701 168
41 373 267
379 722 145
276 281 781
211 737 180
57 876 214
15 389 466
601 361 995
152 589 5
181 253 328
239 823 376
733 870 458
189 444 196
451 148 544
829 162 786
469 418 786
604 351 356
259 61 186
509 787 822
261 856 797
828 441 936
541 357 698
639 377 263
329 820 335
279 505 372
355 622 361
383 19 6
823 669 981
151 202 588
319 327 902
134 181 869
529 350 791
376 770 402
492 808 404
193 417 482
246 841 726
826 645 865
34 539 420
385 691 577
11 238 927
155 61 59
298 781 698
76 445 433
235 817 489
813 17 391
95 105 423
76 807 774
661 734 902
181 847 912
697 517 384
202 461 893
128 226 795
613 80 697
498 733 972
253 402 290
693 535 162
496 241 803
646 301 411
840 219 595
609 666 701
681 746 856
625 794 136
556 259 66
826 514 455
151 51 784
577 373 714
229 757 443
274 157 372
433 577 733
391 226 228
255 601 432
501 811 978
9 90 692
140 616 513
161 497 611
792 831 791
136 861 868
221 85 168
44 134 23
886 181 647
173 276 332
21 581 738
451 511 264
227 237 592
337 441 974
586 172 972
340 381 310
363 361 489
195 450 296
369 663 580
651 76 907
566 151 13
379 877 72
529 793 366
201 761 762
829 663 164
785 371 408
9 406 171
221 885 356
685 453 983
57 651 240
404 81 521
595 388 630
41 146 606
762 852 786
398 443 379
253 192 340
353 720 325
307 187 996
421 691 922
796 641 360
360 216 799
674 613 534
661 751 737
847 831 716
69 160 91
505 397 300
615 113 350
361 41 624
689 294 665
73 649 61
398 103 491
721 289 324
823 598 16
876 1 182
412 202 999
480 215 984
874 831 85
749 442 20
805 619 780
181 193 457
573 412 104
25 807 996
133 433 715
852 364 174
85 64 48
241 681 876
881 281 935
130 835 956
31 41 331
173 481 302
307 865 357
13 23 14
551 191 915
501 225 95
361 197 902
59 383 937
30 820 480
61 721 366
285 281 285
461 805 939
839 529 816
719 601 963
357 274 796
889 478 137
138 36 94
675 51 291
26 702 975
711 360 166
793 619 168
574 864 27
685 89 577
501 721 885
631 524 565
766 796 770
61 357 757
55 77 475
571 882 323
333 523 158
769 205 849
875 758 702
626 477 333
49 543 467
437 169 678
361 517 621
57 537 334
121 740 249
184 856 785
898 859 522
293 415 226
547 815 17
345 436 489
421 31 368
388 325 852
181 166 525
721 73 181
558 239 541
598 476 909
286 27 659
222 821 762
328 417 148
11 775 141
367 217 487
139 397 630
132 592 688
379 791 472
37 162 486
361 625 123
605 821 350
69 409 231
751 385 481
463 681 822
389 125 726
269 73 135
887 801 329
457 493 620
766 703 227
401 763 177
191 709 883
835 207 970
809 515 970
21 665 79
805 865 255
235 64 207
340 619 431
550 676 464
166 569 923
389 595 362
289 310 637
853 46 406
103 651 701
645 621 363
169 707 177
549 459 517
130 657 119
33 346 38
433 481 820
622 721 217
273 457 224
259 361 824
721 689 21
301 731 353
73 145 350
49 101 585
226 345 84
208 1 821
737 145 883
277 816 450
489 232 279
367 193 346
541 45 544
653 513 70
433 437 688
91 203 70
333 667 240
91 141 213
209 739 55
45 724 123
881 127 992
133 305 86
431 361 434
706 285 811
530 373 991
221 437 309
170 496 904
58 370 586
275 290 296
41 162 930
422 143 140
61 829 469
401 89 221
804 833 398
239 491 118
691 415 51
685 77 930
7 136 902
497 847 736
157 691 759
541 156 279
78 495 966
355 589 634
361 871 522
501 753 432
829 282 732
103 82 988
859 569 510
561 633 284
494 163 812
834 721 571
247 448 84
711 61 223
801 721 132
223 376 846
205 565 630
681 541 257
661 6 665
154 727 389
357 97 423
646 433 47
501 415 469
845 793 414
697 355 182
705 289 869
351 661 919
143 206 676
279 290 470
631 199 37
96 505 566
501 373 550
548 672 595
136 305 823
361 671 498
229 865 553
271 301 171
199 263 405
37 621 633
210 226 91
422 409 992
1 400 860
563 346 843
681 199 718
813 213 380
205 299 762
604 561 309
641 297 693
590 192 653
625 145 384
72 583 26
151 313 98
485 391 882
721 866 58
133 211 846
6 314 313
143 671 590
80 632 717
88 769 989
657 266 136
505 559 535
148 761 147
801 625 404
136 645 300
343 397 259
366 369 981
99 343 906
633 441 706
358 181 537
589 16 977
823 845 481
257 775 120
811 898 391
604 435 595
61 405 672
13 830 641
245 281 827
673 561 413
741 697 459
441 723 703
829 121 948
649 832 414
114 371 517
30 644 900
701 58 600
830 141 672
78 680 286
49 271 418
9 819 206
581 463 472
664 69 741
1 217 347
399 625 951
71 80 390
751 769 272
295 606 666
139 891 961
399 612 369
505 777 582
211 513 165
6 77 648
547 195 319
143 25 15
110 113 108
701 709 862
793 556 272
49 841 201
361 457 891
242 336 22
301 673 635
217 263 454
16 189 508
849 579 868
478 313 543
595 49 796
55 877 74
63 331 993
395 865 886
703 331 44
149 316 211
841 16 828
415 61 994
385 681 842
285 107 563
49 268 207
697 199 556
417 406 57
476 493 233
457 67 193
146 663 765
461 595 450
499 649 413
401 721 310
140 155 256
337 325 6
133 195 991
13 823 842
679 656 831
446 305 860
463 329 425
431 530 344
865 537 542
285 261 197
767 504 648
110 289 42
233 277 126
685 141 53
88 408 304
667 553 260
106 125 354
225 350 407
351 144 84
793 671 532
361 739 301
135 347 487
447 591 443
673 735 571
469 181 86
793 277 679
45 79 494
649 35 727
325 271 101
97 273 962
883 111 335
635 257 114
757 799 271
682 840 256
124 481 615
861 411 48
765 181 368
533 400 611
795 635 607
715 469 950
1 140 907
617 505 624
285 751 568
816 694 386
847 763 673
453 154 6
253 141 680
735 769 381
88 263 389
859 137 691
425 592 334
245 96 678
151 184 568
439 659 404
316 487 56
506 155 93
397 883 80
583 16 89
379 597 849
688 151 616
595 91 463
661 712 106
581 150 226
265 85 430
187 754 504
541 412 599
354 82 730
226 601 480
437 6 135
515 481 947
690 897 206
367 476 783
251 625 158
781 307 700
209 453 620
433 184 93
203 261 850
766 451 907
10 806 698
781 67 116
261 679 956
458 674 246
801 193 164
829 253 905
856 646 124
469 271 853
649 505 873
218 653 605
510 886 296
865 577 268
15 139 601
209 271 198
651 386 97
376 691 398
7 189 784
293 77 408
865 353 749
685 393 899
337 625 991
234 896 420
389 519 540
112 362 893
603 169 399
220 820 564
121 33 379
820 813 422
215 488 63
493 679 640
667 637 479
214 70 539
405 76 260
825 829 9
543 809 680
793 765 452
3 507 684
153 79 134
271 655 456
465 53 623
390 499 774
601 356 719
73 179 145
29 423 229
721 751 962
758 520 87
367 436 404
248 438 886
91 378 116
391 213 983
361 541 458
1 9 51
368 613 962
109 289 427
884 793 148
523 237 5
58 772 767
26 185 797
869 277 310
561 343 820
352 203 59
565 709 784
637 421 539
245 683 215
741 215 676
669 751 382
516 759 839
157 634 720
343 769 910
255 89 568
298 412 208
259 609 37
629 361 44
169 427 828
397 712 695
48 167 16
883 531 49
301 309 181
694 770 939
691 1 149
433 417 732
649 841 868
877 359 739
523 757 983
352 397 111
761 796 346
149 748 680
291 87 371
435 543 299
839 251 765
171 703 349
283 751 953
541 194 681
777 751 562
641 181 166
255 832 780
721 36 661
45 193 340
309 785 369
810 361 492
742 17 765
442 420 690
289 691 178
458 568 946
13 805 375
803 313 109
60 73 673
834 137 705
639 397 887
477 51 661
365 790 417
393 736 298
301 73 553
251 793 558
694 799 355
241 599 653
97 793 815
501 746 300
415 345 13
316 516 608
109 333 391
701 331 535
307 433 548
181 241 911
61 94 905
137 445 294
253 656 650
613 857 611
16 291 336
801 638 769
577 204 863
301 726 244
685 201 75
721 305 266
574 73 321
381 345 736
84 607 865
245 501 517
597 279 458
361 573 402
893 135 404
651 393 984
766 409 707
41 149 974
127 238 901
309 313 330
259 683 726
300 534 50
73 859 353
176 673 696
321 49 182
217 432 866
381 353 843
783 229 953
289 566 616
458 136 819
546 97 613
565 566 582
613 621 439
83 284 614
35 343 228
451 163 336
192 428 569
331 61 480
633 641 577
589 899 341
361 395 749
255 887 321
169 33 18
73 363 789
631 73 88
69 141 245
409 505 438
407 4 894
286 541 834
541 718 352
381 751 508
271 451 243
493 154 930
304 850 195
733 751 915
545 226 219
621 152 374
57 110 827
199 301 861
829 507 647
315 689 919
283 247 828
787 809 595
823 103 307
285 643 137
526 645 230
899 5 271
405 688 491
191 797 391
25 377 735
325 571 910
681 705 243
172 499 730
382 96 147
396 564 744
643 439 446
565 89 257
46 751 404
275 780 731
607 166 413
640 133 980
889 377 135
836 73 510
161 595 134
45 61 698
597 753 141
259 419 594
361 73 839
30 337 937
105 853 702
91 172 61
499 838 28
422 181 479
498 749 124
481 145 548
661 397 633
107 859 504
435 430 426
685 325 806
81 249 462
83 277 890
37 243 579
703 401 622
48 880 580
187 886 688
91 601 194
317 701 360
643 63 785
136 737 314
433 455 79
1 810 931
689 325 844
71 445 484
599 581 559
13 751 452
535 242 625
544 30 420
165 749 970
586 73 391
531 596 804
11 16 373
736 721 234
886 592 462
897 481 285
397 650 973
176 538 923
255 235 71
370 319 4
709 337 455
225 327 706
117 365 579
685 821 261
175 93 283
881 686 609
586 229 167
19 22 242
762 227 203
309 205 969
269 874 589
221 763 890
241 713 267
887 734 501
294 729 593
244 211 774
415 301 839
341 709 390
597 473 282
693 679 117
721 408 140
341 337 797
516 781 211
73 162 644
102 736 339
426 511 699
289 447 489
100 480 390
851 773 736
73 154 472
751 175 674
781 501 146
46 84 64
25 326 101
715 700 742
841 226 679
793 651 443
61 469 457
32 72 903
793 761 401
302 474 12
558 657 513
226 550 560
493 889 622
106 751 776
61 801 934
734 213 178
76 710 68
388 526 697
529 63 927
721 757 355
874 406 793
601 55 561
535 721 767
581 351 867
381 658 172
607 61 651
152 550 903
179 207 975
631 496 98
53 45 758
301 352 50
133 866 772
388 463 66
561 113 560
867 664 175
66 343 855
463 99 291
57 801 901
243 365 782
102 709 97
547 820 509
505 421 8
325 391 397
366 357 808
683 843 626
781 593 161
414 826 672
661 611 55
61 261 874
689 561 863
767 775 999
5 403 435
690 765 617
135 82 39
465 404 58
616 161 80
825 401 481
702 409 280
490 499 181
301 580 158
893 436 941
781 845 687
748 89 966
881 631 683
597 511 53
627 758 326
259 477 23
82 194 881
98 175 451
10 353 841
580 595 279
709 667 921
577 421 299
77 122 239
551 819 725
593 718 275
506 298 326
5 477 396
181 461 39
45 766 495
571 262 621
524 554 303
745 712 967
188 739 689
597 766 335
182 568 589
285 226 878
292 106 473
617 781 944
721 833 353
591 744 404
181 637 684
55 26 236
771 453 824
211 707 562
501 511 636
372 706 675
698 139 906
566 451 272
759 137 194
401 661 295
651 346 107
649 32 670
537 595 454
278 176 787
136 514 912
651 98 130
398 535 310
577 184 928
469 513 113
621 755 394
481 35 681
541 55 19
667 649 134
41 325 723
661 301 692
648 531 472
373 334 882
629 93 467
358 865 578
793 461 217
563 497 153
526 670 970
137 429 603
249 776 80
227 446 130
589 648 210
853 667 763
681 571 785
175 239 995
793 801 78
277 856 569
37 598 741
137 819 195
693 827 711
73 71 679
505 829 268
385 831 387
67 198 777
641 467 665
357 5 421
207 795 599
829 433 124
625 271 697
188 218 60
861 554 632
889 635 689
737 451 424
769 637 337
325 96 242
32 502 95
447 308 834
757 386 238
856 885 120
703 586 811
101 771 373
703 631 351
361 829 219
761 119 313
794 642 104
693 196 514
841 593 448
211 430 130
46 77 192
181 341 486
229 61 261
174 217 188
335 721 489
247 313 320
855 761 182
655 223 364
421 501 502
109 660 572
751 720 797
784 86 647
221 643 536
40 689 17
389 221 230
266 875 820
626 376 272
855 694 20
723 469 653
97 741 63
629 61 584
82 113 224
879 231 850
793 460 388
613 501 856
355 455 709
415 55 364
517 757 307
11 205 604
136 76 274
721 445 275
1 433 649
561 401 652
7 103 10
155 181 115
151 91 919
698 241 679
49 85 802
272 446 972
401 506 117
221 271 387
434 516 933
51 132 308
4 6 415
383 717 97
329 61 443
364 793 515
873 265 602
223 321 30
199 700 389
887 208 755
313 349 707
33 617 77
521 73 674
895 283 95
180 332 695
541 798 324
251 445 593
826 311 493
324 556 657
73 377 114
161 181 762
89 36 642
877 593 385
460 151 945
658 196 575
711 17 224
377 829 753
303 827 953
876 523 853
885 805 587
865 892 797
149 453 293
55 523 834
701 826 387
440 424 909
11 297 185
355 313 174
456 346 232
193 819 51
371 43 897
877 98 98
210 541 841
359 506 389
93 51 472
889 533 369
845 106 763
301 181 257
19 655 451
503 77 226
411 301 188
376 601 861
877 309 394
153 231 952
457 551 872
98 121 622
661 495 475
11 68 223
863 253 713
305 176 570
235 85 921
749 765 895
58 61 13
683 262 693
487 301 600
326 775 388
494 412 947
287 570 642
261 294 510
323 349 326
490 861 282
444 765 716
877 485 479
357 58 578
16 797 864
101 889 506
671 773 830
261 373 370
677 691 920
555 67 129
724 445 320
773 595 611
246 1 693
733 796 447
342 592 107
727 124 103
873 349 443
733 521 172
461 428 49
697 397 777
324 875 360
825 157 281
772 835 99
682 121 629
396 721 393
890 75 626
70 829 92
441 541 488
363 37 557
876 337 158
819 479 691
85 589 296
193 235 721
662 754 676
390 309 787
157 217 45
369 65 431
145 349 484
618 585 121
154 520 22
331 253 786
450 466 899
109 55 420
337 541 533
397 281 901
320 640 975
67 777 825
25 781 751
856 402 990
49 169 381
637 270 883
193 26 842
410 424 601
355 776 829
109 609 909
291 631 41
619 165 27
187 753 950
468 813 961
699 688 810
833 246 441
507 265 33
661 641 251
617 734 765
64 850 762
451 637 541
816 586 241
1 561 493
17 727 806
741 615 783
151 392 220
811 801 947
110 808 739
340 566 686
301 325 646
833 550 557
553 521 368
733 435 36
82 217 22
395 547 717
541 766 305
511 119 125
860 737 599
133 265 804
739 33 527
803 733 188
717 707 679
229 37 394
327 810 369
517 278 548
129 371 806
361 172 810
533 659 480
45 361 874
655 119 620
45 641 691
250 361 775
76 37 453
721 433 663
801 661 698
213 731 910
71 106 891
225 785 907
521 109 51
693 777 311
37 861 138
329 250 298
343 631 30
217 385 302
214 301 253
116 506 84
311 533 101
397 557 336
60 91 812
155 382 224
897 541 830
425 61 889
525 144 363
671 121 644
66 271 234
301 211 32
640 625 837
151 577 629
37 781 726
116 49 212
524 51 318
589 367 134
361 28 317
721 272 286
22 24 86
181 535 286
201 64 219
201 5 318
549 199 329
247 352 872
661 847 522
217 289 193
507 518 436
57 255 84
829 607 81
325 661 568
1 101 278
555 853 298
841 97 286
461 573 185
50 546 380
1 697 191
63 565 869
703 764 89
37 658 390
336 666 945
426 569 390
59 436 782
70 325 761
143 745 843
520 1 576
244 635 831
333 717 34
703 191 36
52 664 165
390 440 976
697 227 643
701 342 746
197 121 396
307 211 263
805 21 649
276 459 708
534 325 827
485 874 231
631 169 294
349 836 116
304 631 618
73 250 689
145 453 798
269 619 861
405 373 935
146 25 113
363 49 298
325 241 342
371 41 650
559 245 189
649 325 337
163 701 628
289 117 969
485 557 545
181 70 800
577 451 263
76 697 161
301 830 186
709 37 723
286 252 473
496 619 38
729 844 684
45 1 861
526 811 86
609 102 347
781 441 634
604 867 435
397 568 915
573 430 716
589 26 426
33 297 954
82 416 917
286 1 333
805 321 842
457 550 527
856 661 875
157 501 993
212 463 536
271 702 570
169 161 921
787 107 685
841 325 906
523 45 303
94 400 648
175 631 362
289 301 400
441 421 962
737 292 112
139 514 61
773 816 783
457 649 117
331 90 502
860 740 24
559 223 403
586 700 7
722 391 756
21 127 975
755 169 977
31 49 301
132 211 900
773 96 219
669 744 937
401 469 190
606 451 410
43 628 697
26 272 861
154 29 214
323 574 347
815 32 685
55 835 27
37 188 726
505 298 583
715 316 265
1 613 613
609 13 417
109 142 864
151 433 240
833 661 583
526 546 788
314 349 20
13 576 639
364 251 784
497 813 978
640 566 84
10 538 486
482 31 285
673 837 877
741 805 611
366 505 963
637 1 493
9 792 892
161 393 976
17 33 647
274 435 79
445 616 310
261 344 928
421 401 963
779 673 238
879 796 636
481 403 192
361 301 518
853 894 314
295 101 830
64 609 385
156 765 465
213 891 339
331 409 842
649 486 41
4 26 555
199 385 489
195 273 348
433 381 21
551 597 40
394 599 10
345 209 101
247 581 85
185 451 75
313 372 636
741 701 802
121 353 913
291 211 775
231 351 39
819 301 886
538 307 360
493 411 594
729 817 323
643 571 150
509 27 210
121 276 166
601 796 118
436 76 604
1 624 230
837 841 281
227 849 283
601 405 479
856 271 793
701 637 138
457 612 771
334 630 770
280 826 852
429 477 540
239 201 666
70 677 246
369 887 558
211 893 188
601 889 933
50 82 312
181 281 279
411 451 717
81 339 920
281 439 642
195 871 332
425 735 656
403 667 130
105 729 991
42 193 180
47 783 934
184 697 296
4 40 78
26 39 401
207 618 122
297 103 304
503 61 958
86 477 188
173 289 44
445 776 974
381 331 796
787 883 677
826 865 921
206 714 251
739 141 425
16 271 876
575 757 711
331 768 818
218 197 616
85 401 478
394 262 789
887 706 685
624 556 466
205 721 347
5 32 625
865 585 756
605 36 790
506 448 940
515 13 633
721 586 935
454 649 947
401 11 466
257 313 823
433 313 782
753 151 994
877 721 52
363 567 428
84 55 257
61 769 572
361 21 700
321 26 156
501 715 586
886 289 442
771 585 317
685 429 231
491 387 776
820 332 61
137 271 596
887 475 864
560 489 809
87 661 124
46 857 36
271 718 330
181 571 54
104 8 452
802 43 874
109 595 288
28 175 920
26 367 167
201 281 219
670 25 514
293 523 281
409 217 524
321 411 155
521 570 697
401 141 719
351 153 329
34 277 119
553 181 461
820 201 91
631 613 348
893 217 304
122 321 251
241 61 472
387 100 603
307 1 395
379 41 267
314 225 1
356 684 966
804 53 404
757 454 77
131 192 655
798 401 964
181 220 892
411 181 82
341 688 484
829 689 189
737 491 354
187 397 480
196 355 343
253 483 229
697 326 56
445 436 887
61 613 651
116 346 524
861 329 93
317 1 275
13 44 205
779 631 45
1 106 967
829 19 381
143 214 578
206 499 221
289 9 446
855 721 241
4 34 141
898 721 1000
616 725 1
568 133 8
261 559 238
149 581 457
429 121 596
898 218 707
226 401 531
661 381 867
741 475 112
514 405 94
281 866 73
316 743 628
631 651 184
603 49 255
325 825 113
889 211 962
441 467 743
91 271 123
40 52 184
504 784 780
51 89 29
85 428 555
424 526 491
393 241 635
695 771 366
33 377 129
33 157 146
823 193 158
391 469 478
181 187 322
481 333 261
301 571 884
520 751 633
876 315 215
181 154 452
774 855 883
121 509 377
707 1 395
127 154 767
357 790 89
613 237 170
253 241 196
46 754 578
124 613 750
481 453 670
852 53 948
549 76 475
739 397 881
421 5 982
511 661 374
31 659 674
207 722 157
433 526 620
559 791 818
316 757 986
439 689 125
613 209 490
721 373 427
481 331 879
429 101 155
109 307 658
281 101 968
318 871 654
725 505 38
49 466 192
221 797 430
351 365 268
298 871 623
123 690 856
851 502 62
597 37 849
613 7 423
609 581 944
354 549 3
781 109 412
53 760 567
321 511 23
785 91 175
45 871 831
217 889 35
693 631 876
531 553 573
337 364 573
471 555 551
476 19 428
127 191 627
413 417 254
7 15 70
763 844 923
184 801 778
1 817 519
381 310 242
684 69 150
706 541 938
665 649 298
696 586 775
402 167 987
464 382 978
136 156 965
266 830 90
697 811 48
88 148 910
676 115 421
268 346 188
256 859 720
665 885 906
291 713 643
751 279 126
157 877 359
397 587 834
877 900 735
775 347 4
257 551 938
149 720 433
611 113 989
58 343 889
200 462 922
103 145 823
739 729 16
581 697 557
592 97 653
785 431 466
6 233 460
25 193 478
873 653 25
463 692 269
766 501 329
247 701 940
515 811 733
241 81 963
583 723 479
437 397 726
213 224 876
702 91 423
287 547 281
370 34 239
403 169 190
468 488 82
559 883 997
861 121 499
861 186 704
326 898 104
151 337 902
801 145 898
73 651 87
357 145 451
741 865 686
700 319 129
269 442 479
71 245 531
175 109 150
55 283 205
706 739 75
677 545 557
62 726 758
49 881 954
93 494 260
109 383 281
711 726 37
643 831 910
498 638 553
559 881 270
711 550 401
515 63 4
837 742 168
805 661 365
9 119 385
61 233 959
141 726 452
625 84 487
631 826 853
556 593 796
845 601 987
301 672 445
631 609 202
391 851 358
545 43 647
682 1 902
220 622 84
376 163 260
741 297 378
177 729 158
746 291 690
721 869 163
13 193 990
793 811 898
209 1 120
841 708 793
571 553 737
167 277 574
316 696 871
438 261 592
158 436 973
781 259 567
575 288 981
661 73 431
517 249 659
253 879 784
136 256 844
105 754 263
501 51 9
35 262 859
304 92 249
733 673 152
533 265 43
154 325 599
423 661 658
97 569 559
21 527 348
458 305 845
606 53 259
319 601 303
301 297 808
592 349 388
751 249 823
51 431 113
181 678 605
838 865 117
25 797 912
355 58 147
603 201 246
451 823 32
439 521 434
338 545 425
816 81 927
201 418 303
433 767 122
288 41 541
229 211 990
871 46 6
171 170 926
49 796 598
441 491 773
529 691 715
561 99 880
476 373 738
196 579 616
421 641 589
665 730 455
699 869 203
259 757 327
493 201 118
136 871 943
133 725 311
811 271 864
128 217 191
757 691 898
626 853 265
493 845 534
163 27 623
297 775 156
27 41 202
861 306 483
479 346 817
516 91 486
149 427 378
361 133 755
436 691 706
587 331 386
574 76 904
275 751 707
541 619 640
249 479 56
305 49 942
664 19 59
261 709 357
343 1 94
533 371 755
4 694 355
409 416 718
481 757 929
387 550 528
376 779 128
657 13 343
177 77 527
477 639 366
649 721 544
586 896 816
92 702 415
851 126 365
373 649 796
830 97 608
181 874 530
42 96 175
180 679 49
793 681 373
26 861 943
553 691 953
733 597 204
613 304 789
424 276 989
457 653 118
793 701 265
721 817 576
140 505 813
857 57 804
895 187 591
79 791 865
852 899 899
109 511 432
698 616 813
547 563 571
685 1 575
561 153 299
213 238 701
809 641 920
110 145 55
841 656 583
577 273 756
481 856 794
133 500 34
777 45 686
703 329 817
147 285 42
655 91 368
369 619 311
859 235 452
91 56 427
127 134 879
553 277 183
643 841 426
169 73 344
217 4 804
721 370 812
385 741 22
577 358 985
129 286 934
46 107 223
541 481 498
843 361 102
711 522 956
248 389 35
198 825 452
41 319 15
551 436 44
761 572 816
751 719 400
757 376 32
641 727 229
514 577 108
581 401 313
189 156 935
442 825 569
432 754 34
1 441 430
549 101 680
211 493 661
199 190 891
205 673 107
572 617 986
544 100 520
847 544 630
340 406 980
226 77 943
793 329 362
281 125 649
126 294 245
361 397 319
73 676 313
756 792 772
717 93 315
97 230 712
91 227 584
592 790 856
379 343 641
751 176 198
242 485 142
229 1 906
669 76 988
370 580 645
25 604 405
85 333 117
5 363 932
116 891 333
745 826 990
541 669 747
829 789 874
731 829 56
37 502 55
16 599 223
531 385 334
201 213 338
121 529 254
388 838 391
766 527 831
46 833 942
166 262 848
874 316 321
289 282 106
495 811 313
691 178 997
659 866 553
502 747 983
208 846 120
636 869 757
373 237 221
361 487 651
511 129 549
751 881 833
676 517 931
873 508 632
587 529 502
151 675 599
871 145 820
37 120 241
576 888 363
849 321 426
781 34 693
775 286 793
506 37 485
1 796 853
331 841 648
232 385 361
3 561 53
666 133 620
331 741 91
167 846 351
409 515 477
289 53 104
285 195 551
461 475 683
843 853 980
301 531 193
841 154 201
562 611 852
757 581 532
178 234 108
457 731 488
621 415 664
65 1 778
259 706 236
19 574 783
5 25 909
588 856 130
597 625 480
533 523 455
1 165 770
720 493 680
826 444 159
745 181 271
217 408 237
451 253 65
721 161 15
361 177 540
106 595 319
861 869 981
805 371 316
97 487 888
413 541 317
381 549 464
333 402 629
367 190 96
833 451 960
179 650 618
607 337 261
334 832 880
243 564 675
619 211 936
51 345 922
461 298 43
742 411 765
873 483 875
712 151 627
339 522 884
659 705 797
295 661 839
821 226 374
487 457 293
561 436 956
481 214 220
661 573 630
610 263 413
169 859 665
841 301 673
103 646 156
561 136 301
64 817 249
97 817 254
721 301 197
61 244 470
701 281 912
381 606 603
113 279 576
190 231 741
336 71 829
619 721 803
679 521 721
823 739 288
745 229 611
464 322 100
565 661 145
253 649 306
157 81 948
41 553 115
23 169 438
222 246 190
751 517 685
829 481 715
303 343 265
451 697 636
717 163 144
181 669 202
457 53 434
451 740 581
516 565 940
381 321 968
743 1 548
555 562 366
220 449 96
68 432 287
38 451 272
876 509 58
365 807 728
489 627 372
361 691 758
487 619 304
868 441 87
546 741 394
711 397 245
813 500 651
154 104 229
459 401 575
351 240 375
151 443 728
713 595 109
269 419 51
317 217 256
589 434 185
251 91 365
1 130 631
550 801 791
589 757 818
577 607 585
744 555 124
626 67 323
109 85 767
526 689 332
502 103 393
556 682 118
421 489 202
581 789 711
826 389 773
595 837 707
283 157 402
250 501 760
874 212 34
649 501 640
221 391 633
401 559 437
307 357 531
149 838 664
216 886 730
283 129 501
553 811 692
154 277 870
661 550 790
497 241 56
505 605 518
463 721 826
144 403 887
161 25 37
145 5 237
655 453 247
719 21 203
99 421 434
245 661 769
576 481 207
136 151 498
269 667 516
249 406 168
179 318 452
37 134 306
74 188 854
501 616 688
175 379 825
1 251 786
521 101 411
501 49 630
832 864 346
319 428 610
814 145 488
242 598 635
481 871 965
706 829 813
278 811 806
154 626 563
776 221 540
451 829 5
826 590 498
363 574 633
556 619 50
709 343 843
91 766 307
313 489 967
546 181 585
329 613 187
132 138 754
1 89 196
293 52 149
744 877 828
163 687 575
637 857 296
10 637 789
512 672 206
841 409 187
283 141 289
481 598 105
181 361 22
173 751 489
289 864 984
749 34 655
762 421 145
149 243 757
625 396 409
148 749 290
441 476 724
616 489 929
725 101 83
786 529 955
241 277 918
493 197 53
781 417 793
325 601 982
595 807 133
151 391 186
679 691 34
136 721 413
849 531 196
871 698 515
811 887 750
361 64 370
243 181 344
61 761 998
525 1 563
393 557 26
841 682 462
589 481 283
141 628 115
162 801 182
601 762 457
361 693 211
167 182 701
43 135 4
866 181 181
751 26 666
241 793 836
721 601 939
631 41 814
77 98 62
706 13 925
148 91 340
101 547 103
889 531 245
241 653 678
31 91 838
145 785 368
840 625 92
649 396 433
861 501 994
94 102 690
97 57 592
161 406 54
609 49 248
120 228 166
604 397 679
451 679 533
310 117 716
123 13 666
33 241 617
690 365 985
15 18 846
444 281 965
561 121 196
484 529 166
841 470 485
201 45 692
351 49 543
694 577 181
317 431 367
721 231 968
1 369 804
108 882 548
757 251 575
841 219 167
63 802 504
581 33 247
561 100 986
601 125 689
519 235 851
400 433 943
207 542 248
601 217 157
294 616 765
442 574 14
97 719 316
739 737 943
593 1 919
427 645 554
721 33 68
511 341 438
146 91 572
533 629 1
385 703 46
181 817 955
505 651 474
40 181 546
193 111 845
709 889 682
811 894 623
883 190 991
856 616 186
115 33 600
753 376 157
571 257 187
358 184 199
730 751 749
592 721 166
316 245 742
66 101 951
173 233 770
361 747 693
151 289 119
310 376 753
37 852 118
21 348 723
368 687 817
667 97 265
390 505 856
569 213 426
649 343 754
586 639 949
523 121 434
433 181 438
409 573 543
468 880 885
577 632 365
310 657 477
17 496 791
190 749 490
589 231 189
695 226 46
61 335 92
327 301 163
781 112 658
267 713 533
732 91 863
537 301 404
397 45 518
213 216 473
361 415 685
41 451 417
253 332 814
451 136 255
861 781 303
601 521 740
109 368 125
471 392 61
92 186 931
751 415 939
598 53 616
103 756 312
453 626 43
211 15 879
451 331 338
547 13 411
1 411 276
42 386 624
285 178 665
844 513 45
201 621 630
835 613 479
733 629 280
461 397 859
385 266 593
821 460 222
822 157 620
229 703 748
415 752 374
637 285 41
177 611 173
61 889 574
652 121 881
818 241 220
155 701 558
180 405 580
104 61 612
307 391 99
185 271 762
180 434 277
177 408 105
721 889 341
595 459 468
549 379 99
681 121 110
243 669 36
169 671 866
109 233 592
546 797 145
573 429 677
812 153 857
64 701 426
4 108 574
601 37 531
705 357 54
511 811 17
467 861 884
372 421 444
868 865 493
791 331 25
852 381 302
63 71 615
860 151 448
251 217 524
181 699 415
81 571 355
65 473 268
856 817 117
793 869 951
22 61 374
815 109 643
495 321 779
887 831 369
310 522 629
433 124 186
890 42 712
749 361 428
505 411 256
817 674 765
411 524 989
139 445 374
372 885 619
399 758 472
271 733 271
503 532 915
401 71 18
239 217 641
347 41 379
523 210 637
37 319 65
285 441 819
856 721 994
52 109 11
161 259 290
577 730 103
586 417 284
811 45 654
334 868 973
757 579 743
763 55 722
549 505 1000
505 247 767
409 823 414
487 13 879
211 266 36
173 307 119
541 331 75
470 894 482
247 873 250
175 151 27
1 309 814
698 776 517
777 823 471
142 574 178
219 673 576
876 511 640
433 29 727
565 721 970
37 1 202
33 605 710
731 245 804
581 283 479
261 869 669
464 881 689
53 809 643
601 799 883
103 200 935
685 711 722
701 605 244
72 888 381
403 451 311
31 697 658
151 445 225
761 849 137
869 597 751
43 791 796
121 551 698
381 136 281
283 556 974
541 89 150
100 150 611
201 305 498
361 274 822
543 61 995
21 181 224
439 873 238
831 153 761
289 796 997
433 694 864
9 181 72
897 277 931
190 76 682
457 841 617
354 763 233
389 1 646
406 411 552
335 145 124
539 566 869
473 405 768
748 757 611
761 413 115
859 730 42
85 877 834
101 313 592
821 818 871
346 196 996
853 501 363
550 636 656
183 197 229
17 43 742
224 721 250
511 37 858
745 385 325
389 773 471
410 553 631
703 877 152
656 764 703
45 242 842
825 777 156
433 632 214
451 5 962
733 501 668
297 681 50
837 1 875
377 181 593
446 113 34
423 660 884
149 735 432
1 501 159
409 163 380
801 28 459
85 517 632
77 661 478
249 322 575
27 531 702
861 247 599
503 753 964
733 100 515
10 388 990
154 631 490
489 81 786
19 556 286
893 683 803
346 631 160
436 847 991
701 641 405
291 301 114
145 19 620
865 473 259
453 53 186
649 586 417
436 793 569
609 605 439
395 428 754
410 299 815
272 469 772
367 494 528
195 241 743
763 237 48
1 181 581
1 757 237
469 403 203
111 203 896
737 681 370
301 405 823
84 650 755
661 277 840
358 852 160
287 335 313
732 205 520
446 602 403
3 29 236
95 601 805
11 825 852
351 366 65
565 821 11
661 593 986
631 831 415
151 129 172
385 566 938
737 337 524
533 73 624
105 251 733
217 415 745
20 250 494
613 847 986
708 721 512
11 36 765
527 661 498
481 436 378
103 589 335
301 403 662
726 94 627
51 36 782
499 814 998
115 874 317
161 269 923
219 454 516
381 181 702
257 469 161
99 505 505
211 524 494
709 1 402
425 732 737
9 170 4
91 289 537
525 340 996
451 635 775
91 617 470
409 655 274
537 253 743
597 752 553
19 781 411
174 468 666
296 445 824
216 597 832
225 805 105
447 661 675
697 889 459
443 536 150
680 477 863
717 289 113
445 806 472
611 17 740
41 237 378
271 512 216
484 414 715
156 732 873
127 517 833
33 49 945
517 761 272
541 870 896
418 587 912
169 215 576
211 681 822
188 181 745
721 81 382
469 319 592
823 199 91
25 387 222
606 589 383
13 301 409
872 247 790
81 153 814
91 482 114
424 235 979
415 545 941
481 231 327
107 268 34
115 93 786
521 591 6
757 673 131
437 499 261
726 175 278
740 676 718
787 885 288
704 278 321
305 373 261
464 775 30
885 712 343
751 141 887
633 33 285
45 226 69
249 773 64
449 707 686
283 568 561
517 875 527
393 553 915
286 601 219
571 26 426
521 180 375
503 597 529
291 667 448
1 793 905
501 21 313
525 837 982
45 413 111
25 663 386
59 179 867
241 789 132
10 46 823
667 81 945
593 601 531
226 49 818
609 575 616
163 894 361
226 311 865
541 397 186
721 41 70
161 348 330
45 265 955
217 819 937
849 394 702
301 589 939
627 745 140
241 893 771
369 241 759
513 476 900
300 336 413
81 457 810
100 686 78
313 505 604
454 491 402
766 7 277
318 677 167
278 784 502
541 366 338
136 202 219
823 858 156
531 421 864
801 76 915
721 221 557
709 168 796
721 616 430
31 317 446
288 865 227
91 645 128
265 463 2
888 301 233
361 10 718
601 433 18
841 501 492
398 504 534
751 51 773
319 847 175
805 91 463
451 361 64
811 778 529
573 701 845
676 217 702
550 554 407
865 217 900
310 763 802
217 439 847
529 781 261
95 861 454
278 219 825
309 577 597
583 731 927
475 85 598
274 605 290
382 601 549
55 395 931
514 271 316
6 723 56
284 295 177
421 847 195
6 21 279
598 163 282
736 801 3
810 701 675
775 85 577
122 320 339
480 67 471
745 237 843
139 341 875
740 217 487
558 861 569
465 127 953
761 127 256
247 727 440
385 880 730
676 377 466
62 486 559
106 168 515
700 91 32
805 79 570
334 809 457
138 37 487
328 181 243
105 181 171
697 632 93
646 739 831
701 101 731
183 103 290
417 595 530
661 595 492
100 158 778
463 1 251
5 229 803
314 721 842
674 130 318
511 4 575
346 75 861
605 531 991
214 657 648
897 241 989
610 793 172
25 251 96
603 90 128
82 76 447
325 457 277
255 314 820
437 462 404
757 765 581
655 325 69
621 114 621
821 196 192
653 253 477
541 559 85
811 769 1
109 690 149
656 799 190
1 802 589
598 609 381
193 751 860
84 606 900
889 301 727
521 868 768
441 133 481
805 718 118
101 685 533
349 781 854
750 15 58
173 551 848
616 141 73
141 381 711
884 851 61
701 739 108
111 277 502
69 756 744
733 489 165
551 631 720
255 420 322
694 115 43
231 421 800
829 194 773
44 28 618
787 433 809
634 609 517
531 621 666
821 381 546
26 616 994
120 364 680
201 301 140
613 313 875
389 64 821
191 562 538
797 217 200
627 889 842
23 407 335
871 246 191
790 126 334
757 661 111
757 869 647
357 457 492
551 691 942
316 766 124
625 781 18
91 273 403
71 759 372
816 861 605
589 51 454
437 423 861
431 493 477
814 748 529
735 57 948
108 744 652
37 719 92
673 761 299
710 654 46
245 679 353
545 477 346
529 499 453
731 805 877
176 731 858
621 529 205
225 603 646
763 713 315
478 721 525
135 544 160
433 817 213
821 138 422
456 711 469
829 225 466
68 397 84
703 27 828
720 441 43
91 457 833
153 854 330
739 83 212
338 676 25
91 211 979
271 181 132
412 85 530
856 613 556
579 697 952
561 686 439
343 500 156
418 509 348
641 821 624
55 627 114
805 426 581
716 568 202
456 209 263
118 861 827
811 197 839
58 236 362
478 36 600
625 697 504
478 235 307
804 837 738
576 235 280
761 110 588
129 627 39
35 851 532
772 55 112
784 586 904
636 401 287
735 227 292
493 581 31
699 601 415
793 553 373
433 9 932
701 529 163
357 397 636
543 793 557
629 559 743
8 396 914
493 229 4
83 21 68
858 559 933
92 881 481
98 856 968
865 609 945
348 835 723
17 785 690
49 129 93
793 773 853
61 611 525
40 59 574
359 1 958
85 545 523
829 898 249
445 343 594
271 701 119
1 55 979
595 696 253
521 136 904
217 604 933
739 745 196
366 144 976
403 775 576
869 681 508
9 17 365
701 313 786
24 545 184
427 799 580
799 105 402
502 153 73
225 661 659
229 885 579
709 235 867
666 211 109
101 400 810
31 475 674
41 617 950
181 856 730
661 469 433
865 281 83
475 32 672
420 156 338
382 301 405
19 93 421
471 257 971
331 1 287
395 706 666
277 883 365
355 778 816
161 639 161
805 525 502
655 293 434
621 362 7
821 489 987
237 601 40
478 519 143
357 75 832
41 351 907
125 391 339
445 5 330
364 343 212
529 649 352
417 382 18
133 277 925
287 774 518
436 271 234
859 365 788
421 403 951
461 100 688
361 855 194
296 111 830
79 685 37
401 301 830
263 398 448
145 777 403
61 70 214
326 446 938
481 729 237
871 451 589
651 677 291
325 25 903
565 841 443
809 316 599
819 841 581
24 54 454
601 241 374
736 91 525
181 757 264
41 421 198
406 519 269
676 770 952
450 661 160
611 348 417
191 575 545
543 101 350
134 157 210
121 84 764
103 554 321
721 175 623
312 127 425
418 185 534
368 786 243
551 331 749
301 577 598
4 578 643
703 277 157
291 306 908
373 752 564
405 746 995
405 733 640
67 141 991
481 422 268
389 505 378
296 171 940
673 457 919
77 861 452
127 252 551
289 61 343
413 581 665
577 829 217
817 332 669
837 52 503
545 551 380
561 252 251
127 97 725
124 131 771
254 205 548
302 205 11
37 635 134
373 201 40
519 59 554
113 407 627
203 212 144
45 415 160
307 402 590
301 341 819
157 7 207
53 425 425
445 89 293
464 332 604
117 169 991
301 247 194
69 292 28
53 321 74
346 513 158
421 841 151
865 177 217
70 86 32
101 328 595
290 685 255
181 528 626
793 349 756
301 745 234
437 604 897
604 469 11
664 10 687
454 13 130
73 757 304
35 653 35
395 801 306
890 221 935
249 641 719
221 697 853
691 435 994
413 349 453
637 493 385
709 76 283
413 881 155
436 801 402
184 101 868
412 449 962
265 10 373
631 697 60
312 348 752
81 837 391
859 151 892
249 467 940
239 661 230
313 571 280
181 643 211
93 61 162
756 496 628
376 397 104
189 705 43
310 181 662
330 403 394
811 733 264
85 361 463
61 811 903
445 568 577
565 281 765
65 710 483
21 281 256
841 59 339
163 187 821
586 401 871
380 392 681
469 456 513
445 661 291
317 766 472
91 421 887
29 884 757
194 199 350
301 617 816
555 333 614
131 422 325
551 889 297
33 277 314
791 253 205
841 551 989
485 113 924
431 487 786
19 496 113
673 797 136
207 46 328
1 47 644
715 733 501
295 451 594
829 157 590
323 556 475
347 157 599
713 589 178
106 426 223
73 869 335
145 601 968
576 898 539
243 319 791
781 291 508
781 331 327
321 136 296
553 637 607
757 787 37
865 601 101
451 73 19
540 146 922
276 369 787
153 353 347
241 185 79
501 206 500
781 164 334
193 266 214
751 741 893
271 690 1000
656 451 461
397 42 586
469 109 610
189 276 55
331 793 531
1 56 83
837 89 753
721 775 470
229 850 530
446 421 52
507 660 852
653 877 428
541 158 62
409 865 722
112 581 616
417 281 129
726 881 62
293 176 171
787 895 644
865 691 756
385 88 528
65 239 268
640 824 240
1 471 175
245 581 42
685 76 237
112 438 335
27 589 280
769 853 357
831 6 8
218 75 66
813 706 386
197 505 846
889 504 3
16 97 36
81 274 577
93 193 84
883 836 522
386 615 783
388 565 417
177 1 339
133 46 380
499 264 499
403 575 925
898 201 269
820 82 950
64 874 519
643 159 229
509 577 595
807 628 274
817 282 621
536 91 794
284 560 27
455 665 389
165 61 660
113 562 639
99 849 246
635 717 540
106 796 574
751 308 453
757 91 189
51 68 412
857 736 289
778 163 995
61 701 456
133 163 66
333 881 557
36 48 715
1 601 88
399 731 711
364 301 254
694 533 975
626 217 519
881 596 980
151 465 176
865 289 796
200 866 969
681 841 868
690 301 857
281 663 520
1 361 75
501 89 980
381 415 448
843 247 307
83 241 23
349 471 251
799 818 175
7 53 873
211 113 969
231 469 794
13 583 429
74 383 362
449 721 48
101 729 30
831 181 996
775 321 768
57 848 714
397 420 759
333 455 471
307 561 821
826 892 736
341 476 324
171 100 389
27 297 721
862 476 593
715 541 530
543 579 96
673 331 651
699 817 579
393 697 470
821 46 894
193 223 458
541 391 380
413 301 913
851 841 501
15 145 415
796 577 409
454 309 418
359 414 339
347 629 469
83 257 689
721 820 818
163 500 693
281 508 885
841 685 553
80 109 248
117 368 280
95 149 681
214 351 948
709 123 346
589 358 235
388 862 780
96 778 624
204 543 818
145 847 71
829 53 260
166 796 991
381 205 992
380 721 628
765 301 631
376 828 924
129 765 533
779 849 550
866 296 534
622 253 289
195 705 979
593 336 316
401 81 766
216 421 487
379 529 237
896 37 360
298 872 48
51 393 788
325 580 715
245 278 313
53 257 428
342 767 733
56 221 233
631 549 889
533 623 738
451 613 392
597 889 374
96 264 460
817 16 7
21 133 757
685 149 431
430 550 836
24 45 230
27 92 51
571 61 606
87 821 298
535 235 409
41 658 235
712 548 615
141 126 401
361 16 268
821 261 491
669 399 364
196 526 580
603 654 543
170 253 965
43 863 836
451 517 105
741 625 264
316 572 556
749 540 865
1 625 392
148 389 930
658 694 22
381 576 934
847 34 228
588 425 975
239 334 187
649 473 671
463 334 913
160 416 448
173 21 545
201 691 182
469 796 878
572 745 301
69 503 14
56 325 895
811 832 789
601 772 190
52 860 149
402 667 55
750 287 680
71 669 212
217 745 579
856 437 536
549 787 141
649 151 456
91 480 956
361 137 125
501 371 94
410 29 802
33 493 189
346 741 932
452 406 191
426 440 862
199 85 259
199 157 81
1 431 357
269 481 460
697 313 381
893 201 344
451 85 519
709 22 582
122 271 805
295 597 870
837 864 47
109 339 172
229 289 28
743 841 664
427 751 937
541 83 710
421 117 708
472 793 974
406 787 275
781 521 950
22 64 54
407 501 245
252 721 999
485 633 750
874 376 979
241 4 795
37 205 506
437 778 378
547 385 787
885 97 861
181 523 126
481 133 224
221 856 690
595 789 184
827 766 993
793 685 292
481 397 927
277 745 784
22 73 358
45 15 417
105 253 761
1 742 77
35 394 848
1 263 577
1 79 150
624 719 997
177 350 738
551 145 235
739 97 363
337 401 272
798 326 733
137 452 96
361 894 323
253 744 521
451 1 315
101 166 198
489 796 961
801 859 317
405 475 176
817 853 740
215 591 359
37 517 877
353 351 768
853 289 549
243 598 970
481 751 535
251 304 510
741 147 601
140 641 684
613 541 662
667 865 666
217 401 493
267 357 40
49 289 165
469 225 445
94 596 278
601 406 339
433 553 261
475 482 343
565 517 564
661 737 969
446 799 633
161 142 255
504 517 296
145 181 698
565 333 676
301 636 402
421 157 108
647 613 234
61 841 945
708 321 593
461 309 665
1 319 820
578 511 488
617 853 848
141 451 901
591 376 155
757 551 210
493 497 938
142 445 549
358 90 419
116 556 930
805 407 837
70 183 883
329 271 679
261 817 279
251 34 656
481 537 68
793 667 464
547 811 103
411 235 57
1 481 25
97 211 787
323 186 521
189 301 697
315 460 227
609 897 398
181 386 303
298 206 732
127 463 316
97 304 536
661 649 713
272 257 904
353 427 964
