922 5358 817
27 72 788
192 447 526
740 283 657
361 127 931
921 127 513
483 515 843
56 326 254
222 255 420
761 628 435
369 605 221
40 172 743
361 693 913
412 867 590
291 297 328
451 233 293
619 585 881
305 337 112
757 883 610
369 609 529
167 500 75
207 713 405
205 883 391
161 721 352
149 77 657
767 231 858
413 635 372
824 307 574
95 317 950
622 371 736
261 301 562
755 271 247
669 38 60
635 565 428
236 534 171
143 175 111
435 229 171
619 433 692
398 460 497
471 604 48
337 401 784
543 172 59
334 5 343
91 886 975
581 419 688
890 149 51
643 689 982
743 361 56
115 823 936
87 918 368
281 458 217
123 683 655
813 37 618
855 351 710
474 96 560
591 616 927
527 173 701
309 882 368
269 827 54
165 777 466
284 333 723
725 547 271
109 393 788
664 596 901
162 354 625
392 91 615
267 444 613
688 649 854
561 358 497
423 619 749
759 81 113
767 305 171
43 346 523
815 415 475
273 91 343
1 21 818
619 216 899
392 921 400
653 877 378
69 87 368
202 777 18
567 819 522
243 511 199
331 451 464
393 205 693
176 186 681
531 475 949
246 316 180
295 551 700
330 756 55
709 806 86
11 145 679
107 763 427
39 83 332
135 781 472
311 85 80
307 245 909
216 315 743
751 456 921
823 911 931
335 185 26
453 607 582
464 603 247
291 219 201
465 814 148
287 715 395
299 35 328
501 100 199
335 603 15
693 677 481
165 864 237
303 481 316
873 419 116
509 605 856
823 171 952
109 353 16
279 195 370
648 275 357
626 756 693
777 269 954
7 19 370
73 313 21
219 761 403
919 486 654
210 297 987
530 12 401
879 725 413
465 819 639
833 171 607
459 474 987
783 827 820
411 483 418
121 286 782
476 371 369
1 527 612
285 24 251
178 189 579
729 872 317
793 125 63
357 133 75
725 436 412
307 383 417
389 736 436
416 439 519
555 671 625
493 703 437
261 275 529
732 97 402
713 407 625
791 245 59
366 212 84
497 816 627
828 831 830
605 653 154
833 40 598
285 480 866
507 512 229
522 373 244
31 61 566
525 528 960
477 436 814
49 6 304
589 93 690
65 555 421
155 904 694
379 188 572
490 131 78
846 102 961
253 341 139
381 723 516
888 732 967
219 430 436
875 918 371
299 733 616
399 803 9
375 744 125
115 111 345
848 896 111
601 520 640
85 771 744
337 913 341
33 153 385
207 478 569
213 369 105
632 587 610
775 467 121
614 31 918
579 467 820
727 342 889
228 608 907
525 84 44
473 326 959
47 503 37
79 581 431
439 1 570
278 643 78
271 654 599
266 223 931
322 685 670
835 267 505
401 263 560
522 603 50
436 201 117
317 107 304
745 48 79
313 864 762
707 257 146
823 291 816
793 10 484
577 402 508
345 624 650
119 835 196
737 239 308
703 801 219
550 808 752
216 477 828
338 342 643
4 166 370
45 235 269
759 263 51
455 365 607
392 428 717
290 743 113
847 778 83
865 77 184
255 259 887
868 231 153
27 122 559
295 871 239
15 465 469
284 94 571
491 563 587
215 586 978
733 322 759
797 425 246
583 145 729
120 441 631
706 921 825
544 69 191
901 709 805
153 110 656
707 729 36
507 645 580
181 387 943
67 376 221
610 714 725
7 27 393
72 646 766
685 390 269
643 174 131
413 605 211
203 270 129
603 478 930
292 426 282
437 776 198
33 865 309
536 556 572
1 46 971
127 726 788
14 140 63
63 516 263
663 363 490
132 154 118
103 192 443
1 625 936
715 845 262
303 745 743
637 428 795
851 831 27
423 196 53
406 577 649
259 748 834
661 404 880
616 839 885
434 582 109
89 224 200
135 286 682
602 537 346
25 37 407
886 814 419
330 89 234
757 343 415
492 103 961
365 387 651
343 39 313
323 857 493
91 249 880
908 459 147
117 421 925
813 691 766
436 699 482
717 765 823
272 180 226
117 355 579
62 55 806
773 767 839
557 567 384
99 501 962
907 464 652
429 761 618
205 431 173
815 206 977
657 1 177
12 114 178
56 860 582
511 820 29
885 313 571
346 695 215
42 804 199
517 79 808
22 362 869
133 896 820
247 325 691
759 5 14
689 640 393
496 559 247
849 644 114
185 51 521
158 398 895
625 407 637
290 691 372
905 717 134
273 167 897
213 208 101
304 356 589
519 400 603
900 184 285
83 669 74
33 268 677
73 108 41
177 738 676
355 373 341
83 184 883
595 817 409
744 563 589
757 715 643
905 203 594
485 810 219
329 19 956
519 767 267
411 651 187
60 752 118
241 795 5
429 713 533
7 791 199
289 741 502
281 805 36
204 235 580
789 664 599
308 235 818
179 732 135
340 480 350
197 720 447
403 191 719
179 446 351
152 517 191
28 740 719
190 332 710
791 185 363
703 670 977
417 499 578
211 354 464
390 21 172
597 310 144
34 108 875
429 775 442
296 513 857
687 555 567
829 518 155
701 634 991
481 702 912
327 223 665
797 166 966
583 100 566
793 480 202
865 817 653
29 481 723
125 244 233
707 504 75
551 545 341
475 101 941
821 79 118
787 245 650
107 367 388
316 477 93
267 600 945
749 61 821
857 281 420
199 624 891
275 683 328
311 1 2
11 118 908
329 275 255
657 503 975
200 83 153
191 577 233
71 471 774
463 583 450
631 848 108
165 617 817
61 417 911
187 170 660
35 341 740
197 757 750
175 808 763
69 228 719
19 303 1
238 608 806
299 452 634
314 492 343
721 295 354
787 233 255
707 499 218
107 837 435
296 239 645
793 879 387
541 232 658
214 403 19
119 131 936
483 19 143
349 747 283
158 789 168
611 732 322
309 7 759
19 894 282
134 711 102
824 912 291
199 323 848
585 254 112
449 860 89
705 129 625
347 335 794
807 761 911
41 521 323
83 143 401
341 563 896
476 331 710
117 127 430
691 817 98
101 190 149
599 21 710
881 837 750
538 217 369
283 39 77
804 55 414
917 298 67
110 453 482
382 511 512
352 568 895
533 614 928
151 886 984
151 775 748
31 141 983
47 317 220
388 210 598
855 559 954
98 715 640
451 357 151
425 133 910
444 669 260
625 801 326
193 391 295
35 600 849
437 470 427
878 487 613
321 162 859
249 733 509
645 885 504
746 791 848
9 593 831
321 115 349
835 587 372
266 811 135
453 427 153
113 498 276
533 443 593
434 401 420
258 81 589
294 503 679
378 82 458
134 329 966
642 897 442
344 455 908
505 293 656
239 485 982
319 204 759
717 894 263
63 279 447
19 266 716
881 75 213
706 84 995
551 62 771
655 91 761
5 213 286
760 748 374
825 299 181
485 549 881
118 521 926
543 824 337
712 109 11
810 611 121
615 482 334
807 894 762
285 103 694
845 834 498
42 577 29
116 691 886
291 681 620
262 555 34
621 157 862
567 446 909
404 543 454
279 841 436
567 799 110
845 730 309
343 357 316
837 15 180
33 201 337
444 273 904
697 108 723
585 313 304
196 367 158
538 658 184
491 121 715
425 79 668
111 213 562
915 125 954
769 582 47
669 837 984
677 398 965
893 123 813
32 352 882
20 135 382
225 327 633
920 541 505
445 309 866
253 122 796
903 337 642
171 529 665
49 471 8
664 127 959
217 358 24
175 218 2
633 761 259
275 189 279
381 140 263
589 127 443
697 379 210
287 394 381
336 378 790
72 375 266
785 593 800
226 276 601
345 267 637
35 37 772
909 473 455
591 141 201
69 244 903
133 164 496
271 69 550
182 783 599
521 340 199
811 339 520
303 380 614
198 291 389
656 235 707
184 880 899
176 699 171
43 12 432
38 284 33
263 910 737
484 360 637
332 425 804
119 770 497
577 227 947
249 745 163
632 864 873
591 315 15
223 563 221
731 1 850
96 596 297
407 745 235
680 585 250
359 212 225
521 847 215
524 167 83
605 527 710
309 747 387
599 29 424
333 628 372
660 239 65
27 382 747
589 727 807
601 6 630
633 801 700
25 77 737
262 484 805
323 325 810
588 333 424
447 62 423
423 515 215
227 111 25
149 807 882
715 483 417
488 470 86
885 489 984
1 2 884
882 385 987
14 437 5
59 830 259
585 563 213
598 85 782
523 755 544
27 283 69
807 528 912
157 409 77
11 861 157
428 487 710
676 110 607
305 23 940
133 793 307
169 671 310
667 889 883
348 873 225
345 559 98
7 259 43
129 131 248
202 466 809
327 321 202
877 427 481
851 327 714
61 617 967
195 53 359
859 512 224
22 470 534
381 657 293
37 93 226
911 7 467
198 583 114
367 747 85
721 327 866
151 220 670
709 245 644
254 129 580
193 341 647
194 285 971
377 672 466
791 834 968
121 313 846
554 659 514
351 537 726
609 619 569
444 614 724
267 53 342
263 166 327
497 881 101
268 615 365
586 207 3
868 185 718
579 835 422
21 649 56
253 631 541
435 465 561
331 207 678
597 592 486
335 497 15
271 281 787
219 696 237
37 161 553
241 800 213
329 130 92
900 101 340
681 581 53
667 216 704
761 475 393
33 69 851
700 278 35
135 117 901
672 686 280
153 473 39
111 802 106
88 233 271
250 616 987
922 47 767
477 89 457
639 507 374
21 809 929
757 423 26
343 605 911
73 497 858
127 652 320
478 765 199
600 917 750
867 607 89
163 216 912
798 323 964
173 793 623
767 838 565
523 30 388
74 217 255
433 597 301
699 301 766
218 55 429
329 643 167
481 360 571
191 489 599
265 361 1000
509 11 234
601 465 46
293 913 100
192 197 881
204 434 963
373 510 167
365 131 540
451 457 967
181 416 52
623 537 193
147 483 593
617 911 380
905 51 180
808 54 442
566 283 735
227 145 917
475 305 792
211 750 574
792 807 508
751 297 871
503 459 765
377 140 205
603 173 824
13 38 742
117 188 383
511 403 611
634 716 955
817 529 893
339 575 514
223 559 831
822 444 374
433 375 657
87 477 397
699 767 920
269 19 92
11 68 951
743 419 945
99 400 667
474 73 658
704 399 898
591 205 977
334 9 527
233 203 466
514 852 525
174 223 277
90 653 71
735 623 545
381 125 34
32 783 887
141 493 723
118 142 462
314 177 698
592 736 549
269 698 71
785 261 520
775 79 910
3 80 689
277 695 531
329 687 887
767 915 408
104 573 858
335 682 648
67 576 828
330 546 215
255 265 40
577 602 807
143 227 681
319 399 327
618 407 720
8 54 649
53 883 747
767 77 670
815 617 125
705 574 959
89 794 743
861 855 367
384 118 558
713 301 320
149 171 977
240 811 846
877 777 200
217 241 299
301 907 894
557 585 809
167 249 319
757 406 468
509 349 164
181 499 609
757 801 271
160 779 14
166 901 954
204 209 54
139 295 208
547 181 246
525 245 544
669 915 179
7 16 896
222 80 762
577 337 951
296 368 4
189 774 554
9 47 562
417 139 708
523 865 827
599 815 111
378 318 895
251 65 455
605 145 65
26 44 799
77 83 113
724 185 504
365 825 190
751 868 477
699 651 311
1 587 31
264 365 777
745 505 606
871 515 49
332 99 50
763 525 212
671 695 260
713 669 919
809 562 826
105 437 69
329 320 104
219 243 254
653 327 883
597 217 711
116 471 728
201 251 745
249 425 269
149 334 132
288 830 247
91 510 262
293 635 224
128 137 570
780 803 581
813 21 648
147 236 912
203 244 932
537 671 305
133 264 782
443 739 379
25 553 554
125 545 499
792 764 671
238 647 380
195 424 331
498 251 474
133 245 871
35 102 250
14 572 748
273 279 817
631 439 13
281 559 455
295 569 844
463 844 618
541 749 708
272 782 989
821 177 631
695 233 329
279 901 625
488 663 283
863 755 19
528 197 128
393 367 11
9 578 760
157 274 759
166 154 211
65 745 437
899 81 709
307 747 440
887 13 915
687 651 68
552 121 635
774 531 86
274 741 73
233 473 202
859 88 729
37 42 355
531 773 519
606 305 401
258 605 620
241 342 905
523 51 135
407 783 967
887 685 75
751 136 929
193 415 352
256 280 49
595 667 788
486 213 413
19 157 525
877 508 175
369 851 922
56 86 128
5 877 56
333 755 477
450 726 559
301 813 906
497 381 710
1 211 388
47 193 719
151 630 217
849 63 995
359 544 113
287 643 90
829 893 588
149 38 42
96 125 629
437 15 147
555 795 891
497 579 867
199 615 509
123 189 794
239 919 22
920 506 437
1 622 359
359 175 201
60 178 30
131 535 441
694 289 124
910 781 985
104 646 189
513 498 173
20 455 75
798 907 395
363 506 78
641 267 425
360 734 734
39 783 650
431 347 181
78 711 817
663 277 531
127 85 98
807 890 44
211 325 447
436 671 470
273 276 340
112 895 521
745 109 278
378 807 586
733 223 986
455 668 136
351 841 175
195 442 474
505 567 191
227 261 100
310 251 979
333 914 675
910 595 629
265 237 7
71 315 551
691 362 189
29 867 69
875 705 745
75 879 160
853 868 911
445 39 195
299 116 644
23 543 156
311 458 264
342 835 840
557 167 412
13 754 303
708 593 805
847 354 282
615 421 863
84 271 700
46 446 95
508 381 763
705 241 999
623 362 684
237 13 612
363 271 878
48 413 444
121 233 631
214 644 979
730 609 9
203 817 791
655 865 47
37 271 305
850 85 437
293 366 879
299 469 876
94 181 903
541 640 308
339 681 525
396 581 406
765 599 176
416 783 94
183 888 759
207 811 705
247 916 954
609 576 718
505 605 80
220 747 971
495 539 53
355 573 991
408 401 770
107 179 717
775 266 352
391 476 518
327 723 794
305 289 196
597 439 152
85 273 735
321 879 325
253 163 956
175 781 114
251 863 227
67 674 408
233 597 959
917 393 547
325 767 983
267 480 820
696 325 146
800 537 333
707 850 752
820 371 630
567 556 862
381 371 268
50 357 146
667 363 511
131 315 57
741 135 96
7 33 654
497 224 325
383 897 652
141 543 27
314 253 222
885 911 15
143 167 992
609 847 11
193 313 546
467 828 335
753 719 778
876 59 559
337 589 753
697 481 445
339 521 401
701 521 375
211 502 607
785 144 917
543 103 64
385 515 603
727 563 907
289 463 160
733 410 619
45 830 953
212 728 232
88 607 815
185 59 508
237 6 492
274 441 686
393 442 143
330 191 728
129 588 390
201 225 801
606 881 941
629 75 212
157 74 381
459 164 256
600 85 8
289 723 548
172 169 248
337 294 569
345 415 704
825 437 429
819 31 91
798 689 407
886 841 628
907 53 748
233 723 666
153 903 690
621 777 942
611 697 741
97 350 584
758 365 130
83 394 385
569 458 85
877 371 640
569 643 362
349 422 492
333 150 359
904 697 60
175 699 331
59 357 57
345 209 767
213 191 941
883 843 90
643 285 381
13 349 547
433 53 679
755 675 656
286 211 314
697 605 943
560 53 645
479 821 90
112 779 644
307 75 178
207 231 911
415 116 454
601 907 850
343 622 312
466 832 294
517 601 801
527 265 762
455 210 403
319 757 505
485 758 855
591 887 139
567 798 867
816 571 681
257 243 534
371 775 730
267 43 457
919 201 88
667 777 978
303 144 810
519 129 754
70 843 263
99 183 237
337 870 752
154 616 583
182 87 391
623 286 264
167 820 653
878 684 262
445 861 191
18 158 394
227 347 550
533 797 83
177 879 91
12 618 934
741 49 249
451 391 937
223 840 975
747 657 45
193 679 312
293 283 491
317 60 288
135 351 565
783 485 221
88 348 816
205 325 767
849 533 924
351 72 255
374 669 879
162 103 601
293 665 807
593 491 115
872 269 798
375 707 272
37 835 735
33 684 817
203 922 279
31 189 890
148 49 205
557 774 903
902 651 125
37 259 280
743 814 547
624 1 476
185 512 236
109 462 607
203 97 164
813 821 114
152 319 999
511 741 831
645 851 306
879 54 185
451 540 480
811 648 762
377 593 25
115 709 585
230 603 318
175 851 997
64 457 488
49 127 447
785 651 731
235 814 528
635 727 277
411 823 840
561 583 542
455 310 293
409 173 863
551 627 998
393 411 625
116 785 460
697 721 884
95 259 97
193 849 681
503 563 713
363 707 394
219 237 130
589 263 759
872 423 342
547 713 747
565 63 894
139 599 405
773 195 388
699 915 252
360 119 629
96 272 874
451 353 661
221 749 282
167 601 343
351 170 286
372 713 874
135 787 963
17 582 343
683 787 152
157 240 706
241 674 130
382 636 12
915 217 159
545 505 58
129 869 678
787 765 370
166 846 640
263 351 287
857 381 987
135 436 425
241 198 611
314 729 698
67 127 565
164 227 879
295 479 806
231 229 85
637 85 563
869 363 192
896 781 596
912 115 582
357 575 332
125 447 549
862 865 211
193 841 626
44 297 662
547 576 764
507 525 169
215 25 308
67 27 869
625 572 637
37 381 309
462 131 876
109 95 389
9 631 813
531 231 353
620 766 702
813 863 18
335 7 666
1 401 378
607 903 465
50 370 484
55 82 232
449 901 128
99 687 849
651 199 469
45 377 744
816 875 562
118 13 533
437 169 778
451 232 768
116 570 540
493 612 751
6 659 776
789 841 506
848 415 57
530 315 205
505 458 774
171 17 271
305 443 942
464 865 617
703 777 506
504 759 679
429 425 405
622 582 689
867 900 357
834 589 581
4 194 360
431 201 770
462 381 505
676 324 274
889 23 920
790 754 995
27 119 622
897 424 22
647 542 974
621 221 184
231 421 296
203 7 402
136 890 243
832 861 286
431 476 834
239 271 538
763 795 738
719 647 642
677 165 594
257 23 716
211 231 12
507 3 851
293 479 509
185 431 445
175 202 117
518 787 523
303 823 954
316 727 476
916 235 670
85 260 698
642 844 620
466 853 809
879 757 946
618 111 211
25 99 540
273 317 241
867 616 383
677 311 783
306 424 933
570 679 451
635 86 424
3 26 131
556 829 19
417 413 189
262 273 95
62 143 854
837 273 458
386 83 575
53 754 224
355 791 408
41 835 579
916 76 53
304 83 706
227 259 923
882 432 37
699 479 22
397 483 732
365 27 155
543 907 77
499 613 688
605 185 367
367 273 365
761 763 45
285 673 150
843 855 410
617 457 380
125 384 306
349 561 268
825 395 911
579 572 643
443 367 229
389 67 336
192 559 284
83 810 520
157 894 390
616 148 95
13 165 399
825 869 650
160 327 658
208 640 108
845 355 561
425 751 608
195 921 304
201 547 46
89 321 800
447 220 687
289 473 810
233 697 895
67 155 359
761 631 49
682 844 518
56 506 636
301 450 791
448 798 57
229 241 779
311 787 409
50 512 580
863 903 39
375 1 767
679 331 711
820 159 681
893 477 292
189 319 601
803 219 647
675 238 892
557 590 592
881 844 944
586 780 766
32 62 462
739 862 994
587 17 720
562 61 522
890 365 843
493 409 206
311 890 124
415 523 881
823 846 987
920 130 315
804 297 563
917 135 113
131 872 102
390 84 147
865 107 702
407 365 293
654 229 268
461 471 48
567 748 250
891 351 550
27 83 819
651 381 357
430 456 667
113 237 586
23 283 903
754 777 356
189 639 426
65 905 511
202 418 116
199 75 990
381 751 997
234 665 505
462 415 628
529 89 114
353 687 216
37 790 357
443 145 698
912 629 575
23 22 175
459 914 400
453 703 990
92 761 886
333 827 311
281 284 882
873 635 594
415 575 796
64 179 836
765 151 292
221 421 152
443 198 518
681 325 170
853 286 692
51 809 17
193 535 908
293 55 535
625 879 562
317 645 814
442 246 367
399 759 357
763 87 212
141 764 354
311 633 766
1 113 646
749 59 272
313 395 267
695 53 143
43 58 995
738 641 312
291 861 282
491 217 491
92 236 374
511 37 102
618 217 565
105 571 384
274 730 348
25 896 562
222 638 1000
156 555 750
131 905 906
301 238 919
1 330 834
205 19 553
247 31 530
527 267 111
593 893 597
627 397 672
263 271 678
877 585 966
873 309 687
353 314 763
795 387 333
528 231 189
542 294 540
340 313 377
299 682 768
647 721 682
669 1 783
423 74 120
1 4 191
213 137 240
145 801 285
242 677 138
354 557 420
681 749 141
102 235 499
393 291 700
781 474 254
477 490 672
347 653 17
243 288 171
86 633 683
218 272 118
37 827 731
1 3 146
771 527 601
840 875 238
884 911 514
247 514 38
109 133 184
773 15 780
35 615 823
280 667 887
680 210 571
444 816 38
585 427 133
825 919 686
193 689 24
151 551 7
97 328 611
262 71 990
629 827 215
828 429 152
635 497 925
639 457 107
659 131 792
299 557 328
321 477 608
496 650 632
597 293 886
631 283 886
141 671 873
342 365 624
696 473 715
619 176 488
245 662 295
71 608 194
864 145 939
261 636 662
851 333 254
544 551 797
555 819 925
501 794 644
332 581 555
293 885 989
831 813 569
36 106 512
105 165 129
331 261 963
501 335 853
37 153 175
71 139 218
920 674 606
228 641 763
825 379 212
620 663 956
115 259 394
209 413 751
356 751 129
873 228 741
549 234 882
729 210 384
453 625 35
121 51 327
229 436 82
634 728 335
477 357 287
857 693 7
122 168 504
389 291 379
498 568 128
577 733 833
83 736 149
829 867 551
581 156 852
289 775 248
411 649 227
508 693 110
575 765 519
101 234 51
661 871 885
888 874 478
912 716 770
532 431 100
304 842 725
837 603 811
643 577 745
52 320 658
339 642 401
279 17 341
161 767 669
557 517 780
334 692 61
271 523 170
799 258 104
162 669 668
581 95 925
64 873 654
321 451 425
777 583 379
908 475 786
503 521 37
117 515 535
281 709 799
264 465 701
183 554 496
557 545 355
121 311 297
541 229 663
857 395 254
842 141 124
138 609 955
20 24 533
299 155 903
660 255 32
94 457 787
693 555 12
429 643 615
657 855 229
789 536 846
809 909 938
371 151 383
366 865 726
619 800 634
223 247 684
526 511 945
703 875 237
444 141 720
151 859 938
728 484 567
553 257 473
499 127 957
618 775 658
768 185 310
258 547 941
163 177 232
170 237 464
29 169 974
891 206 762
565 887 130
259 397 266
415 459 345
913 169 547
257 401 429
254 557 396
591 299 910
149 101 858
737 271 837
260 382 37
41 527 714
845 441 298
161 256 864
55 239 219
36 447 483
345 729 737
562 269 248
217 511 172
677 413 695
15 89 732
404 398 834
305 76 312
119 915 748
879 857 654
861 817 315
550 537 643
351 453 878
338 393 559
304 749 743
676 813 856
160 229 981
12 20 337
682 183 205
263 779 911
123 395 6
178 191 166
164 315 591
445 324 369
327 509 67
819 123 802
509 621 843
109 219 277
129 123 928
84 254 744
589 521 590
345 514 866
636 488 27
39 363 793
691 585 594
342 165 856
703 164 682
303 865 45
141 461 894
509 900 646
24 190 654
131 359 850
511 435 61
681 627 171
803 94 700
5 879 758
497 136 472
51 815 702
271 205 291
235 273 999
292 673 11
741 735 379
507 188 144
684 501 514
64 344 91
452 729 753
133 724 720
575 488 72
409 3 425
570 591 115
474 446 358
65 915 515
837 202 429
239 482 906
563 693 182
252 551 643
396 472 678
69 591 969
161 369 454
353 415 788
455 475 316
596 124 944
272 459 523
804 894 598
337 306 832
776 898 579
163 714 19
338 511 64
222 285 94
843 787 232
787 882 465
307 741 326
102 763 69
320 703 359
97 856 945
723 748 281
420 449 109
88 193 254
17 915 997
11 230 534
1 660 239
432 239 841
747 433 384
158 875 714
280 417 322
232 621 773
256 696 896
379 285 691
342 233 536
885 184 652
51 761 838
239 721 728
435 604 46
861 873 616
81 565 373
205 102 92
222 799 297
19 364 109
15 581 357
669 799 159
473 459 813
268 340 84
703 459 840
105 915 549
543 760 931
307 23 444
88 290 876
123 87 313
913 182 359
869 176 988
887 173 807
509 231 710
313 690 968
279 99 649
277 475 672
109 151 601
865 171 738
223 326 308
574 608 900
777 857 999
406 441 235
875 578 952
102 259 943
189 330 790
129 728 562
821 902 479
703 443 4
173 640 181
1 229 157
768 855 909
613 523 518
176 217 880
691 851 364
526 523 301
109 145 538
765 533 557
118 847 181
157 161 135
781 406 689
38 439 612
60 566 82
391 767 473
67 111 842
797 447 777
81 445 329
80 98 643
212 93 165
133 788 593
588 800 678
31 589 756
275 513 704
239 131 282
455 710 876
297 163 823
115 148 158
854 424 54
653 78 874
227 548 755
721 141 998
261 750 373
311 588 143
387 863 35
893 737 587
558 277 223
649 697 14
334 141 331
601 341 459
37 672 897
519 159 432
141 433 838
115 620 412
403 555 337
710 145 54
508 874 635
308 41 573
326 849 570
685 609 70
781 204 829
294 683 89
263 441 262
441 887 675
89 273 770
510 229 600
733 453 915
827 95 587
125 563 124
572 51 155
279 320 756
693 529 520
97 277 74
494 608 717
467 755 828
215 6 19
255 327 448
864 551 931
911 336 338
797 18 561
315 593 31
886 594 287
277 421 768
581 591 331
893 307 866
30 861 358
485 679 802
585 441 580
547 195 807
704 835 253
203 866 580
329 347 967
711 43 123
340 551 952
569 835 337
897 169 792
19 819 410
736 631 663
466 241 927
200 206 530
695 399 621
346 777 885
762 895 289
264 593 574
441 413 471
330 440 305
509 185 366
179 187 579
168 309 15
368 347 197
564 907 532
159 296 334
807 82 663
841 415 485
241 796 30
387 909 554
837 611 438
187 741 119
520 679 478
494 97 499
258 674 728
469 515 918
597 335 952
255 275 833
214 529 344
179 59 541
62 123 703
357 528 624
585 43 139
691 129 746
710 595 4
685 33 898
113 171 986
481 563 584
315 762 202
163 419 637
81 495 389
281 441 687
301 184 461
584 693 647
31 314 510
751 429 314
889 863 267
904 733 195
281 282 895
905 64 300
547 633 195
6 525 811
815 293 678
441 87 571
367 179 992
865 613 178
651 663 541
870 41 381
856 779 491
305 449 506
573 751 220
734 472 926
611 758 400
516 551 299
709 162 830
699 373 486
41 462 488
137 761 915
280 915 798
11 874 765
591 845 201
379 771 844
379 241 673
53 741 569
615 866 245
32 628 82
675 265 612
283 559 492
913 443 164
136 129 535
618 514 802
797 381 757
147 586 434
779 465 839
734 195 620
419 33 868
469 448 128
155 509 516
642 269 799
30 187 241
597 226 655
461 761 861
883 221 383
296 646 458
537 179 628
207 557 472
885 498 760
251 820 300
516 333 377
481 368 836
73 425 541
784 2 224
143 791 147
271 627 860
221 866 580
460 721 439
783 602 505
283 294 770
379 709 909
751 312 224
699 381 998
583 905 276
385 431 864
209 195 664
411 159 574
825 233 411
248 9 200
376 677 447
5 135 826
541 873 946
35 809 457
483 699 876
703 51 560
782 177 800
35 745 373
236 275 770
237 467 738
237 670 333
295 445 612
352 376 386
873 879 325
185 287 947
515 644 606
515 174 40
589 679 58
220 205 881
516 265 769
157 777 566
801 341 685
596 51 631
349 85 891
31 800 281
123 128 700
238 648 874
758 870 967
61 295 612
706 742 96
451 95 328
579 193 262
644 845 26
517 725 181
669 596 429
901 531 881
13 462 445
156 175 977
465 449 258
913 493 636
241 569 774
655 235 242
165 251 602
779 619 478
625 622 725
589 311 644
431 221 565
857 319 290
111 870 570
165 413 108
39 293 636
47 885 307
651 703 999
249 263 884
394 387 615
641 509 959
263 906 718
451 801 360
873 435 315
341 173 406
75 261 969
101 211 141
13 584 423
639 161 556
915 615 605
165 177 446
52 341 458
25 325 839
857 5 888
302 385 334
9 59 202
32 257 522
393 94 665
155 74 806
2 6 530
557 11 853
872 706 76
295 209 300
99 663 41
473 413 797
503 895 455
208 532 627
525 279 383
336 95 667
121 214 570
109 203 859
61 107 705
526 876 417
21 468 869
90 180 221
35 268 114
343 211 880
41 293 888
274 717 502
241 17 561
261 515 740
689 454 464
254 500 29
45 467 58
101 141 508
640 545 928
477 171 716
73 511 628
915 574 291
439 384 918
201 903 252
281 531 900
81 80 640
95 72 983
68 245 918
71 161 753
377 495 236
517 533 616
169 291 102
673 207 912
291 312 728
287 655 892
205 659 21
880 649 912
653 125 476
615 309 352
443 817 683
26 389 319
765 70 495
259 433 302
29 171 633
872 419 637
861 682 376
460 790 165
367 517 495
694 458 785
30 401 469
831 513 67
840 310 864
39 621 565
90 824 107
555 341 292
553 635 558
66 773 24
3 266 147
818 224 769
421 711 775
339 835 113
379 499 623
405 799 255
535 405 176
365 798 546
763 237 775
881 763 358
14 281 440
457 702 282
463 317 254
325 105 64
606 784 305
660 325 512
97 634 762
723 663 924
329 883 639
59 334 579
169 740 932
247 29 550
209 49 564
43 916 726
459 651 713
125 203 591
53 611 173
115 533 73
60 733 40
43 163 824
309 646 861
385 841 749
17 837 91
135 139 539
478 708 809
725 521 564
315 399 880
692 799 856
61 743 648
401 867 137
67 156 500
250 199 143
451 595 840
609 559 889
853 329 773
353 875 184
226 63 799
241 385 801
579 15 599
317 623 250
683 529 285
674 17 345
539 518 785
65 234 745
857 903 115
11 245 500
872 161 632
685 821 565
45 829 697
913 95 243
133 602 67
670 179 834
717 254 451
685 116 450
348 436 591
838 539 178
672 359 610
413 709 580
103 579 836
629 765 183
709 330 473
363 227 68
789 671 2
723 915 204
93 9 603
329 357 840
465 45 966
381 225 171
903 149 34
862 6 829
451 218 332
127 239 556
53 518 992
155 89 925
656 176 215
177 98 154
625 689 179
523 443 255
232 119 29
717 848 835
429 591 146
73 623 198
23 56 71
73 344 922
184 887 775
757 439 36
327 742 176
918 691 354
65 427 428
791 422 665
161 306 224
41 855 283
76 628 763
906 435 256
7 749 783
618 99 279
787 9 766
779 439 274
734 117 666
607 613 769
181 7 36
260 637 768
98 261 691
274 691 901
565 665 835
479 353 338
585 42 410
678 558 465
623 47 948
767 491 674
7 776 110
181 914 31
765 513 883
528 789 90
497 320 841
803 404 972
253 629 438
100 349 943
459 407 780
441 429 515
910 65 168
30 322 357
621 822 687
883 622 484
568 922 785
18 692 147
247 400 755
344 454 885
876 915 22
241 859 359
502 253 618
202 169 998
170 777 987
561 497 324
637 793 812
223 417 124
564 145 548
449 299 637
740 427 465
507 797 645
75 922 767
647 539 969
851 863 489
465 563 560
107 1 933
173 475 105
762 295 73
613 75 145
855 593 199
893 832 144
49 599 742
217 615 891
528 638 389
775 189 222
209 513 771
385 90 393
400 460 964
582 138 718
827 555 234
885 819 323
49 89 721
23 576 296
39 371 468
667 905 164
883 485 225
483 877 731
282 300 240
1 189 844
94 745 519
603 526 906
118 126 379
527 905 943
761 831 139
211 921 882
201 676 186
314 781 615
674 514 971
373 617 459
489 328 369
291 876 887
817 523 975
131 670 138
44 179 810
499 857 494
175 307 308
639 431 861
364 221 930
78 637 901
176 347 879
277 608 479
837 803 943
390 721 675
583 171 870
79 769 316
596 269 774
624 139 851
167 643 245
599 611 758
865 593 922
373 814 464
63 915 793
335 208 259
604 920 59
28 205 891
223 761 720
112 547 688
335 494 627
883 269 167
250 73 333
644 391 400
17 73 237
121 47 923
262 662 839
317 21 958
293 53 135
513 5 114
577 430 800
467 107 902
531 772 522
367 382 179
13 738 269
853 647 469
835 705 11
87 621 803
211 526 130
214 672 683
125 89 995
477 661 926
771 437 696
834 475 700
826 417 217
682 317 166
213 251 72
52 422 841
683 765 318
163 423 300
475 569 328
546 141 193
309 893 644
88 389 969
243 230 9
63 381 204
846 743 90
667 483 262
365 809 18
825 307 168
403 207 276
109 594 327
367 333 394
677 450 7
187 425 815
660 156 680
433 105 24
609 555 262
419 843 974
773 335 350
357 581 821
439 643 691
695 441 499
754 671 537
185 202 387
828 195 389
41 31 884
157 200 915
671 795 714
69 356 830
832 547 875
583 39 263
704 398 931
711 567 735
907 619 475
429 280 556
785 146 645
565 433 184
786 883 251
221 829 190
317 42 898
621 1 863
561 65 199
152 420 486
305 133 275
393 729 869
763 133 980
117 425 136
479 879 195
771 734 958
441 608 773
834 173 742
659 413 917
713 277 664
667 631 559
677 545 112
60 837 280
55 95 185
600 874 93
518 641 456
363 569 732
159 240 434
122 789 355
145 231 154
149 715 659
21 511 182
785 367 767
332 831 242
305 347 546
585 195 678
54 495 944
377 895 277
681 558 20
105 525 670
567 695 275
8 50 727
249 333 285
398 541 212
81 173 95
405 533 563
373 281 987
416 620 192
186 191 756
24 35 186
348 497 49
57 245 961
617 851 357
619 495 362
749 233 494
788 495 979
391 395 417
450 357 315
771 825 797
284 318 892
804 289 289
688 162 628
5 788 793
864 775 933
188 499 568
341 37 126
837 600 669
535 147 61
180 737 305
507 441 375
273 217 83
841 55 745
453 725 281
573 115 968
883 586 923
727 51 790
487 357 145
261 47 257
729 537 761
831 527 130
71 625 678
567 93 667
375 725 504
469 187 968
421 403 977
395 837 278
10 13 305
274 406 195
567 487 839
1 11 800
95 539 235
768 61 475
51 67 115
123 267 623
259 709 774
739 832 919
221 14 337
183 226 86
577 844 631
766 917 735
326 839 371
291 863 615
313 701 938
296 839 777
273 771 401
735 487 908
434 159 344
501 97 391
147 510 21
70 110 795
75 423 35
20 504 468
99 152 698
457 325 957
715 704 227
53 55 105
694 786 413
161 117 133
746 5 145
467 592 786
411 702 743
129 641 1
223 436 28
69 750 485
14 532 178
165 903 357
789 110 197
845 796 603
475 155 938
545 758 780
80 755 702
30 802 136
511 531 88
421 854 411
7 527 597
359 643 987
295 677 226
729 73 25
553 461 357
880 67 832
729 475 521
795 65 37
464 799 483
5 203 434
855 554 384
21 121 603
239 263 817
715 714 823
813 109 562
629 903 481
496 769 602
91 565 239
95 519 925
783 345 787
9 537 816
345 319 256
811 241 727
857 121 329
531 98 815
349 255 978
221 320 639
11 426 649
607 301 812
849 330 728
25 13 308
675 651 457
96 123 226
906 425 125
832 198 752
677 485 581
183 637 431
577 671 961
317 393 346
501 589 121
106 112 936
197 834 787
795 91 708
527 545 939
477 614 531
573 485 603
507 522 231
369 59 157
18 832 421
207 262 571
224 147 582
567 527 811
827 201 894
437 713 152
188 877 920
7 474 318
673 822 537
361 171 569
872 431 118
699 525 916
401 748 545
583 410 11
133 691 790
100 115 730
391 597 148
885 85 474
35 207 380
595 337 619
110 461 688
362 41 659
811 53 108
810 891 469
528 343 380
154 379 817
533 744 49
591 721 76
117 412 280
287 253 957
317 637 129
426 337 278
69 81 502
683 231 329
289 719 322
2 320 506
411 542 213
143 668 568
825 577 818
243 920 388
747 271 426
108 577 431
776 361 456
294 271 584
269 865 140
847 579 511
289 517 197
645 572 485
879 831 840
345 401 848
349 715 921
613 58 961
621 553 908
573 581 838
733 507 322
453 840 784
289 426 958
172 404 345
169 630 193
311 740 907
885 491 633
310 610 431
83 242 875
307 479 240
723 874 902
303 438 592
827 579 155
9 807 84
881 161 381
841 691 932
867 921 390
106 385 881
341 228 705
437 920 152
849 163 141
569 638 436
249 649 494
23 740 790
535 874 101
96 605 262
645 624 938
127 401 592
804 202 589
407 905 212
701 483 527
124 805 439
143 133 410
119 853 49
447 99 969
243 340 725
692 438 331
402 883 109
819 895 815
119 736 599
41 277 992
94 742 724
733 764 834
583 832 973
345 327 501
413 593 543
453 438 661
473 481 701
32 889 513
865 97 422
39 448 749
368 482 849
36 138 70
606 817 39
224 566 161
11 23 437
545 4 977
572 540 880
347 193 234
299 673 581
421 133 6
913 128 759
387 356 637
462 576 437
135 264 700
150 825 529
445 633 868
313 335 841
887 563 62
187 68 138
750 888 707
911 123 69
74 748 911
719 217 690
21 391 668
871 397 611
737 89 183
73 153 657
349 361 975
30 120 366
875 238 967
48 627 915
7 245 93
119 559 174
15 509 542
264 737 740
15 257 350
235 834 76
651 819 209
169 825 441
409 698 675
719 431 224
398 15 199
319 677 769
594 673 986
335 830 837
363 295 428
361 119 769
579 2 267
813 829 107
908 565 390
254 790 230
617 631 846
438 389 478
847 671 966
733 10 378
11 76 929
643 523 181
471 29 433
713 697 986
845 847 898
413 861 447
252 279 440
73 96 548
448 809 427
724 847 306
481 276 264
873 833 666
531 731 926
463 865 360
152 97 86
8 862 325
846 201 364
721 842 460
349 376 602
612 263 189
265 792 978
127 653 675
22 136 733
209 915 599
297 329 933
691 155 471
577 617 724
559 407 405
767 821 427
295 432 496
29 585 402
381 653 311
359 153 299
591 505 886
21 272 886
309 788 868
381 367 663
99 67 497
436 31 527
532 317 788
593 245 595
905 669 958
88 423 352
709 525 728
771 181 411
480 888 974
912 859 804
225 59 197
418 301 561
482 733 757
204 255 54
293 895 751
113 550 675
231 127 19
97 403 663
554 771 125
476 409 792
209 799 409
397 817 882
771 77 463
239 266 298
757 775 822
363 408 366
829 497 295
866 625 616
839 821 463
581 665 587
97 359 424
769 135 158
247 244 97
93 171 727
867 875 386
611 126 601
349 633 373
701 909 323
149 787 615
307 343 984
514 607 633
437 592 465
887 524 1000
83 701 684
791 733 117
37 856 804
369 689 964
679 703 794
481 279 967
573 833 172
273 842 739
473 40 922
651 848 932
598 902 86
77 398 986
834 243 967
173 689 189
237 396 913
23 877 413
769 689 874
495 801 178
361 177 985
79 319 555
103 331 930
60 599 864
585 501 447
659 618 371
221 78 603
315 788 326
318 756 105
440 386 801
103 789 477
651 120 86
185 263 76
855 413 961
10 14 304
78 483 74
682 670 502
837 249 121
672 439 707
703 430 651
398 919 119
51 823 111
471 621 562
135 751 579
47 871 966
737 552 335
1 675 595
177 557 359
854 907 5
312 409 32
669 807 225
1 243 829
713 834 936
172 511 945
366 836 179
739 411 442
367 580 999
14 17 55
605 688 915
859 709 123
755 414 30
36 94 537
314 184 382
663 817 110
702 168 553
835 701 588
228 185 150
445 791 689
377 849 208
859 437 296
639 633 444
560 304 230
240 252 269
723 117 193
335 119 102
737 87 422
849 777 557
298 617 654
853 665 1
466 418 127
411 573 508
878 100 800
131 491 975
459 757 746
730 875 701
805 320 56
495 778 764
31 421 509
359 641 604
487 809 32
467 587 9
114 333 601
616 630 835
768 825 858
913 205 845
1 461 516
147 641 715
510 1 667
825 161 107
895 149 560
763 49 387
773 137 343
381 625 692
799 603 899
430 492 296
209 773 220
77 314 93
154 471 64
811 428 301
343 817 869
580 465 659
178 694 319
337 418 198
354 41 645
736 526 588
662 31 789
291 269 949
368 517 136
855 24 198
745 401 773
167 59 385
193 737 174
155 189 511
87 117 128
383 271 666
332 237 581
551 317 669
29 185 144
195 918 289
862 359 269
483 738 217
85 300 811
101 673 910
24 255 899
49 795 792
105 363 880
95 149 777
639 425 705
731 463 240
678 545 639
533 349 45
175 697 686
163 319 702
462 424 790
599 273 752
681 509 779
671 74 681
740 909 350
118 111 754
653 663 209
344 408 650
481 501 973
611 694 374
561 813 639
837 205 206
166 562 604
761 168 74
107 219 301
595 421 314
123 858 867
466 361 908
393 398 745
244 875 676
708 788 100
679 685 55
397 261 380
535 97 742
536 511 429
725 568 197
849 243 446
39 889 405
779 716 812
100 684 44
486 537 592
23 29 916
100 899 429
893 419 759
139 873 692
501 603 33
241 153 352
19 305 597
843 339 84
269 677 949
94 853 880
387 117 510
536 429 863
389 373 32
223 591 460
170 239 17
539 843 398
105 717 896
546 859 589
435 406 113
229 580 726
383 745 840
710 269 616
53 19 505
280 394 984
851 667 197
13 60 832
629 583 947
5 408 520
633 217 605
797 41 779
123 591 958
747 639 856
319 514 745
23 301 154
305 377 710
137 131 158
451 893 573
695 19 249
551 665 366
14 144 351
452 510 576
587 23 296
790 1 636
583 527 564
556 172 87
263 897 658
84 678 856
40 457 30
581 867 185
652 541 244
629 853 347
529 71 127
323 33 217
86 299 79
489 655 352
557 105 693
373 751 468
174 29 408
298 471 324
721 363 285
365 379 14
871 917 268
395 13 853
527 261 529
491 843 289
720 140 918
227 409 4
579 733 229
922 276 390
743 478 28
5 621 352
27 28 380
227 693 670
233 292 55
305 873 502
651 761 740
23 567 621
394 533 691
437 864 364
647 184 138
501 817 609
173 893 799
175 284 964
470 530 141
449 601 473
554 509 740
635 485 90
793 277 266
543 453 521
285 319 503
67 773 531
341 785 381
459 168 963
759 785 539
705 763 204
727 439 441
747 889 303
819 861 700
113 539 945
181 51 242
651 495 730
204 249 204
453 599 256
501 377 321
296 488 26
461 425 21
891 324 766
411 433 673
260 269 43
798 691 585
625 318 714
152 387 445
37 864 254
862 397 250
649 679 221
805 360 244
537 359 433
888 371 381
901 813 624
305 333 247
565 853 981
565 842 500
745 236 679
884 113 729
807 709 938
883 661 382
657 241 888
98 563 205
577 115 201
7 516 514
25 871 746
477 906 813
317 379 991
817 25 827
199 731 183
12 124 109
659 298 97
185 469 89
797 189 988
679 792 925
157 841 919
493 532 894
651 378 491
655 645 452
73 485 859
702 596 626
451 647 282
308 407 194
298 66 73
123 427 317
372 362 260
355 431 958
733 903 126
488 103 809
178 538 782
675 519 532
287 481 582
3 10 118
863 460 191
556 875 215
831 453 50
339 793 405
47 909 523
277 361 839
477 695 732
917 576 474
161 209 645
323 386 456
646 19 989
363 110 187
276 794 640
453 563 338
907 239 969
148 854 707
237 447 682
189 667 446
213 845 822
543 135 987
761 797 218
14 691 29
585 556 530
757 830 392
262 522 716
83 207 503
663 895 893
563 798 873
215 330 763
66 577 273
263 397 694
261 332 600
95 282 806
612 183 646
318 99 576
466 157 447
813 655 300
605 441 500
766 915 665
699 813 258
217 865 562
94 87 859
81 307 466
538 731 273
130 520 95
264 734 37
189 11 70
201 231 641
735 53 681
218 297 491
33 204 194
195 372 425
697 311 6
19 32 68
5 15 94
180 81 982
791 647 111
103 439 771
547 465 873
237 838 166
164 334 450
747 95 718
223 252 230
91 365 211
515 680 829
50 199 454
688 640 160
785 879 748
123 304 7
187 625 255
111 559 659
739 579 820
226 362 256
471 747 595
469 669 949
311 15 336
699 341 636
532 181 426
244 618 256
649 88 847
377 402 291
177 185 434
385 15 686
749 917 60
559 586 529
323 759 913
534 68 213
768 207 996
808 217 974
881 816 426
529 469 315
151 168 192
450 600 579
5 883 912
318 355 301
497 407 869
295 618 765
20 820 377
623 851 839
775 25 445
305 273 480
881 19 847
283 231 742
828 743 332
867 424 458
61 595 720
677 917 514
27 253 397
669 545 450
152 37 194
238 323 716
588 667 5
307 32 718
18 291 904
111 765 663
171 399 48
127 274 576
78 210 444
12 697 491
67 343 871
419 70 238
197 846 918
181 296 124
557 629 489
131 495 789
481 595 183
57 567 174
657 803 18
167 113 524
153 443 934
325 827 307
700 619 707
793 205 462
235 276 297
265 529 93
321 672 500
214 677 306
865 221 74
365 85 893
54 275 509
381 803 631
407 27 308
2 207 796
773 691 327
759 241 576
903 741 310
293 780 147
692 472 573
134 273 842
821 721 827
813 669 688
285 211 577
847 83 244
307 885 478
398 25 859
327 458 624
9 565 628
103 900 139
567 675 275
187 95 636
875 5 423
253 208 424
307 273 913
35 103 735
268 372 601
837 481 910
741 223 51
305 61 558
443 810 344
43 215 278
392 908 476
367 875 754
495 689 179
321 508 17
261 16 1000
838 429 557
213 356 885
126 464 843
445 35 815
609 408 850
77 711 930
66 123 504
137 143 719
594 99 617
609 317 737
300 339 114
487 601 739
393 710 195
875 864 550
100 726 671
137 697 183
349 549 234
431 152 185
69 408 929
94 757 664
554 712 761
207 702 453
691 119 271
535 223 112
649 223 274
57 326 519
261 758 733
262 726 308
245 685 247
557 233 1
169 344 851
85 445 984
5 348 969
603 85 70
888 449 474
23 303 2
12 121 128
651 205 348
860 129 203
559 435 659
645 660 22
457 731 871
756 329 621
46 103 636
847 289 833
310 89 913
454 705 949
503 210 634
649 805 850
801 89 939
321 868 312
471 93 222
90 440 48
435 17 478
9 399 247
85 170 925
412 662 946
687 705 189
155 307 622
320 61 90
775 17 133
337 327 910
141 832 623
215 449 563
404 606 370
205 632 965
116 609 956
767 569 698
554 921 684
632 191 510
167 455 930
851 673 734
511 561 356
589 416 204
415 222 570
383 448 79
677 559 200
208 344 984
277 435 426
769 130 522
263 477 56
187 265 221
398 663 216
641 777 906
635 391 889
125 521 44
700 849 985
98 878 296
367 156 403
469 629 114
254 393 909
63 102 180
162 627 590
506 585 624
57 703 426
26 9 710
319 798 96
921 123 806
301 175 825
741 475 550
727 318 829
298 6 736
488 447 973
25 568 331
49 105 714
590 763 702
477 637 318
33 181 256
139 450 987
265 191 935
99 630 835
40 127 896
469 666 956
381 885 971
901 559 66
306 398 690
622 910 610
255 841 424
13 314 913
4 855 191
555 249 6
861 321 464
787 452 339
267 211 591
442 887 826
154 389 769
407 499 633
836 519 550
361 397 16
675 915 240
770 621 396
581 485 862
131 739 903
359 583 253
159 879 902
519 145 990
258 880 722
540 680 735
267 82 1000
547 843 8
139 780 920
907 802 845
74 90 192
575 159 961
395 745 184
483 287 539
290 94 69
526 200 206
483 689 568
682 55 799
865 615 743
349 12 727
739 307 646
880 224 812
65 129 440
340 492 995
719 119 81
209 260 877
761 165 901
615 675 368
401 741 529
697 271 317
265 387 765
643 687 591
166 427 280
859 265 195
623 777 569
917 484 410
93 753 537
133 223 81
30 40 533
437 285 832
805 654 752
35 367 697
828 409 792
835 15 79
3 25 903
25 41 677
160 590 212
611 380 740
571 715 151
157 54 254
25 489 466
199 863 181
649 561 747
289 189 140
336 467 518
42 119 716
797 432 625
473 399 384
229 875 166
846 901 602
377 741 567
331 773 495
321 863 811
431 60 354
657 677 362
430 649 600
28 265 104
687 262 443
501 511 850
223 709 924
462 583 616
312 828 884
414 47 270
1 45 383
705 39 214
361 909 767
27 565 812
51 421 548
895 690 264
716 411 238
37 841 778
206 524 783
463 89 355
95 921 984
673 1 263
333 116 834
651 749 663
376 54 739
671 161 760
58 415 636
109 361 646
20 882 850
656 763 591
272 534 637
302 785 194
713 683 423
171 323 584
351 86 414
474 167 921
510 133 100
441 377 878
607 669 855
670 321 729
303 634 975
730 904 292
546 585 700
597 375 314
197 809 699
373 791 138
137 331 716
1 574 775
57 889 297
903 195 900
639 84 283
628 435 962
81 109 724
410 720 680
38 120 688
603 793 746
403 815 702
515 139 819
877 85 881
651 41 840
760 339 862
619 199 596
213 817 13
861 35 354
527 39 725
262 710 412
1 573 489
7 23 716
577 615 547
649 69 374
679 895 869
227 237 132
84 318 571
11 74 667
511 521 352
529 465 235
851 761 707
787 701 640
26 513 155
829 362 76
410 461 175
563 351 997
477 214 561
821 615 125
891 595 146
839 282 14
875 873 900
133 175 417
761 243 899
79 135 167
2 160 278
835 611 529
137 79 549
307 875 105
37 150 298
102 150 512
299 697 845
596 121 345
493 753 584
119 407 463
101 468 107
321 49 621
92 601 369
593 54 868
67 291 796
231 375 275
827 759 947
62 345 396
283 201 775
336 585 608
747 171 245
235 514 280
607 481 784
303 103 584
66 131 326
13 283 958
19 235 151
463 822 813
619 163 78
653 329 110
118 852 284
205 808 200
513 475 888
729 451 775
678 309 973
85 633 174
73 905 576
70 59 673
169 188 23
153 334 909
783 670 361
591 872 420
23 78 258
573 659 431
199 251 164
207 435 760
270 407 429
133 15 27
145 15 2
56 552 499
445 437 48
891 169 863
691 596 770
849 287 281
389 919 693
406 167 204
221 280 196
49 87 860
591 489 794
32 49 158
289 15 232
609 600 40
171 447 462
485 263 345
390 349 681
295 527 920
31 34 357
219 299 392
463 819 334
161 571 620
725 735 156
201 299 666
97 353 393
151 385 124
77 909 635
809 22 150
730 713 469
501 745 412
513 342 906
661 21 866
79 500 939
366 239 530
866 455 825
346 423 760
513 651 923
885 623 754
61 79 126
733 679 432
553 539 695
59 655 510
395 436 291
776 5 657
794 328 781
506 525 200
579 375 698
111 236 59
143 638 532
649 616 589
351 521 77
349 47 875
507 253 468
761 63 920
847 513 796
703 426 205
291 138 155
516 197 397
476 659 31
856 894 653
344 543 906
787 547 212
487 905 319
915 148 766
3 599 86
456 701 752
309 511 560
65 111 180
177 108 300
415 507 154
250 582 964
530 215 876
367 293 254
259 156 868
415 551 9
57 681 455
405 633 549
609 120 369
383 485 913
163 182 833
401 402 221
830 693 688
409 371 667
113 465 274
78 745 278
67 750 918
897 101 154
334 739 150
423 915 31
337 573 338
124 373 391
855 381 350
395 905 501
131 1 326
497 100 417
74 819 732
877 561 678
645 819 712
35 410 865
777 61 541
887 53 907
392 315 721
247 587 745
53 482 173
547 898 207
65 103 176
160 303 475
18 651 222
269 256 767
3 11 103
266 448 682
315 185 187
505 157 438
507 585 403
871 478 816
306 535 770
579 132 472
551 420 744
515 1 94
20 644 155
667 373 310
35 763 330
51 753 820
698 614 177
111 302 690
750 885 703
770 113 603
869 75 800
685 542 855
617 825 236
654 113 508
352 826 788
227 494 154
797 859 471
551 491 662
96 232 993
143 13 798
716 423 955
48 633 370
507 307 165
884 477 73
101 663 742
609 827 239
772 369 674
515 55 776
643 147 202
201 219 371
463 540 75
600 309 163
30 4 307
168 822 138
81 843 903
826 387 187
287 743 36
299 428 578
214 160 606
325 652 311
148 231 72
17 39 940
679 765 38
227 897 666
197 561 435
473 329 413
253 454 399
42 508 857
579 115 206
845 321 566
921 46 36
68 749 175
673 581 11
498 436 533
880 176 17
437 249 509
44 13 406
97 918 472
890 199 875
766 847 735
25 202 835
99 889 334
354 425 432
79 535 871
343 561 297
274 185 465
347 645 110
406 103 766
358 15 400
527 630 81
239 369 637
563 233 611
1 226 945
761 47 143
69 392 545
55 299 63
453 901 697
4 771 660
15 379 383
219 616 240
879 446 506
637 892 962
11 278 33
177 567 394
683 489 427
119 387 957
677 187 47
147 363 524
636 802 998
217 301 926
774 513 407
102 127 722
133 875 332
839 581 863
385 795 616
679 681 522
285 746 186
483 513 908
565 1 526
97 793 52
139 269 648
816 540 902
200 222 803
167 236 243
232 250 613
3 5 586
437 699 450
687 285 905
421 561 694
217 129 487
285 531 281
173 625 930
29 176 735
53 71 12
105 194 748
898 255 414
767 631 572
905 675 794
361 231 52
588 650 975
539 357 198
753 31 803
238 783 915
777 215 49
441 803 4
731 677 273
326 41 933
139 544 449
867 911 228
683 467 958
726 765 926
721 905 961
792 459 288
735 113 770
277 67 167
211 221 266
159 97 150
285 505 299
353 863 916
629 495 959
313 591 378
64 14 285
33 145 164
546 209 965
298 365 36
99 20 536
472 689 975
285 441 105
155 141 92
397 317 351
445 760 362
115 495 123
347 802 473
45 82 961
257 397 75
401 414 936
187 207 446
693 660 34
531 665 220
503 891 390
905 152 457
847 501 762
164 795 123
793 497 314
569 765 108
269 283 569
487 235 325
207 211 144
507 715 411
149 573 967
291 569 135
832 325 898
347 137 982
433 43 604
842 914 634
515 723 785
371 496 334
464 549 8
133 459 539
298 856 239
247 242 916
875 855 90
46 85 837
870 239 637
621 107 67
415 290 913
37 382 596
406 564 507
528 914 530
659 21 775
541 555 845
617 780 489
47 367 688
747 213 123
638 919 956
731 445 837
763 856 177
83 42 340
255 330 403
119 729 750
18 310 32
451 515 933
793 577 331
830 759 298
1 9 23
739 15 149
403 115 826
237 900 238
825 257 336
555 353 559
49 339 297
323 453 496
227 749 255
123 494 631
281 68 869
775 19 591
272 401 7
803 277 829
581 641 217
1 81 795
293 850 413
595 703 278
449 885 709
128 861 297
667 773 519
638 101 499
605 383 298
783 156 163
330 764 846
253 397 282
279 793 58
164 390 360
633 766 430
667 391 195
665 427 758
439 171 645
203 427 295
211 803 783
322 801 406
921 275 579
703 9 528
262 167 977
294 897 136
270 450 463
321 229 600
871 712 749
465 735 382
109 165 466
127 627 100
880 75 537
164 505 710
659 419 737
309 489 531
133 93 483
670 859 241
807 661 773
210 485 327
481 496 7
611 57 52
85 513 831
29 183 747
874 265 748
627 757 478
5 920 658
694 129 803
783 862 406
852 488 704
571 841 330
157 153 877
293 727 521
653 621 569
165 682 468
417 717 180
181 103 705
895 531 977
402 519 632
127 5 724
92 324 377
800 425 829
474 17 149
36 498 936
747 713 518
675 811 876
537 277 177
668 611 603
385 111 486
779 782 404
643 332 279
47 249 273
655 11 418
831 261 154
98 175 288
359 822 794
612 407 247
595 127 385
501 912 736
753 508 132
809 201 879
417 296 486
473 272 649
9 617 126
27 127 540
604 696 43
624 762 972
487 865 342
665 213 844
268 311 769
265 323 402
647 597 680
485 500 603
904 465 196
766 667 932
531 749 886
5 815 912
199 665 548
449 654 864
538 815 627
44 447 540
477 715 692
741 334 586
901 573 297
38 121 160
405 819 570
399 910 884
118 33 182
579 513 447
85 435 29
363 433 88
795 228 177
643 835 580
411 694 453
381 630 807
154 603 683
210 316 168
27 639 88
787 107 563
262 376 845
605 121 148
481 19 494
751 219 77
567 757 804
89 103 670
61 91 1000
39 632 516
719 807 100
53 475 513
669 753 592
754 809 457
675 861 885
331 656 52
59 422 129
211 399 869
319 279 120
161 403 317
811 529 295
752 171 879
706 687 385
336 273 170
652 661 193
651 257 617
117 165 481
573 16 132
392 269 984
21 7 913
17 641 469
627 213 893
825 828 494
490 1 120
516 616 302
457 773 31
800 363 166
654 15 869
171 916 713
54 747 980
365 663 289
805 317 6
156 446 511
81 409 774
881 37 902
788 908 517
406 611 937
73 716 588
845 399 271
421 153 710
693 907 246
577 535 630
659 545 361
508 187 435
199 675 161
830 99 394
811 609 189
781 7 633
15 357 367
511 310 816
553 588 492
187 173 982
881 291 686
497 542 357
104 160 582
207 593 930
911 377 106
773 692 561
87 523 827
81 605 895
252 491 304
359 571 90
779 453 642
84 177 914
381 486 835
703 870 801
341 876 405
841 489 514
6 66 628
767 130 868
173 95 206
13 31 98
791 708 959
21 159 496
197 208 825
127 35 624
547 319 548
149 258 255
713 156 865
70 104 851
381 552 939
357 849 566
127 43 419
381 560 937
691 683 818
363 319 360
881 135 205
469 167 683
95 534 432
487 175 463
913 599 555
383 704 179
726 393 756
859 463 712
132 417 171
694 300 159
179 560 565
1 7 359
324 317 61
442 883 822
472 579 80
701 285 770
665 237 551
347 909 428
175 205 326
38 43 967
278 745 780
53 899 423
57 125 867
209 461 44
168 198 594
128 603 391
257 599 84
545 664 974
97 377 238
262 393 606
20 830 630
75 84 856
824 242 747
49 201 478
49 678 238
39 794 118
799 283 454
111 698 652
753 105 529
907 307 717
328 443 516
75 137 64
761 193 979
29 669 868
334 557 858
647 401 723
383 466 701
112 146 326
49 196 456
245 581 501
880 20 192
453 173 753
7 28 347
301 351 715
296 553 717
53 641 208
235 821 286
272 207 781
201 223 469
273 199 290
39 727 456
770 497 724
283 184 168
783 613 958
866 456 124
115 75 818
399 813 259
815 775 563
179 823 664
523 469 148
319 833 364
241 737 129
535 391 851
221 789 360
401 449 135
861 663 405
561 728 818
335 159 405
345 215 175
705 530 728
66 704 603
723 493 524
230 258 186
254 901 219
871 417 680
607 408 289
593 21 982
111 336 351
484 894 378
251 173 956
493 505 543
124 130 418
81 116 608
25 503 932
33 557 759
783 255 933
583 675 781
881 639 615
18 63 16
805 514 492
608 310 354
409 54 410
1 85 286
921 407 130
540 269 881
457 761 186
155 637 871
829 161 701
604 670 991
580 150 963
403 531 473
385 509 320
251 421 203
755 449 111
436 838 718
75 191 386
305 829 964
877 734 840
599 445 823
902 21 233
552 818 842
355 320 255
305 892 534
767 745 918
603 267 261
355 245 776
557 827 12
831 911 205
80 110 697
597 327 184
369 721 808
341 777 256
1 57 724
428 868 88
781 418 596
131 107 59
910 907 840
202 428 82
267 1 808
297 476 146
857 165 463
177 493 395
317 101 842
303 885 605
677 878 1000
25 195 282
654 209 978
709 769 934
819 88 414
558 100 970
845 919 686
572 793 770
701 769 176
436 180 425
831 32 455
853 392 7
55 843 16
149 289 711
691 687 817
30 81 355
428 641 381
181 376 250
62 244 717
677 841 859
497 333 5
457 275 735
576 803 881
481 621 410
57 88 496
167 635 1000
295 544 348
817 241 785
575 398 346
679 531 609
616 866 813
293 871 241
241 524 268
1 287 461
81 460 938
340 308 196
416 673 279
129 32 188
534 345 297
321 54 35
185 671 416
259 705 617
251 833 97
358 405 559
29 717 502
494 417 95
439 825 345
212 698 119
659 311 873
245 349 940
801 602 604
113 281 965
13 679 461
171 481 814
27 59 7
150 385 834
1 245 147
69 583 295
49 757 674
301 27 320
51 97 786
163 433 417
845 877 198
125 749 43
491 422 814
575 117 483
727 803 352
85 463 163
437 413 837
891 729 908
137 905 663
377 607 257
591 413 123
765 895 392
625 373 35
583 304 103
206 338 379
885 311 195
321 753 49
831 825 390
578 639 744
612 677 790
831 537 115
457 215 891
142 463 386
219 407 692
716 747 122
494 390 138
247 534 622
224 51 729
679 609 749
815 458 108
264 888 962
146 251 539
244 580 91
390 432 982
389 354 974
606 451 585
679 329 753
319 37 481
363 733 398
596 351 449
63 384 71
456 265 820
423 224 394
315 259 714
627 279 621
259 645 826
418 868 342
913 545 182
410 263 662
23 281 217
711 186 97
892 852 742
216 537 673
863 547 614
463 595 105
421 289 642
160 21 654
857 255 284
531 341 282
621 63 469
378 521 319
703 511 163
30 781 80
185 239 600
191 415 865
619 644 186
204 587 617
443 603 411
595 920 457
645 739 453
539 132 302
667 737 40
691 59 92
89 741 267
712 257 854
899 69 954
286 700 994
331 533 568
234 295 114
518 639 136
81 75 198
365 479 805
269 672 567
241 402 144
287 794 486
413 549 763
221 537 974
249 599 844
214 708 314
123 799 392
707 290 19
503 546 92
20 30 910
98 774 155
282 649 381
849 394 130
582 156 176
309 24 937
334 501 143
247 700 14
87 273 562
184 84 39
799 103 922
132 40 813
147 787 577
91 224 293
395 628 660
693 491 891
393 831 69
269 81 829
3 12 449
298 598 40
249 122 955
186 723 516
186 293 319
197 827 749
339 147 540
97 101 627
569 666 383
753 514 385
711 821 94
675 394 738
563 568 255
681 731 576
62 626 831
717 424 411
19 52 136
413 457 569
136 323 960
803 115 675
293 273 482
766 827 850
355 671 945
619 117 853
384 305 662
533 275 807
1 715 657
204 651 754
563 215 502
611 255 707
10 18 546
35 663 763
588 901 135
95 493 786
21 352 509
825 479 868
321 483 49
234 560 719
627 723 605
336 206 148
631 487 750
426 567 257
567 63 265
479 461 754
871 95 945
33 767 309
327 495 171
665 155 913
351 558 645
70 308 259
189 19 436
69 754 997
891 325 97
652 291 784
489 585 267
308 630 169
224 143 956
139 593 969
165 897 746
599 603 659
753 155 600
579 650 994
803 38 903
121 916 180
552 501 989
167 335 171
441 108 719
64 374 535
767 267 984
281 177 621
865 453 230
252 147 927
555 326 525
444 769 358
759 839 383
163 283 27
555 552 575
248 711 85
16 25 800
547 3 300
819 165 243
886 849 451
216 428 103
443 831 653
549 287 980
75 435 83
59 465 966
600 902 913
359 417 270
892 72 149
130 422 539
373 621 174
565 660 704
807 767 746
84 561 403
173 339 549
657 461 860
73 455 898
315 305 725
169 820 346
411 843 885
476 48 425
505 683 747
843 439 220
501 439 191
758 655 494
337 409 282
526 649 302
413 625 162
488 485 103
75 819 369
868 797 868
733 62 294
883 899 303
667 719 741
595 673 554
113 666 658
201 419 426
44 329 267
252 267 671
397 264 102
540 921 106
528 353 10
29 75 623
723 196 97
688 235 368
66 711 87
780 813 991
874 270 627
279 874 576
813 261 949
504 394 290
477 535 41
9 311 513
445 581 269
107 519 940
565 431 259
664 247 376
63 501 78
644 753 481
599 409 253
805 814 968
14 805 311
727 321 567
217 469 194
307 770 875
783 338 413
398 564 764
293 821 185
763 428 893
163 120 171
773 435 681
180 238 981
45 48 504
326 609 418
678 621 482
820 1 593
274 613 667
423 635 779
243 225 287
187 699 203
869 803 722
465 599 92
459 448 508
786 624 274
184 189 670
636 905 688
499 767 653
169 872 275
157 120 620
219 246 170
1 182 619
100 294 928
427 821 693
126 765 841
354 617 6
460 464 369
313 851 138
507 607 461
407 875 503
175 185 149
123 59 974
234 579 463
647 606 842
375 436 466
835 803 913
277 193 301
449 671 389
903 478 537
90 162 859
586 768 83
729 253 872
55 64 530
238 807 758
16 479 138
173 597 300
568 597 936
469 349 86
793 57 682
837 284 587
260 687 814
305 577 752
859 299 236
390 283 929
155 167 798
299 892 695
667 299 954
718 754 448
94 238 278
619 318 966
438 742 509
800 413 148
402 737 668
617 82 563
559 41 708
467 761 706
531 195 147
108 341 812
675 537 478
889 589 134
743 29 805
815 321 566
86 100 386
836 35 839
399 553 582
649 109 12
496 868 352
554 800 120
357 331 912
271 678 361
425 780 704
779 242 621
597 805 482
335 310 200
370 892 236
339 648 782
401 219 3
746 823 800
465 525 426
450 826 814
443 475 411
257 395 141
113 713 463
451 772 234
495 291 392
302 380 961
532 855 255
13 856 483
220 643 649
401 828 581
73 499 50
261 735 664
641 709 805
667 811 814
607 679 855
219 443 936
64 472 364
127 319 719
37 673 281
861 41 581
181 418 617
595 597 497
343 860 994
676 489 294
613 595 918
181 388 301
786 72 413
509 238 703
547 391 219
130 444 237
104 579 815
877 906 680
347 630 289
732 144 352
337 738 510
837 35 450
418 665 502
273 835 876
3 38 230
337 404 37
265 505 623
419 223 512
579 76 399
241 793 83
127 157 475
219 311 37
277 611 438
32 71 566
273 495 912
463 857 19
507 888 751
85 134 451
651 448 997
151 785 907
1 132 570
291 447 798
827 75 790
587 70 298
297 441 288
147 86 373
835 75 648
9 699 645
112 49 461
623 385 279
631 455 462
34 225 191
581 765 118
101 23 642
448 482 710
171 215 421
94 833 544
552 297 891
323 392 756
498 769 799
311 427 189
124 337 651
245 807 285
601 91 77
705 7 864
491 597 792
507 389 294
261 223 959
389 475 871
143 37 653
472 918 531
368 737 405
509 424 232
870 493 983
361 775 799
754 336 339
422 641 666
775 743 631
143 467 27
247 588 65
2 15 484
509 453 499
863 477 515
231 370 159
140 285 36
921 673 811
624 595 259
104 862 116
41 909 886
907 711 222
646 3 762
167 248 545
161 754 364
902 860 785
855 57 236
129 657 178
325 649 646
242 311 330
601 669 609
125 665 494
820 409 32
17 169 267
330 444 227
363 183 215
193 603 560
801 593 357
223 313 676
773 602 478
445 353 632
749 458 472
586 507 622
421 669 948
263 797 786
529 767 885
521 303 62
215 674 663
89 651 295
417 93 117
755 5 924
895 883 887
662 719 730
573 51 865
895 845 389
626 403 756
171 527 150
533 291 57
757 392 862
256 704 994
496 143 75
299 518 554
871 571 987
518 750 482
135 329 904
197 699 531
487 281 625
601 208 967
253 897 919
17 722 80
337 184 186
173 302 678
745 824 552
58 360 45
369 404 231
109 727 149
277 399 48
81 193 640
231 530 748
826 681 15
571 479 206
607 864 875
685 285 11
476 883 66
737 637 327
359 659 311
743 475 417
161 901 348
651 567 53
813 290 196
201 413 225
760 351 583
417 355 225
122 435 492
5 8 589
825 670 690
513 123 439
37 70 837
239 820 797
69 485 695
9 605 452
105 718 972
105 791 121
825 295 805
119 772 74
165 544 658
855 723 184
657 789 930
441 453 736
85 92 621
186 111 252
683 665 434
330 647 362
791 292 554
628 772 357
689 192 391
647 912 713
137 295 705
129 886 654
465 771 142
419 341 863
693 859 86
547 518 920
221 93 411
743 613 950
907 133 831
660 915 608
718 198 790
463 476 872
413 146 734
568 269 346
467 901 842
771 549 83
251 473 507
215 223 308
888 697 634
797 597 127
377 634 773
491 722 341
185 337 960
749 482 94
777 723 341
297 188 280
5 29 46
213 706 638
416 277 783
641 705 330
1 813 8
579 861 704
513 159 852
769 792 941
577 249 863
5 36 649
651 269 770
626 361 75
742 661 349
541 781 886
653 637 912
166 417 268
809 141 359
547 749 717
635 415 928
384 704 407
645 181 254
757 371 519
135 623 817
117 406 602
878 907 844
429 33 921
806 405 11
25 65 95
921 527 313
681 903 150
626 718 971
209 458 573
507 904 882
12 299 189
697 11 344
106 565 831
630 810 468
208 350 895
136 190 209
364 88 152
34 224 145
763 723 762
636 421 444
396 420 345
481 736 675
785 249 451
661 676 735
761 407 824
146 823 884
679 877 771
757 391 279
774 884 643
146 685 187
351 360 247
724 537 689
711 245 892
234 204 21
305 721 947
747 43 147
667 289 367
377 103 469
543 719 712
598 403 338
485 893 902
113 549 879
301 885 452
650 483 178
397 200 290
71 263 727
257 657 665
74 685 894
535 745 189
577 33 528
311 230 833
510 487 462
11 101 921
730 70 71
850 507 843
451 75 954
389 225 563
91 196 753
319 507 110
199 418 807
902 413 252
51 802 301
39 19 537
185 679 566
243 143 98
205 373 658
5 53 979
426 211 113
252 841 613
273 608 316
643 632 367
521 219 923
207 588 67
255 1 883
257 405 144
553 34 380
527 875 668
640 743 150
611 865 175
217 513 677
423 416 988
611 393 457
319 835 777
349 615 335
907 271 522
151 391 629
269 673 42
299 873 878
611 319 801
276 518 266
340 545 94
435 639 684
329 612 961
531 145 662
488 665 438
39 888 549
42 881 169
545 15 153
437 623 70
866 175 997
319 721 819
301 178 147
163 61 487
782 665 867
20 805 903
607 737 642
151 336 267
147 375 203
118 156 461
199 699 505
495 848 363
719 331 986
405 433 514
303 299 283
241 433 787
423 45 728
13 117 399
77 759 845
151 689 809
161 275 477
865 869 888
569 199 624
107 269 362
884 137 242
398 619 30
43 491 744
228 657 782
347 248 393
231 496 87
817 361 812
267 885 556
580 363 43
306 83 500
203 19 661
131 77 224
12 22 963
447 487 274
679 921 814
43 230 98
481 415 55
702 91 691
49 323 970
770 915 953
405 291 905
137 825 765
865 365 265
238 267 340
785 765 464
783 793 334
795 101 621
710 693 686
221 298 372
871 826 205
762 662 938
704 392 836
759 57 967
19 637 249
410 491 425
542 197 181
871 741 511
631 289 865
457 513 846
93 247 53
258 525 651
361 523 706
637 773 964
309 233 510
336 119 664
521 628 76
399 237 962
73 281 202
775 849 501
687 655 916
147 71 126
226 630 447
57 518 176
235 257 769
615 547 567
81 525 192
503 61 522
370 163 642
20 448 266
25 423 996
822 742 843
17 343 161
829 451 223
685 577 717
394 7 501
757 483 939
347 908 990
1 111 29
668 749 971
535 466 548
682 74 371
707 289 458
106 225 380
546 242 15
90 345 567
96 167 59
784 858 77
475 716 235
385 347 553
707 543 419
726 105 261
758 155 222
845 259 962
85 362 130
99 36 195
9 147 587
419 439 259
851 477 382
246 89 37
785 617 167
95 221 495
406 631 845
733 493 826
713 316 201
297 788 402
587 385 490
888 373 644
119 261 953
718 364 133
67 799 502
755 141 499
127 614 211
315 649 413
218 255 951
89 449 942
9 35 538
81 341 390
45 647 366
579 271 966
420 329 711
54 652 964
143 198 876
7 454 213
887 21 228
796 55 872
767 617 68
734 101 15
287 148 309
772 27 319
169 269 230
37 635 300
134 705 286
159 174 430
79 635 118
719 641 913
43 471 797
413 891 303
149 295 919
645 11 352
311 564 675
293 199 949
269 491 554
380 740 475
549 503 960
571 183 900
785 387 992
61 429 205
448 377 917
31 238 757
486 746 709
284 54 751
20 51 492
166 479 476
262 893 977
579 451 391
96 673 83
223 370 658
567 383 107
167 642 344
479 798 57
245 675 630
45 59 336
101 313 759
270 877 906
13 439 598
757 568 483
497 374 353
854 15 456
652 827 661
101 256 50
416 903 735
277 235 21
352 536 944
447 918 925
255 61 937
499 673 933
131 125 669
30 875 322
520 2 197
11 305 325
611 857 398
572 249 145
119 723 509
582 489 600
915 611 277
581 793 409
743 196 984
581 125 469
140 212 528
825 902 876
643 137 549
359 253 985
617 511 980
880 841 583
233 353 17
325 294 466
232 738 934
701 140 388
847 752 50
335 345 713
355 435 116
807 461 212
607 30 61
181 347 437
352 728 29
37 267 132
337 211 578
272 364 300
363 849 462
53 525 963
523 382 99
78 432 467
377 356 450
302 812 513
72 594 972
758 509 85
643 473 461
495 133 140
325 59 337
