984 5516 608
663 428 345
597 577 844
806 646 605
709 191 301
547 497 510
556 928 788
184 169 338
437 607 726
803 35 397
304 913 544
81 958 129
1 229 281
207 357 630
745 625 82
609 966 8
743 905 550
193 313 952
538 726 193
793 505 56
511 206 434
41 292 723
193 940 101
379 673 183
272 979 945
943 657 169
348 908 848
841 787 607
973 364 905
221 229 905
397 317 850
352 103 804
25 239 213
395 504 761
573 171 537
153 605 220
501 125 828
833 673 452
749 262 472
211 252 528
616 793 135
148 709 116
624 839 872
287 241 703
505 585 841
275 453 246
23 923 920
657 739 701
567 485 58
859 621 61
761 584 786
285 958 23
342 352 737
19 877 838
245 703 761
492 652 950
134 948 99
382 397 234
57 969 402
685 948 715
833 820 228
745 313 142
811 964 104
901 451 413
541 203 476
95 82 91
545 686 10
903 619 916
52 215 841
577 143 749
679 155 644
941 769 581
209 365 969
69 589 533
601 894 195
508 953 27
25 913 940
556 308 873
770 77 845
17 931 773
652 106 498
313 361 161
262 73 60
169 567 999
784 670 868
619 905 909
496 775 235
517 676 235
773 327 833
27 40 154
935 851 603
709 431 239
646 681 216
330 948 635
199 649 835
307 646 859
689 685 424
34 198 777
500 758 196
905 77 150
973 67 219
109 105 18
23 926 710
483 789 534
105 169 359
193 865 501
577 661 202
304 856 286
746 707 277
559 105 665
695 289 644
875 904 117
577 482 446
595 922 768
233 473 711
113 511 144
534 903 595
19 135 881
756 43 939
763 153 31
937 790 420
145 719 361
921 37 408
301 817 568
781 718 958
679 898 366
8 130 344
564 313 487
941 505 275
701 169 412
391 889 556
685 886 785
977 325 621
313 917 530
153 961 104
397 847 334
497 434 719
345 373 31
823 376 113
307 445 70
265 82 330
895 595 432
51 701 135
859 765 529
377 367 761
106 201 558
103 233 966
41 644 25
549 631 469
320 954 352
793 862 326
157 651 236
147 411 414
701 715 443
361 877 301
9 939 493
901 750 325
209 571 974
442 22 966
565 745 547
981 517 527
729 276 750
907 613 84
136 913 92
314 486 487
225 727 212
137 515 291
874 303 833
39 428 743
186 204 288
337 930 679
553 937 375
293 163 362
34 854 643
313 505 165
649 609 713
856 604 584
181 678 359
58 565 584
811 979 614
94 553 821
514 781 579
912 502 876
457 261 655
52 78 650
253 613 144
441 537 298
895 984 215
585 493 969
703 501 756
417 289 63
919 61 195
119 963 962
421 273 700
121 927 303
121 391 746
497 577 40
278 73 650
320 732 770
920 19 788
635 407 408
701 949 595
697 825 182
694 977 603
226 185 413
20 392 420
699 613 616
706 595 279
733 672 334
865 493 160
463 91 857
193 721 291
3 943 763
251 265 475
415 461 103
343 621 1000
221 755 245
439 734 364
938 91 949
857 553 339
520 337 322
749 691 661
586 634 33
85 157 494
755 130 640
4 824 325
77 309 271
640 955 830
657 205 282
451 591 83
196 456 68
903 349 864
175 581 970
278 857 432
263 145 437
460 339 563
34 60 309
633 608 543
805 655 399
883 193 741
640 191 714
97 655 102
665 181 604
51 625 841
17 111 189
847 797 607
125 109 550
829 827 887
935 779 596
232 370 162
22 514 332
663 469 877
695 385 598
383 316 298
53 457 302
29 658 413
937 741 906
529 748 847
898 835 573
559 235 832
730 956 998
72 265 409
537 1 746
42 377 631
268 673 967
617 312 432
328 724 788
889 967 472
833 35 652
2 12 447
930 871 457
313 727 523
249 113 709
525 355 486
197 205 179
101 527 456
36 680 774
180 230 202
73 288 794
40 106 841
129 484 382
281 77 750
276 90 58
453 572 248
153 625 794
477 101 930
973 391 329
961 649 828
939 453 384
600 378 643
57 351 330
923 169 647
345 545 754
175 655 180
481 499 395
193 698 567
605 225 220
724 123 387
787 869 112
833 481 948
333 724 831
451 517 225
768 805 762
335 433 953
507 571 583
592 55 765
405 5 467
433 214 734
35 233 975
167 403 139
408 673 440
425 135 291
267 693 564
27 196 497
310 139 268
73 511 276
15 288 684
533 550 478
865 78 602
1 164 519
410 136 978
33 806 246
121 415 190
247 193 575
251 786 897
721 142 605
949 328 636
881 507 54
721 209 828
121 89 245
604 569 815
289 426 22
697 616 11
897 208 625
691 701 321
241 394 265
82 202 882
361 306 552
237 648 881
309 734 678
149 321 29
748 774 957
433 637 128
969 837 574
237 385 382
9 21 929
324 539 637
363 403 191
792 787 828
449 847 519
607 153 644
573 733 175
414 777 876
381 955 346
715 569 334
955 953 325
273 98 554
849 757 551
571 669 124
409 277 381
577 209 175
475 703 109
825 682 838
225 865 126
841 324 141
873 757 52
877 810 170
237 730 601
718 785 434
217 388 614
85 679 370
256 826 700
87 85 955
70 341 848
69 949 525
841 881 933
453 409 361
113 949 728
877 804 368
779 251 631
478 713 564
441 678 284
807 531 4
421 901 389
469 794 546
862 1 789
890 346 474
826 181 10
151 976 636
542 129 538
236 374 544
721 431 744
31 261 923
343 400 240
580 874 649
317 634 100
325 277 951
483 585 565
283 323 376
53 359 6
635 866 347
199 697 876
68 19 410
853 580 615
929 54 552
312 784 663
398 452 333
721 232 514
357 776 302
589 73 732
125 727 197
565 193 638
193 759 13
401 721 663
757 877 268
820 139 662
761 641 737
481 897 578
823 913 854
110 761 150
690 721 832
529 603 745
49 3 611
22 432 246
1 546 17
193 797 53
769 259 249
115 582 191
253 283 952
71 964 883
509 323 39
253 718 436
534 691 11
448 817 418
165 506 11
74 35 648
677 833 403
101 406 908
881 325 283
589 625 375
33 478 293
139 853 935
346 394 390
23 245 663
682 676 77
439 491 200
862 982 49
253 595 400
641 547 479
933 215 870
453 958 248
695 769 670
705 349 616
561 463 6
127 88 72
289 543 893
851 952 683
808 844 121
367 171 173
94 659 51
595 481 436
457 37 379
73 889 288
55 235 749
521 889 97
418 385 477
167 270 713
783 665 426
491 882 870
55 141 745
914 763 138
905 697 475
69 264 699
533 206 489
587 391 746
797 874 561
937 1 437
631 355 99
733 416 994
573 681 917
504 950 85
77 761 980
904 648 963
971 812 902
826 941 239
881 979 812
857 878 707
430 547 601
217 331 428
963 499 174
489 819 482
487 542 739
434 444 476
625 31 81
198 209 284
7 428 711
25 766 558
79 733 444
89 815 588
139 487 985
175 336 96
501 547 994
859 265 692
289 827 683
951 841 167
527 884 699
351 460 595
399 244 593
83 7 559
663 650 215
709 821 778
556 389 430
589 873 147
517 573 380
555 551 835
103 563 586
654 533 737
8 541 308
31 381 324
811 685 189
81 836 40
721 961 95
340 801 772
407 97 720
623 307 928
978 268 677
1 2 222
853 491 994
171 661 627
925 353 870
721 97 237
845 274 768
691 518 7
173 949 127
961 196 771
778 36 771
786 807 628
699 967 29
927 297 796
695 527 429
151 307 688
619 721 63
505 871 112
700 304 66
153 587 539
517 225 696
574 361 234
361 657 867
597 762 925
249 97 299
79 889 766
599 417 385
122 475 589
786 751 927
533 941 170
569 168 866
607 690 428
717 805 507
17 826 323
163 547 177
939 767 819
69 149 460
196 832 796
157 84 621
265 398 309
558 653 278
48 51 232
362 366 421
751 193 290
345 341 99
917 375 742
463 751 142
773 561 850
543 93 813
409 627 733
401 769 855
865 177 418
739 793 712
557 921 57
577 817 294
342 945 400
481 960 244
483 189 905
7 33 822
225 407 426
791 961 866
835 91 332
317 758 455
117 169 392
605 922 571
293 493 844
286 481 744
381 542 931
707 734 75
949 457 930
889 261 800
769 809 489
789 131 232
981 955 962
281 863 217
43 337 647
97 919 684
7 73 355
760 812 214
589 109 853
411 172 291
907 793 412
109 135 735
923 161 219
759 633 368
811 461 737
325 559 826
109 593 540
637 739 257
452 777 643
209 935 39
494 651 182
577 949 267
937 271 448
390 720 169
269 945 19
936 721 523
469 739 70
935 979 87
221 381 39
561 63 733
375 716 835
444 169 963
38 886 816
893 937 434
571 223 880
414 873 653
781 229 469
921 857 716
657 399 91
216 306 531
813 887 286
217 961 981
679 227 953
54 709 552
163 434 662
417 103 760
817 609 236
561 409 826
755 689 504
495 361 110
377 609 916
85 299 481
371 597 772
939 977 639
581 502 237
276 911 99
553 625 288
493 508 673
877 587 321
696 41 502
613 467 503
682 27 609
157 254 239
581 922 179
636 328 341
67 797 984
657 801 937
135 182 127
357 943 812
94 442 282
325 493 934
475 548 386
713 847 520
250 609 20
153 577 187
493 313 53
801 317 744
787 973 139
265 247 47
153 787 64
333 860 234
334 457 233
431 967 691
865 325 501
279 607 389
283 298 649
597 510 950
570 307 742
697 373 962
142 710 988
894 691 943
905 194 192
169 101 961
163 591 31
553 521 400
71 526 920
65 377 894
407 684 637
721 973 115
517 907 945
659 780 10
609 158 629
28 415 401
523 249 479
87 531 706
820 897 205
951 237 980
71 176 897
54 592 747
22 766 914
937 449 195
40 757 715
521 311 452
211 475 708
851 889 963
127 238 356
120 481 510
271 893 120
478 16 371
131 433 999
442 880 581
640 169 93
881 597 318
307 477 268
56 318 337
785 610 488
745 678 110
549 33 65
445 249 88
661 109 807
649 471 427
617 89 316
69 553 680
534 392 155
244 79 541
409 517 916
198 745 777
235 266 987
201 418 227
385 232 646
90 160 233
305 333 651
2 17 235
601 598 362
574 837 659
807 666 276
444 761 762
547 898 211
355 394 891
289 443 29
634 655 813
671 562 181
698 129 470
925 529 266
481 168 856
685 123 745
417 157 831
50 1 622
337 502 690
89 728 899
961 696 318
719 575 561
89 679 916
353 40 360
501 471 719
391 457 419
571 161 933
61 118 208
799 969 448
295 101 473
117 421 855
734 237 769
23 119 44
790 368 69
673 124 255
748 799 994
155 853 142
73 314 335
514 257 148
829 469 137
193 699 571
272 462 512
649 245 120
601 964 1
596 619 734
475 541 443
9 30 1
52 440 545
73 120 927
85 181 232
763 241 992
97 717 115
523 543 757
865 289 625
532 361 658
569 721 99
10 15 307
828 601 132
25 838 688
246 442 275
533 129 213
79 619 427
941 580 823
559 602 642
23 736 304
708 645 46
169 103 873
271 139 6
945 79 965
976 685 936
25 59 211
861 941 109
469 650 869
169 457 861
599 825 670
71 208 582
345 211 257
521 763 217
157 849 227
871 7 497
493 281 391
637 342 273
589 667 401
885 279 810
640 431 363
689 969 379
127 131 761
118 181 463
760 67 904
355 901 165
337 937 447
448 883 439
661 526 349
775 262 270
369 560 120
327 194 544
967 788 420
398 195 616
375 466 239
871 489 197
681 316 975
497 874 790
204 773 75
169 492 11
186 905 387
67 79 522
297 506 369
621 979 450
293 607 708
561 481 835
337 802 37
6 62 335
851 100 268
353 88 856
28 399 831
921 247 488
382 420 872
185 452 861
241 958 361
55 79 288
373 481 251
25 247 544
320 421 383
142 445 433
754 645 915
291 466 77
961 433 766
531 561 666
933 712 78
837 125 968
177 360 33
676 547 777
237 457 801
845 361 261
133 832 892
511 118 633
139 881 6
355 860 100
99 217 656
193 788 541
576 626 535
664 619 202
225 610 970
730 393 701
141 901 886
274 73 251
73 358 731
379 422 59
89 363 805
697 313 764
409 25 628
571 7 318
73 142 371
38 862 449
379 691 201
89 618 392
769 411 748
111 190 582
469 213 814
853 292 99
67 782 246
783 533 449
429 856 469
64 178 357
817 727 852
395 901 372
481 124 847
100 973 670
49 242 890
317 791 355
315 965 502
117 665 193
545 166 968
1 475 879
889 961 592
51 670 140
519 160 854
873 93 880
29 867 76
811 841 841
92 525 459
19 631 439
493 727 763
166 276 200
22 733 567
241 733 219
472 817 137
81 373 861
561 49 470
945 102 173
795 745 347
941 577 846
384 794 173
321 392 559
953 831 288
335 487 958
493 160 318
929 529 800
762 347 157
1 399 724
929 145 483
697 737 202
700 806 406
818 586 153
505 826 17
303 381 83
964 609 502
241 171 107
401 921 61
575 837 324
483 169 376
129 7 556
113 731 918
54 924 892
101 265 997
742 461 490
31 967 426
753 683 349
862 745 956
92 918 788
280 524 482
321 775 896
717 927 480
739 871 811
115 700 390
781 161 959
557 693 767
181 295 7
3 832 173
747 819 880
38 420 68
753 146 303
441 83 512
381 697 715
637 25 403
189 856 573
145 81 475
793 825 687
482 446 331
121 5 962
499 741 678
718 281 320
324 370 672
969 343 334
483 601 44
317 285 784
629 14 593
657 427 649
99 895 813
657 235 490
73 118 959
141 402 529
322 265 967
918 178 451
633 745 358
519 900 808
95 258 709
439 513 462
505 193 711
26 793 335
862 319 167
146 621 602
579 154 860
13 43 821
5 86 982
817 661 122
35 307 55
799 342 14
849 505 916
46 865 221
73 524 740
645 791 969
253 249 159
55 67 760
657 853 535
459 773 709
265 690 479
875 88 435
190 394 845
649 393 43
777 625 877
961 505 447
134 915 972
729 850 847
484 906 890
393 864 198
352 162 158
169 262 557
909 782 222
490 673 39
361 520 456
625 401 180
243 27 838
579 205 613
1 16 842
833 841 598
203 918 183
401 205 808
227 83 458
97 223 439
578 121 694
295 665 871
794 73 421
353 173 302
253 244 236
218 747 694
860 736 68
659 14 623
195 160 650
91 427 819
22 49 80
796 820 948
685 389 45
978 793 184
505 805 358
467 9 910
298 197 994
72 102 149
193 562 88
304 321 681
265 244 304
821 235 818
727 879 872
269 165 188
631 70 499
358 691 215
853 21 355
777 757 862
863 243 685
381 577 314
58 61 238
229 765 220
79 87 944
169 526 478
637 964 98
40 266 39
525 772 924
829 349 327
681 161 905
25 778 425
280 817 763
357 716 567
829 399 652
902 531 542
244 165 29
655 889 821
82 100 8
516 452 291
667 120 808
460 481 974
890 709 389
814 580 713
260 913 610
595 677 82
162 665 358
967 785 409
47 963 248
7 521 369
937 609 771
209 350 746
377 601 337
289 79 339
729 926 552
745 391 134
439 857 586
281 280 541
577 211 527
69 90 163
169 409 520
895 139 20
653 733 210
932 417 868
617 625 805
662 83 968
547 889 951
649 973 913
223 823 820
803 513 634
157 445 346
313 853 972
879 1 639
262 711 1
913 153 330
565 377 91
503 122 78
342 889 271
161 187 846
541 330 302
355 220 962
529 387 689
356 769 495
10 869 289
377 157 272
597 151 734
43 50 89
877 952 366
193 431 316
53 105 215
496 317 494
113 145 567
558 790 601
331 17 291
704 915 682
547 260 113
348 319 545
91 561 963
217 585 395
329 665 52
268 49 690
817 7 53
601 785 325
655 751 340
843 451 575
983 166 211
548 739 214
544 571 157
217 357 924
29 56 981
219 519 796
99 847 729
529 185 303
171 113 448
473 781 960
510 249 436
603 769 903
415 920 512
68 247 68
80 108 505
538 479 614
33 739 310
460 662 816
505 872 47
834 474 25
652 463 815
532 663 547
189 304 726
165 174 533
489 253 154
73 859 436
402 578 857
73 119 194
579 283 668
188 488 431
175 685 187
229 631 489
557 916 245
862 241 374
415 838 164
375 677 649
288 753 964
190 663 203
840 86 959
460 505 709
808 35 572
587 403 633
629 430 39
514 673 926
406 411 837
493 538 242
789 589 549
460 571 742
1 267 293
968 157 342
379 151 306
166 381 934
966 125 421
121 745 564
184 466 681
25 847 101
772 964 796
691 769 554
913 202 135
210 903 167
532 178 222
919 582 681
305 505 714
364 652 30
793 589 396
357 65 175
325 788 266
535 269 33
805 620 128
601 210 591
569 556 671
403 368 403
862 230 647
961 515 12
629 870 857
329 646 315
45 169 33
898 92 893
370 649 898
484 941 742
345 665 287
329 313 953
693 983 955
185 901 746
401 664 96
197 316 24
51 595 357
108 625 360
509 607 802
629 785 263
700 781 597
113 913 724
16 707 617
579 370 623
329 639 526
845 368 632
480 509 616
353 742 11
231 145 528
677 940 138
23 396 538
755 480 16
33 505 944
348 883 389
949 381 913
460 775 624
703 717 553
909 764 328
232 415 578
61 670 834
85 137 363
478 910 437
250 633 73
979 711 560
713 481 509
349 889 166
33 417 984
241 481 749
179 984 538
105 157 205
343 583 740
809 477 106
263 616 858
200 220 265
505 343 908
253 784 336
53 364 635
81 605 509
451 716 514
912 304 311
301 544 917
87 550 306
422 791 415
523 742 65
709 967 269
273 909 450
461 535 267
175 833 31
239 247 699
59 134 503
960 739 107
137 376 410
785 519 158
871 619 433
457 681 86
417 593 105
889 439 390
7 11 177
148 154 382
667 569 90
669 733 417
751 743 311
697 43 835
69 838 660
285 841 444
88 445 467
666 550 310
282 15 432
276 441 460
1 7 656
168 661 352
403 67 533
403 501 309
64 669 163
412 745 136
101 442 857
355 7 539
517 785 152
565 555 262
429 643 821
873 853 771
107 865 660
133 483 412
249 751 498
841 313 905
308 171 114
313 433 417
113 127 562
364 4 926
717 469 43
473 361 748
70 484 933
433 727 591
157 136 134
959 970 968
493 502 531
644 949 785
290 375 291
507 239 192
622 57 52
896 723 823
41 373 851
338 357 51
538 347 165
449 19 486
91 370 613
332 479 235
21 44 42
93 859 56
132 410 843
787 693 106
613 864 619
269 931 151
567 896 900
934 68 439
5 63 505
91 401 631
219 105 648
865 697 816
4 505 937
161 669 353
541 907 311
262 559 691
235 179 692
457 532 65
708 139 912
61 193 677
729 922 356
265 49 216
429 21 979
657 745 79
241 105 868
87 841 958
25 310 650
409 7 188
202 598 729
541 441 135
441 17 843
29 321 402
538 31 800
391 89 527
18 91 650
211 250 665
196 355 77
673 195 130
785 79 604
397 474 294
455 142 370
607 665 770
721 133 985
617 673 687
653 730 266
58 432 811
453 356 808
380 163 979
169 777 314
893 166 249
576 233 663
673 523 156
917 451 806
730 451 979
837 739 53
55 452 653
308 622 86
125 31 499
817 829 393
149 378 995
541 781 777
493 958 851
547 982 321
313 127 481
373 47 843
447 905 66
833 706 482
646 17 462
127 193 881
805 121 903
955 773 436
840 817 235
353 153 562
355 967 163
466 973 852
610 337 90
12 125 617
241 138 347
676 472 643
516 238 538
349 241 277
477 673 960
171 845 187
898 323 253
553 579 580
365 116 224
593 979 317
593 665 752
801 865 441
566 977 491
917 521 201
523 480 361
907 49 892
805 589 133
85 252 797
802 809 477
663 442 415
473 493 192
556 823 31
913 163 674
427 279 746
875 690 572
745 302 341
193 307 679
931 619 83
355 616 55
215 375 763
305 737 742
154 550 87
323 862 914
151 752 205
9 577 447
23 67 589
57 226 420
817 85 67
337 376 475
769 752 411
310 858 6
421 613 857
725 133 372
199 256 199
577 49 384
419 55 974
885 876 831
226 211 688
952 37 388
11 25 302
965 971 546
913 73 290
67 191 831
56 76 769
983 177 135
15 555 420
291 81 144
976 833 544
697 755 198
303 787 466
984 79 99
541 567 7
691 149 18
89 305 808
15 528 373
405 483 166
3 4 943
791 247 792
558 612 259
526 698 663
241 165 985
441 804 60
124 35 285
937 505 38
152 837 661
379 945 159
405 413 32
373 95 396
433 179 607
764 767 812
130 862 929
226 577 146
646 480 4
37 153 775
731 913 316
929 958 948
502 968 336
541 453 681
73 203 535
121 453 553
769 617 522
52 897 774
751 601 354
227 781 660
658 337 946
82 557 941
497 447 488
521 177 479
835 618 418
655 820 956
237 319 512
9 37 121
451 751 601
193 616 323
552 784 930
730 913 508
637 42 928
772 237 651
441 283 697
555 650 931
915 730 546
329 268 940
406 139 975
537 115 922
260 599 322
259 979 707
472 133 385
118 356 603
153 743 423
455 289 340
27 949 564
940 511 155
169 561 535
499 282 602
161 579 285
305 685 576
745 431 212
881 253 679
863 604 933
5 36 376
727 573 422
133 845 684
946 519 621
542 160 365
159 545 798
274 820 25
657 407 713
844 229 198
137 345 635
952 643 534
263 232 49
43 610 825
526 427 163
734 935 781
388 286 651
292 24 506
575 553 126
355 831 453
769 738 183
749 421 550
795 505 200
3 453 236
563 636 959
943 952 421
513 284 279
1 226 76
218 342 763
685 671 391
380 412 159
697 790 245
1 657 285
427 775 373
427 97 660
752 937 111
547 523 434
408 641 101
742 980 707
13 889 22
778 273 315
94 112 315
966 919 402
285 514 201
697 967 161
307 959 103
475 811 626
157 817 73
1 123 988
27 378 53
819 193 200
73 43 914
49 363 261
238 743 385
787 805 126
400 734 243
197 229 352
625 477 701
136 337 950
40 42 854
937 285 66
704 151 522
265 413 784
11 18 894
265 970 30
943 803 266
585 160 994
14 240 901
390 876 204
961 796 817
337 931 116
153 549 202
808 493 322
657 215 353
124 499 4
79 571 575
236 913 514
139 854 574
747 603 764
139 433 588
97 895 925
151 19 999
457 940 485
116 566 521
29 358 577
697 637 487
713 385 315
679 305 265
604 381 283
44 48 627
718 261 903
601 121 125
267 73 878
453 147 168
561 193 742
758 969 913
520 411 557
931 285 132
519 897 441
460 752 252
673 213 593
249 452 783
517 529 467
261 293 485
379 381 226
961 906 84
751 755 373
307 585 110
869 953 995
738 313 826
252 513 58
603 639 128
5 64 305
66 490 62
445 69 76
48 955 235
96 172 493
237 541 15
30 517 541
444 673 235
904 657 197
359 588 113
661 682 649
643 143 608
145 935 289
667 145 308
16 679 344
697 133 620
137 94 165
809 545 330
475 496 175
838 282 891
945 326 667
119 671 47
264 392 861
295 389 822
151 616 426
161 325 561
113 729 598
193 674 791
211 657 898
767 592 231
115 808 647
61 521 526
38 122 878
970 499 243
499 925 224
550 61 550
383 567 780
929 313 911
856 679 230
433 777 120
429 397 447
85 145 354
643 212 852
707 871 554
65 255 796
673 31 703
55 891 557
567 557 363
277 385 56
145 505 500
604 868 528
912 337 76
55 81 898
40 375 441
644 583 55
109 883 192
209 605 227
106 169 121
168 173 923
695 910 136
841 569 921
795 677 940
297 862 327
297 283 647
307 892 302
723 957 820
158 721 339
38 218 491
329 557 613
461 971 894
535 447 468
744 628 917
9 829 290
664 724 824
869 229 336
547 456 747
217 409 300
466 933 896
769 298 4
960 181 522
35 693 340
746 182 563
313 645 984
103 364 599
16 34 166
137 383 578
190 673 459
859 376 611
761 205 840
697 922 379
136 343 748
89 415 193
289 945 170
203 260 885
313 821 549
460 7 386
607 305 138
367 748 356
501 442 986
393 388 614
223 361 575
894 403 470
11 540 994
134 262 655
161 941 890
273 149 281
328 476 79
19 241 500
954 451 110
617 649 210
859 71 965
238 503 510
457 373 33
926 17 721
65 89 188
297 181 781
493 648 757
74 100 851
748 106 144
223 483 121
675 646 383
192 653 233
769 829 631
658 856 541
274 778 159
97 133 781
325 305 420
841 805 670
729 293 856
641 871 695
296 679 884
961 826 5
929 235 655
117 126 922
793 679 206
2 167 394
673 781 318
1 562 764
425 447 216
118 646 658
861 244 943
361 475 749
317 291 375
673 217 768
409 554 57
162 168 458
273 813 938
636 640 474
911 552 362
311 655 436
59 727 833
507 534 799
910 471 879
655 463 862
703 927 283
292 342 290
361 625 803
957 885 124
546 865 705
553 773 457
43 665 831
175 704 959
931 697 912
235 308 284
445 730 246
922 208 317
484 367 156
685 217 225
313 739 552
445 366 592
669 913 39
477 558 596
409 821 918
579 358 401
141 182 827
634 355 770
121 654 241
771 7 539
19 697 190
43 57 63
644 670 78
761 789 289
794 920 908
816 304 750
361 447 258
743 960 726
934 580 576
183 667 83
720 725 429
265 567 189
105 785 824
904 385 738
27 65 344
129 447 556
376 575 103
355 533 600
529 377 151
131 100 500
793 796 553
905 401 269
1 181 473
583 703 366
231 301 996
465 225 224
205 343 564
350 733 831
125 683 569
593 501 22
146 699 319
917 49 10
928 857 55
45 71 463
949 610 411
185 411 147
936 302 407
281 313 114
824 727 356
736 384 567
124 799 534
785 193 92
305 853 766
169 756 34
312 769 853
512 877 532
956 969 584
785 826 171
73 961 646
216 127 633
261 510 577
565 697 100
973 441 764
667 81 681
450 785 872
768 207 967
841 167 689
1 8 978
4 849 815
873 625 489
106 117 506
739 279 59
541 813 931
49 495 199
305 19 800
315 759 121
865 115 270
481 705 529
384 543 22
817 953 59
1 961 916
675 133 408
237 235 340
973 865 22
158 294 953
471 405 500
189 877 524
414 774 893
877 407 644
169 355 772
213 254 888
899 607 597
723 313 136
547 899 527
965 816 809
232 348 646
267 421 443
289 20 560
301 255 879
641 669 830
158 272 10
898 816 605
880 740 197
221 579 450
753 229 626
945 541 713
349 317 851
154 703 14
403 817 972
565 151 736
376 786 104
983 402 785
953 482 587
387 697 552
781 319 331
625 352 108
708 679 531
817 193 205
483 772 228
130 307 902
478 262 525
777 304 610
227 702 330
479 596 233
73 695 849
181 115 971
109 895 367
161 1 379
865 575 789
337 893 589
918 206 482
497 973 280
921 897 896
517 109 188
613 655 861
93 175 794
271 220 856
589 663 444
313 473 787
321 493 650
72 343 240
963 781 848
71 749 659
789 111 524
99 617 923
633 940 584
65 529 2
182 358 118
525 631 451
874 865 552
83 397 8
919 739 675
241 647 132
562 265 213
382 141 632
243 572 818
629 601 142
970 487 405
105 186 772
180 571 128
37 197 418
655 801 780
769 709 570
454 213 362
215 681 626
851 269 32
49 949 370
5 621 720
391 49 981
129 340 561
859 735 346
273 387 72
709 493 203
233 949 728
363 649 349
817 362 540
133 153 386
286 395 372
164 278 3
376 964 349
670 403 68
100 714 724
781 593 566
321 219 357
609 277 279
894 238 395
368 542 607
244 799 157
211 227 847
39 151 580
481 971 14
84 315 171
753 869 744
445 947 139
481 22 374
469 911 637
265 331 758
657 811 710
411 503 255
963 974 890
361 385 268
170 889 518
659 403 419
666 951 850
375 283 397
841 673 21
382 233 493
837 261 126
401 826 342
173 542 63
82 57 142
913 300 631
411 657 144
187 7 684
973 109 261
329 334 125
361 463 685
161 623 248
189 860 228
246 302 586
417 730 202
46 13 33
73 529 740
129 472 819
2 738 87
670 649 955
92 663 276
17 434 203
449 268 258
381 493 577
955 337 700
875 43 996
847 671 887
571 697 48
265 645 55
557 904 86
437 762 763
853 328 150
613 759 65
744 337 607
885 370 66
869 401 85
421 541 381
205 643 324
553 569 847
629 213 179
802 941 105
301 927 188
131 502 975
665 312 147
892 319 620
657 580 976
78 457 853
7 24 78
336 977 254
222 543 411
421 295 675
595 33 798
346 865 819
979 755 684
729 745 496
85 961 768
269 855 548
275 724 763
55 198 918
943 97 166
805 1 461
97 41 415
201 355 649
577 789 322
357 404 697
43 223 341
218 412 738
977 529 149
945 456 840
806 941 320
874 469 752
627 845 734
52 121 769
805 479 785
109 370 680
1 271 746
13 68 67
819 570 724
269 729 850
127 175 812
842 447 514
856 943 322
977 795 640
615 881 519
64 448 701
62 677 239
874 223 251
157 666 201
127 916 298
67 889 945
756 234 344
14 946 169
25 281 998
384 615 3
310 237 809
57 83 525
67 903 676
620 743 716
457 805 444
323 13 246
593 496 795
657 775 43
316 918 840
889 376 657
787 91 580
572 726 187
124 135 238
535 727 983
277 817 10
19 221 762
134 601 651
727 43 114
949 109 135
809 87 953
202 493 22
187 97 249
61 367 774
761 913 556
762 369 706
105 107 575
105 188 103
299 334 329
421 775 58
170 585 632
389 161 183
199 75 545
202 214 404
475 590 528
145 355 946
758 940 150
973 847 176
85 61 650
937 307 677
782 312 446
103 775 497
397 217 39
586 678 520
511 961 695
709 218 994
23 437 76
517 760 44
226 751 553
479 105 119
733 776 643
397 859 391
799 314 740
472 208 766
118 682 402
587 171 50
55 353 854
411 100 451
111 331 369
589 33 775
103 361 733
697 392 855
635 846 417
409 529 691
101 143 270
784 191 1000
63 825 881
541 374 106
574 186 95
88 195 833
657 247 913
505 153 74
393 705 16
372 862 517
1 253 748
259 616 228
385 493 644
739 577 197
18 53 524
22 586 921
253 526 89
807 370 524
917 7 839
143 512 208
673 61 149
801 334 724
552 899 673
521 307 693
221 37 886
907 401 482
245 749 844
911 179 780
907 573 5
9 639 440
813 361 661
25 689 352
58 761 937
218 240 570
541 569 914
861 819 413
673 835 31
308 695 219
67 163 872
125 448 732
87 470 768
941 447 99
270 307 436
865 637 999
393 949 397
940 723 4
541 135 107
568 752 549
85 156 896
719 756 542
181 397 925
125 187 170
615 655 678
177 889 654
424 64 36
301 298 27
577 171 934
913 484 203
427 925 42
577 571 242
267 407 26
537 679 422
163 793 786
196 321 152
932 91 835
835 13 494
379 721 741
783 385 779
157 657 471
184 783 47
97 380 643
817 121 550
60 501 252
229 336 848
661 273 538
922 25 785
300 301 350
616 523 477
457 945 888
940 353 994
586 601 29
590 425 256
129 360 904
216 393 519
488 833 855
922 265 221
547 162 751
214 484 531
509 389 811
781 583 422
319 249 787
469 481 941
589 592 706
191 496 317
640 601 495
588 41 235
445 208 786
270 414 557
319 832 255
537 641 773
630 513 961
975 53 933
1 27 623
688 965 586
568 535 546
153 529 778
113 120 265
827 897 193
487 520 931
308 711 587
521 531 208
553 846 477
46 349 75
137 651 153
187 577 560
135 530 151
233 25 239
394 979 995
137 201 354
183 797 839
801 362 863
185 684 355
145 836 684
903 73 312
858 718 989
921 529 547
294 797 771
223 160 899
357 901 144
247 41 950
691 564 131
337 653 619
905 84 75
532 551 401
549 459 491
35 241 52
801 919 261
343 838 306
43 129 615
447 469 487
47 153 598
22 33 207
119 667 694
67 75 374
289 822 153
629 295 128
945 377 458
983 717 619
518 640 422
281 895 453
214 934 665
474 25 743
679 904 965
897 530 621
889 77 118
193 115 447
773 1 849
734 241 441
562 413 880
745 106 599
459 439 792
559 529 271
151 515 827
883 493 198
381 826 420
657 825 882
617 873 208
667 97 318
167 140 540
208 464 256
679 257 363
54 660 587
751 65 839
806 295 119
724 287 249
573 608 219
201 31 912
697 966 484
625 418 947
845 841 132
607 97 25
879 353 977
513 1 785
463 541 191
394 914 525
720 817 250
601 253 257
200 642 95
748 659 290
177 425 232
595 1 366
493 719 948
53 571 145
253 877 524
744 99 578
405 289 49
151 261 634
211 426 710
258 169 15
436 937 910
265 257 54
145 139 859
89 133 68
83 816 71
705 744 176
980 561 12
286 296 62
293 60 702
247 361 534
329 760 926
694 209 153
295 745 556
871 889 704
661 575 858
571 267 97
168 317 285
235 832 482
625 695 675
58 949 49
673 844 659
186 257 349
949 547 62
859 639 59
703 845 714
196 113 151
807 135 121
181 244 404
753 949 364
583 243 386
647 329 129
877 868 435
854 57 509
582 874 9
329 345 752
919 43 68
517 91 169
977 721 161
681 403 479
659 369 599
580 314 668
315 378 730
127 77 568
199 661 987
761 5 412
205 611 142
197 289 290
850 385 263
124 201 287
793 601 306
905 177 735
954 409 225
533 827 202
745 703 93
427 455 978
370 65 65
811 269 819
949 205 286
505 723 877
712 677 105
17 217 993
726 949 376
55 679 288
894 551 271
789 433 954
823 59 139
563 863 979
265 325 484
757 625 773
526 284 377
697 957 20
52 875 610
937 363 120
575 968 744
38 979 931
689 507 139
301 98 878
27 197 56
787 530 376
196 367 229
424 658 611
386 489 997
657 859 678
592 289 294
654 818 439
946 709 622
19 94 934
775 893 776
79 97 345
671 295 560
297 241 15
129 537 263
957 975 443
393 945 337
403 911 241
279 429 610
825 681 239
253 880 713
841 200 989
925 458 217
41 430 425
439 469 439
765 205 42
604 190 126
365 25 216
134 225 350
863 104 940
385 674 80
328 75 789
116 142 192
121 850 124
353 259 219
150 962 832
329 201 90
265 474 156
847 441 550
625 654 745
796 689 65
655 814 788
881 205 863
421 496 528
31 47 513
685 918 165
111 193 240
604 238 875
527 141 31
373 433 949
115 347 816
67 95 515
845 715 527
310 561 637
941 697 951
91 369 329
889 691 992
477 823 858
811 438 458
436 313 272
490 427 855
161 757 927
676 219 65
381 524 636
134 598 330
205 787 447
133 325 741
235 356 677
469 535 646
959 720 228
926 393 65
289 853 148
527 49 585
821 539 307
217 829 277
119 219 761
277 318 217
239 829 362
747 430 179
670 133 109
417 750 253
109 574 280
598 469 539
189 565 88
296 624 912
373 337 186
299 103 149
193 12 341
119 951 713
769 193 686
105 227 200
526 187 757
49 41 96
803 103 631
908 625 127
502 172 564
853 355 279
769 931 167
306 339 584
877 148 31
415 603 262
29 842 358
103 424 695
729 616 335
77 86 372
784 549 163
397 649 252
175 49 593
793 49 274
251 709 47
488 89 6
175 955 619
916 775 827
374 73 8
785 33 707
241 511 422
1 55 727
286 651 304
131 361 57
573 924 976
523 869 311
587 465 652
353 427 225
309 885 300
889 949 440
247 513 197
223 49 83
889 187 376
525 694 880
636 490 10
377 983 817
801 254 937
133 61 63
442 421 419
205 253 75
131 669 648
496 306 653
379 97 935
87 697 304
930 265 729
259 580 818
33 923 69
369 244 427
305 175 537
297 730 611
221 439 813
402 830 530
325 142 136
1 209 366
478 897 64
496 981 701
117 69 403
737 745 525
372 765 788
265 625 690
613 288 683
460 541 788
435 157 176
325 329 529
115 613 533
367 685 6
464 863 610
113 637 790
709 873 591
869 374 706
955 275 688
173 895 623
43 747 84
527 73 681
935 304 106
615 135 228
519 43 32
1 529 515
367 493 682
238 775 929
1 277 649
697 789 492
400 604 280
365 910 499
255 455 6
973 913 750
593 529 949
184 265 890
847 113 450
93 964 126
601 577 30
439 685 31
302 834 846
175 533 571
199 826 525
205 289 843
217 249 149
262 769 560
517 898 505
273 17 137
218 600 347
23 329 382
225 905 848
61 739 537
119 385 299
207 325 742
731 337 69
921 542 102
204 91 517
604 661 562
1 214 545
208 548 782
553 382 400
889 853 390
889 394 902
446 574 388
901 871 963
299 877 334
873 565 845
405 455 212
981 527 598
681 707 915
105 475 224
385 481 965
844 478 885
315 518 751
299 697 607
177 20 185
77 727 997
415 37 477
311 42 142
313 181 769
804 833 715
679 865 809
29 84 989
32 570 798
526 858 603
64 274 155
521 709 119
211 499 285
127 312 361
507 944 685
105 658 727
617 713 36
493 398 889
340 835 255
37 169 78
453 242 251
217 501 96
877 334 104
199 211 44
288 177 38
346 27 987
265 723 727
15 165 119
523 295 493
520 135 53
876 889 821
661 543 193
409 537 495
165 411 504
217 199 723
592 201 871
163 210 883
515 971 361
49 735 238
247 737 609
1 9 165
777 313 963
295 788 269
62 129 460
49 901 416
187 393 893
283 193 145
287 889 698
266 76 521
17 683 872
637 729 69
538 61 113
163 227 421
952 106 649
585 143 576
781 865 247
241 303 519
769 697 412
952 862 425
657 541 372
475 262 895
968 317 758
29 319 805
761 209 458
43 327 495
532 333 754
973 946 295
520 254 951
859 193 953
865 83 108
480 776 453
437 713 610
898 1 181
412 289 3
653 563 463
457 283 203
721 46 416
653 619 599
262 117 731
457 233 340
145 295 850
154 490 762
139 280 844
142 181 217
829 23 517
704 232 23
313 513 800
343 577 560
423 371 589
673 520 324
973 73 906
179 801 546
191 337 732
771 94 564
737 773 260
319 631 985
24 492 689
52 237 488
938 405 222
857 145 547
796 971 736
50 757 935
952 418 767
620 57 300
217 493 170
756 437 2
192 480 150
786 750 362
433 948 488
721 817 123
573 71 765
501 888 937
303 920 417
425 220 627
853 285 625
115 140 509
736 865 436
6 676 774
141 523 353
866 905 494
196 796 961
721 355 831
201 112 95
569 203 109
57 965 848
177 311 193
441 849 274
661 117 763
213 338 361
549 81 103
433 545 564
492 482 729
460 538 272
367 133 977
13 93 25
499 95 394
754 653 236
841 623 895
838 409 770
449 454 860
581 892 116
625 834 264
238 253 99
561 412 181
70 105 398
273 379 192
961 581 488
428 247 12
607 165 356
745 445 616
700 817 347
721 497 967
329 119 130
513 161 697
82 215 953
456 364 436
41 293 366
301 811 522
223 485 463
488 201 185
357 460 577
847 83 651
329 169 412
401 964 473
65 289 879
229 281 524
523 206 603
385 880 14
903 680 265
460 664 276
15 252 799
297 159 526
461 97 64
103 321 976
67 905 119
509 217 169
237 793 748
482 768 838
319 853 539
15 705 656
268 145 738
180 255 418
937 329 423
505 913 304
670 433 374
677 24 341
820 393 468
361 632 810
85 575 693
185 695 584
61 863 978
83 454 53
54 721 183
145 73 842
316 623 888
325 499 663
601 199 159
237 83 25
104 481 409
424 31 688
147 194 925
187 335 392
642 263 742
685 384 93
800 503 379
471 479 372
181 493 738
625 643 406
124 158 205
331 652 603
57 628 916
655 85 278
925 211 323
46 439 206
773 163 755
16 46 235
117 357 750
226 897 842
760 553 660
307 617 419
169 754 515
979 527 568
586 315 501
157 460 574
797 399 808
838 859 42
217 163 145
484 465 89
486 637 993
892 779 83
955 862 880
226 101 349
719 553 664
571 244 147
227 228 135
521 582 203
298 677 388
556 770 719
944 191 404
817 481 802
334 691 287
794 673 180
489 681 788
295 937 618
647 781 135
49 426 162
565 173 47
920 685 898
133 146 97
394 11 930
829 869 582
279 515 355
505 614 801
305 391 821
403 205 242
473 439 362
163 697 861
375 427 271
25 197 369
604 138 445
619 49 545
882 553 459
744 185 989
493 497 338
797 433 712
904 865 103
175 1 545
454 902 403
949 349 699
638 329 442
167 34 94
507 138 675
13 232 296
313 43 919
765 675 355
871 43 327
209 961 476
57 357 624
810 923 534
817 785 836
793 409 36
892 397 996
221 157 318
35 583 619
397 623 798
158 685 846
361 343 946
260 405 437
289 645 533
709 165 209
155 291 776
121 205 333
571 343 259
925 784 67
21 939 234
523 61 400
520 415 80
670 745 477
550 719 572
658 866 146
88 708 203
151 77 120
553 656 317
625 599 746
331 540 311
239 449 826
698 423 850
333 914 960
185 57 932
968 216 85
736 982 984
167 153 999
574 916 968
180 490 83
350 305 981
291 979 119
405 586 39
67 339 299
472 477 886
147 382 224
490 891 795
840 697 189
553 353 612
215 271 262
437 614 862
7 124 982
814 865 650
141 659 689
85 73 560
259 83 141
196 949 845
487 568 792
790 544 71
141 245 491
805 293 114
469 309 145
177 204 197
115 150 564
292 37 535
977 49 976
693 301 370
697 464 198
329 188 694
207 361 741
907 113 76
57 383 894
301 603 717
313 346 666
14 98 334
31 35 997
496 435 870
403 355 556
157 678 402
220 667 201
336 416 157
239 305 645
313 696 360
911 657 432
801 201 800
181 729 763
626 337 725
83 109 626
115 445 26
566 856 607
220 193 754
337 419 446
715 832 57
31 67 407
469 855 595
325 115 451
793 745 704
769 169 745
493 855 938
400 382 768
68 490 494
229 246 825
121 97 325
832 487 787
113 435 704
313 411 979
123 470 777
630 185 910
741 373 234
90 437 672
321 663 886
434 850 893
420 803 720
736 441 805
585 243 42
242 413 801
433 169 778
672 124 587
683 397 931
601 44 117
397 271 808
165 19 763
73 564 988
619 883 36
563 643 247
613 905 475
731 220 933
323 291 461
232 622 684
745 457 538
981 581 64
33 331 759
313 613 745
745 145 419
116 853 459
889 281 774
901 214 149
238 485 684
707 361 742
660 548 166
529 25 847
468 584 216
922 361 565
119 959 568
247 4 642
71 96 966
39 429 476
265 648 631
709 350 211
771 709 532
220 150 313
178 381 457
95 460 914
493 556 338
97 787 786
548 682 465
631 46 319
229 283 695
358 715 415
766 43 227
151 166 830
184 189 538
307 97 458
275 801 290
509 826 337
659 764 98
142 289 5
198 460 527
313 961 292
241 694 312
484 271 884
301 963 47
445 285 107
178 833 239
865 761 535
979 476 184
385 148 296
46 244 262
232 629 515
658 217 620
231 689 256
613 622 377
769 541 788
130 930 142
222 253 100
121 553 316
120 115 444
39 957 95
160 666 438
967 1 822
282 498 29
30 557 35
161 21 530
117 237 829
563 595 112
73 289 637
409 605 695
485 672 842
553 799 272
617 977 372
187 282 405
335 491 302
1 141 141
165 38 993
729 744 947
481 596 198
745 610 674
283 496 357
493 427 85
385 655 733
897 858 291
562 569 621
913 302 603
617 605 305
291 595 55
5 6 329
873 787 152
321 828 590
145 53 541
529 697 444
589 239 301
685 901 17
505 925 545
841 557 829
502 797 204
562 475 404
100 688 299
152 343 232
67 185 773
715 469 39
451 953 347
687 449 291
351 331 788
823 442 996
239 745 730
193 881 601
845 449 828
677 419 957
227 525 641
412 82 359
337 361 444
937 942 324
65 283 215
769 937 644
727 772 471
656 109 906
935 453 594
709 313 828
112 181 887
8 196 955
361 970 934
480 551 186
401 321 136
97 653 846
255 727 511
225 623 209
205 921 302
219 592 161
217 19 572
192 301 663
66 326 56
764 281 481
877 737 102
103 222 924
851 761 775
529 883 646
217 28 150
463 781 622
478 817 744
293 243 786
513 4 877
246 601 118
813 925 839
441 517 887
187 245 984
49 689 856
268 216 610
777 283 176
965 171 666
317 861 106
629 937 155
247 892 116
251 13 765
14 730 152
660 824 702
233 436 282
529 113 260
511 25 431
465 756 306
97 702 907
639 292 768
87 684 674
370 77 561
447 632 368
375 961 189
209 25 565
348 57 731
46 484 407
790 809 183
18 511 965
937 755 219
557 616 361
917 781 605
141 181 219
217 637 768
205 681 180
573 518 572
809 786 578
382 337 305
433 19 518
429 248 312
67 265 285
441 73 835
127 632 681
64 180 453
691 505 327
121 561 288
427 847 704
75 499 905
165 25 407
121 571 729
325 529 351
571 85 1
439 39 166
353 769 836
413 121 305
193 297 39
55 69 166
690 500 51
403 457 343
481 417 889
179 283 695
853 81 309
700 816 764
745 289 827
15 841 900
457 239 758
14 910 868
569 145 238
37 208 291
403 376 368
649 1 742
496 353 357
766 805 147
484 539 839
757 892 167
339 465 701
150 878 854
265 755 717
71 200 898
403 640 338
25 721 706
200 739 115
809 838 111
779 938 671
129 1 195
839 235 961
857 527 305
473 109 867
409 237 334
642 919 163
833 366 422
713 254 612
653 947 33
721 47 602
914 898 484
345 893 328
39 234 60
973 376 371
505 208 520
895 212 519
820 538 628
965 889 145
1 20 61
640 721 405
522 1 126
94 955 110
157 183 996
78 875 493
963 124 34
7 52 340
36 243 55
409 473 235
961 241 553
698 853 39
159 9 712
440 599 455
241 649 976
763 409 546
936 319 786
331 365 669
302 344 334
420 937 524
465 573 520
641 897 977
139 268 356
845 460 215
836 649 415
961 875 673
377 944 252
601 244 196
637 337 613
766 793 234
190 327 382
865 143 511
926 712 97
319 93 843
469 949 314
937 241 622
943 277 496
817 113 93
949 969 320
545 793 44
815 693 772
61 442 52
554 430 829
905 457 108
22 612 582
7 66 315
841 497 876
49 313 733
827 957 573
225 673 221
509 629 86
568 931 624
606 868 418
44 68 888
49 657 197
783 553 799
870 550 859
229 199 209
89 627 683
757 157 856
427 550 532
793 621 486
164 779 499
928 717 875
97 889 879
865 80 836
519 267 461
346 461 379
273 181 902
37 74 49
343 195 326
76 847 241
304 129 56
637 707 27
421 185 70
389 294 960
391 970 58
37 175 491
171 555 423
513 617 195
433 183 895
23 170 81
69 285 166
945 544 984
683 593 804
364 901 532
163 507 246
937 385 535
307 685 522
955 790 65
293 1 221
4 466 5
161 353 564
367 781 655
659 505 83
269 508 174
577 223 839
61 88 335
361 199 970
226 476 418
539 937 354
848 841 186
283 1 817
313 893 880
559 467 315
235 185 179
529 827 472
562 833 264
884 936 383
969 425 506
114 161 298
19 296 137
52 270 390
418 911 588
477 64 807
433 514 156
706 577 273
253 430 378
739 923 348
455 951 134
769 105 518
423 526 150
553 615 387
423 90 327
943 315 906
229 290 405
57 472 395
274 892 879
949 85 818
373 901 68
569 973 902
847 833 806
161 589 900
145 802 615
682 187 719
157 217 437
322 674 366
709 93 307
473 934 883
433 25 721
457 577 705
876 472 165
88 801 338
913 355 293
1 916 102
575 370 862
397 757 897
721 199 724
638 169 323
209 313 174
769 903 507
854 733 840
881 405 367
243 709 154
336 345 358
862 571 539
105 511 659
289 152 681
729 861 850
614 768 991
221 263 62
877 718 546
530 169 974
851 405 643
753 644 494
91 667 724
424 353 112
225 890 923
961 458 432
156 89 993
181 981 810
913 892 62
18 242 79
841 742 552
35 316 539
833 36 932
781 951 479
793 275 806
481 498 982
12 355 300
803 769 362
13 338 952
115 880 881
89 360 427
606 415 995
865 426 550
237 190 969
336 709 388
689 814 832
739 771 709
688 592 22
265 441 43
394 333 224
817 821 63
395 55 560
372 349 59
577 241 994
647 837 186
241 161 233
907 354 876
745 292 143
673 175 599
21 176 416
447 2 51
492 361 466
151 482 34
69 913 51
400 611 850
289 709 378
709 86 101
533 89 263
321 729 533
144 634 702
309 406 23
625 127 784
893 777 202
945 961 735
466 517 590
917 683 711
25 801 652
511 727 338
103 328 995
77 65 638
166 485 98
785 709 362
94 769 691
862 781 689
471 232 214
251 473 167
757 55 952
973 469 473
418 972 370
423 235 533
125 373 270
874 493 518
252 247 481
418 395 735
910 299 259
724 814 180
385 565 378
801 187 60
736 971 212
901 855 598
136 423 97
935 677 563
533 441 979
419 943 687
649 586 2
481 729 324
7 471 310
896 77 729
181 384 142
30 247 999
306 286 328
607 933 584
708 133 751
465 395 942
556 561 284
331 933 46
115 841 302
73 151 685
237 946 255
49 329 383
99 569 6
472 769 45
195 640 930
763 6 591
658 361 178
380 282 657
337 647 155
225 953 391
550 661 376
43 295 193
210 697 385
81 790 502
585 977 702
973 785 70
124 217 696
634 949 217
581 313 195
661 235 908
70 397 524
973 881 828
457 175 698
913 544 541
153 158 777
708 809 902
169 709 129
715 88 835
974 527 480
769 97 975
281 719 547
167 212 125
649 82 612
373 761 668
645 937 918
721 581 526
527 534 286
259 463 767
463 75 998
217 552 914
429 390 933
977 513 302
824 619 235
307 379 853
9 786 646
121 949 143
304 787 88
747 889 253
268 198 329
185 971 159
400 859 680
521 169 38
121 259 831
12 97 466
244 97 192
213 829 597
60 110 694
234 603 788
114 349 889
227 134 319
329 461 695
318 406 473
80 122 203
185 848 974
949 772 817
577 472 188
469 473 772
697 745 231
289 439 824
519 7 834
32 8 830
821 270 91
604 181 85
465 425 689
322 275 880
630 169 519
841 206 802
649 545 348
481 433 24
457 888 52
720 233 314
319 905 451
947 91 890
452 446 670
493 792 607
116 635 759
755 801 529
265 198 706
55 209 711
1 91 596
697 127 219
969 861 77
670 696 128
617 519 194
267 541 558
179 196 621
703 241 949
497 502 963
242 129 764
361 388 820
937 673 815
426 928 234
585 369 593
468 373 681
880 319 382
123 657 484
798 504 763
720 942 79
891 692 444
181 709 601
607 913 313
210 560 309
325 775 370
321 371 189
821 121 785
568 933 169
185 856 12
748 760 478
197 293 643
257 264 314
275 228 740
618 73 837
670 399 840
945 151 199
218 609 758
244 574 450
979 292 927
973 525 364
37 441 366
325 682 166
250 655 623
823 821 359
493 296 308
809 340 67
745 345 237
575 643 83
235 275 879
249 610 775
457 969 872
429 587 826
103 447 941
429 637 39
153 676 789
645 705 776
305 790 495
646 530 627
11 529 859
577 607 304
772 595 987
581 361 52
273 745 499
873 859 773
562 763 976
197 33 177
835 741 2
13 769 183
210 818 347
195 751 207
249 417 662
247 774 406
389 570 708
841 104 127
804 586 606
404 153 321
159 697 134
451 272 90
562 721 744
250 480 602
45 349 911
606 843 806
803 254 722
741 648 459
276 719 444
460 501 459
307 805 314
137 77 108
884 220 971
403 92 171
457 118 137
817 189 251
329 385 254
472 109 565
505 729 97
366 769 342
723 219 896
841 48 438
538 169 489
81 427 930
277 553 436
163 904 90
60 300 141
384 199 857
374 425 896
889 541 334
443 307 505
903 521 586
369 479 905
457 525 715
473 975 126
5 385 448
235 226 95
63 808 979
85 785 361
59 164 84
107 664 888
129 414 311
257 457 787
91 569 869
81 141 359
463 577 387
457 760 175
461 196 593
976 425 317
423 737 757
737 681 463
1 856 183
116 932 256
13 101 598
233 379 614
847 385 749
551 899 350
492 630 376
762 857 776
625 137 732
971 73 132
89 350 428
73 847 641
435 865 439
381 741 17
44 379 10
687 58 428
111 480 739
191 139 328
481 425 849
45 59 370
913 694 213
100 538 985
85 349 704
138 280 133
431 257 527
682 412 503
183 965 997
937 409 60
1 10 318
877 289 458
67 291 25
1 801 658
528 796 368
691 839 94
242 248 794
726 83 222
406 76 355
689 43 193
130 231 3
591 289 9
662 961 954
517 763 901
49 825 209
282 645 867
725 579 572
622 829 643
817 868 701
969 611 726
9 74 499
617 704 789
325 497 131
146 348 859
329 133 765
107 594 232
554 391 401
130 147 310
1 82 458
55 70 525
589 365 876
661 545 410
266 270 820
465 95 745
819 199 421
437 263 773
1 777 873
883 505 731
762 846 316
578 529 690
265 69 870
789 127 850
793 83 562
244 613 315
173 907 351
13 706 966
782 665 632
133 327 567
954 21 82
425 657 740
469 637 169
577 751 126
470 493 658
551 619 939
439 157 692
296 388 469
99 25 63
19 650 905
385 235 822
686 31 308
188 593 943
82 138 833
615 379 58
59 856 375
172 1 901
865 161 24
400 785 656
427 967 930
700 599 582
757 697 766
323 528 612
957 534 923
817 373 822
656 67 990
583 382 302
721 499 199
586 840 658
757 15 375
844 81 809
361 381 655
521 317 473
481 577 46
907 643 450
361 537 766
399 459 52
297 963 519
601 382 560
328 217 374
38 97 839
46 921 61
365 808 44
23 132 149
394 493 169
97 869 112
42 793 734
361 73 636
51 537 769
745 85 924
697 857 95
885 361 283
903 915 284
10 80 83
177 136 285
468 708 363
501 387 143
17 346 60
136 386 127
345 500 197
841 882 516
106 1 454
729 772 7
134 144 579
667 745 657
55 689 79
10 28 239
11 78 816
463 97 424
341 440 551
625 277 916
1 59 278
823 247 229
823 685 540
957 227 799
361 529 883
707 797 232
168 501 331
492 621 249
120 782 405
631 775 36
27 695 853
194 322 759
429 109 16
554 880 674
265 445 844
100 889 95
464 113 977
361 375 175
226 740 291
595 937 597
81 369 876
814 612 471
7 329 813
796 791 652
349 673 317
645 349 950
437 416 139
329 701 885
849 903 474
397 853 421
147 265 339
41 469 98
220 487 416
90 595 776
629 364 963
575 737 476
333 913 595
109 916 130
355 259 739
667 169 105
197 445 426
121 101 722
65 870 2
940 968 326
637 373 346
465 733 355
299 605 494
701 788 960
268 871 269
670 57 664
130 73 693
251 605 931
201 505 836
78 99 977
205 232 340
765 705 322
288 722 377
24 32 74
607 820 308
56 380 394
871 343 975
205 607 600
9 619 470
492 601 601
967 372 556
745 389 431
3 914 730
929 619 121
880 277 398
121 613 772
787 729 866
430 667 961
279 340 972
769 875 254
220 438 344
1 702 131
541 809 520
949 37 834
535 214 759
535 1 951
540 235 269
403 437 761
226 937 58
858 683 1000
753 487 706
934 794 394
781 785 208
335 757 755
271 423 799
559 721 159
21 199 448
931 261 430
926 796 579
88 509 420
539 895 808
753 905 74
281 516 995
486 803 549
352 253 25
593 625 435
280 589 439
650 241 968
257 13 524
881 711 631
201 595 851
209 958 463
701 565 631
949 771 164
207 974 816
841 193 526
175 395 645
500 872 296
141 785 542
9 397 27
577 861 961
178 203 335
657 328 149
29 848 987
577 121 868
780 931 843
221 361 156
182 628 740
101 709 203
839 43 309
401 97 582
763 210 250
188 57 503
528 637 326
859 89 563
193 8 891
31 529 811
405 181 776
189 443 894
780 290 439
772 709 807
177 493 87
241 735 399
230 494 589
505 511 398
505 627 72
315 35 545
27 621 751
555 697 442
118 79 382
85 754 183
580 433 425
119 395 755
583 718 122
721 295 856
38 675 929
61 160 54
973 664 635
475 738 550
379 559 759
602 561 998
414 717 8
747 229 309
1 506 364
537 405 982
540 400 319
10 14 621
199 727 626
323 677 835
468 793 157
590 115 971
121 460 809
345 385 89
805 697 455
650 616 485
797 247 275
658 945 961
11 929 157
205 784 47
193 52 735
945 688 719
128 481 749
286 445 817
25 979 328
259 592 578
709 809 203
582 667 552
226 552 299
885 57 782
495 387 338
893 473 615
223 250 563
643 949 40
926 188 158
592 731 117
279 957 941
138 152 956
151 661 172
463 505 59
346 173 329
713 305 623
601 840 248
256 775 911
952 168 611
393 161 24
68 63 20
421 466 508
542 329 574
73 259 416
209 583 379
784 929 694
300 473 613
581 139 327
309 641 95
670 295 604
193 343 513
681 340 345
101 115 75
676 505 991
401 265 79
245 646 347
169 687 312
430 637 516
289 354 908
961 643 316
555 187 45
292 742 393
481 915 67
107 469 417
272 576 161
737 226 303
208 795 979
329 512 482
1 217 377
800 229 984
161 463 281
1 445 550
329 787 220
925 435 399
499 1 942
416 556 642
361 953 354
137 193 891
592 471 423
493 505 397
622 405 274
312 909 230
724 407 164
276 602 756
820 553 893
873 361 960
615 552 163
745 1 327
337 181 75
624 37 950
245 510 953
169 73 594
715 613 613
200 161 557
759 229 735
113 625 637
171 715 719
927 241 305
787 723 965
355 617 502
77 173 526
66 17 492
169 41 164
1 754 885
885 693 652
705 338 620
30 798 243
163 223 297
488 631 353
97 237 72
127 223 111
157 665 343
393 813 295
39 354 917
84 784 870
211 853 290
141 300 469
133 837 277
757 365 346
800 925 579
180 792 301
288 334 145
292 177 264
310 534 425
82 259 462
205 638 59
407 709 844
379 925 171
364 507 433
535 937 551
314 593 79
923 754 553
268 196 333
261 208 767
856 877 511
603 247 529
107 685 67
473 811 166
318 446 746
903 879 824
889 619 305
709 891 703
604 541 529
199 320 859
531 484 325
207 341 415
129 849 629
631 712 208
776 217 269
425 241 790
530 269 332
477 37 246
37 685 821
110 628 859
130 139 816
337 342 140
743 276 849
401 468 381
497 509 198
385 697 852
424 916 47
411 470 59
759 169 521
436 713 287
4 1 94
235 924 176
350 805 476
299 451 260
525 589 376
949 745 559
889 566 128
634 874 443
529 743 792
495 763 282
841 13 435
63 229 923
587 586 686
181 642 6
493 343 843
118 728 553
36 748 416
1 290 381
885 496 730
192 824 746
274 668 620
510 955 383
1 457 986
325 967 852
242 949 685
879 625 35
217 654 508
520 37 799
153 769 462
84 644 376
310 532 897
437 69 136
973 409 760
25 45 113
247 961 124
377 313 143
456 877 641
804 878 857
133 289 471
369 910 158
625 571 57
755 106 336
781 873 492
963 808 789
945 681 857
121 354 506
773 592 321
159 935 148
151 553 691
401 451 959
680 449 58
496 543 783
397 589 843
663 494 539
677 845 561
517 964 454
929 732 540
701 980 567
921 531 393
59 401 408
388 577 736
145 31 581
547 151 217
123 195 315
415 728 939
481 913 5
341 931 424
325 31 518
969 901 84
475 621 647
844 272 263
237 55 754
204 589 995
938 575 426
555 297 273
832 598 998
808 763 474
221 281 257
565 889 277
903 109 598
436 946 528
505 901 467
168 729 735
436 873 341
399 373 788
565 691 679
713 657 732
444 361 622
77 765 637
169 125 551
4 921 376
317 385 358
315 393 81
283 81 286
568 896 902
445 926 819
763 63 895
310 429 311
401 932 250
916 693 12
397 771 82
493 601 46
955 213 399
245 316 795
733 647 160
596 8 144
161 877 252
93 221 368
964 72 327
405 385 138
201 577 333
905 588 288
799 697 20
247 838 881
814 317 92
114 286 684
537 841 911
757 329 688
965 137 97
366 832 811
529 901 859
430 525 595
517 537 886
808 225 611
921 265 866
395 963 631
385 727 775
847 778 425
107 466 548
323 329 521
903 763 383
535 334 528
373 192 169
155 192 705
362 277 181
817 616 629
82 332 760
77 324 110
133 511 815
625 529 1000
377 505 364
703 892 555
613 805 517
217 229 386
192 213 915
825 47 204
484 974 363
457 507 358
919 541 822
235 649 980
969 124 659
199 724 260
26 478 742
829 836 335
118 123 260
711 29 406
443 187 618
37 127 291
842 165 66
742 645 690
577 19 474
469 568 154
661 121 513
21 22 255
177 582 34
603 585 804
105 94 315
211 534 385
647 536 662
281 505 979
116 508 249
884 886 277
1 600 688
320 372 446
21 401 263
479 771 841
679 929 618
841 319 473
473 101 687
116 136 191
229 487 290
582 187 502
715 1 831
401 472 987
817 152 481
16 92 442
299 323 740
45 216 267
409 769 18
43 521 470
137 679 413
481 711 954
465 883 907
419 469 763
829 805 232
593 73 659
313 803 523
789 777 56
37 399 915
622 153 971
778 317 387
425 980 436
214 309 750
249 941 861
385 953 560
337 403 283
781 207 410
619 964 381
433 267 190
59 117 755
195 389 114
411 201 292
653 757 239
169 178 732
276 120 427
13 26 791
479 481 924
391 297 615
545 763 476
97 199 998
295 905 904
589 894 902
283 523 859
183 197 337
189 485 734
857 949 931
67 312 42
13 349 491
694 961 639
538 186 704
684 415 501
281 894 78
291 101 113
568 163 196
687 239 421
703 657 698
549 393 396
721 465 66
1 796 205
751 875 519
750 559 347
659 877 150
325 112 595
897 185 50
161 174 749
834 852 679
271 168 671
334 349 256
969 26 579
617 601 587
604 521 521
25 95 684
198 493 270
355 368 856
917 821 854
97 545 740
302 434 501
198 681 273
103 793 348
527 858 780
675 679 540
541 913 522
361 737 999
894 153 178
579 758 674
265 641 7
583 817 269
889 667 12
129 787 769
163 553 327
789 397 301
241 144 546
235 265 463
400 418 788
1 316 991
68 72 136
568 300 56
675 692 883
201 433 193
855 439 742
97 163 606
752 978 120
749 636 837
196 862 692
278 310 268
177 361 128
835 97 253
321 706 847
541 979 411
509 647 435
554 367 463
889 763 839
157 546 540
641 493 817
251 165 740
670 209 524
151 171 561
881 769 648
335 983 208
337 49 312
790 545 406
721 964 131
547 973 756
210 960 537
475 841 567
463 831 830
970 504 68
855 740 503
467 1 554
217 299 416
233 91 27
801 662 395
284 208 826
678 481 8
100 303 292
442 408 669
66 433 204
901 293 49
176 47 318
661 703 122
329 192 319
185 35 93
889 641 606
112 625 261
127 720 111
127 109 426
585 799 465
541 428 151
506 484 920
184 810 928
481 721 59
495 491 386
221 595 194
85 625 71
633 973 36
892 145 344
262 821 345
3 172 469
313 616 497
274 328 385
511 423 792
553 905 880
613 777 616
31 41 138
877 327 713
529 84 78
659 385 659
209 497 543
450 769 542
555 782 479
751 188 717
52 579 809
927 533 740
681 235 955
647 607 903
933 315 919
318 65 879
60 505 717
129 253 317
982 343 874
374 511 555
231 884 689
589 552 550
767 331 302
139 340 173
129 191 276
640 901 11
548 821 606
108 184 140
313 547 928
977 31 857
118 649 297
166 241 475
625 205 410
451 433 806
265 385 678
779 975 398
169 17 185
190 775 619
630 188 527
856 33 900
733 595 810
727 331 526
943 43 936
100 377 845
151 401 762
799 329 385
49 633 970
169 546 629
273 145 590
301 957 847
373 505 291
369 112 924
929 763 802
919 289 312
525 565 412
683 385 542
355 565 401
745 889 960
199 645 738
65 673 949
581 69 462
498 614 633
98 779 33
180 273 464
223 537 671
193 546 853
22 968 503
225 22 668
492 917 218
687 334 756
503 863 110
703 490 54
697 121 965
233 709 223
577 271 310
863 723 460
121 373 284
191 364 990
10 13 850
678 166 300
886 440 475
88 470 13
743 697 779
403 289 144
657 31 172
367 450 885
793 196 349
671 772 653
691 386 636
106 206 566
9 207 939
42 163 427
905 763 359
521 439 215
253 637 673
517 3 778
933 817 859
328 957 416
896 70 881
880 717 967
249 73 95
249 27 565
139 193 65
265 473 937
945 421 398
474 393 698
764 397 521
972 73 66
721 475 323
439 648 561
929 736 276
940 451 988
877 869 336
256 569 178
505 607 497
57 37 985
736 65 732
979 505 716
329 853 24
653 840 16
325 128 701
448 1 919
313 823 190
953 424 885
885 529 936
75 536 900
369 894 575
73 943 590
637 625 702
541 537 563
898 151 863
263 977 395
955 673 768
185 370 442
809 969 447
73 851 636
499 783 94
546 705 242
441 1 939
121 297 805
120 234 712
14 804 849
955 124 250
836 21 944
105 279 664
361 562 112
467 917 388
936 713 876
29 77 450
742 510 155
931 442 634
528 778 299
393 229 847
880 882 516
376 485 250
433 601 290
72 148 541
971 547 893
579 687 377
697 256 231
448 921 460
329 30 766
376 349 280
169 635 708
516 906 217
466 955 694
775 81 591
536 419 395
1 3 572
511 616 555
971 769 715
729 417 469
309 625 315
67 493 511
186 764 50
271 532 578
48 544 486
861 621 991
211 969 172
589 359 901
265 599 322
9 97 460
601 145 653
361 641 323
313 649 856
328 313 259
451 551 663
145 565 265
349 337 554
217 832 302
921 235 3
147 621 187
519 412 922
229 502 904
464 112 744
1 5 318
213 49 457
14 355 532
133 897 112
523 53 617
118 319 878
388 321 743
93 939 783
871 886 512
397 88 29
913 593 109
573 286 239
808 193 455
493 777 356
165 179 398
594 856 352
25 739 801
537 927 378
763 22 797
778 505 839
625 613 68
101 210 42
961 121 458
504 736 751
57 225 89
259 314 388
320 411 143
699 850 653
191 553 101
693 613 410
10 241 263
873 569 650
480 732 294
904 619 530
645 871 73
81 104 910
735 405 856
396 712 593
15 23 318
943 769 856
95 317 40
521 741 781
22 319 112
689 865 659
713 808 294
16 5 363
625 711 320
857 229 214
890 216 972
657 535 676
661 641 235
337 105 231
844 689 668
173 589 250
882 939 826
240 281 620
364 793 699
819 818 485
781 601 339
757 409 813
109 626 773
64 346 777
6 805 535
339 261 171
817 484 361
474 969 513
743 479 340
625 772 162
743 674 826
175 343 826
53 700 198
197 91 430
325 706 818
912 61 528
824 21 895
204 622 436
308 869 974
247 455 124
172 315 153
815 891 822
25 894 467
43 838 308
866 313 752
81 113 147
205 953 414
817 489 856
449 523 486
85 164 156
91 367 687
530 485 318
749 881 718
430 625 245
457 41 157
649 697 407
265 916 817
792 745 265
581 729 900
880 514 512
85 467 264
663 937 330
385 939 398
689 4 220
734 427 707
273 352 781
470 417 265
509 704 261
973 634 741
308 823 974
487 901 527
260 196 789
306 956 697
674 694 24
762 577 996
225 640 396
349 150 229
881 301 188
682 812 755
833 601 768
329 217 965
337 257 25
629 153 300
193 729 392
441 825 15
523 49 998
55 519 365
957 303 215
849 161 613
793 937 670
426 548 947
31 54 666
433 657 681
69 85 153
523 808 596
497 345 948
487 601 577
745 160 968
436 293 458
982 397 999
631 289 836
217 212 960
62 345 144
557 640 39
39 128 160
391 904 448
547 733 924
871 199 94
497 829 458
854 113 237
103 389 293
255 136 425
385 764 197
16 19 676
1 418 444
95 103 245
497 800 869
24 705 397
121 11 665
553 953 647
831 403 834
453 1 903
753 257 198
13 304 142
554 856 333
71 265 656
906 970 602
955 841 713
943 973 944
401 571 829
736 307 130
453 763 796
19 31 275
532 912 363
856 49 171
655 896 86
84 603 156
289 441 503
225 112 272
211 835 587
43 80 133
19 83 457
709 385 789
279 656 796
821 937 522
475 478 340
520 193 679
769 277 443
394 192 830
545 9 53
893 509 480
373 499 682
862 269 797
499 281 265
865 907 1
310 361 142
289 25 869
268 303 142
121 209 754
79 468 753
1 359 351
559 745 985
452 418 670
106 305 733
982 487 57
190 817 431
238 390 109
394 273 673
946 97 704
781 81 380
590 550 719
675 269 90
845 565 856
443 929 293
730 655 159
186 91 383
952 905 687
67 789 26
659 949 222
119 185 586
18 105 349
169 241 854
401 839 393
271 657 829
945 895 224
48 558 837
645 406 363
769 247 898
220 251 843
61 203 196
105 533 548
931 577 832
871 72 748
364 691 837
443 384 122
189 42 927
176 666 90
406 665 695
584 21 617
87 675 76
402 217 230
92 673 51
83 193 599
60 353 851
235 321 135
127 346 470
871 271 476
745 79 218
508 617 843
503 691 527
523 977 947
590 619 304
16 227 787
169 312 971
505 425 138
801 914 127
821 921 245
65 577 482
733 611 946
4 499 672
284 731 718
106 522 685
26 81 632
859 103 251
241 70 491
34 814 568
97 691 189
161 907 521
681 883 187
470 769 967
184 720 510
114 728 100
715 9 567
787 95 269
173 937 902
212 362 149
688 707 385
415 921 995
345 423 968
608 609 864
417 145 550
381 13 417
153 571 383
801 849 258
657 762 409
917 306 858
42 265 609
31 941 148
461 763 395
121 901 844
711 893 68
685 364 759
322 673 860
66 284 757
721 185 816
523 121 837
801 741 342
65 781 143
1 29 228
362 811 695
202 679 65
197 343 340
617 871 758
256 121 82
819 1 953
425 889 568
849 893 275
899 477 293
140 133 925
337 769 158
63 469 20
273 978 418
104 489 773
419 323 51
137 364 715
501 936 140
787 532 387
329 421 248
40 941 854
659 869 996
38 85 615
247 163 348
593 599 706
131 241 483
572 657 543
1 61 840
139 15 60
877 340 952
589 265 468
409 136 307
790 313 252
306 649 655
171 145 351
731 562 187
766 89 490
739 373 891
4 330 32
287 49 264
933 163 22
738 268 625
897 67 983
373 89 526
511 307 174
681 929 504
363 616 884
85 888 564
1 697 786
155 117 675
761 64 801
411 345 155
562 490 80
115 772 303
246 339 254
322 560 199
126 425 489
967 81 203
610 409 947
16 58 644
387 1 486
679 833 487
137 159 444
817 969 586
859 67 932
654 103 641
301 666 576
408 229 166
689 864 987
361 109 926
769 905 857
919 637 455
367 745 100
326 493 516
20 881 693
573 317 952
705 415 127
415 715 281
481 51 659
898 877 873
634 902 95
589 43 618
337 7 634
179 148 877
737 903 647
412 98 236
697 111 66
56 224 386
89 155 704
589 965 304
809 208 159
172 793 162
7 831 367
853 486 865
73 793 251
289 962 288
88 83 595
778 910 924
16 593 177
461 914 212
774 457 691
797 493 119
927 19 883
174 620 18
137 643 127
412 771 371
793 584 92
325 61 567
577 498 733
301 673 437
222 424 283
239 709 678
943 453 795
781 240 755
513 541 777
677 481 989
778 86 74
534 688 491
249 684 210
377 646 677
738 548 297
855 98 208
49 817 170
313 833 665
192 787 138
874 321 42
483 777 276
41 387 502
553 493 223
83 689 807
637 124 499
589 646 543
484 537 197
592 298 930
288 463 975
511 841 612
559 779 373
319 446 624
212 813 127
181 693 785
233 829 2
19 373 193
411 920 345
257 397 457
223 396 698
805 259 904
727 345 27
401 691 351
243 393 34
708 250 296
505 506 255
437 385 622
143 633 866
49 658 364
217 830 879
433 805 708
394 621 384
957 597 502
838 481 313
775 265 99
814 825 455
619 369 621
631 216 792
797 396 659
73 805 257
438 681 355
717 106 403
925 462 679
110 124 766
969 487 741
265 649 650
805 981 300
958 607 100
865 574 299
289 868 843
187 153 472
457 469 270
957 651 913
745 166 89
640 481 103
217 139 359
955 781 409
644 344 172
337 265 553
547 160 667
862 289 254
123 458 92
961 325 127
444 624 852
979 265 262
777 633 560
820 81 730
829 386 586
247 907 732
793 165 212
195 487 340
631 427 780
135 33 917
37 697 841
430 605 440
443 511 891
571 481 219
613 938 418
664 208 87
377 589 350
105 433 38
793 713 178
277 217 765
601 595 635
160 74 662
63 25 571
361 611 666
925 355 33
247 761 122
905 787 341
393 950 582
669 673 614
121 483 391
141 177 519
305 726 36
716 600 441
878 164 870
329 871 623
961 777 829
1 311 567
718 370 536
553 332 822
37 553 648
808 452 830
309 97 673
845 818 374
185 643 898
49 281 989
883 97 588
917 754 96
642 139 405
470 780 230
910 481 223
967 103 159
251 269 160
217 98 572
257 859 64
316 700 989
744 952 743
208 739 201
701 817 254
481 536 547
185 343 603
157 561 274
297 82 318
649 925 778
331 565 835
657 821 209
35 39 406
309 717 514
853 147 608
640 666 7
290 25 459
892 517 591
911 408 926
490 936 628
591 970 209
11 591 489
203 293 838
157 288 955
589 282 406
533 297 254
83 736 792
409 389 376
349 943 200
721 682 3
118 667 261
547 253 518
822 13 61
381 353 766
133 959 316
555 396 162
425 603 161
307 369 981
223 425 292
221 397 872
250 115 613
928 757 393
45 289 201
769 887 368
7 43 480
577 850 652
411 373 65
547 190 168
573 294 960
181 849 395
540 1 798
199 37 552
195 216 644
619 683 80
340 503 826
105 116 343
34 38 265
465 877 370
905 971 66
931 219 578
691 937 845
716 895 329
64 748 454
889 706 563
334 828 626
965 613 229
81 713 651
697 635 370
270 408 724
562 509 243
858 79 103
107 287 290
337 123 880
116 156 793
457 466 96
555 947 288
17 299 235
323 301 861
175 429 974
729 361 973
74 877 529
809 436 14
771 583 170
750 367 135
903 319 627
937 667 450
137 552 208
753 983 363
793 268 788
799 83 826
315 735 329
720 903 785
971 425 565
624 753 166
134 729 907
91 434 457
739 391 765
873 706 614
334 729 294
760 577 437
67 236 361
124 971 335
265 278 275
823 667 65
24 162 759
106 114 315
336 277 761
219 617 494
18 799 343
182 469 372
311 628 895
357 793 995
745 492 685
600 746 138
811 247 229
329 585 66
587 340 340
529 295 305
327 958 113
75 763 879
369 13 627
509 733 912
87 347 964
424 337 99
722 805 299
95 73 947
161 25 567
175 921 605
870 895 514
885 385 62
145 618 73
770 864 132
320 606 16
667 382 669
889 740 828
774 390 390
332 159 918
668 131 201
415 649 718
633 241 669
622 811 8
948 283 821
37 958 165
521 717 470
729 811 981
89 459 358
493 349 442
745 17 192
29 705 495
691 109 759
881 419 450
57 937 413
517 239 468
299 169 823
399 927 632
193 763 782
144 565 517
143 133 512
742 896 166
