140 7434 132
64 123 431
73 95 250
19 42 685
38 96 776
26 111 616
122 92 349
71 126 109
130 23 287
97 52 863
36 6 863
23 71 20
39 23 568
105 138 901
66 132 357
106 15 956
85 41 768
66 81 466
92 127 572
31 57 355
89 42 111
117 18 798
79 60 554
127 54 275
3 10 332
103 68 457
133 92 843
130 42 958
132 101 623
67 134 599
46 77 246
61 36 626
36 80 876
33 23 393
49 52 240
105 72 416
92 9 489
110 86 710
89 107 512
36 89 869
1 124 533
101 43 755
87 67 688
66 16 871
137 4 550
55 130 798
60 2 774
98 134 458
116 127 769
91 100 652
36 60 342
103 117 385
111 52 14
49 22 62
77 97 988
75 88 873
66 52 101
69 100 658
22 83 100
32 115 431
79 102 985
119 43 626
15 131 462
43 62 168
5 15 452
117 53 763
31 45 726
9 49 500
97 33 631
71 32 57
102 36 291
86 139 647
54 59 115
4 106 460
22 125 605
1 106 845
61 13 962
85 137 11
2 46 434
107 137 664
104 33 360
33 64 950
20 102 124
53 73 343
49 134 246
27 63 3
17 69 394
76 56 551
89 66 649
29 67 473
45 75 674
106 139 480
41 98 41
91 73 303
33 107 543
131 29 667
27 13 486
106 69 767
87 101 279
39 6 468
22 113 855
25 52 949
81 130 61
19 39 574
61 86 894
110 84 650
17 68 851
114 51 483
134 74 432
63 48 902
137 129 498
38 56 338
119 97 504
34 121 725
93 29 69
12 138 26
129 76 664
130 132 304
7 106 972
125 21 955
99 82 287
13 69 214
126 66 879
60 39 412
101 47 122
14 77 881
41 88 982
89 126 902
76 79 894
73 40 913
139 113 629
55 36 386
115 46 219
134 90 461
137 6 850
60 89 812
40 129 633
115 98 278
12 44 820
43 136 856
15 23 996
132 124 615
65 87 785
80 137 274
76 69 67
47 131 626
93 23 483
95 116 763
38 99 529
11 94 428
40 56 581
51 62 762
92 31 234
69 133 474
32 79 185
86 6 64
62 18 967
73 61 397
10 15 925
73 67 682
7 139 494
39 30 989
126 76 660
27 25 846
7 46 189
90 74 447
12 86 344
93 64 552
93 11 7
136 121 576
23 26 59
88 9 567
35 112 95
36 7 75
108 118 771
102 85 297
61 41 825
10 124 581
46 76 829
133 99 416
85 132 510
109 31 622
96 8 734
121 90 679
101 32 616
109 94 126
77 63 221
54 69 805
25 103 720
108 21 666
91 81 174
7 39 849
98 31 15
68 8 64
101 23 414
130 52 977
121 73 637
46 33 542
75 84 886
137 123 19
86 114 593
35 118 60
37 39 274
25 43 750
5 135 578
1 137 988
37 41 586
99 61 263
122 127 455
76 134 801
97 107 727
26 5 376
85 33 681
124 87 911
26 34 602
122 53 447
43 15 464
74 21 328
105 128 769
135 137 533
61 81 933
2 57 284
105 25 189
111 6 275
130 4 89
33 81 489
114 133 89
127 16 434
138 79 839
133 10 165
66 121 474
57 66 468
101 138 876
49 93 525
106 89 327
82 84 69
126 94 698
48 43 843
35 28 18
68 110 62
19 30 545
101 42 777
56 90 953
9 59 566
125 109 522
29 25 104
119 90 10
129 24 837
128 85 717
78 53 514
94 128 769
131 109 681
80 20 563
63 101 629
130 121 85
114 25 864
75 136 256
94 14 896
18 85 37
107 32 408
4 22 479
116 99 513
31 139 762
82 46 185
89 38 246
104 94 50
51 12 236
66 115 723
13 20 117
127 102 907
108 6 509
50 72 612
60 29 587
134 56 281
86 121 439
132 84 441
30 76 921
57 45 790
128 81 443
103 59 649
9 129 217
124 49 404
33 99 317
83 75 209
121 97 974
51 39 862
116 19 635
100 35 550
101 92 960
14 112 199
59 40 769
94 31 617
4 65 648
50 121 567
121 83 61
64 37 489
82 131 1
72 57 993
106 120 174
41 56 437
89 127 899
37 76 231
22 87 161
133 67 863
64 91 980
72 133 369
91 118 272
78 88 986
75 59 172
105 71 339
21 128 38
75 76 718
113 130 715
52 78 997
16 103 665
29 129 612
65 1 934
58 39 923
8 138 266
45 81 299
51 59 555
98 105 592
57 74 951
102 64 314
129 47 842
73 3 86
134 53 338
21 43 727
123 53 344
91 135 993
26 28 472
14 111 473
89 82 520
32 33 646
35 117 729
59 132 797
14 56 28
73 117 374
51 136 697
96 123 717
30 85 972
44 31 902
64 39 590
115 139 908
105 29 868
27 61 573
11 75 223
80 76 915
96 25 621
74 40 533
78 29 62
52 8 109
36 101 297
34 93 551
135 25 406
81 136 280
29 107 963
29 39 615
31 13 216
19 122 280
10 76 386
114 57 972
59 41 617
7 77 618
79 117 856
52 26 765
99 59 626
112 110 427
103 88 943
78 77 913
107 94 114
47 7 684
52 133 429
83 30 413
91 90 552
59 64 114
75 111 239
88 106 694
91 131 553
13 109 672
69 46 617
125 15 196
105 30 763
117 140 8
26 33 352
24 78 833
108 23 113
71 25 830
113 68 321
80 23 475
46 57 976
87 23 559
45 16 140
10 13 133
112 133 251
72 113 197
122 21 195
17 136 981
75 118 919
20 124 798
85 120 842
98 106 885
47 69 81
72 19 465
1 34 54
89 52 586
124 21 31
49 99 264
94 105 296
22 6 202
21 134 378
117 113 972
31 119 910
89 123 197
97 36 767
19 107 57
2 16 789
21 50 476
36 9 206
100 32 808
57 78 630
97 57 772
38 83 552
117 21 7
44 66 531
35 4 958
129 93 174
45 43 60
18 61 228
107 133 470
122 66 335
33 74 984
17 53 749
23 35 468
108 9 311
117 115 171
64 29 765
71 74 916
116 131 790
6 1 317
123 54 415
49 133 223
65 77 575
19 24 432
115 106 894
111 96 600
91 48 127
47 40 345
116 120 586
57 117 801
135 2 977
134 132 590
17 67 12
4 66 391
78 41 537
12 45 98
94 66 386
87 63 213
3 68 340
27 76 592
15 71 52
58 40 187
110 46 254
89 22 93
95 22 595
89 114 121
57 22 673
57 29 445
76 8 887
118 11 680
51 130 250
108 127 260
126 30 877
37 21 162
4 86 176
8 95 203
62 78 371
108 92 254
85 60 552
61 25 996
42 114 626
15 78 407
56 116 874
56 30 85
5 31 995
53 28 1
115 89 179
110 81 337
33 66 439
119 124 945
127 41 862
97 135 709
114 2 172
127 125 871
46 32 713
50 90 262
97 122 214
50 134 588
41 79 192
25 20 457
57 69 151
71 132 935
32 128 488
123 23 116
42 29 869
7 121 705
125 99 373
120 8 965
84 51 549
73 31 785
127 2 406
57 90 163
60 129 698
22 92 177
63 139 499
6 88 730
94 140 511
116 68 49
111 138 382
51 22 261
85 36 332
71 26 479
76 33 7
55 52 857
7 120 498
97 102 40
5 60 406
114 56 661
80 78 349
127 76 890
92 67 51
78 135 915
35 111 693
43 96 521
91 27 235
83 65 936
117 6 487
33 94 821
79 62 510
56 21 930
81 54 40
119 75 604
55 139 713
73 137 31
130 76 497
108 64 274
33 79 614
41 82 496
128 136 902
37 16 766
15 77 708
94 76 436
94 129 612
92 69 426
138 54 199
93 55 13
7 14 347
120 34 994
16 5 683
61 123 489
96 90 650
74 108 331
1 95 588
140 87 52
72 41 56
89 99 58
81 22 881
107 66 804
81 139 730
24 71 758
98 125 90
117 60 842
19 55 864
16 73 901
105 136 149
77 124 816
55 109 625
57 20 143
113 13 133
110 43 883
17 73 913
3 90 161
36 47 374
29 115 462
99 80 732
7 44 674
81 23 19
56 65 687
97 66 441
116 97 815
103 42 550
45 54 980
83 20 671
4 74 497
89 117 296
105 115 636
79 59 191
75 18 948
116 94 472
59 23 833
126 61 505
8 55 48
66 125 771
43 126 975
36 93 449
59 136 648
75 15 50
97 127 765
14 91 591
25 136 510
34 81 131
23 134 925
93 78 698
52 121 28
129 105 252
59 125 969
116 130 52
136 36 396
4 111 202
93 8 919
130 41 910
44 10 364
17 14 669
67 23 395
80 13 873
5 78 254
87 118 827
19 77 964
78 38 453
75 9 373
37 105 708
139 134 171
87 102 624
32 61 502
34 66 368
78 111 136
2 80 624
112 127 599
40 60 405
40 2 157
36 116 809
62 38 381
118 64 835
11 2 186
13 115 814
123 90 940
135 112 873
31 48 618
1 33 837
135 71 43
16 44 643
93 10 280
105 123 290
83 118 287
82 109 359
23 118 28
83 108 623
65 47 749
27 112 988
88 114 867
67 47 603
41 101 297
85 29 947
13 11 993
70 51 806
9 28 213
14 110 852
3 41 662
127 26 630
3 7 287
90 61 862
136 115 301
12 112 598
73 72 46
27 114 631
131 126 759
120 107 228
92 16 251
71 9 421
133 108 103
29 9 261
73 105 349
41 106 390
1 57 874
29 33 521
79 139 7
118 90 596
83 31 206
22 35 196
8 1 413
129 30 742
123 131 705
55 16 811
122 16 467
29 31 203
97 44 508
53 25 677
102 121 555
81 111 350
115 127 420
9 17 111
139 105 29
4 85 723
135 95 539
67 30 187
46 49 73
132 133 60
121 29 271
109 79 310
126 130 98
36 75 740
39 33 146
3 124 400
63 11 328
90 9 648
79 54 334
88 137 952
33 103 732
139 11 9
100 37 285
22 3 772
94 69 954
101 11 208
65 101 369
135 54 650
71 88 408
97 56 146
129 8 955
134 95 768
43 133 184
137 21 146
67 11 811
123 38 119
65 76 921
78 109 947
114 127 243
7 91 708
10 100 313
71 99 819
62 127 881
86 64 839
63 76 398
51 123 327
16 41 503
82 49 240
96 120 278
63 37 779
103 74 826
122 52 337
103 39 448
110 104 886
133 125 653
131 44 436
82 101 364
37 89 661
88 49 283
119 129 101
88 105 429
116 4 103
42 129 606
50 118 517
93 103 37
5 29 679
62 16 765
47 50 109
6 135 841
105 50 151
29 62 817
11 19 201
8 111 899
23 85 762
89 19 276
25 35 997
66 76 849
21 113 337
21 62 960
46 53 671
105 12 776
121 87 301
127 8 46
128 84 837
122 49 925
116 113 171
22 90 729
43 1 180
77 119 917
7 97 534
66 96 401
49 87 551
6 14 618
120 30 56
137 140 762
139 137 268
37 2 331
29 132 546
109 134 745
137 45 947
74 97 449
40 29 605
45 129 695
70 71 610
28 39 244
121 114 899
12 69 676
63 29 375
110 45 931
129 21 580
109 62 335
118 28 492
5 68 680
136 109 888
11 40 222
94 43 17
32 126 712
122 23 464
84 103 963
118 77 905
108 17 165
9 38 415
44 103 209
109 37 794
11 134 846
73 9 645
46 86 756
65 54 271
57 98 566
86 100 498
53 35 744
116 77 901
9 82 186
81 84 238
132 11 343
72 8 788
91 86 43
98 43 397
87 66 833
29 111 969
66 135 906
101 26 525
95 27 478
105 54 404
83 82 129
73 25 369
105 110 113
134 79 851
134 133 142
40 53 20
60 73 837
10 42 414
69 58 945
89 6 48
120 56 723
26 77 28
96 137 765
23 133 163
127 82 954
109 114 683
92 84 523
60 46 444
7 49 287
41 123 647
30 31 274
103 83 634
125 13 260
68 77 493
106 72 270
63 126 578
109 64 29
15 28 183
6 121 814
127 90 293
25 72 267
26 72 18
4 63 546
101 77 733
75 94 9
109 117 718
82 64 325
61 65 753
37 25 865
24 65 418
51 115 372
15 118 333
62 134 492
47 121 860
67 80 807
42 91 564
60 75 750
111 27 566
110 19 263
82 74 448
53 85 430
109 65 269
13 55 715
101 124 33
56 74 972
16 29 389
125 76 184
111 109 920
58 133 78
1 121 824
130 29 481
58 42 666
36 56 614
2 91 850
82 107 632
50 22 121
113 61 732
53 80 404
80 126 157
73 29 231
60 7 590
63 66 536
25 85 845
59 4 329
79 133 595
53 70 301
123 2 186
63 60 454
112 52 572
17 112 889
61 87 129
3 66 732
2 8 759
63 65 254
20 127 294
135 67 333
87 11 41
47 73 47
66 31 323
27 8 59
93 7 324
63 64 108
14 69 510
69 121 77
58 101 463
56 108 321
13 51 372
95 118 833
127 12 635
101 97 100
106 50 313
113 76 678
53 37 588
12 119 291
79 1 42
45 122 247
73 12 642
65 118 771
37 96 899
113 63 98
125 130 878
11 8 528
69 114 746
5 133 672
84 95 393
17 101 498
37 86 577
56 59 85
128 56 57
100 25 943
50 107 505
99 79 786
96 40 645
85 55 656
1 100 287
68 69 620
92 138 786
95 20 760
97 89 29
26 31 323
86 98 601
37 82 404
8 123 247
14 59 976
109 32 465
62 107 112
93 30 923
37 33 457
51 26 776
37 71 92
41 95 721
21 76 415
113 133 157
35 26 264
64 17 19
105 120 803
80 113 983
60 58 300
115 83 910
76 137 501
87 9 642
88 110 461
135 117 833
125 104 49
55 115 447
116 69 496
74 11 980
31 58 43
117 31 589
67 89 402
41 15 151
89 17 204
68 121 46
80 5 320
2 113 199
43 41 662
58 35 859
83 109 336
135 33 730
50 79 485
137 115 669
135 136 496
134 120 210
85 113 982
6 72 931
138 109 784
135 26 134
75 93 814
13 114 708
19 64 369
63 125 423
74 110 443
88 47 450
89 54 890
52 96 688
131 6 950
28 92 670
93 76 61
79 125 538
101 45 750
133 61 909
38 70 388
84 94 565
103 115 243
140 110 917
27 120 258
132 7 187
106 32 930
107 116 440
51 40 206
59 36 986
139 35 13
118 107 526
139 121 620
11 35 705
59 106 31
18 53 751
29 66 684
1 19 560
7 13 550
137 13 281
97 88 819
133 85 24
27 10 436
114 77 167
3 78 425
74 45 734
22 25 751
129 20 783
109 113 192
103 73 689
17 50 802
75 107 812
81 21 764
76 6 379
127 60 365
113 9 690
108 126 36
68 75 11
123 79 629
125 58 908
27 80 869
95 29 495
11 51 878
109 126 82
71 83 508
28 34 328
66 9 453
113 140 200
36 24 463
104 42 46
129 138 15
50 36 945
60 25 168
19 115 403
139 19 656
138 114 507
95 91 168
76 53 915
8 25 867
7 99 787
51 135 136
7 126 946
76 81 916
16 128 399
66 100 484
20 62 983
89 94 650
120 121 376
46 99 875
74 99 252
88 86 266
85 92 995
29 84 382
113 124 342
44 140 76
23 55 605
70 9 607
5 101 979
96 112 790
84 85 893
54 82 527
106 30 623
99 126 366
91 84 475
76 99 343
137 114 34
71 14 938
2 49 218
8 114 128
91 76 456
62 27 872
61 121 215
103 136 543
69 91 599
8 97 465
97 117 798
61 6 408
44 71 48
136 126 333
66 46 515
48 126 406
15 83 273
108 91 3
54 113 463
46 6 705
38 122 893
60 81 757
9 138 892
73 139 775
139 65 341
87 91 246
10 29 477
17 95 190
29 118 603
39 139 918
140 83 177
83 117 676
105 96 168
10 23 772
47 91 80
52 36 218
41 70 866
47 70 493
77 81 131
28 80 474
127 137 723
5 120 480
77 120 172
44 60 302
64 122 527
50 31 809
40 15 178
47 53 664
81 64 218
57 103 659
106 135 108
85 117 705
85 103 795
60 45 227
98 9 273
95 78 274
55 50 878
120 63 678
52 126 627
62 96 670
121 125 577
8 32 142
64 73 889
61 52 906
11 115 842
87 69 305
127 138 901
32 55 260
127 31 931
97 21 616
31 69 129
121 40 394
8 21 173
1 40 645
129 14 712
51 61 837
80 114 653
131 13 626
126 73 967
138 73 90
96 15 11
113 90 708
3 16 753
39 77 157
114 1 979
22 1 950
59 6 608
61 115 770
43 70 836
123 129 600
131 137 51
132 56 92
32 1 421
117 102 666
38 55 977
26 17 177
19 92 869
69 109 340
66 38 523
118 25 979
62 74 723
50 57 282
24 49 336
64 89 174
110 62 584
114 93 303
67 108 644
30 29 592
73 1 942
89 129 490
92 42 17
140 133 532
75 17 359
43 132 281
69 99 257
10 137 740
8 65 654
136 83 546
70 13 289
46 25 340
120 136 242
97 125 181
140 89 491
129 116 488
87 28 291
1 39 272
20 29 343
99 23 41
30 60 847
51 2 337
28 71 817
127 75 9
104 65 592
49 77 688
95 85 410
89 55 91
123 33 374
22 137 452
121 15 221
106 20 52
136 8 188
132 69 261
55 101 994
134 15 244
11 92 750
62 17 167
95 92 506
41 42 40
81 86 312
11 37 789
125 126 239
97 59 463
45 134 903
68 61 249
52 19 716
101 16 797
135 12 622
97 12 901
114 15 417
89 46 455
125 6 155
135 43 410
91 97 688
33 63 890
76 13 169
51 54 189
131 30 538
74 106 829
66 103 740
85 63 746
64 103 731
18 104 607
108 96 471
25 111 959
98 121 93
99 16 887
50 86 451
21 61 808
76 74 420
14 49 550
43 112 724
9 3 612
99 19 913
117 8 27
71 39 408
82 71 285
126 79 528
116 67 861
35 18 133
65 23 648
121 103 161
46 91 781
18 96 951
79 53 331
105 8 71
41 32 67
44 106 368
90 83 294
121 2 442
18 27 479
1 105 664
46 64 497
135 120 491
112 5 555
135 116 148
93 62 756
25 21 43
48 59 528
132 109 515
45 100 304
121 107 950
4 87 669
63 51 946
51 128 103
12 16 296
78 22 324
39 133 128
34 41 430
123 126 760
39 109 431
59 44 824
117 47 766
9 50 68
76 20 791
39 56 177
41 11 529
139 95 931
25 94 891
56 103 384
58 50 669
125 7 371
29 54 537
71 73 905
109 20 672
118 140 850
83 131 99
66 90 860
140 127 984
48 81 102
105 93 638
105 41 771
10 99 412
48 109 77
58 33 701
101 28 313
113 71 506
57 83 906
37 92 55
97 50 214
64 77 477
21 127 278
71 108 163
22 124 974
91 137 663
58 103 164
106 85 660
50 25 554
62 113 87
18 41 266
68 129 621
77 84 693
76 51 138
111 118 109
121 75 904
85 81 7
134 135 893
136 39 188
101 78 348
91 51 526
104 116 129
121 12 61
104 92 99
12 60 832
4 29 544
31 72 815
17 118 857
132 48 441
112 120 223
12 89 789
109 26 324
41 91 599
75 96 879
74 27 976
95 77 621
26 119 145
140 92 904
84 105 4
42 76 970
81 44 585
128 77 747
117 94 105
48 78 421
132 97 51
37 121 679
9 124 970
112 123 891
105 18 292
23 14 440
29 36 916
137 26 319
24 50 351
18 15 833
11 116 241
67 63 194
79 7 92
73 35 768
108 79 206
38 115 256
138 55 227
8 58 809
96 45 526
54 115 645
84 133 998
60 19 744
42 45 782
99 44 273
36 65 181
16 136 209
50 49 676
77 12 711
23 6 556
27 56 904
3 6 506
15 19 362
113 20 498
49 59 426
32 38 798
62 83 213
127 61 865
108 123 250
79 91 477
61 80 934
21 101 817
128 43 896
4 113 495
61 49 615
16 129 726
40 86 809
93 45 328
62 9 920
5 121 850
78 16 978
25 68 227
40 17 935
14 3 905
35 51 834
89 121 654
66 22 495
58 132 206
36 106 456
129 86 797
11 69 275
11 29 530
66 30 612
11 106 562
85 38 420
106 125 351
31 113 671
69 111 970
79 57 989
132 78 613
72 22 913
84 137 345
40 131 20
6 47 690
100 11 273
64 115 208
89 20 461
32 125 691
21 2 49
113 98 286
107 4 780
128 46 772
12 99 599
93 137 533
19 128 518
113 74 598
110 29 570
5 23 582
108 115 567
119 46 626
53 50 679
8 23 517
87 3 466
42 127 357
107 111 581
110 80 394
120 94 478
135 89 213
99 138 862
115 17 393
34 84 749
112 121 202
113 94 679
74 112 25
101 70 313
48 36 15
6 129 76
49 121 294
77 71 235
125 107 724
86 53 524
82 61 218
43 121 672
24 140 733
111 126 698
48 93 619
90 130 125
133 28 133
26 97 29
87 46 586
126 31 679
114 135 126
85 104 66
13 136 518
73 122 489
73 52 663
84 61 174
71 22 156
89 7 327
45 66 966
23 70 603
137 78 505
53 107 426
103 43 82
30 64 452
119 35 53
9 7 454
34 21 120
17 87 572
7 114 200
1 37 849
117 90 343
1 23 929
95 5 294
2 55 338
91 17 755
129 62 457
62 89 188
140 73 894
126 98 351
33 7 943
43 60 718
47 45 923
108 61 675
132 117 965
15 70 11
30 140 959
76 106 858
120 60 415
136 77 33
76 26 660
67 139 772
67 83 653
61 135 277
139 36 360
34 117 481
64 47 792
139 66 997
70 35 989
98 85 613
29 18 186
47 116 904
48 131 618
127 14 849
45 83 613
111 90 714
13 64 427
17 32 144
50 94 214
116 55 476
24 121 368
18 77 871
140 105 702
106 90 62
131 19 300
19 85 523
101 53 876
97 126 740
133 7 896
67 115 132
101 6 982
55 11 242
21 140 81
101 75 77
85 37 928
9 126 210
60 57 298
67 21 410
113 36 917
62 8 457
98 139 372
64 131 385
31 56 498
92 24 914
137 74 265
95 88 323
71 96 583
138 61 710
57 30 494
41 29 484
79 45 464
134 96 250
123 1 495
8 85 96
15 138 350
125 134 731
137 125 716
107 65 199
86 99 460
81 26 979
111 94 724
100 12 459
116 132 207
85 121 28
111 130 97
32 135 606
33 4 502
16 36 337
78 14 391
116 100 663
45 138 701
63 96 61
4 11 962
90 115 607
58 49 244
38 107 272
51 68 920
12 15 627
93 82 500
20 99 544
95 133 1000
79 86 641
74 89 856
66 72 808
73 76 632
106 112 208
22 77 588
42 123 873
101 4 985
48 15 516
91 127 529
75 128 535
116 50 277
121 96 590
21 15 83
75 91 671
134 8 122
12 74 366
9 13 602
95 89 221
47 79 200
120 75 812
21 107 672
24 124 471
85 26 26
8 99 730
47 122 317
69 3 548
13 38 118
123 73 406
8 29 683
43 68 512
86 25 313
9 134 764
61 75 199
88 121 979
51 77 540
29 133 170
46 63 775
53 34 663
10 117 825
3 85 567
41 69 56
26 49 745
48 95 793
125 12 61
30 65 255
4 131 481
56 75 478
41 112 646
63 108 615
116 51 957
42 31 688
84 97 212
35 1 16
3 99 381
15 120 736
97 31 489
131 89 767
96 98 845
81 99 801
66 17 85
8 83 107
91 32 937
92 45 706
29 80 280
53 5 454
102 49 124
68 7 389
23 139 730
52 59 925
86 92 311
18 120 861
98 101 726
20 21 168
136 56 476
113 51 917
4 105 186
33 43 27
96 16 799
26 53 390
129 67 15
80 59 80
9 45 171
82 95 227
137 111 1000
50 45 576
64 140 514
50 127 169
29 138 899
8 60 798
76 85 798
113 65 317
14 137 869
56 115 404
106 34 178
73 88 358
42 23 902
135 131 742
87 82 134
109 54 751
62 101 412
17 116 707
73 46 54
121 78 625
113 18 648
19 135 147
75 106 130
13 87 700
111 106 63
89 102 358
68 109 997
89 103 993
111 88 324
76 31 697
117 137 21
83 106 596
88 59 92
8 22 849
76 96 624
72 124 311
16 60 255
39 50 773
113 81 572
55 47 419
134 122 747
57 84 860
51 58 621
135 99 358
1 88 619
65 135 338
12 29 434
91 125 609
14 57 526
104 113 448
79 83 166
132 57 555
22 61 270
113 26 434
14 44 635
37 32 599
96 22 571
25 32 863
16 88 478
69 129 324
133 18 705
101 7 317
9 79 196
106 92 977
127 37 187
84 48 991
59 28 499
37 12 53
112 38 136
131 86 209
122 14 863
127 48 268
77 80 486
88 11 420
41 118 687
105 6 695
60 93 704
116 106 673
87 103 976
37 119 349
73 92 159
32 53 130
93 72 946
86 7 995
139 49 811
93 15 624
74 53 456
28 17 478
129 140 368
85 70 814
97 118 678
124 42 331
89 87 571
65 15 953
36 81 915
72 37 961
25 62 764
57 82 811
74 61 956
51 5 191
25 106 399
17 61 780
119 86 899
56 23 431
81 106 638
107 43 682
107 81 825
68 24 271
139 128 713
110 95 337
7 57 247
35 81 763
97 15 183
14 13 393
111 84 729
139 9 194
43 59 769
42 121 471
78 9 584
2 20 606
13 126 895
31 140 139
5 71 63
126 115 863
109 98 617
65 103 768
77 96 930
109 90 544
48 106 85
28 66 778
123 19 844
121 17 429
68 78 184
24 27 316
107 41 439
120 108 881
45 90 533
38 42 903
133 109 517
128 106 888
103 55 479
66 47 73
44 5 264
91 34 53
65 138 250
109 4 532
129 25 879
21 31 310
91 104 925
126 28 881
28 94 546
136 49 660
131 17 374
105 76 422
41 23 129
86 49 681
115 111 820
134 71 88
81 52 523
127 1 129
35 132 192
33 14 14
1 69 43
6 5 376
11 12 914
43 8 804
106 38 773
9 85 997
129 26 284
99 83 996
61 46 277
110 22 259
80 19 119
139 56 783
21 95 574
106 60 823
6 100 791
107 77 498
87 96 792
14 131 406
14 93 341
100 72 920
119 49 396
104 9 721
109 97 808
125 9 905
73 111 405
92 32 448
7 5 435
54 17 389
139 91 508
47 21 524
28 45 908
98 54 299
114 11 464
119 109 549
124 47 289
123 76 387
3 71 723
21 10 564
110 17 785
130 65 529
91 114 648
25 57 1
32 67 31
116 7 522
61 119 258
93 56 85
86 127 21
119 39 899
83 1 895
79 16 449
137 92 359
73 127 810
64 28 722
42 33 279
38 69 982
63 134 482
4 93 452
31 77 734
79 40 1
127 72 307
28 125 230
85 83 945
111 17 839
122 107 69
66 68 50
34 18 369
121 140 294
53 81 364
4 121 642
53 61 773
89 77 711
111 131 728
76 128 206
120 65 638
140 126 894
67 114 504
105 131 925
47 87 257
86 36 935
31 52 998
132 27 646
69 140 316
109 96 605
106 108 926
100 115 642
71 101 228
35 52 461
41 53 708
134 14 860
46 117 16
22 76 338
130 97 633
137 12 565
133 129 13
134 140 369
91 129 415
19 133 775
124 65 165
97 55 194
128 71 191
95 109 413
101 118 224
31 18 518
53 127 472
112 63 557
67 105 599
97 65 668
71 98 99
113 134 717
120 117 165
8 135 311
92 107 716
14 109 534
120 131 787
106 13 983
70 45 802
113 122 806
123 97 869
98 10 593
9 57 792
86 63 252
21 80 678
117 124 547
118 49 316
136 116 920
72 29 755
90 40 667
122 3 87
73 59 645
81 126 172
133 91 535
71 66 478
109 30 453
27 57 919
122 12 444
81 127 299
103 126 340
61 43 221
19 61 595
28 7 832
118 110 308
116 75 38
80 91 705
22 13 630
72 35 81
58 82 552
77 111 681
56 106 129
15 110 395
125 86 909
80 100 504
114 17 599
10 19 280
140 119 8
63 119 10
76 61 457
95 99 235
5 32 606
105 35 681
114 45 488
75 39 694
77 34 530
39 57 144
79 130 993
12 113 706
46 70 270
83 28 507
55 62 404
30 95 223
86 93 747
44 73 197
118 18 385
107 45 902
100 87 514
15 33 458
29 14 971
41 57 838
53 91 203
51 111 166
113 110 752
97 96 120
123 27 462
31 41 106
38 1 651
22 43 631
29 3 203
41 138 389
39 116 318
71 97 979
60 123 406
31 122 140
98 65 680
125 33 992
111 108 286
50 71 130
111 92 662
15 99 653
103 94 93
118 26 507
95 76 635
11 82 907
39 36 324
31 132 278
30 103 596
5 93 234
101 90 636
137 39 689
21 39 629
20 52 388
69 42 240
1 108 187
108 59 674
3 49 227
133 71 48
70 140 89
73 124 126
110 66 20
96 39 363
129 82 631
17 51 316
131 119 154
99 41 400
55 74 555
43 38 378
11 119 636
47 83 394
121 77 882
2 93 563
71 63 300
64 35 611
115 120 27
39 81 499
131 66 125
66 15 7
76 7 923
133 53 460
98 56 572
76 107 853
46 136 300
40 109 150
25 65 347
30 12 72
116 44 776
47 43 52
99 91 488
98 88 592
69 62 923
51 65 858
64 97 194
123 133 498
6 19 959
106 87 21
43 99 292
9 37 242
81 15 220
113 24 958
56 57 758
116 76 714
98 35 72
84 26 934
124 85 189
86 111 452
80 56 428
15 76 159
136 67 637
69 123 759
133 70 499
32 64 126
30 101 713
47 37 22
61 111 973
3 116 734
17 93 359
116 78 9
102 27 243
25 14 202
66 43 210
107 13 428
120 122 864
127 30 337
74 34 931
12 79 521
59 13 883
49 114 163
48 107 456
19 26 990
59 2 206
123 134 448
81 97 518
26 9 11
72 137 653
25 90 168
16 140 391
5 18 654
78 6 854
121 104 432
79 42 240
95 125 446
85 56 654
108 119 903
14 105 987
7 58 403
136 87 174
50 89 238
56 79 103
21 59 271
106 2 183
88 101 594
46 121 231
97 25 292
127 51 944
91 82 711
95 94 43
96 13 253
60 9 189
67 61 628
29 101 242
7 95 109
124 88 370
100 119 534
27 23 109
54 66 958
101 131 857
126 58 813
44 57 509
71 78 656
14 55 230
133 137 795
107 78 758
27 105 843
13 140 316
5 25 253
111 100 254
11 34 666
89 125 147
81 125 178
15 132 285
36 42 984
77 16 468
8 24 855
20 86 917
45 55 332
2 41 980
49 76 782
73 115 369
86 134 421
53 12 947
77 74 456
119 104 776
71 40 471
33 2 346
12 78 558
66 11 755
50 42 132
76 60 201
129 63 574
78 23 677
139 48 307
115 122 263
114 5 377
3 117 48
74 16 628
82 81 696
94 73 796
67 36 906
95 25 884
75 108 919
40 133 723
120 130 646
57 87 179
35 8 256
49 45 770
138 22 171
49 15 96
55 67 569
9 11 10
126 67 783
10 45 658
46 48 509
64 41 844
81 24 715
140 23 353
57 102 553
41 77 518
36 31 711
46 52 19
47 110 479
11 98 315
68 10 561
69 138 862
55 75 440
95 19 966
135 56 999
27 36 389
127 80 286
137 46 306
43 127 867
138 125 539
104 20 297
48 66 700
52 74 956
9 20 793
101 15 982
113 39 278
113 97 421
128 116 543
93 43 89
41 14 509
125 94 187
1 17 503
103 62 506
29 135 148
5 86 248
69 75 439
26 59 188
49 28 69
126 64 263
61 28 9
14 79 769
132 105 51
38 126 356
114 61 980
59 5 29
42 125 6
93 61 528
62 26 617
86 48 857
86 71 717
71 51 590
45 120 517
63 9 872
63 111 591
96 127 18
118 33 671
82 92 364
99 127 474
26 3 630
85 136 36
120 139 698
43 57 53
73 66 516
131 16 402
114 65 852
125 4 875
70 97 96
1 99 820
3 13 232
78 133 522
135 74 730
84 22 400
93 127 431
73 10 958
57 53 790
7 17 728
122 137 82
92 15 597
72 128 587
123 59 711
12 66 464
93 106 116
6 113 62
44 30 111
100 15 13
65 136 535
73 41 664
1 77 562
33 65 402
131 67 611
35 49 292
130 30 345
59 67 339
122 129 68
3 113 737
98 29 706
91 5 742
72 85 694
17 35 508
91 85 991
80 18 445
113 100 844
127 71 459
105 48 394
55 133 103
135 81 365
96 55 124
25 84 579
94 9 429
118 117 495
7 30 157
61 14 977
91 10 442
22 127 748
58 71 799
92 130 22
51 75 872
74 86 328
136 101 759
15 136 124
116 15 377
55 86 98
29 55 431
109 16 646
86 117 733
80 75 639
120 67 847
45 89 673
3 31 650
70 83 426
67 44 269
18 79 855
45 77 370
132 139 657
74 85 832
28 73 102
98 93 708
127 9 759
21 40 146
83 52 413
22 97 682
27 5 112
39 26 251
120 33 625
72 109 407
129 111 13
96 57 849
29 99 354
43 29 381
36 37 420
55 28 199
139 50 919
67 14 849
139 117 498
140 51 604
42 13 521
96 58 382
25 28 506
129 131 875
27 129 469
64 26 334
93 21 51
65 90 690
21 123 721
52 56 330
130 131 243
79 87 259
139 140 539
113 93 446
116 112 784
18 38 178
41 119 514
133 131 237
117 96 516
96 35 914
124 105 773
92 29 258
12 106 468
103 69 791
77 8 621
117 12 255
21 7 920
137 99 911
99 42 416
56 110 663
18 46 534
65 92 897
69 19 959
47 31 573
29 112 67
71 18 879
23 51 163
116 35 833
43 109 702
111 10 619
40 57 305
43 13 430
26 70 535
55 83 183
81 131 627
43 53 803
93 130 237
79 6 74
37 44 575
73 86 267
126 24 434
37 137 220
26 57 444
2 61 173
87 128 826
27 110 737
91 102 739
87 5 990
78 122 591
50 109 853
113 108 991
119 92 941
125 3 81
41 126 929
121 19 354
71 116 369
96 118 373
139 21 952
79 115 732
25 82 467
17 15 672
107 103 430
45 91 726
118 114 556
82 108 127
12 22 77
85 66 195
35 108 543
76 32 75
119 113 216
29 28 692
127 109 728
108 57 244
92 8 278
89 119 569
24 130 612
134 3 957
46 80 327
55 77 33
126 51 861
50 61 853
128 13 14
101 44 924
65 93 91
84 127 175
93 91 849
18 63 508
73 128 618
59 127 135
49 98 215
4 32 59
140 36 835
73 119 408
15 94 30
58 87 514
136 107 374
4 36 267
99 26 448
46 54 978
75 58 712
77 5 409
67 76 522
96 12 371
53 13 359
95 55 986
110 116 223
92 59 984
128 91 317
11 104 886
23 30 736
81 11 235
78 117 927
53 30 784
94 137 416
56 96 404
60 109 799
92 134 4
55 79 338
93 24 627
30 89 948
111 32 718
27 83 823
103 27 934
34 133 820
87 132 513
111 119 860
126 23 601
12 95 335
41 68 859
88 108 832
64 87 616
105 39 637
79 46 507
49 16 436
127 7 522
51 109 679
79 49 353
85 97 226
57 92 431
74 75 310
97 115 795
132 137 667
78 58 481
34 105 26
116 92 115
25 137 111
75 138 524
69 135 31
29 122 914
63 8 609
120 137 326
107 63 769
98 26 143
110 51 959
1 82 52
48 111 585
110 23 748
134 66 889
113 132 328
77 105 666
53 131 464
112 70 795
31 93 656
11 84 928
16 53 792
57 67 937
22 56 461
134 58 987
1 20 694
97 13 488
27 82 558
104 108 896
61 24 23
13 98 356
16 30 314
53 31 780
121 126 235
17 10 180
109 70 285
14 102 39
134 48 407
101 111 405
134 102 624
112 23 272
81 57 89
65 132 841
106 17 15
121 117 575
133 20 30
41 90 618
81 96 442
5 22 380
52 48 299
133 97 938
79 82 552
65 42 473
44 29 846
104 109 534
28 13 912
87 7 364
1 129 16
137 118 239
59 111 921
13 92 660
10 71 63
137 60 570
18 16 683
17 36 590
31 121 191
85 79 740
21 90 593
26 126 353
19 57 143
67 69 1
7 131 947
65 52 427
129 46 890
32 13 715
120 103 331
81 79 516
35 93 429
74 96 79
124 93 94
15 109 269
23 24 237
28 120 889
32 78 664
72 27 445
11 57 404
53 106 267
67 5 3
65 18 674
47 63 981
67 130 743
37 40 982
56 107 467
7 109 567
106 127 607
69 98 945
126 107 638
23 119 682
84 125 936
89 47 262
5 50 783
52 45 935
73 125 202
39 49 127
56 89 989
65 45 536
49 6 860
23 18 415
15 2 415
9 65 176
22 74 836
11 103 844
94 45 905
101 123 809
1 112 311
22 19 256
2 92 295
8 33 360
55 22 708
3 57 270
124 123 559
37 56 907
76 24 294
109 5 106
107 9 467
19 23 341
111 123 296
98 16 862
2 137 889
9 61 67
62 104 945
34 75 9
39 31 424
10 106 755
34 103 346
44 65 404
16 135 492
77 23 674
42 122 586
11 72 586
103 130 560
40 39 655
137 75 985
75 3 657
81 51 645
25 31 199
89 81 896
121 138 502
91 20 757
18 89 763
73 34 959
1 118 654
21 26 446
41 44 769
17 104 217
104 76 568
57 104 87
24 29 348
117 71 998
3 136 601
28 131 88
131 92 360
51 46 975
77 67 461
58 121 649
115 49 729
120 100 300
109 103 420
135 31 251
113 32 606
61 60 233
99 37 72
83 13 521
44 51 408
133 105 151
37 28 904
95 83 623
33 57 249
27 121 368
37 68 480
41 62 846
25 77 818
96 126 655
30 45 504
127 126 540
68 33 200
9 76 869
113 37 549
114 39 39
99 48 708
36 114 605
53 112 738
81 4 762
130 72 231
136 133 265
65 79 148
75 99 114
68 139 142
96 106 466
126 16 229
93 126 364
21 44 293
133 13 174
129 71 6
59 109 148
5 97 131
41 48 492
120 133 363
122 100 757
46 120 459
29 86 482
20 105 174
116 119 859
65 91 886
50 120 960
42 116 573
113 44 828
21 6 485
130 45 638
47 57 133
6 123 313
40 43 696
121 128 539
77 103 252
43 64 218
74 36 6
27 77 87
110 79 509
11 36 756
55 90 432
51 38 773
125 25 287
30 70 709
39 131 350
65 28 814
96 21 426
53 27 574
106 140 679
43 92 696
56 131 217
102 13 745
48 117 982
12 5 24
81 80 475
93 27 372
114 32 486
89 26 572
27 89 22
21 75 81
108 89 568
121 129 944
16 133 314
27 47 182
74 129 744
69 96 756
44 119 531
111 93 546
43 46 667
100 8 742
7 16 888
11 123 793
6 83 197
113 107 684
37 77 457
131 2 944
91 110 48
125 17 585
59 84 280
139 119 212
45 78 62
37 88 984
75 46 56
85 122 68
28 43 630
27 98 813
53 19 181
129 88 245
129 66 291
95 15 718
69 29 418
23 84 847
39 107 50
140 65 236
56 49 990
62 125 200
95 16 441
92 121 741
134 83 368
27 78 616
130 19 855
23 45 563
50 138 534
25 108 723
106 68 188
78 11 192
33 70 9
17 74 511
33 140 315
106 62 956
9 12 417
85 107 757
21 58 447
131 107 107
132 50 878
122 1 985
10 82 869
124 137 696
50 29 994
57 122 616
67 18 131
53 67 157
137 62 733
135 13 458
8 86 187
16 125 996
119 45 966
139 96 202
46 105 531
109 27 510
70 75 962
44 123 80
107 57 864
24 1 916
135 111 604
9 35 329
83 107 313
68 81 822
131 113 619
100 101 632
68 85 736
65 133 422
112 36 598
92 103 184
25 1 154
28 44 347
64 15 84
91 31 541
1 135 823
91 83 555
3 97 525
98 99 908
87 138 994
113 8 179
86 133 347
79 89 26
102 33 890
7 123 738
87 113 954
85 116 305
81 5 913
104 101 612
109 56 920
109 41 370
68 101 645
51 80 196
21 131 162
31 112 670
6 50 637
32 86 629
37 78 371
15 140 309
104 93 551
111 43 512
73 114 485
47 33 750
55 112 664
39 46 518
27 50 484
54 61 557
81 65 271
99 50 300
69 89 289
126 92 823
28 81 23
61 47 606
42 51 45
139 61 446
5 45 728
33 126 5
69 72 570
13 67 907
97 112 647
71 2 126
110 135 253
78 31 701
66 137 806
101 102 830
114 66 175
25 7 91
34 78 381
134 116 202
20 43 751
79 11 328
45 76 657
40 32 787
1 107 649
33 115 994
113 17 611
137 17 965
115 6 292
137 90 639
110 97 649
20 59 874
87 19 708
12 2 344
135 73 515
29 6 791
52 113 19
84 49 393
44 118 927
65 102 372
27 101 339
32 99 686
22 105 943
4 75 662
76 19 379
137 43 68
131 36 611
43 65 275
60 56 520
67 6 216
21 52 923
76 34 658
56 29 655
138 103 254
64 94 607
71 1 837
103 1 567
71 69 736
9 122 787
82 3 564
91 1 129
91 119 172
1 55 49
88 45 251
8 94 111
121 56 736
71 53 927
108 4 618
117 130 866
37 81 322
14 21 367
5 125 448
52 79 690
115 15 603
13 65 173
42 95 364
56 45 123
122 11 247
10 56 981
15 102 23
56 82 977
136 92 950
129 136 796
43 83 646
93 3 384
41 139 433
68 13 609
138 102 285
25 40 623
119 13 76
122 26 139
6 74 723
113 19 25
77 104 324
6 32 219
93 69 436
55 78 732
50 41 545
81 121 870
56 124 501
17 81 591
45 104 471
90 86 586
105 44 869
103 75 960
112 79 898
114 131 861
73 15 902
26 94 715
11 65 797
13 29 491
9 25 592
75 64 235
33 69 479
57 10 689
127 27 349
119 51 645
59 126 994
25 2 530
18 106 784
69 125 105
91 117 396
76 120 771
20 28 380
90 48 411
135 41 44
61 39 564
73 20 466
71 89 713
19 109 600
116 86 112
127 120 389
55 66 605
46 98 859
73 62 778
16 119 305
26 82 391
9 39 96
104 136 689
108 28 483
87 35 793
38 116 56
139 3 374
3 115 536
39 72 887
21 70 273
115 121 449
102 107 478
12 118 552
4 133 847
104 89 892
139 83 19
87 45 209
83 94 359
114 128 943
40 95 6
95 136 129
139 77 61
71 43 145
56 101 408
140 111 99
80 12 7
102 76 578
113 92 757
22 99 723
33 130 287
1 2 791
85 111 455
3 131 131
17 33 999
22 134 495
90 94 841
34 108 399
83 100 146
63 103 519
73 106 438
37 66 434
120 22 80
132 30 77
2 35 276
131 37 625
66 26 682
7 18 871
53 139 706
107 115 37
133 121 911
8 15 70
101 117 601
133 56 424
30 13 886
31 106 679
51 49 361
95 51 845
138 51 158
117 116 346
42 46 616
112 128 168
14 53 335
61 91 133
85 80 53
79 25 236
71 7 694
127 38 275
28 119 244
57 15 984
6 109 967
54 86 472
16 33 912
27 51 282
66 59 930
46 22 732
118 126 518
80 39 789
85 118 971
31 85 303
123 9 592
27 31 597
78 10 277
87 137 727
71 65 698
29 32 950
6 71 811
125 131 539
106 99 454
111 11 811
122 101 724
73 13 654
43 32 506
2 89 571
120 101 366
124 33 965
89 32 860
117 4 667
50 119 545
76 72 178
137 130 489
90 99 403
52 3 202
78 100 434
99 11 603
92 51 744
95 50 136
83 81 729
69 127 511
131 77 376
88 61 967
9 16 678
52 109 457
140 47 803
109 75 964
20 75 640
74 60 361
67 138 764
71 120 910
110 9 754
106 61 851
33 73 762
38 105 656
7 35 895
44 125 498
41 60 966
43 36 523
95 111 106
36 46 672
16 43 291
85 110 202
25 70 511
67 50 906
128 17 917
13 58 316
65 88 262
104 31 190
113 135 39
118 53 290
51 34 539
40 125 90
5 11 126
26 61 705
128 22 142
126 6 109
15 26 476
99 9 760
18 129 696
110 71 185
20 77 333
99 103 37
129 120 10
75 25 742
65 21 370
136 113 189
53 113 618
21 36 194
78 54 795
131 52 732
123 80 32
59 89 312
36 120 882
135 72 593
111 18 738
34 123 355
59 101 196
68 95 553
139 38 470
101 40 380
127 105 292
84 5 267
21 13 789
137 35 625
31 68 183
92 64 1000
48 49 499
85 112 390
134 42 342
87 129 736
37 8 936
133 68 296
140 41 527
43 34 829
90 79 650
31 101 352
9 15 213
122 106 837
60 52 528
39 69 730
11 24 905
16 46 700
31 84 873
80 97 639
53 136 120
40 127 928
59 45 477
125 31 229
78 50 313
117 119 941
25 18 229
75 13 912
68 53 535
113 91 223
16 15 262
100 81 16
109 102 99
125 114 449
80 131 208
86 1 172
6 8 35
122 111 241
22 37 557
140 135 351
65 117 625
99 115 703
1 64 672
32 127 937
110 107 777
86 65 396
107 106 487
86 87 770
139 40 552
62 65 913
97 41 416
60 1 540
33 134 591
28 117 699
120 35 506
70 120 450
64 25 749
45 48 288
97 45 364
23 60 558
46 113 705
49 12 593
125 123 898
65 66 692
67 71 829
28 5 431
126 53 384
106 43 359
118 133 94
36 118 908
57 138 913
15 88 539
133 11 309
100 121 857
29 123 730
13 127 782
76 86 452
50 88 945
104 137 512
104 127 511
94 97 395
43 51 640
134 137 106
126 91 934
59 82 787
21 87 679
63 6 754
22 45 473
112 129 391
62 95 182
51 96 360
8 87 119
14 96 647
106 37 97
46 118 794
45 113 617
97 43 739
18 26 104
1 61 800
24 99 885
1 133 965
28 107 651
75 78 514
79 105 580
15 98 670
77 13 271
139 8 135
122 50 205
109 42 535
64 10 840
19 71 778
85 134 681
53 109 501
121 14 932
95 49 41
14 16 772
136 100 107
51 7 920
5 83 311
46 125 283
12 134 533
85 61 994
81 112 353
42 112 429
85 93 110
27 38 733
96 83 200
84 8 283
104 29 597
48 69 410
7 59 882
99 31 717
117 108 999
26 47 663
125 92 26
85 42 726
112 101 205
73 19 706
128 66 854
103 137 555
13 71 230
88 63 724
36 20 615
17 43 538
74 81 343
54 13 620
2 111 978
134 104 35
24 45 857
64 8 760
113 99 421
31 59 397
74 66 874
25 104 875
78 84 141
38 109 352
93 87 751
75 95 781
21 63 526
64 66 716
137 44 580
29 106 70
3 121 715
128 104 852
29 109 454
36 23 421
39 108 271
21 94 758
112 75 816
56 5 704
75 29 510
9 119 212
39 118 646
108 29 516
45 17 509
95 3 873
61 96 799
19 105 316
35 83 331
25 107 736
126 15 246
102 41 813
117 19 485
36 128 864
24 56 519
140 76 758
68 117 173
10 126 783
33 101 133
86 41 805
113 89 337
136 11 471
58 65 269
137 110 588
50 83 41
104 27 318
49 113 495
133 33 682
123 49 229
46 23 991
120 91 811
68 42 589
127 3 383
45 115 588
121 35 799
35 92 419
41 40 104
135 96 8
107 132 157
57 55 414
85 64 166
93 79 920
85 114 394
89 111 978
3 24 59
109 137 262
37 103 981
24 134 358
111 47 558
136 31 651
117 55 726
97 72 646
58 15 353
139 54 636
36 121 655
59 87 248
105 16 254
69 131 176
41 84 192
133 45 484
33 75 35
113 105 269
99 128 906
69 81 465
11 7 409
107 42 125
62 123 612
140 62 916
11 30 198
41 71 794
94 65 106
21 86 90
101 109 209
32 48 662
126 4 322
127 101 434
127 107 856
103 8 702
85 140 177
28 11 170
122 58 60
101 13 913
134 106 903
67 128 428
42 61 451
50 112 828
130 1 130
64 133 115
38 21 409
132 118 516
31 74 522
51 112 146
105 57 979
23 115 969
52 71 223
86 18 219
115 75 179
127 24 297
8 137 912
41 65 773
70 135 746
127 95 617
52 1 746
12 131 299
116 137 841
31 111 68
81 123 962
72 21 641
80 71 747
110 87 826
71 104 433
117 107 470
91 109 99
96 24 558
37 10 947
1 97 559
61 104 665
17 2 198
92 87 497
110 109 37
139 69 215
5 65 461
80 35 369
35 135 270
125 18 510
29 61 998
19 35 288
71 31 517
23 13 943
61 45 608
61 48 434
126 36 36
21 121 861
78 73 392
13 84 579
137 121 779
35 48 99
110 49 277
132 20 150
139 43 340
111 19 756
49 129 808
91 121 479
85 59 316
136 108 751
8 26 608
17 124 45
17 117 723
78 25 185
21 119 427
6 41 963
83 19 642
68 71 37
79 24 164
126 85 520
129 109 738
78 17 230
106 64 796
33 52 36
42 63 809
63 132 604
3 138 597
43 125 819
48 11 32
36 51 810
59 91 565
133 50 518
1 109 48
15 46 677
24 51 457
88 36 627
28 89 554
50 68 65
134 6 351
67 40 451
65 116 548
91 57 749
59 39 115
31 95 291
29 79 890
80 65 357
7 43 726
100 2 140
121 28 339
43 75 897
58 2 809
111 102 673
3 19 712
17 83 901
80 101 331
17 133 806
91 22 323
59 65 724
140 98 829
61 97 615
36 49 369
77 129 18
3 35 113
32 123 877
48 123 408
112 105 925
116 6 810
35 130 43
69 137 588
57 113 13
6 95 690
38 10 894
119 8 785
25 128 482
129 98 161
72 79 687
43 23 308
81 98 682
9 103 839
58 77 50
87 29 319
121 45 472
7 112 614
57 125 428
104 64 638
53 99 438
43 63 105
34 82 346
101 57 71
44 90 518
36 115 905
40 97 274
65 70 938
88 125 63
58 113 547
114 101 381
7 107 939
9 136 849
101 107 567
30 36 952
9 5 25
134 30 94
91 136 594
43 90 756
21 99 430
36 76 994
98 123 861
102 88 137
29 58 508
20 45 820
7 117 40
113 28 117
132 17 554
37 108 98
109 105 826
29 38 294
11 31 241
101 3 913
72 9 151
7 26 807
113 123 845
5 82 862
129 130 454
90 47 156
140 125 909
101 24 684
22 60 905
62 118 157
63 121 503
21 132 112
17 109 990
119 96 816
16 59 733
98 77 959
63 23 360
39 123 394
28 8 664
63 39 989
33 121 361
87 50 455
27 85 302
44 77 585
11 39 136
21 22 175
127 6 797
57 139 764
61 8 722
73 98 686
135 133 529
69 80 556
23 44 31
140 29 749
131 61 219
129 102 283
30 77 137
41 26 527
20 61 736
101 84 773
38 37 761
55 114 743
83 138 745
15 63 31
58 117 374
50 76 2
80 103 860
10 125 414
112 45 818
93 84 569
111 38 454
86 106 822
66 113 838
119 58 360
76 131 782
131 74 947
8 108 464
91 130 461
92 3 582
15 1 118
132 129 613
85 109 923
73 112 789
61 137 752
59 139 843
73 109 136
104 114 547
54 85 969
110 125 647
35 33 560
51 103 152
106 110 378
15 52 215
94 22 79
71 48 90
14 81 582
97 129 45
58 23 784
88 2 834
43 67 423
84 135 327
56 8 449
77 57 542
95 59 508
43 12 500
23 92 477
22 117 324
139 89 35
138 96 892
69 84 621
49 137 225
113 64 461
129 85 841
133 75 232
81 137 592
47 135 41
112 71 210
66 40 341
54 77 966
81 20 761
108 49 709
128 31 332
6 132 171
67 28 706
99 123 904
79 132 513
105 125 743
41 87 396
5 19 359
64 51 342
73 55 365
36 125 105
16 31 780
115 5 609
67 46 457
41 19 717
51 29 587
65 78 338
137 19 582
126 25 131
43 116 820
107 61 705
21 78 823
89 138 755
84 108 776
96 46 747
92 94 788
41 103 122
41 74 292
76 132 139
41 137 392
23 17 157
5 55 76
96 101 828
40 22 90
36 14 118
4 34 991
12 71 799
85 90 693
72 53 760
19 126 704
83 133 762
81 70 446
63 91 736
124 94 600
19 74 30
67 122 506
113 101 776
28 46 369
21 35 380
80 17 494
11 6 675
9 135 178
3 42 171
94 57 255
24 73 613
78 89 823
16 26 507
37 134 508
50 101 848
77 61 776
9 42 716
76 71 524
8 112 312
98 2 536
10 81 939
129 57 486
34 58 131
16 52 174
4 79 98
117 63 708
18 78 618
67 51 499
15 47 36
51 16 348
1 62 747
64 45 741
90 100 98
48 25 779
122 15 667
97 39 149
29 125 947
113 70 277
22 17 264
103 61 429
89 65 882
4 53 179
50 8 308
21 106 416
103 78 457
21 130 168
99 121 229
140 22 883
23 57 662
132 125 842
22 108 37
134 59 906
51 53 462
57 133 218
20 15 421
137 98 679
74 64 977
104 80 339
15 35 569
49 33 195
81 27 63
39 129 626
23 52 727
87 10 689
4 51 607
26 14 145
53 120 30
45 58 259
23 89 290
16 64 430
43 78 649
84 70 567
133 93 109
128 49 36
91 9 767
51 117 22
97 78 450
5 36 461
106 117 431
43 102 364
81 109 972
68 134 606
55 56 798
116 93 35
107 129 101
121 72 425
139 97 816
117 14 267
133 44 408
40 46 916
121 18 870
21 45 274
103 53 648
95 138 115
83 14 420
101 73 461
93 139 757
138 56 256
105 11 158
45 125 65
23 2 564
12 28 735
22 131 738
30 75 115
138 112 526
100 50 48
131 138 576
40 117 139
138 11 243
76 59 362
39 98 777
46 106 501
61 59 50
100 93 860
41 52 719
41 51 804
43 79 465
22 100 530
106 58 304
99 47 228
108 86 770
37 140 552
109 24 434
56 33 247
139 75 502
62 71 931
105 40 726
124 31 604
95 97 152
60 136 545
122 136 5
139 33 961
43 3 834
110 96 252
47 23 598
129 134 130
17 105 217
113 16 219
122 91 974
63 84 293
37 83 500
27 99 130
8 75 746
90 33 108
116 109 703
19 16 426
68 120 580
7 12 122
73 38 70
7 37 234
113 10 27
6 16 382
21 27 849
71 103 141
40 87 828
34 136 660
92 77 243
33 84 472
55 17 703
52 106 199
86 59 805
15 87 227
120 113 176
88 23 375
97 99 67
134 115 325
61 58 447
42 11 200
84 120 670
118 121 332
11 45 858
9 48 46
25 11 793
15 42 302
25 113 973
76 77 531
85 16 148
40 44 909
117 129 816
127 33 934
116 12 338
25 101 520
96 3 285
99 60 83
136 4 837
56 95 358
62 77 277
36 40 88
131 70 394
111 44 417
63 106 564
69 7 855
52 125 135
23 137 296
137 31 938
45 98 766
21 66 140
102 106 579
12 140 665
89 130 441
19 46 780
22 109 954
3 21 781
127 36 988
7 63 597
71 115 698
80 57 248
93 81 644
79 17 6
75 132 696
85 24 520
76 89 213
43 130 598
121 9 655
57 119 533
8 57 215
56 6 331
126 87 659
92 83 664
11 117 138
116 138 385
57 71 727
50 98 678
111 21 715
83 41 965
129 84 529
137 56 208
102 139 622
137 119 833
93 136 918
43 14 783
10 26 505
73 107 847
4 88 432
136 66 952
120 82 742
6 17 296
105 15 418
133 100 519
12 139 856
55 61 304
134 117 952
43 73 439
55 102 965
69 85 84
56 127 183
117 77 382
95 46 193
3 47 336
61 130 282
130 25 524
118 99 447
126 124 552
111 9 642
9 53 571
27 117 452
86 96 527
78 136 484
123 37 565
66 105 465
51 137 834
139 116 530
96 79 493
9 133 571
99 111 579
77 50 892
44 121 237
101 103 962
11 15 180
63 135 846
91 44 891
87 71 106
2 6 476
15 22 628
124 13 978
80 122 224
105 121 936
4 49 933
131 1 601
105 114 964
57 35 261
69 119 245
35 43 52
19 4 685
63 115 139
134 73 685
19 106 924
11 52 269
24 5 456
35 71 500
110 78 240
2 97 846
131 43 737
133 41 882
7 73 639
118 56 353
88 85 90
78 59 246
111 13 158
21 12 331
67 60 444
120 44 644
17 27 623
109 35 863
131 87 362
110 93 453
71 36 199
20 101 60
80 9 203
12 27 12
46 134 112
86 3 5
18 9 925
127 134 350
20 35 97
128 97 552
75 140 293
98 59 661
121 131 576
88 21 903
21 64 798
33 10 698
46 127 122
8 128 349
75 97 43
119 47 724
23 107 224
27 20 93
41 129 899
13 17 184
84 89 892
121 48 566
80 22 189
63 58 756
6 103 132
4 78 128
5 35 208
119 106 937
86 57 817
65 46 571
26 102 837
59 81 812
33 98 998
111 15 325
139 78 548
3 129 176
105 47 166
45 25 780
121 76 69
61 116 654
8 81 522
33 31 621
85 139 1000
108 98 979
23 91 757
90 131 588
108 107 158
131 27 86
81 108 406
30 21 566
101 72 932
61 102 177
104 75 274
97 111 415
8 140 424
66 10 409
133 22 989
33 24 435
132 112 667
38 95 373
54 47 207
119 7 887
133 8 699
9 10 2
35 133 494
107 2 465
66 36 762
55 20 87
124 64 421
71 114 132
6 9 429
8 110 31
118 134 911
56 117 220
68 93 919
53 48 26
73 42 347
26 42 209
37 87 395
138 53 281
85 94 501
75 22 79
73 57 522
1 126 479
69 64 794
111 113 656
10 80 63
135 44 110
113 29 924
128 137 847
49 92 799
59 15 834
74 105 398
50 3 170
128 68 553
57 54 536
113 50 992
115 84 497
50 26 600
5 130 226
104 16 681
81 43 402
106 39 240
116 23 440
91 94 50
91 26 30
70 79 816
48 137 303
44 20 748
85 131 889
96 136 973
123 85 900
120 38 979
15 79 467
60 21 407
91 3 124
71 45 599
73 108 99
35 47 927
52 101 647
106 114 822
127 17 958
133 63 67
132 3 175
123 140 75
84 21 611
131 65 73
1 93 647
103 21 43
89 29 22
41 1 506
87 6 518
130 53 420
22 106 415
99 35 275
61 34 809
80 74 404
36 45 912
21 133 361
92 70 55
56 69 474
53 36 336
39 42 16
83 25 818
99 88 467
129 104 101
5 3 732
109 87 928
111 139 492
129 23 584
9 56 742
12 31 89
61 3 723
62 75 895
135 27 344
137 16 33
136 6 581
139 103 436
34 17 835
111 28 849
118 66 351
134 126 176
39 92 326
53 8 670
44 11 769
18 73 29
35 56 215
22 73 350
54 132 591
33 91 257
117 54 626
16 94 310
124 53 697
100 7 290
99 105 557
3 58 192
92 123 748
99 67 878
21 92 48
72 51 487
75 105 932
23 127 985
55 18 141
48 104 788
92 117 827
123 40 316
12 57 906
76 41 824
29 68 914
99 107 899
115 44 326
26 55 940
27 79 779
125 108 623
114 22 314
56 1 169
137 67 516
23 12 130
35 97 646
42 97 552
76 87 386
10 138 988
138 115 94
70 61 874
107 140 241
111 57 521
137 97 533
71 124 457
75 73 763
75 38 231
41 33 312
136 1 181
67 132 35
108 130 205
110 127 664
24 67 375
105 56 485
66 124 409
63 26 439
32 49 746
37 29 728
33 51 287
53 95 936
65 50 997
31 70 343
78 106 559
63 41 132
22 62 285
65 19 105
33 71 639
21 98 61
126 45 190
11 121 722
40 77 560
51 14 651
26 65 337
59 96 591
18 13 831
35 101 789
23 97 332
64 138 607
111 134 121
128 5 888
106 138 168
69 122 572
72 7 178
35 55 757
77 133 764
45 46 209
35 76 894
36 18 31
104 26 780
105 85 335
49 111 916
134 36 962
73 133 377
23 61 218
40 62 714
33 22 846
55 39 66
83 129 635
9 19 506
101 130 857
129 31 317
120 48 688
30 73 959
1 3 590
18 102 70
26 86 884
129 13 55
25 26 73
35 104 815
138 42 533
59 90 42
16 22 545
36 69 389
120 98 971
89 3 871
87 78 771
24 131 149
10 129 664
56 119 23
14 11 179
58 55 687
57 51 701
139 99 137
79 111 607
48 87 721
101 91 734
111 37 345
57 136 928
98 1 344
132 99 862
83 46 712
16 111 340
138 36 267
98 91 526
32 52 701
16 65 611
57 118 224
33 128 917
71 42 55
66 58 44
63 49 188
97 62 949
21 51 19
77 138 460
42 133 566
81 63 317
67 117 281
1 140 963
65 123 7
3 15 673
121 64 577
11 107 786
131 11 8
55 53 450
49 55 329
77 66 982
44 2 951
16 23 378
95 117 243
68 125 258
36 82 733
125 87 200
85 45 270
56 11 721
63 32 659
23 31 638
65 27 834
53 22 819
131 118 731
15 133 139
16 81 729
71 131 264
60 24 12
87 24 420
30 136 606
21 105 215
90 136 202
78 114 350
44 88 436
125 103 500
90 31 94
68 131 215
117 138 871
93 71 161
50 131 68
125 8 861
50 46 904
114 46 101
103 7 268
14 37 793
89 21 730
122 6 122
17 30 625
121 109 715
67 8 225
2 116 118
99 55 388
40 120 581
10 135 937
21 48 726
86 15 307
89 14 660
100 125 3
84 30 201
98 51 131
33 34 666
136 137 892
115 30 798
76 57 581
117 126 467
58 110 397
76 101 450
9 106 448
112 91 424
119 99 750
14 47 18
72 122 971
87 95 870
108 13 303
133 12 888
61 122 156
7 98 777
21 135 658
14 73 210
98 119 196
128 42 134
81 71 652
110 65 554
7 105 635
105 86 68
85 21 122
6 40 251
31 63 446
136 97 243
3 109 834
45 44 231
37 122 667
120 58 565
66 69 496
68 21 604
121 95 770
134 77 721
5 99 254
87 135 791
139 110 390
2 129 593
110 134 589
57 121 479
125 34 603
16 72 70
56 113 2
116 83 169
47 58 380
52 13 287
10 132 411
96 64 622
36 26 402
38 57 837
115 40 657
36 1 958
114 81 860
109 44 968
9 128 30
117 50 718
52 43 424
93 90 308
49 109 214
62 37 635
102 125 28
139 136 150
95 14 565
49 38 434
87 119 615
134 119 820
57 115 130
115 65 406
129 100 520
108 19 168
125 49 297
11 127 72
37 34 630
87 2 707
38 50 505
52 134 681
116 27 987
133 37 433
35 122 905
72 36 860
90 81 981
52 117 862
115 130 379
58 1 169
29 48 803
55 43 307
140 11 834
88 118 858
64 68 301
55 84 931
103 76 162
35 24 602
133 24 900
57 65 611
44 46 783
37 135 495
70 78 745
108 93 131
69 108 178
137 27 85
101 39 720
21 114 754
120 57 311
29 100 730
133 62 503
16 107 687
55 3 348
26 80 64
136 71 303
128 41 483
117 24 586
49 74 835
55 137 451
69 120 902
111 20 987
89 34 927
123 43 488
53 119 266
5 118 239
99 114 807
36 34 915
94 80 846
124 121 730
7 10 225
66 67 250
131 42 294
127 119 359
67 41 402
130 96 568
38 129 675
73 74 583
5 54 522
71 123 154
113 126 110
33 100 603
36 8 794
47 62 450
35 69 571
32 47 100
42 47 864
45 37 937
13 45 862
106 27 432
108 43 865
115 133 112
66 75 307
6 91 681
61 71 881
129 73 219
103 98 185
2 18 480
104 100 110
41 35 885
127 118 441
112 113 2
83 112 504
92 100 328
17 100 702
117 49 39
54 91 173
5 116 275
111 12 131
106 137 562
23 29 320
71 34 265
18 47 152
99 73 672
69 44 10
41 28 482
65 3 576
69 5 359
93 26 536
125 83 780
131 102 150
31 19 952
113 137 672
55 92 46
117 74 83
17 122 693
85 125 586
17 119 580
33 36 557
1 46 324
65 105 714
5 107 615
87 105 761
131 49 93
10 8 346
69 90 665
69 53 491
108 36 97
8 51 235
96 17 839
50 37 831
26 133 360
131 136 986
59 113 781
3 137 954
93 51 552
31 86 530
89 133 393
131 124 574
131 106 755
62 6 439
92 58 1
116 118 83
87 122 186
87 112 384
81 25 116
34 134 893
83 21 286
111 125 504
35 77 439
58 137 33
57 99 69
105 116 977
125 64 286
45 69 508
29 74 147
127 70 564
127 136 72
45 41 478
111 58 338
97 38 419
8 121 13
3 104 768
32 21 258
120 86 935
13 56 707
64 9 743
130 15 807
77 28 913
96 32 754
33 38 96
126 17 949
6 20 839
39 43 55
140 115 554
1 89 706
27 96 538
129 95 964
39 48 56
63 92 754
82 43 2
80 121 942
103 54 420
38 101 544
110 101 660
97 67 864
134 5 39
3 123 342
26 73 877
103 81 643
88 140 634
106 66 100
53 97 966
89 68 330
80 115 587
31 138 565
80 31 488
67 1 333
132 72 906
101 121 531
35 134 125
71 106 921
27 41 328
94 119 635
34 113 908
1 90 673
64 98 613
136 44 614
12 101 76
16 34 17
132 89 545
129 37 423
25 17 354
108 122 520
56 15 680
16 82 111
65 17 931
63 105 92
102 133 369
47 123 887
47 11 909
38 113 751
128 64 84
64 114 251
85 14 518
17 58 107
91 107 592
48 96 622
37 27 871
37 24 227
86 103 982
91 55 350
139 64 537
128 61 30
67 15 110
139 51 535
31 10 724
46 97 872
61 112 464
65 75 546
103 113 344
84 16 480
60 126 992
8 107 648
1 70 739
25 91 882
132 70 934
10 136 660
40 13 365
27 125 498
14 99 167
121 135 20
99 28 193
128 1 52
55 140 114
69 95 191
58 43 128
15 39 441
38 77 741
48 50 801
71 137 217
120 1 241
24 41 670
126 69 423
91 134 926
13 4 998
101 64 943
109 106 406
79 30 273
103 49 948
77 127 469
74 38 665
58 130 97
37 107 341
5 89 685
77 33 819
79 23 244
77 130 19
33 5 457
84 35 615
127 88 942
81 73 390
99 117 760
25 47 13
95 34 166
134 131 483
71 47 162
14 125 851
88 96 253
79 22 209
54 131 651
18 126 506
18 92 566
37 120 507
108 110 823
78 13 437
78 49 476
81 6 524
55 98 979
35 32 34
134 105 444
58 37 477
117 42 147
9 14 668
105 42 497
52 30 369
22 82 567
93 12 354
5 124 861
54 36 204
24 26 681
57 64 931
36 87 50
65 100 857
61 37 130
26 106 167
72 89 172
31 8 262
35 103 825
136 117 692
112 46 756
39 65 71
120 90 593
56 51 171
66 91 864
48 116 438
4 43 452
132 8 613
43 80 777
51 106 87
38 61 31
85 75 236
23 109 35
5 113 318
51 60 170
129 106 784
59 121 108
57 123 114
17 99 238
137 7 704
104 37 489
134 31 992
107 51 194
65 137 92
18 131 481
114 58 769
125 119 917
11 77 816
111 74 461
52 75 888
116 70 854
116 18 709
73 102 906
120 138 469
46 55 494
15 69 263
109 124 961
9 33 729
23 38 723
83 51 701
38 63 826
105 61 948
70 128 565
27 75 861
90 63 749
76 92 611
62 119 370
120 99 771
109 2 904
126 104 907
9 22 954
111 83 350
63 100 933
133 128 217
32 137 740
137 126 117
13 99 436
130 133 778
62 54 416
100 61 324
100 58 190
34 64 142
115 21 158
13 15 426
131 55 381
129 113 623
76 117 940
37 79 279
102 25 616
10 101 355
23 3 957
65 35 986
100 26 25
56 71 150
21 18 704
57 127 789
110 117 196
135 38 779
103 38 732
6 25 919
1 110 265
50 35 860
71 17 628
37 136 805
34 50 904
44 83 996
48 113 220
106 130 552
85 32 519
136 55 316
19 78 577
85 138 87
25 140 422
25 133 86
100 49 803
27 126 899
128 53 261
57 70 537
46 81 171
123 31 748
4 46 494
22 115 574
90 35 635
135 105 279
25 3 183
44 70 516
37 132 227
93 37 931
98 136 892
132 64 521
125 101 401
42 52 50
23 117 975
94 59 868
110 42 828
119 36 615
18 1 19
117 45 727
93 20 691
16 61 477
3 20 743
39 62 598
58 38 10
112 119 533
65 129 126
9 58 61
126 129 8
34 39 715
26 132 37
116 133 995
39 125 83
5 34 229
112 40 165
5 129 924
103 32 390
23 131 926
69 4 515
132 106 650
1 74 572
15 117 231
61 31 259
80 109 824
1 80 674
66 109 518
33 61 227
69 86 606
19 29 778
101 89 353
6 57 802
14 65 88
49 85 367
11 71 503
27 19 526
60 48 619
132 53 977
110 133 118
65 99 176
127 103 694
41 136 151
95 33 992
102 5 602
48 114 563
20 23 230
134 26 313
101 126 105
75 90 224
26 32 15
57 28 804
61 11 642
42 137 940
113 47 829
127 63 662
102 69 626
1 87 950
106 103 8
114 129 205
82 45 618
95 120 529
28 129 360
127 5 627
91 52 683
25 51 40
15 34 615
49 47 772
125 56 692
77 75 156
34 111 398
92 109 333
87 62 355
43 37 889
139 92 765
122 81 380
119 30 257
56 94 588
58 127 820
4 55 623
94 7 699
71 94 576
97 17 456
39 68 319
58 57 593
125 20 551
63 130 747
91 21 229
136 29 226
51 15 447
128 15 13
103 128 527
91 4 152
97 86 876
5 123 112
51 105 74
68 45 998
27 34 824
82 29 963
134 19 956
128 135 473
138 71 767
57 16 851
54 41 699
123 121 349
23 125 832
120 97 541
94 77 61
5 61 710
128 93 199
122 99 719
32 18 813
110 123 234
45 86 361
54 112 818
15 29 411
85 13 800
29 134 433
36 92 730
34 85 969
140 131 201
59 105 142
86 107 458
119 101 431
86 137 240
13 6 664
11 1 227
121 53 364
44 110 990
79 31 964
4 8 91
133 104 261
2 3 504
67 103 790
121 110 568
11 97 767
117 111 754
38 124 993
126 119 323
6 52 745
126 95 75
54 96 304
97 105 449
3 103 567
88 117 907
96 26 242
13 94 361
75 31 550
34 45 104
50 16 315
85 28 840
24 21 949
51 87 598
51 37 144
45 67 266
123 66 395
101 69 699
123 18 696
44 55 554
25 12 198
50 23 807
31 131 262
117 41 839
66 70 421
51 108 830
126 21 346
58 48 438
127 65 121
6 27 69
4 67 120
49 73 115
69 23 677
132 95 871
123 91 594
77 108 188
57 13 600
97 49 820
125 67 165
36 64 500
129 52 736
9 120 752
60 15 708
15 103 793
16 75 268
15 25 370
1 75 842
24 2 519
20 64 426
84 15 751
56 61 550
15 85 601
36 135 306
96 11 505
51 120 804
11 32 200
38 41 703
93 96 900
104 131 337
26 27 5
23 76 375
110 25 701
29 120 244
62 105 75
139 71 632
41 114 23
84 87 541
103 26 770
62 7 662
8 9 980
121 30 356
140 14 808
55 121 502
90 126 395
105 89 905
50 1 963
42 22 56
12 98 378
36 99 907
44 18 452
29 90 67
138 78 25
1 85 591
98 25 528
60 121 453
55 41 44
57 112 956
28 84 325
96 103 907
67 107 569
140 71 446
126 47 472
107 109 175
136 134 962
16 17 677
17 59 517
57 68 914
96 92 866
1 92 399
120 114 685
29 27 529
84 106 302
37 6 320
92 135 14
43 69 912
129 92 93
74 65 979
124 99 379
10 1 475
137 9 386
104 138 293
94 127 458
13 105 388
84 76 557
15 127 961
91 8 156
137 77 431
68 2 291
28 78 367
43 56 522
96 89 360
73 21 100
123 106 136
59 107 696
61 30 199
66 1 72
11 113 11
13 117 912
106 23 362
5 103 136
41 25 201
97 19 81
16 71 13
61 69 606
99 66 847
18 101 4
22 31 561
7 129 311
36 15 784
78 83 727
50 70 717
78 1 67
54 64 232
73 96 87
53 105 992
3 98 789
11 10 587
59 93 958
22 23 67
106 105 22
134 25 965
47 12 252
68 16 924
67 91 160
109 8 653
69 25 191
41 113 153
82 122 156
84 99 121
87 27 888
46 9 344
59 70 979
89 11 764
116 102 760
138 58 953
25 76 620
45 95 6
95 39 817
27 45 575
67 25 920
31 14 957
46 71 349
118 8 6
13 118 999
117 59 239
50 52 44
5 138 14
49 65 568
121 71 174
19 88 66
31 32 217
126 37 914
25 117 961
101 9 136
7 61 990
9 31 825
34 19 24
39 16 128
107 96 778
35 88 245
57 36 163
7 113 228
19 100 758
1 63 945
101 66 684
125 78 181
6 31 222
134 61 976
14 118 148
111 133 653
37 110 612
104 21 198
134 16 915
125 41 244
59 33 598
102 1 667
104 111 111
104 30 190
132 111 117
35 85 149
21 110 209
140 26 267
84 112 770
64 4 556
105 108 845
86 66 949
19 67 481
50 80 574
99 129 56
6 97 331
103 29 845
33 55 277
80 93 572
139 1 872
131 51 38
9 55 993
27 134 339
69 79 461
12 17 725
132 19 213
41 132 906
26 56 864
136 23 860
32 9 828
9 96 856
91 92 65
133 90 778
78 81 461
131 75 926
39 94 543
1 51 500
121 16 192
44 48 962
68 1 5
47 127 643
78 33 438
20 47 391
48 125 622
65 29 853
94 29 295
127 139 338
6 114 285
139 5 155
5 17 97
12 136 68
14 46 915
25 124 143
95 67 485
98 127 890
17 103 370
66 61 395
41 10 777
75 32 191
61 89 960
105 55 39
96 42 901
119 3 761
9 117 124
78 44 864
7 75 680
64 116 40
86 109 277
41 124 889
10 59 763
93 13 483
14 32 379
123 95 789
67 64 960
22 10 652
127 66 246
29 127 90
58 83 281
1 53 242
100 16 128
7 136 542
111 91 453
106 136 650
65 68 611
29 59 569
56 77 191
116 90 276
115 93 336
135 77 199
85 108 21
78 67 200
132 120 608
51 73 400
110 76 913
62 4 389
115 47 387
129 110 206
110 61 526
39 13 96
113 138 723
37 112 544
72 117 336
88 17 602
70 129 147
114 72 188
81 87 427
93 41 964
133 119 62
16 47 709
25 115 232
59 131 918
65 84 655
89 4 871
23 113 3
79 116 597
28 3 366
26 95 338
34 65 288
40 64 219
37 5 445
125 37 133
23 121 201
21 5 407
127 10 631
36 130 727
120 93 766
91 77 284
19 129 479
132 33 182
34 29 109
99 78 13
17 86 366
33 89 256
31 43 789
124 15 933
28 105 719
71 64 853
106 40 49
34 99 944
22 139 473
6 93 759
23 86 253
45 1 300
1 42 318
112 111 36
97 68 310
15 112 472
5 100 747
82 135 9
117 61 357
95 32 223
61 64 436
71 27 228
11 73 483
10 74 570
77 6 7
13 26 332
89 98 770
17 94 768
20 46 678
49 96 205
61 15 444
120 128 994
128 134 851
47 29 344
100 21 409
81 120 869
17 130 165
84 45 829
129 50 945
81 29 488
53 11 35
61 120 818
115 129 856
73 50 101
125 2 225
119 85 965
102 21 842
86 102 118
18 140 473
54 119 667
45 102 388
25 122 573
123 56 706
115 16 542
48 70 937
132 77 728
51 124 870
94 23 60
46 30 639
68 46 947
81 30 920
121 134 718
116 21 454
83 69 523
13 8 976
35 62 663
99 92 887
26 105 586
115 28 210
43 120 191
86 13 138
101 108 776
83 9 461
22 98 998
116 25 959
129 36 817
106 79 138
93 54 617
130 8 975
133 117 658
17 102 422
20 7 930
24 97 774
57 34 333
95 107 308
51 133 166
7 50 539
114 113 199
97 103 514
30 100 289
106 65 495
96 129 707
88 81 797
29 45 194
71 38 968
81 104 364
40 42 696
106 124 597
110 35 320
67 109 39
137 53 234
99 112 45
12 50 558
121 54 268
52 135 621
95 104 939
41 115 888
38 6 725
122 39 480
13 139 980
125 82 990
107 70 500
11 21 629
137 47 950
77 52 317
75 135 351
74 39 951
89 51 223
132 135 173
53 82 585
93 119 384
46 29 925
61 132 866
36 22 714
67 81 559
65 85 137
77 17 719
84 7 565
126 116 123
9 89 60
125 51 212
72 45 966
35 16 275
63 55 531
1 9 41
61 95 705
81 75 539
107 34 816
102 119 371
123 45 882
120 74 325
108 55 76
23 53 75
125 93 328
41 121 281
63 69 406
49 31 225
51 100 255
68 60 1
112 67 866
101 14 628
31 28 767
107 139 84
95 79 407
83 66 685
49 105 418
17 49 108
105 117 86
43 11 349
137 40 451
109 45 525
41 30 500
6 7 476
70 138 886
19 50 27
135 58 816
73 130 330
78 63 111
121 22 399
84 1 333
94 20 548
72 78 127
26 92 406
76 133 957
65 111 324
111 136 112
17 107 726
55 111 511
113 42 110
6 75 454
131 33 479
85 127 281
99 101 599
115 96 910
26 48 376
66 5 704
96 80 292
21 138 48
111 127 6
97 9 607
11 137 405
115 119 632
28 33 326
57 85 893
88 52 425
67 3 100
49 106 839
48 13 101
77 86 72
111 105 789
8 78 538
29 77 725
39 79 960
33 19 81
77 123 113
115 114 705
95 71 738
137 83 101
43 27 465
65 64 8
68 119 993
33 119 139
39 135 64
101 54 683
91 39 689
57 24 457
83 49 174
133 60 320
85 96 433
104 122 615
20 121 471
76 1 299
25 16 340
39 8 998
53 92 105
105 9 749
86 113 785
107 54 687
67 33 718
127 44 619
30 51 824
116 89 324
140 97 451
19 66 759
54 129 557
25 63 146
32 69 491
124 133 436
121 111 222
71 29 824
82 24 157
30 1 171
39 121 299
51 129 282
69 77 90
82 137 319
86 70 406
136 61 134
68 26 551
113 82 284
89 122 262
7 22 910
31 2 374
30 15 792
124 30 514
59 135 720
91 40 601
133 47 109
8 19 684
51 69 512
78 140 325
36 41 631
33 113 46
110 120 584
108 65 788
89 25 733
6 80 695
58 105 504
75 49 240
100 44 294
135 20 589
139 84 95
64 78 616
66 117 807
94 106 861
132 55 636
128 88 547
94 18 468
15 50 163
140 101 949
15 91 737
132 22 162
46 85 338
22 101 509
53 65 247
111 53 748
36 100 192
17 39 250
73 45 705
48 133 544
3 34 656
111 62 217
60 119 981
96 78 433
17 140 106
106 3 714
60 100 356
11 130 476
72 1 136
61 78 119
50 81 720
78 119 458
134 10 559
134 114 5
79 5 814
21 42 254
66 108 918
137 79 736
107 104 82
122 75 441
43 77 282
53 115 190
53 93 116
120 87 49
16 112 624
63 122 765
53 10 274
18 81 859
70 125 548
133 81 322
5 119 466
63 124 156
2 52 645
8 98 227
70 106 658
77 36 349
120 17 277
35 45 145
44 102 119
99 58 350
115 1 48
17 19 738
136 33 942
83 40 135
139 138 757
84 102 930
123 15 878
107 72 378
46 109 113
28 127 897
1 132 997
133 27 577
48 17 988
6 33 427
38 117 229
121 108 570
10 48 493
49 23 815
125 75 298
43 85 849
5 13 658
72 65 951
127 45 91
137 29 580
63 80 998
29 116 750
2 27 989
116 81 736
77 122 740
25 121 587
89 83 195
22 63 246
53 135 6
89 58 885
93 112 579
91 71 565
8 79 714
43 89 524
136 27 91
131 35 580
90 71 499
64 23 216
104 43 253
26 131 250
6 18 416
22 130 509
56 72 774
51 86 883
136 26 722
12 61 575
16 11 817
81 101 473
41 104 508
66 56 432
73 93 940
25 109 981
55 106 468
4 41 772
76 55 261
60 111 982
49 37 580
12 85 31
20 69 860
115 43 586
21 53 990
122 27 870
89 73 956
107 128 18
49 112 868
76 78 725
25 19 893
61 124 791
81 31 532
40 99 571
100 107 464
69 105 862
38 12 604
117 26 570
112 137 605
92 105 677
137 64 495
107 135 744
99 102 985
27 9 518
128 78 989
51 99 344
138 4 531
35 89 55
94 52 217
80 89 63
90 23 417
79 64 507
53 129 790
102 7 750
99 108 547
134 17 326
35 6 387
55 54 781
117 36 56
83 86 797
138 34 563
47 106 750
20 85 880
49 126 473
50 59 76
120 31 622
127 123 903
131 93 850
89 75 498
57 135 23
125 71 732
38 134 172
111 120 402
102 113 802
106 6 613
113 78 802
13 121 898
134 89 545
60 116 538
111 67 30
58 12 811
41 66 172
55 120 58
7 135 761
137 52 269
83 63 297
131 79 843
90 11 951
5 92 990
113 84 489
138 30 517
123 74 234
73 5 49
1 49 99
63 128 803
16 116 620
59 71 401
1 96 810
22 41 497
35 127 678
99 85 950
3 56 562
78 85 321
35 129 119
51 104 439
17 85 10
132 81 169
45 136 172
73 27 938
39 127 174
25 80 793
136 21 666
25 120 223
120 41 431
91 106 439
27 39 225
93 50 822
33 109 509
13 35 492
109 122 478
30 49 1000
29 91 645
3 120 636
75 37 695
130 66 482
26 22 552
138 47 572
61 140 755
127 79 182
131 72 355
41 8 831
125 117 844
75 87 718
91 62 163
27 67 694
97 104 800
29 17 10
91 18 410
138 137 776
9 41 510
137 33 718
13 120 654
18 69 280
88 122 253
68 49 832
65 67 952
37 117 473
28 21 413
109 115 159
67 10 501
46 24 396
25 24 454
140 49 21
85 5 683
70 121 363
99 109 575
67 85 926
48 72 171
81 3 252
47 76 935
109 74 503
140 81 262
44 19 144
28 36 876
118 136 467
126 50 83
129 17 330
116 13 29
31 65 922
54 24 826
90 77 212
13 112 726
69 113 756
38 131 686
38 44 144
116 31 611
69 49 424
81 55 629
27 16 728
139 109 868
131 9 898
25 119 671
129 81 611
111 71 960
106 77 65
99 140 815
138 93 306
123 17 301
126 133 350
11 46 299
67 16 62
62 82 748
99 18 851
17 4 316
111 76 334
43 6 335
7 31 766
129 44 860
60 53 865
91 58 152
24 89 391
40 88 862
103 31 915
13 134 764
72 125 472
64 18 254
93 39 683
87 99 95
55 104 189
53 39 137
75 50 429
4 14 166
125 53 563
42 140 698
48 140 351
44 61 606
59 63 552
77 88 39
47 5 729
127 129 331
9 84 628
19 81 561
97 131 380
101 139 311
49 43 121
134 1 80
73 116 954
123 93 812
6 51 92
11 49 315
26 138 89
26 108 44
5 106 38
124 37 905
64 72 976
18 56 597
17 8 195
93 58 623
44 117 352
41 89 587
128 138 727
22 67 932
136 79 457
107 47 914
100 124 584
6 26 543
26 69 984
5 63 533
95 137 304
35 37 130
101 94 551
49 94 156
1 29 542
16 139 861
77 93 741
11 76 274
76 43 615
31 88 903
79 51 213
30 72 928
69 117 829
83 127 547
16 120 950
93 89 113
57 52 891
73 87 121
16 97 142
60 115 230
24 106 160
15 113 339
59 19 763
127 34 504
134 81 41
47 22 253
9 116 351
92 74 750
129 43 298
129 64 446
29 2 36
20 71 416
64 62 554
5 140 645
136 125 351
4 21 294
31 115 780
121 106 387
135 42 833
61 101 818
140 104 39
68 36 913
89 16 977
113 77 338
18 11 266
47 75 940
74 50 552
25 49 297
27 108 384
32 57 459
37 17 820
104 117 700
90 92 507
49 71 229
112 98 685
137 18 791
82 121 541
109 57 117
38 80 302
112 109 342
117 100 945
26 43 931
109 63 190
71 100 457
115 81 937
5 131 926
26 83 360
37 18 300
12 48 936
131 127 607
1 21 502
130 9 655
41 17 507
120 109 19
101 51 766
97 87 726
26 40 599
77 109 156
48 100 155
72 15 67
49 19 357
64 88 648
51 47 70
140 45 74
21 71 284
111 7 403
69 30 40
131 128 927
64 105 45
83 29 325
57 106 161
18 74 392
87 25 676
43 18 802
116 114 283
91 124 393
14 1 498
15 27 90
68 15 466
36 123 755
17 38 511
96 99 269
72 81 751
41 21 30
85 39 540
45 32 912
11 22 760
4 39 808
130 39 929
52 9 139
95 4 174
74 15 423
91 49 55
118 21 201
86 136 608
47 77 451
98 20 445
69 8 249
45 51 909
37 91 920
60 14 775
17 11 458
60 71 435
79 104 631
44 33 544
81 49 143
96 5 310
50 56 491
42 5 685
46 101 41
77 85 216
27 107 274
91 89 909
15 4 405
14 92 737
57 59 715
135 50 62
115 50 63
69 107 791
117 81 332
71 85 264
13 25 117
77 79 184
101 137 899
111 72 132
112 77 408
123 83 808
103 131 962
33 83 848
39 54 440
53 63 529
75 41 312
113 95 360
13 37 878
92 7 285
139 26 822
1 5 512
140 35 321
25 59 422
86 11 548
113 27 355
96 60 461
127 128 811
37 3 503
85 89 446
75 54 326
56 83 777
103 111 17
33 20 406
19 119 727
57 49 352
135 125 76
18 87 519
24 128 595
83 77 911
81 124 558
49 90 647
33 129 344
116 1 699
69 9 767
97 106 259
135 127 927
57 140 293
47 103 172
85 52 836
43 124 730
89 120 531
73 120 759
40 76 447
73 83 984
73 58 924
131 10 894
23 7 768
95 101 814
102 105 108
105 36 120
16 21 338
125 1 625
104 13 340
82 69 774
29 22 311
138 134 936
81 2 589
78 120 850
111 33 514
43 87 362
26 130 242
75 86 994
79 71 65
76 112 864
6 92 968
125 96 59
81 12 351
56 20 944
139 15 750
126 57 105
33 62 644
8 59 939
111 128 646
97 76 268
95 13 122
113 128 60
91 35 281
27 70 390
5 74 595
84 131 346
137 50 622
49 29 832
21 17 712
58 107 176
125 54 54
92 10 354
119 70 922
59 133 508
115 9 303
19 101 495
86 16 976
36 32 488
53 116 218
87 116 335
99 131 256
14 115 602
112 34 956
13 81 63
16 132 703
22 129 6
126 120 605
1 31 244
38 26 633
9 93 210
49 67 763
113 73 205
99 134 217
28 75 761
54 22 112
129 11 428
59 69 908
70 114 83
69 10 521
25 44 379
38 8 599
6 64 136
42 49 703
119 15 656
77 82 789
80 73 38
138 37 956
60 131 883
6 12 538
37 67 324
31 55 35
36 95 237
52 99 499
7 128 977
7 134 661
64 99 33
133 46 798
6 139 910
67 101 719
3 76 255
2 119 56
37 90 32
8 126 668
115 2 458
33 27 318
86 78 577
41 108 193
3 17 930
76 114 189
63 61 833
1 27 634
6 140 531
26 125 938
8 47 940
2 48 225
81 138 112
105 70 870
90 82 906
21 77 662
90 89 918
50 85 740
130 127 501
125 116 49
93 102 890
97 29 477
59 46 187
26 29 739
60 112 255
47 17 27
136 73 732
3 111 111
8 89 333
105 119 573
86 72 673
102 77 805
42 57 946
45 108 919
121 65 281
80 95 454
118 113 351
91 88 324
7 38 185
115 69 442
116 111 91
109 58 571
53 15 307
7 66 717
5 94 683
23 37 529
106 113 270
29 76 193
17 84 535
34 140 26
88 14 933
93 38 768
135 15 13
138 1 281
62 14 211
31 46 500
110 126 48
37 19 689
25 131 831
106 82 955
115 7 207
76 98 252
95 24 183
22 126 274
38 121 620
128 6 417
39 25 927
13 123 985
1 26 676
62 57 608
36 103 510
95 114 85
100 77 891
115 101 249
7 29 236
49 89 432
101 105 862
1 13 534
51 55 71
30 32 977
111 68 700
132 92 750
135 118 815
47 81 860
122 105 858
29 88 406
74 121 812
22 119 911
23 25 760
56 100 985
54 99 847
117 39 580
36 73 136
10 18 566
126 82 393
96 124 831
32 108 462
112 131 117
107 52 851
125 61 30
75 117 423
35 61 738
42 25 959
32 73 357
105 43 797
125 55 628
107 46 8
32 51 777
114 83 676
5 57 63
97 98 31
26 121 98
104 7 410
17 18 168
79 120 622
77 126 146
127 113 206
61 98 756
97 92 530
61 92 595
126 35 772
81 95 26
43 72 702
56 91 474
117 30 911
39 76 393
3 48 916
111 39 889
33 13 485
102 137 231
90 36 668
115 85 990
85 135 639
19 36 822
6 99 464
1 47 710
83 64 704
15 7 272
11 85 183
34 101 318
40 113 679
83 48 697
10 36 654
99 45 296
59 120 693
99 4 445
85 48 111
48 79 605
51 50 372
49 13 639
47 78 689
111 98 832
130 87 494
73 79 828
87 72 597
83 130 279
122 86 852
37 57 19
34 67 147
114 96 515
99 25 731
124 84 877
65 6 277
37 73 421
116 121 904
76 124 371
46 78 741
50 111 252
70 137 540
83 61 649
91 96 606
69 21 774
71 4 958
37 65 425
115 42 223
37 31 969
56 68 610
65 96 652
108 87 321
84 27 373
14 113 201
82 112 770
54 106 395
104 73 557
46 58 369
19 79 312
43 95 17
116 91 794
93 134 812
49 5 135
5 14 259
132 51 436
33 106 279
13 50 77
67 39 856
33 138 36
13 79 328
87 83 302
49 41 284
67 110 747
116 45 261
85 51 135
37 128 401
21 109 24
52 84 133
74 48 642
38 5 804
53 45 170
104 69 251
49 101 765
112 9 572
137 36 741
86 82 69
50 136 271
37 46 532
113 115 363
42 17 872
5 43 307
76 115 726
61 4 975
139 29 176
92 79 840
137 5 209
27 115 31
35 106 232
82 32 762
17 135 866
70 117 705
62 31 554
16 76 942
124 116 371
42 82 614
111 45 858
44 8 11
66 104 973
118 81 102
96 31 352
30 27 148
22 116 245
63 50 607
61 118 740
127 64 668
131 62 464
97 83 155
112 11 883
113 125 669
139 124 769
113 67 498
134 57 506
65 95 548
92 17 770
97 79 933
54 23 858
109 76 637
129 55 735
39 35 339
25 33 731
77 10 767
137 57 47
39 88 454
49 120 753
45 63 20
88 7 58
51 134 931
95 9 352
2 138 464
105 3 9
127 4 195
64 44 297
114 19 152
58 79 174
100 89 646
37 139 228
6 42 150
19 48 879
9 4 221
75 71 82
97 30 898
102 19 554
66 6 867
28 74 810
106 95 675
121 84 476
79 67 936
15 14 306
81 7 438
75 23 355
61 72 52
120 88 943
86 47 836
127 19 424
100 131 464
43 91 632
136 40 673
136 76 185
98 133 429
78 42 795
64 70 590
101 1 476
30 3 651
22 69 180
85 47 266
91 70 999
99 100 309
59 24 902
42 81 906
40 27 980
139 25 698
131 8 636
5 126 299
84 67 116
83 53 30
105 107 350
17 82 236
128 109 455
75 63 408
3 4 497
116 46 558
18 57 370
30 94 521
22 123 70
38 86 617
57 130 299
99 77 74
46 12 425
43 30 445
18 134 373
75 129 498
115 4 269
30 68 387
117 131 625
110 69 972
55 37 743
94 40 510
24 64 911
94 60 274
92 89 977
21 33 538
125 47 213
38 52 502
47 96 47
26 37 617
100 85 467
98 67 204
27 97 725
11 59 684
129 59 594
87 123 930
36 124 940
120 64 721
12 76 861
75 5 753
54 95 343
27 3 665
94 115 258
58 140 777
123 122 899
6 94 284
24 111 23
63 137 183
119 59 890
46 88 763
130 44 985
110 5 816
126 29 263
37 116 311
84 54 884
8 101 874
30 37 701
79 80 554
5 46 303
38 87 705
48 7 346
53 84 5
45 15 399
81 1 263
34 119 565
37 118 379
39 45 66
20 131 238
77 59 675
93 83 55
133 3 691
80 11 408
31 130 25
91 105 441
133 103 168
73 77 225
27 118 352
57 93 548
123 16 317
46 21 185
95 105 803
81 62 531
98 18 369
110 57 998
114 37 544
131 41 501
131 96 669
69 37 101
93 88 352
66 93 369
69 97 256
2 130 537
71 109 98
59 124 22
122 79 485
138 7 735
3 51 532
47 109 586
65 82 322
95 131 224
31 118 274
9 51 96
4 57 502
107 26 806
115 37 410
103 105 313
71 8 175
118 106 225
94 53 613
42 44 997
15 89 221
20 37 863
107 22 185
11 68 408
81 32 870
133 66 489
83 80 925
112 25 317
49 107 801
121 32 602
103 123 240
31 87 304
123 117 363
41 100 383
123 139 397
2 69 633
1 111 80
10 43 808
31 60 319
98 37 478
15 38 98
6 73 939
123 25 840
87 55 787
55 113 721
104 54 922
113 30 824
135 45 554
93 97 710
96 29 739
95 93 44
6 85 800
90 105 479
47 56 229
43 74 244
17 139 21
57 116 861
37 59 416
86 89 272
14 58 405
46 41 595
8 45 678
93 33 706
41 111 584
113 75 191
34 42 783
58 41 870
30 33 209
55 65 320
40 134 323
72 5 648
10 65 133
73 84 406
10 89 587
54 35 7
77 32 474
19 125 553
21 120 387
83 105 623
115 34 344
129 135 482
35 46 887
87 77 536
28 76 531
133 96 618
55 69 954
93 121 220
85 101 901
114 126 998
85 73 63
49 116 987
71 130 817
29 21 150
56 78 290
135 22 123
64 107 343
102 29 592
132 49 435
117 127 674
124 29 528
71 118 122
96 7 778
26 12 276
41 116 535
40 49 544
92 68 529
54 71 939
139 129 911
93 109 987
45 106 487
3 33 195
35 123 770
57 131 483
90 53 945
112 65 512
45 7 172
23 32 945
93 44 365
87 139 384
84 71 486
88 113 218
48 75 868
128 95 999
39 87 8
45 38 342
121 10 53
31 35 893
15 137 620
98 63 698
57 61 194
1 16 498
85 22 774
114 26 185
39 5 328
57 21 989
36 25 576
60 101 89
64 136 284
129 15 334
133 139 260
111 30 790
21 23 168
97 73 960
53 56 823
93 99 985
105 78 344
29 128 926
49 54 108
69 6 551
39 44 444
41 7 38
101 133 120
60 17 740
119 123 429
57 88 771
125 129 844
107 71 831
42 37 239
105 81 452
130 123 362
81 119 922
50 11 68
140 43 562
87 127 537
3 77 988
50 125 784
71 55 604
70 36 52
121 122 899
5 136 526
45 19 420
22 104 87
106 126 514
58 6 28
2 73 367
135 139 403
55 122 542
103 100 673
93 67 265
64 134 134
125 77 305
64 11 831
129 4 514
111 66 52
9 21 61
105 137 497
56 7 297
9 23 593
97 63 59
61 62 775
76 17 266
80 112 418
14 97 959
60 83 225
121 127 616
7 78 813
17 46 793
81 9 612
120 11 970
107 93 668
58 36 114
3 36 85
133 31 955
136 54 364
24 119 488
10 130 324
103 122 899
9 68 314
85 62 990
47 9 676
135 46 544
4 47 448
50 64 859
45 2 819
55 21 177
109 118 440
3 53 964
9 77 980
44 85 101
86 39 931
1 104 246
101 48 246
16 91 832
87 56 549
82 13 784
65 125 987
55 7 945
129 78 4
57 128 642
50 103 936
132 123 968
110 33 32
73 131 157
115 87 947
65 7 229
83 110 472
140 77 827
2 9 968
31 67 69
67 54 267
24 22 445
51 121 254
59 47 312
127 132 657
40 130 645
140 39 361
76 119 424
97 47 347
91 19 509
70 49 945
41 5 239
16 54 941
19 93 397
114 98 892
44 17 678
123 109 418
98 17 656
106 67 832
60 65 360
69 73 921
73 8 357
122 33 535
44 1 508
21 19 660
125 139 728
25 92 256
47 108 65
12 126 194
65 12 423
27 52 528
132 94 420
72 92 881
119 40 305
47 93 463
116 26 649
92 81 772
107 36 878
16 56 65
61 109 681
73 63 740
107 134 39
68 73 610
81 56 298
118 45 112
53 33 295
106 133 611
116 66 366
13 90 595
133 54 111
113 79 396
16 106 208
63 93 777
59 1 545
33 48 846
41 122 533
36 96 975
3 45 811
91 12 310
126 105 815
93 16 724
93 101 951
5 2 230
116 63 528
9 43 678
32 116 248
53 6 516
6 48 164
46 111 212
26 45 554
125 38 193
16 117 406
17 31 496
21 79 180
82 21 355
64 31 397
103 114 337
125 115 506
26 90 954
63 136 484
89 109 558
101 129 970
41 134 469
37 101 364
133 138 194
52 80 590
3 11 960
28 114 18
130 105 305
7 85 672
121 94 565
62 30 362
127 25 658
15 104 869
85 10 955
93 92 1000
56 2 89
40 111 235
69 136 784
44 95 1000
64 119 801
126 55 448
54 1 667
87 53 89
85 86 396
136 119 835
91 50 711
13 34 185
95 57 919
56 64 377
68 138 132
17 70 657
80 55 689
122 51 333
135 101 1000
10 109 236
117 43 200
115 77 661
59 22 626
61 129 967
61 40 884
69 65 857
79 121 633
110 100 123
24 115 2
82 15 413
136 19 239
129 80 474
31 107 450
55 110 508
96 41 792
52 53 830
13 132 770
7 53 120
69 50 63
27 69 251
11 23 128
59 128 193
57 89 369
1 12 843
59 53 564
85 130 36
41 81 9
19 56 537
90 6 277
79 38 583
65 134 92
53 100 762
67 35 228
84 126 705
10 34 248
79 103 417
58 131 854
103 102 193
27 86 280
41 39 44
86 135 165
134 101 602
73 65 277
58 85 619
114 53 3
76 5 589
1 119 221
36 133 858
85 40 755
49 62 907
98 44 614
78 127 443
90 129 285
90 38 722
47 41 175
76 139 83
59 27 387
2 117 393
111 23 108
57 124 809
89 53 519
109 11 383
136 14 5
97 4 414
91 11 119
94 41 452
117 29 887
106 8 435
49 27 261
111 87 788
30 71 432
92 33 602
85 87 964
58 81 237
101 86 919
9 44 136
49 21 897
63 36 281
65 126 909
131 115 820
48 65 800
83 11 930
55 127 208
34 129 249
10 55 368
111 36 169
115 91 130
45 139 149
1 28 906
37 80 138
130 104 606
29 119 190
116 101 517
1 7 678
43 113 156
71 122 191
11 27 118
113 96 414
35 36 260
125 24 120
4 26 60
36 94 33
5 111 168
33 11 807
15 6 622
36 78 898
2 53 670
108 46 755
41 20 187
54 21 671
117 93 852
50 33 983
86 132 355
106 101 91
49 53 390
89 13 284
31 51 784
113 1 567
106 14 394
119 83 816
135 126 47
34 135 744
66 49 338
45 105 426
55 25 277
123 94 692
19 70 116
47 46 626
41 80 880
40 23 882
121 62 740
63 35 603
75 57 108
95 66 599
37 84 726
117 33 199
136 89 768
5 117 949
135 138 693
2 65 240
1 48 834
117 112 125
77 53 200
129 56 144
132 115 275
118 93 72
125 60 363
93 94 193
49 8 845
82 35 226
55 24 281
98 78 388
76 118 144
54 25 463
140 66 794
116 123 297
7 34 715
112 21 934
48 20 615
132 9 783
113 83 461
105 5 931
120 125 356
57 17 45
17 52 174
104 36 438
126 75 498
35 125 849
95 96 437
78 91 533
15 55 806
94 51 386
64 111 705
35 113 290
41 13 259
13 91 634
133 6 822
114 24 339
47 39 983
103 95 653
97 51 770
109 36 740
33 116 262
27 22 704
65 22 934
28 106 330
34 131 121
4 73 611
61 79 650
131 139 192
134 75 537
124 55 258
92 71 328
46 138 414
94 134 796
19 51 638
131 46 927
56 17 783
30 6 32
27 66 360
16 13 72
101 83 574
8 5 485
84 6 17
40 81 575
131 45 95
78 30 492
63 13 312
124 23 664
47 13 135
94 81 765
80 49 372
15 54 684
24 136 983
93 22 964
104 99 132
11 126 563
66 13 160
104 96 122
137 89 211
10 61 811
139 46 535
52 127 925
64 135 175
64 49 352
117 62 968
105 31 400
37 97 606
82 117 948
63 12 150
86 9 35
39 100 867
44 49 520
4 120 780
121 119 860
23 98 991
74 47 123
119 71 751
53 29 520
15 37 571
61 94 876
25 56 489
124 11 878
93 25 90
122 132 620
74 133 111
29 35 171
126 128 572
27 35 581
11 125 551
1 117 256
53 38 968
9 140 830
98 83 314
31 15 975
36 91 193
46 140 810
69 134 10
138 49 167
18 115 204
120 119 720
79 101 335
7 52 368
36 83 34
9 109 35
33 45 638
72 115 719
33 105 194
31 20 934
109 108 748
16 69 118
113 121 333
29 52 938
12 90 206
89 31 150
80 125 578
22 111 514
40 63 559
41 92 822
48 57 453
13 36 945
48 56 880
136 123 639
1 94 786
1 4 245
133 127 161
105 118 41
14 126 501
132 121 386
73 39 738
39 89 751
2 101 719
3 8 635
70 5 415
51 78 49
