219 8515 196
164 74 886
68 67 489
91 132 580
58 112 485
72 218 107
55 48 122
176 177 266
179 189 257
212 160 533
125 61 901
196 124 884
217 211 162
118 183 686
107 139 417
71 139 697
54 142 785
216 74 179
117 211 206
103 70 463
21 1 269
171 34 839
217 80 519
135 143 738
91 205 522
166 28 709
82 64 438
150 83 147
68 61 536
112 46 711
196 80 3
31 9 648
5 11 720
9 175 266
101 175 486
211 190 317
165 56 668
15 166 638
53 216 486
38 140 695
4 95 242
144 145 284
114 173 993
156 64 219
34 1 401
13 63 1
217 31 79
52 46 778
210 19 673
82 114 144
118 5 374
196 93 908
73 88 670
4 112 695
205 214 976
1 214 683
8 107 564
204 194 468
142 163 963
166 131 808
98 109 918
140 46 229
59 79 155
25 55 963
155 111 791
139 151 20
210 55 280
152 202 914
184 80 515
181 208 447
101 103 212
52 20 442
45 217 46
162 152 247
96 7 424
181 175 599
166 6 313
53 34 876
41 31 320
75 218 342
69 74 447
190 66 438
203 17 598
74 151 59
199 112 319
137 185 700
180 205 308
77 167 37
217 174 278
93 124 508
148 202 748
76 191 381
176 139 500
193 157 355
62 178 870
97 195 435
147 174 855
106 85 408
88 102 335
135 66 230
162 190 702
79 190 753
35 118 895
38 172 979
145 42 508
50 39 161
59 133 231
22 190 170
177 179 708
82 154 133
175 69 928
156 127 275
70 109 702
37 139 525
34 22 734
119 216 604
54 29 409
175 52 526
85 90 748
156 80 350
196 180 268
136 142 270
31 199 718
9 16 339
187 18 106
38 106 861
65 55 76
56 103 527
147 162 771
211 61 99
169 186 898
49 32 777
193 57 937
68 178 682
97 60 409
38 163 932
40 172 996
207 217 172
201 55 227
10 189 735
136 196 427
41 147 497
59 190 973
181 138 618
152 175 564
36 32 276
126 20 417
3 91 884
74 99 162
31 189 752
163 132 812
20 141 326
136 145 667
156 50 604
79 16 578
26 184 813
142 58 594
144 152 429
122 54 985
83 94 859
1 66 931
148 214 167
151 75 993
185 89 726
77 34 961
213 149 264
148 51 909
25 53 85
118 155 410
76 37 830
75 178 11
159 135 754
203 178 343
164 143 602
32 136 806
139 70 569
65 76 691
80 143 970
15 14 64
118 86 897
144 212 836
112 217 863
202 142 294
58 115 828
177 54 140
179 122 763
78 90 817
86 69 592
60 36 851
3 17 643
34 214 87
108 127 205
97 161 260
159 75 94
106 17 430
142 103 904
93 219 543
58 200 438
76 52 831
178 3 377
165 214 180
75 7 92
206 160 960
9 55 341
121 218 359
58 94 987
49 175 59
171 161 482
10 55 272
48 187 290
20 178 875
83 34 297
196 1 715
6 108 248
192 142 274
208 13 873
176 196 885
89 190 407
204 107 703
107 170 118
129 187 797
80 127 997
172 4 156
151 193 499
100 7 210
76 214 767
7 166 797
125 40 793
120 170 486
177 147 47
184 112 894
34 115 905
166 89 269
76 9 323
79 113 233
81 177 269
129 202 409
162 135 97
33 53 644
102 167 866
184 127 26
93 209 325
195 94 828
188 198 397
37 45 117
143 181 206
66 217 108
52 187 635
202 91 628
33 160 604
193 82 286
204 12 492
37 143 381
31 22 889
78 119 245
190 149 827
189 161 768
16 130 477
190 104 464
61 27 532
187 203 622
154 46 842
196 116 98
13 151 921
88 17 169
118 32 291
40 63 771
202 65 966
148 78 461
107 133 285
158 127 758
115 83 388
1 108 204
190 97 573
41 172 685
4 7 162
215 34 392
43 51 939
160 154 438
141 39 445
31 8 630
34 78 825
178 1 398
66 84 470
112 156 586
119 103 625
78 93 689
197 170 435
15 43 450
116 195 926
30 154 584
146 148 916
117 7 817
3 163 479
81 149 722
200 4 833
174 30 907
7 79 173
52 166 297
196 44 515
74 192 510
181 20 808
218 128 874
159 77 870
163 158 590
120 209 936
136 108 989
45 159 215
69 70 919
213 195 558
7 130 185
122 216 788
99 166 680
157 210 950
7 109 651
128 131 464
9 118 425
175 7 414
135 34 105
12 190 724
57 109 305
208 171 218
192 144 89
17 43 397
9 164 967
132 137 521
91 126 329
59 156 206
67 140 37
204 167 550
92 71 313
79 188 658
15 66 587
145 112 831
47 159 751
114 28 291
4 120 497
21 201 723
49 1 61
196 202 838
177 217 110
154 157 78
57 35 550
118 78 308
211 86 99
131 41 265
177 31 439
209 176 542
111 211 942
133 58 376
74 196 390
81 214 249
61 26 912
15 190 866
53 20 693
163 19 82
217 124 998
69 39 437
76 178 761
137 199 761
79 99 646
40 160 413
38 43 104
193 118 790
74 208 750
80 118 424
13 177 428
78 196 786
70 143 769
163 181 649
216 79 8
145 108 964
11 158 407
109 124 421
150 85 17
156 179 805
124 100 741
82 94 461
31 106 937
55 61 430
150 158 212
208 26 532
163 88 724
187 169 724
109 154 381
44 157 788
180 51 892
132 128 735
22 98 868
80 49 602
64 188 143
58 84 375
217 137 354
172 70 155
49 43 736
167 154 966
147 15 91
5 190 564
46 153 222
125 21 646
67 16 783
61 87 835
70 96 715
47 130 187
64 130 285
70 59 416
206 116 352
17 79 232
129 112 990
74 49 637
199 177 101
88 142 508
11 150 341
54 76 814
19 183 567
64 121 19
178 54 355
126 92 308
55 7 961
133 187 777
100 20 567
94 169 298
197 156 880
69 196 82
91 13 310
61 41 577
142 111 55
80 159 894
196 52 732
86 12 135
54 33 736
73 38 319
67 85 447
75 4 809
123 97 850
66 196 754
66 25 248
193 218 797
148 203 601
181 151 703
191 202 760
22 30 295
187 212 669
85 55 814
28 97 469
11 188 58
212 157 660
58 64 159
106 41 6
151 196 157
142 79 960
121 205 283
55 46 115
201 73 712
177 160 659
156 178 71
166 130 194
3 217 887
22 214 689
160 217 939
176 13 826
48 148 925
138 157 851
70 164 409
146 178 199
10 185 505
184 7 860
214 158 571
74 152 833
38 208 206
200 174 90
141 109 484
166 204 499
102 155 347
31 118 160
96 217 42
182 33 764
152 55 6
98 82 26
9 88 326
143 201 39
33 48 472
157 109 727
7 209 987
158 20 566
211 56 938
69 62 448
120 125 688
16 85 220
163 125 698
120 168 49
212 166 124
211 23 558
126 64 629
68 129 731
155 60 675
139 104 10
199 90 263
16 202 976
59 10 197
140 91 607
144 100 188
43 148 428
22 114 1000
79 55 184
158 67 109
49 3 873
112 13 541
7 201 426
42 26 306
140 37 969
109 158 858
130 155 690
208 148 796
27 169 883
190 151 278
215 157 1
154 202 978
166 68 496
160 199 435
142 13 129
154 65 29
139 40 324
54 43 127
113 134 145
209 124 851
73 134 821
130 151 34
92 195 379
195 139 828
70 77 209
44 136 850
94 80 170
139 193 198
176 71 506
16 158 831
192 62 325
201 182 305
184 143 891
212 71 318
106 128 687
130 24 514
95 102 74
52 208 250
94 67 724
70 95 79
210 53 829
168 19 200
70 204 536
74 184 736
123 191 334
163 82 971
85 95 198
68 82 308
79 179 487
27 40 281
196 107 834
108 100 98
52 132 845
144 166 559
196 27 341
93 145 354
203 34 351
37 85 404
31 160 151
196 94 596
131 130 495
141 67 713
217 20 960
139 78 63
56 44 75
208 115 34
125 3 810
57 82 90
170 23 207
211 210 152
219 2 441
193 10 676
45 192 747
73 47 455
1 83 316
179 75 26
44 26 774
47 185 111
211 188 231
6 142 366
142 12 290
88 51 577
40 154 903
197 64 784
117 31 812
190 121 477
10 97 458
81 7 400
51 69 975
112 192 387
67 160 212
136 18 646
56 199 846
177 63 540
107 174 663
57 108 918
31 95 69
202 107 9
199 178 90
184 178 403
137 100 517
28 44 371
75 31 670
107 131 349
89 118 603
140 166 400
32 45 519
192 160 568
45 171 908
4 206 825
150 203 567
139 38 442
52 95 269
169 28 662
28 9 663
172 43 229
85 196 9
142 1 175
206 56 826
91 76 931
44 17 437
60 170 986
80 132 45
184 154 522
211 33 294
128 64 361
62 23 536
22 119 813
70 64 299
127 203 218
142 52 852
189 129 725
74 139 431
175 174 870
17 36 770
136 161 267
171 139 142
73 196 50
74 92 352
79 43 985
181 157 111
163 106 241
67 81 73
187 200 181
167 38 739
162 10 839
215 217 453
120 178 661
38 199 6
155 73 193
86 178 70
119 183 317
133 173 871
157 79 42
190 27 375
201 132 301
162 94 854
174 94 380
7 31 212
97 141 95
100 195 970
66 156 290
203 13 451
139 154 238
49 107 661
138 120 769
100 152 635
142 133 4
29 203 889
61 120 75
176 64 55
41 193 810
46 41 38
130 40 642
118 164 149
85 20 633
1 209 796
142 193 67
115 183 647
153 25 213
50 154 654
122 58 229
194 100 349
10 208 337
136 76 196
134 186 54
186 34 956
196 159 969
27 1 821
1 88 960
50 158 858
70 37 519
166 45 71
151 118 515
5 68 278
38 34 26
208 124 198
183 134 343
94 79 688
152 46 540
147 172 153
8 1 801
22 168 898
118 117 481
110 83 627
19 126 467
89 181 726
187 88 256
92 137 320
155 163 961
197 94 648
174 25 924
123 100 86
4 91 137
16 78 350
187 30 174
178 159 109
208 2 177
22 103 575
185 43 416
175 113 773
209 16 618
126 110 169
170 86 245
92 89 369
24 216 835
91 84 749
196 105 83
50 166 315
211 46 24
211 144 881
154 166 263
4 38 24
214 149 211
152 31 184
180 214 340
213 14 95
169 5 314
76 15 266
215 175 913
167 74 969
19 199 794
97 145 890
25 184 739
161 162 713
55 134 926
47 140 295
81 109 419
172 117 92
35 217 221
110 19 50
191 199 439
61 217 569
111 205 28
70 156 374
145 43 838
91 75 416
85 24 850
61 139 317
62 34 307
133 12 565
53 57 400
150 37 702
188 31 966
149 181 370
18 1 943
160 120 247
132 8 640
109 197 941
45 190 933
28 78 762
1 30 874
175 186 183
159 63 493
181 217 841
69 47 510
92 62 232
69 85 763
187 193 934
134 219 68
89 160 403
44 94 654
64 111 228
79 50 741
1 109 348
21 10 21
133 151 231
33 103 274
97 166 542
85 169 816
14 214 463
60 26 503
10 204 783
46 61 216
46 108 167
28 145 849
122 55 845
184 188 294
143 197 450
71 39 535
87 217 946
61 98 234
4 123 740
41 208 816
196 95 186
17 217 642
108 92 997
72 82 996
24 107 617
209 12 971
105 169 549
2 19 523
121 146 87
78 121 597
124 179 992
7 103 933
201 48 532
135 210 584
172 146 31
70 20 930
28 109 860
204 56 646
67 193 699
210 80 382
88 182 87
4 214 372
87 70 824
78 73 516
78 47 881
190 191 213
111 41 189
194 133 89
128 22 172
188 116 281
27 58 255
4 8 820
190 200 980
191 24 482
67 157 887
28 178 860
88 189 126
115 116 27
103 204 955
53 63 593
63 186 966
105 149 832
34 81 251
4 26 530
94 181 823
3 166 858
121 152 596
30 185 591
77 203 264
164 154 908
37 112 570
82 184 562
33 109 873
170 121 926
163 53 753
31 119 981
97 148 691
101 168 310
178 64 891
17 64 272
109 163 961
83 208 295
178 157 895
79 14 375
46 4 350
112 143 910
129 91 70
155 7 674
212 18 297
166 43 568
70 182 496
164 99 494
84 163 644
206 83 794
178 93 948
147 1 954
46 115 204
7 3 143
208 67 277
147 19 451
118 180 428
101 193 828
193 147 651
201 22 566
75 160 822
9 219 89
22 137 563
63 125 660
40 9 272
96 149 848
106 198 15
92 168 957
160 109 939
49 166 653
155 49 777
102 199 375
141 46 861
24 117 479
84 82 138
150 155 913
99 80 950
170 148 384
136 206 49
82 118 846
124 194 509
208 157 575
10 157 58
157 54 533
7 167 942
105 217 895
219 212 960
12 61 106
67 197 810
60 196 285
145 18 549
177 103 824
105 81 892
3 4 233
74 148 397
12 170 380
1 40 400
1 102 746
60 108 49
94 98 927
153 208 10
16 62 889
125 92 551
49 72 123
186 124 860
79 164 397
80 125 713
40 164 962
139 81 186
133 16 424
195 55 21
27 44 678
13 175 727
69 119 923
132 70 585
2 82 503
130 82 581
169 117 725
16 190 58
5 67 560
206 46 646
166 168 819
219 111 902
124 7 673
165 140 326
97 19 881
112 128 929
165 30 369
5 94 633
208 151 582
147 152 516
184 61 869
179 19 361
144 97 692
98 146 398
163 123 325
154 101 476
196 8 531
83 178 449
104 6 109
17 31 386
106 19 790
10 34 350
74 114 422
219 157 247
143 202 243
211 124 567
31 206 3
180 132 949
130 172 400
19 82 520
145 172 225
89 27 956
115 26 621
39 204 379
172 49 354
218 4 646
145 163 717
22 67 361
76 78 267
112 16 310
89 1 588
214 177 966
42 139 378
9 105 460
212 151 908
139 90 31
55 31 94
140 73 617
39 37 402
56 88 30
115 127 550
61 19 215
8 76 743
7 29 508
136 175 920
214 162 799
100 208 595
194 175 69
20 119 82
10 121 155
147 80 846
82 161 823
212 19 916
202 106 539
116 136 542
194 32 680
196 162 18
179 115 656
146 85 579
186 208 431
1 9 114
48 133 551
173 182 654
125 76 983
181 70 953
138 16 58
1 86 540
190 17 693
148 175 950
79 196 975
130 199 188
35 85 173
131 172 386
74 188 616
202 61 698
121 141 494
50 162 418
8 156 892
198 166 697
85 27 192
126 145 693
170 109 588
208 40 141
21 206 975
124 69 856
129 175 977
154 61 89
75 153 538
33 86 717
154 138 442
172 46 459
49 199 404
20 177 362
22 149 258
135 142 323
130 205 182
181 185 1
127 210 183
193 211 746
131 42 159
33 218 820
159 27 21
206 146 723
58 70 624
171 137 627
110 37 815
111 109 229
116 38 841
112 33 567
2 20 821
175 89 922
19 202 66
49 148 694
127 9 921
187 208 524
73 79 517
1 111 676
121 101 632
43 81 423
14 70 715
84 31 414
192 131 369
76 131 511
114 1 79
13 109 865
175 30 114
45 106 798
178 53 208
204 81 835
137 219 148
176 70 841
49 13 733
38 64 35
202 216 8
43 196 498
50 196 162
167 187 185
39 192 320
193 73 65
64 48 614
80 162 427
70 13 657
168 214 299
147 54 851
85 14 853
46 104 104
61 103 386
101 37 521
127 53 410
145 67 648
91 186 363
58 157 5
97 83 977
94 136 86
131 189 39
133 35 786
136 130 887
124 102 582
45 84 936
61 73 739
179 21 674
58 194 546
24 179 295
148 210 255
150 197 335
110 170 972
94 60 660
70 83 598
196 181 883
75 175 918
10 140 90
169 70 407
4 6 464
26 219 257
127 7 514
80 83 741
16 43 841
111 122 372
150 116 277
102 101 590
213 85 499
146 105 950
164 145 385
189 40 234
10 113 178
208 47 521
24 35 508
22 76 384
210 203 94
57 127 909
118 146 252
145 199 481
170 55 642
87 135 251
85 60 736
14 90 91
125 207 864
44 82 727
67 46 11
189 205 772
19 68 445
121 113 680
170 135 345
143 68 346
151 56 548
200 89 255
143 51 910
11 36 959
205 58 236
104 206 241
23 49 901
167 61 856
123 115 792
146 110 245
18 20 618
193 64 259
205 18 698
218 143 885
183 64 536
58 188 266
121 112 561
134 62 121
52 148 915
102 54 176
184 196 773
147 10 419
68 78 948
178 95 142
31 126 172
100 1 871
1 163 11
85 133 556
5 4 506
170 59 956
142 114 28
182 145 89
48 147 957
145 154 70
178 130 484
15 19 761
193 160 523
121 20 504
213 184 122
37 121 986
15 121 543
46 70 20
219 209 850
28 190 967
1 136 123
53 148 669
118 113 900
25 16 354
216 184 770
127 81 26
132 85 752
56 40 594
63 188 2
148 28 486
41 178 869
199 154 838
188 73 218
2 62 782
91 19 775
44 32 855
69 36 605
122 169 379
111 79 493
85 61 824
200 37 374
204 151 899
8 26 892
123 209 432
186 136 94
97 93 242
34 139 955
187 136 177
192 185 412
104 76 544
49 133 526
24 67 277
84 199 945
36 184 646
22 191 532
31 124 104
185 46 606
4 96 212
94 146 245
157 194 536
193 88 175
19 170 170
97 215 596
172 78 142
42 25 365
178 182 619
186 199 75
6 99 602
153 84 188
26 109 861
161 60 250
34 58 272
211 206 891
113 106 722
88 124 443
24 48 291
4 44 244
37 59 811
144 18 577
217 139 155
82 172 466
35 140 867
19 55 745
182 64 141
120 207 563
100 188 869
182 147 518
146 136 500
206 54 364
212 140 50
89 61 533
113 214 836
115 65 42
169 61 471
31 203 381
184 145 547
91 93 382
82 171 322
129 166 338
210 101 765
209 66 605
154 183 597
46 79 965
80 199 683
33 70 2
138 61 301
40 184 105
16 117 687
165 148 178
180 199 852
205 208 316
64 134 181
14 208 178
183 209 819
172 71 262
183 127 539
81 8 282
132 30 675
123 130 105
32 121 60
127 212 743
202 214 693
170 40 412
101 120 359
15 177 258
121 74 670
1 76 633
76 98 78
190 132 446
44 118 615
85 143 650
121 181 340
177 202 116
79 209 63
170 138 461
133 55 841
30 134 612
124 74 178
76 63 501
73 103 999
152 86 5
187 196 286
117 190 659
205 178 44
35 166 427
87 202 15
161 4 491
64 2 485
34 125 313
166 121 679
4 1 691
110 136 832
19 99 848
79 199 72
172 107 334
13 188 1
103 161 387
172 171 327
97 68 916
39 217 291
50 19 138
34 61 999
33 208 751
175 124 355
196 134 884
161 44 17
202 184 715
2 32 59
202 93 28
67 97 675
38 28 912
187 8 638
91 159 741
83 21 315
7 102 250
44 181 65
49 11 498
63 141 847
28 6 500
7 26 22
96 160 774
184 67 779
211 196 836
5 127 394
74 21 191
151 37 901
56 91 404
88 130 687
52 14 898
103 85 287
190 78 951
66 43 272
133 219 448
184 147 760
76 153 36
102 193 871
13 179 981
175 112 496
59 119 865
13 156 181
28 105 966
175 149 899
205 122 271
118 192 48
121 29 308
3 151 423
100 6 886
202 37 99
133 177 83
109 189 490
167 22 13
10 112 227
168 185 687
88 97 154
203 1 250
109 192 858
145 61 692
26 169 677
184 185 388
194 143 377
76 94 166
197 65 673
139 168 616
91 147 641
91 109 771
24 59 963
91 67 561
175 189 979
152 169 382
34 88 820
139 206 199
92 102 585
191 171 547
43 178 734
67 218 173
170 178 703
82 120 535
203 3 375
202 217 525
144 52 527
57 171 280
208 20 902
144 183 413
99 115 206
198 114 985
34 64 265
76 170 805
94 20 866
157 99 673
198 12 676
19 167 706
198 19 60
209 155 473
139 92 890
195 214 944
177 190 546
156 54 906
129 10 455
103 88 32
123 43 801
205 154 971
61 200 590
45 169 167
174 170 177
67 189 298
169 56 848
168 78 864
136 61 107
120 79 156
40 191 218
129 164 276
144 157 267
162 176 593
174 208 819
24 125 735
161 30 97
7 190 501
91 88 852
137 203 524
53 140 590
58 82 866
151 157 955
88 32 434
166 183 757
26 11 5
135 94 626
205 52 124
39 46 669
57 73 62
92 154 864
148 116 817
84 143 491
160 157 538
115 62 687
8 52 372
130 41 396
29 164 155
206 61 689
96 86 249
97 8 797
196 71 811
52 176 277
70 130 409
32 55 765
55 53 933
147 93 760
181 22 675
151 19 69
197 205 979
120 167 938
74 199 592
175 36 735
99 174 408
64 169 354
67 53 305
139 155 519
69 84 858
114 151 849
85 219 502
193 202 223
139 43 851
144 3 599
22 58 936
189 22 233
209 6 777
113 82 277
142 147 574
198 185 213
197 20 455
10 89 488
131 61 890
17 157 341
11 23 49
203 62 163
118 116 346
218 79 997
142 70 615
42 74 25
72 100 581
193 31 322
118 67 68
154 125 829
84 57 344
88 147 536
43 184 841
211 100 493
166 86 708
23 88 431
9 196 32
64 123 807
157 186 581
80 145 949
88 213 295
176 151 852
151 175 68
181 65 243
13 75 291
217 101 801
35 162 689
167 148 128
37 33 947
67 28 255
106 1 3
41 1 336
52 129 322
59 88 764
202 47 669
96 34 474
6 127 364
193 163 696
45 147 460
70 32 89
70 19 322
139 83 107
20 40 277
34 67 760
177 116 117
82 125 774
153 178 687
154 57 606
26 23 432
80 193 32
76 3 20
70 208 124
151 216 818
4 135 594
142 9 547
126 206 769
165 94 588
5 132 988
118 181 789
183 214 174
105 115 782
152 113 783
157 182 462
117 192 415
139 112 990
179 133 253
22 46 114
173 89 235
66 113 307
45 208 635
167 211 974
134 52 632
15 22 202
18 67 641
33 10 40
66 106 706
202 176 589
7 19 379
40 43 945
198 207 190
23 87 872
120 85 335
158 105 632
46 16 552
90 182 254
217 180 578
209 195 364
174 187 90
203 162 82
132 59 843
67 74 104
188 1 915
152 184 520
60 102 645
96 118 795
93 140 237
64 175 320
182 105 81
115 76 574
62 102 853
177 121 981
60 172 485
217 178 442
58 168 245
133 121 77
175 120 577
148 140 440
179 58 203
63 156 20
31 59 273
166 73 838
211 52 361
74 81 71
86 143 809
193 94 389
112 52 572
67 14 840
205 145 339
143 109 165
4 13 515
46 218 93
46 50 656
95 59 18
14 181 445
136 91 125
154 128 195
213 210 190
116 152 496
118 217 482
182 148 982
162 88 97
114 85 429
182 124 328
151 154 673
40 88 839
5 144 254
127 185 219
41 68 346
158 94 441
34 80 611
38 187 579
49 14 201
111 146 382
70 138 326
139 167 653
153 131 829
109 69 418
72 13 51
56 149 221
126 215 193
33 93 252
96 100 385
40 163 849
17 22 995
217 186 73
204 150 391
111 169 968
180 39 570
147 214 487
7 113 915
214 9 555
178 13 971
191 166 890
106 30 598
118 92 694
53 109 404
46 63 795
132 58 16
151 73 809
84 121 656
9 172 162
141 80 822
127 152 840
152 155 690
166 26 245
125 174 326
185 5 152
214 56 49
142 93 2
213 207 389
181 189 449
91 94 236
84 61 586
60 88 72
7 120 482
204 187 712
193 112 966
64 61 911
143 38 829
166 29 687
181 35 186
68 148 250
32 142 525
171 70 345
211 165 313
142 127 526
17 16 835
39 76 666
104 148 598
1 20 918
67 55 932
61 1 500
201 74 879
183 87 260
75 129 783
153 73 47
99 196 755
204 186 630
147 133 3
102 136 407
171 50 581
206 12 517
101 11 980
124 188 346
139 129 782
71 8 981
112 113 32
151 105 938
53 85 551
146 52 693
41 42 889
158 191 244
194 138 440
94 141 286
199 103 282
216 170 680
4 124 885
119 70 908
56 49 910
115 180 227
187 172 193
42 115 379
175 32 582
145 141 149
115 37 22
10 37 878
172 152 795
155 52 362
197 40 894
11 112 541
154 70 552
93 119 121
88 207 752
39 52 898
157 87 679
214 175 184
106 167 112
188 133 546
179 107 444
151 213 87
209 46 839
37 137 956
46 91 739
91 128 721
62 83 61
184 151 842
179 121 622
159 212 835
136 128 280
209 58 972
132 71 487
57 147 638
178 127 177
70 44 851
4 97 657
45 95 159
172 47 182
60 4 162
103 94 671
75 78 504
106 196 302
157 15 391
163 188 48
75 5 690
203 80 265
19 96 524
55 38 814
206 43 189
88 219 503
22 157 232
43 138 570
25 190 854
171 64 994
160 114 453
88 96 377
154 161 380
126 148 516
84 126 767
78 106 250
51 23 950
187 106 327
124 148 479
39 196 538
42 22 230
154 71 808
219 202 814
136 168 962
127 182 364
46 86 101
71 115 130
118 21 608
162 209 127
116 100 272
88 79 547
128 203 647
130 68 895
152 195 31
109 113 920
29 13 63
8 9 583
54 16 540
122 140 538
174 132 168
160 100 213
142 205 340
89 86 465
79 25 203
96 210 261
48 39 927
172 17 940
204 25 775
124 163 446
88 19 14
68 86 717
129 133 442
115 200 116
205 60 998
215 191 782
104 34 207
195 5 881
125 182 681
157 132 328
22 64 213
44 35 661
156 10 757
168 79 403
64 148 414
195 44 796
178 211 113
7 202 143
104 27 506
154 34 370
103 69 463
190 55 992
158 181 903
100 156 424
170 149 355
184 71 807
184 16 28
190 154 190
203 118 75
213 55 272
197 88 713
69 87 27
57 203 484
140 129 508
27 149 985
7 134 188
82 129 316
54 121 299
110 209 11
1 31 107
96 136 978
193 4 837
63 163 498
69 125 323
201 12 364
130 66 386
101 40 316
139 52 738
155 199 732
14 64 779
105 5 634
218 207 335
76 49 169
85 148 153
7 28 345
42 1 23
97 29 675
31 4 824
156 216 65
100 181 770
55 125 395
101 214 708
114 7 486
7 194 674
67 59 34
134 100 206
163 91 358
97 157 124
207 182 986
55 94 941
13 198 898
1 43 721
87 150 206
189 35 267
74 210 881
201 92 106
217 109 357
133 214 955
131 78 229
43 157 345
20 57 265
111 29 947
172 20 340
87 76 42
141 105 211
128 4 614
106 55 970
77 142 830
66 4 91
194 1 391
150 115 937
138 160 388
84 80 980
136 126 220
189 190 422
52 107 653
19 166 122
189 132 693
4 189 160
113 128 377
206 170 890
59 55 313
172 111 296
213 154 684
170 194 734
147 154 761
46 150 187
21 67 788
137 39 657
199 203 598
31 39 935
105 75 521
131 109 247
214 82 296
53 166 926
160 6 839
79 33 798
112 57 995
193 166 163
51 114 947
35 200 550
100 59 916
196 89 672
214 187 211
126 169 576
182 15 813
121 125 756
84 169 511
199 46 358
142 130 387
79 146 394
177 151 187
147 127 565
150 111 54
57 26 542
4 82 237
48 207 88
106 164 990
91 193 646
119 35 926
18 25 840
184 104 838
180 157 121
45 201 454
178 52 367
205 165 7
158 115 98
73 172 854
86 75 796
27 184 951
214 61 212
13 192 755
156 169 156
142 161 337
58 91 702
39 185 187
125 148 590
88 31 524
11 19 630
11 73 75
17 192 510
137 208 232
13 193 471
58 36 572
64 151 204
95 133 834
79 93 880
139 209 903
53 51 949
149 122 159
179 208 895
104 170 860
157 199 138
90 11 225
214 86 380
163 114 613
38 157 470
202 17 793
51 95 971
211 142 996
193 182 727
79 105 166
130 50 312
169 157 917
87 40 169
129 34 126
145 116 868
168 112 46
209 59 82
87 200 421
161 131 89
91 81 452
133 21 502
18 58 707
19 83 207
16 58 332
161 79 657
125 157 351
51 100 456
76 155 486
3 182 156
63 88 5
16 111 977
106 22 709
19 46 440
34 13 344
84 11 215
35 154 745
182 6 558
53 155 897
83 147 64
21 85 957
204 164 767
141 201 357
22 142 566
69 54 378
149 182 6
146 116 283
160 43 416
4 142 299
81 28 769
73 1 602
36 154 87
13 28 34
11 82 414
34 30 821
103 196 826
44 100 48
202 201 431
70 131 340
98 208 327
218 159 70
84 202 702
180 112 793
136 55 342
184 68 376
160 73 292
211 184 808
7 65 30
96 25 882
168 36 792
140 55 93
178 97 304
183 153 207
19 37 753
40 39 271
176 29 981
55 206 365
130 110 238
190 202 340
46 27 1000
75 113 238
4 86 24
18 216 198
25 37 484
141 123 492
177 58 484
125 208 114
9 61 957
112 181 83
188 119 688
23 208 561
216 20 453
134 205 23
133 74 740
31 70 322
21 29 846
180 63 543
180 178 895
10 76 263
8 69 138
118 8 335
142 82 484
159 24 688
183 168 21
56 82 1000
121 105 173
65 214 686
74 163 473
124 184 383
215 84 595
181 134 361
85 40 677
185 23 937
52 121 876
213 40 369
155 166 47
105 49 777
26 37 104
69 105 657
118 214 634
138 115 581
157 100 246
75 79 810
156 16 702
70 202 991
15 145 575
170 184 922
139 76 750
17 7 675
24 63 106
109 14 386
73 75 760
149 161 698
167 98 106
86 92 519
218 112 956
201 120 371
106 168 175
73 158 412
160 130 861
73 33 222
181 148 961
45 153 941
13 194 913
24 207 250
63 101 12
182 50 310
13 82 446
92 35 124
187 211 823
122 1 54
22 115 300
115 19 467
186 1 581
136 209 911
48 82 848
82 83 905
84 165 670
184 109 452
168 205 723
93 26 17
65 166 440
109 64 887
163 126 19
191 67 845
40 33 285
213 186 953
14 13 253
135 106 136
180 198 562
43 211 291
56 205 872
4 202 951
100 129 378
4 55 207
84 184 579
51 178 814
127 85 774
96 68 242
63 214 260
92 210 46
18 94 346
180 193 438
34 127 802
79 67 446
47 166 823
24 103 723
157 173 571
4 139 974
121 99 646
136 34 305
61 143 840
108 198 595
79 158 67
169 69 503
74 94 947
85 8 931
131 11 805
118 200 891
67 144 462
145 86 890
73 203 793
100 81 194
5 93 140
12 97 921
78 70 44
8 55 816
73 152 953
178 65 46
65 132 160
115 133 422
69 116 975
149 38 342
200 113 534
202 26 475
61 101 395
38 42 7
35 214 759
97 70 131
201 24 456
157 150 690
100 85 277
11 161 404
169 34 580
113 19 217
128 125 812
64 43 6
61 72 483
109 213 392
111 62 605
187 113 764
6 16 541
199 40 13
154 171 984
123 207 25
94 159 203
79 13 763
175 216 311
96 129 956
58 9 718
187 36 144
217 79 824
91 47 136
62 94 980
118 90 87
132 19 407
184 217 362
100 79 739
88 4 419
136 176 834
136 101 56
57 133 996
24 44 825
1 57 496
192 49 203
179 32 831
185 31 473
83 29 160
12 47 198
81 25 469
185 177 948
140 175 781
204 145 533
112 64 854
55 6 663
88 217 906
140 133 719
97 134 507
42 199 392
10 15 691
139 137 348
40 145 966
189 187 87
143 178 77
169 74 702
205 34 573
160 25 640
139 216 137
68 106 825
214 130 901
165 191 731
153 8 147
96 184 449
65 149 590
47 88 433
181 43 391
112 85 688
106 185 886
100 58 732
114 70 248
58 46 912
11 185 658
33 155 597
191 56 586
70 166 693
2 202 171
217 76 782
186 196 986
165 22 243
94 211 404
115 111 1
101 208 849
181 13 242
134 119 191
85 28 638
190 114 886
85 183 468
145 76 958
79 80 642
91 86 56
191 85 125
165 19 353
134 92 774
91 121 455
84 142 290
88 44 542
174 28 850
103 1 205
184 28 375
64 209 444
60 21 147
152 168 872
6 175 12
73 26 703
181 88 620
42 88 427
55 139 267
11 108 666
155 176 91
122 176 311
53 70 592
13 111 153
19 134 67
120 31 608
81 130 422
88 180 297
131 98 338
139 53 875
10 73 815
144 85 243
47 217 14
183 161 649
119 142 50
97 138 976
88 28 162
120 13 169
31 83 593
42 129 65
134 148 692
127 202 341
29 140 313
135 194 612
96 194 650
50 59 483
199 64 395
82 156 170
175 97 578
1 23 870
10 191 812
23 114 924
31 73 93
201 129 619
204 149 797
115 20 916
184 179 347
136 5 947
183 157 201
197 28 592
21 159 510
44 208 323
180 27 153
131 31 445
98 28 957
173 16 560
42 121 924
198 58 53
141 3 288
54 136 358
106 64 401
209 88 275
213 25 857
113 16 354
150 18 82
191 213 901
82 40 956
79 187 190
196 140 988
121 132 526
10 7 315
129 21 636
47 127 415
140 142 931
178 152 74
162 193 308
14 157 916
197 193 766
142 122 879
79 19 1000
153 36 424
84 75 792
154 115 260
131 102 166
69 37 926
139 148 486
163 65 956
110 94 587
22 87 599
28 20 277
205 28 327
47 178 747
29 167 791
68 24 196
109 208 523
124 214 958
27 90 790
165 178 230
69 80 559
92 132 755
36 150 748
62 177 147
204 193 955
103 160 601
50 22 695
58 176 84
86 82 98
62 86 431
47 138 41
74 36 678
199 166 982
49 164 59
71 43 466
92 218 18
70 67 473
205 196 996
61 185 608
41 161 195
1 2 776
73 108 686
172 96 458
15 196 746
33 154 236
85 82 718
57 76 870
176 95 758
143 182 151
77 146 22
46 184 82
212 79 922
59 92 736
128 169 599
155 10 664
178 121 314
95 136 903
202 189 799
43 44 800
98 184 182
99 213 13
153 101 696
13 190 295
4 85 537
103 4 258
108 173 572
196 104 237
99 217 797
94 108 817
34 114 61
20 4 703
171 170 305
37 136 461
196 173 969
210 121 417
190 94 963
34 172 751
152 22 307
10 43 774
67 165 797
201 70 483
20 86 572
61 48 128
154 143 710
134 76 546
112 141 798
132 187 759
93 200 215
15 214 846
47 95 421
189 169 412
23 121 434
72 192 446
157 175 470
38 133 829
12 196 130
41 186 588
173 194 142
1 124 174
120 116 64
74 64 739
31 137 266
54 144 748
119 129 458
187 4 341
147 196 703
163 190 922
202 28 840
163 133 393
50 106 208
167 206 673
108 141 56
118 103 540
109 165 789
182 32 635
36 162 728
204 13 826
153 205 86
54 196 84
118 100 944
50 28 752
92 36 811
19 43 743
80 88 453
167 94 808
141 85 774
15 178 831
128 90 154
123 19 136
94 6 529
73 36 247
59 76 158
153 112 471
8 19 171
64 217 310
171 1 201
29 78 24
103 79 312
131 124 952
219 12 693
70 205 460
123 154 771
19 84 768
79 126 183
3 75 628
202 111 12
153 125 837
212 55 522
211 11 199
211 18 851
212 124 722
88 201 501
213 122 871
82 160 472
204 106 537
33 91 258
58 90 288
28 115 285
75 133 514
109 135 210
45 10 347
163 55 649
8 87 957
19 196 826
134 15 22
31 16 994
80 123 989
160 102 987
213 19 399
117 129 377
17 52 16
34 107 245
204 147 34
196 61 3
172 42 290
195 164 733
126 147 330
190 158 736
140 90 502
192 181 39
57 192 65
106 151 137
25 113 787
9 52 794
18 202 732
205 177 62
37 38 67
140 168 276
135 85 860
73 7 339
212 70 128
151 17 807
176 111 945
1 174 576
102 104 338
10 70 220
203 49 186
58 197 608
109 40 415
128 193 176
144 174 638
12 168 634
43 86 153
107 185 624
128 172 978
160 26 565
186 56 502
57 64 168
151 173 514
9 130 610
172 160 927
167 34 637
79 48 607
166 156 648
187 46 426
40 113 634
127 61 149
97 115 397
147 179 141
46 25 338
141 1 275
190 204 926
129 59 950
6 184 359
52 185 939
46 53 537
40 84 952
18 132 899
158 118 535
208 199 542
101 135 248
32 172 34
213 146 192
172 178 976
46 94 935
124 79 367
169 158 935
124 112 776
4 145 699
100 189 854
146 147 328
148 65 442
36 26 942
212 152 77
174 109 789
2 58 739
157 102 815
190 161 740
164 139 213
160 19 446
124 35 95
197 19 684
134 216 68
51 169 692
115 168 291
218 167 186
37 24 617
119 217 918
112 154 895
155 157 828
48 99 424
63 31 982
176 124 183
153 147 733
42 46 797
5 197 453
139 210 465
170 182 415
24 118 331
206 3 610
177 188 206
82 106 66
130 90 200
152 72 194
7 131 907
10 214 526
198 55 356
204 102 426
21 92 162
166 142 738
214 46 299
206 106 338
154 76 797
173 168 958
82 217 555
158 88 941
80 150 490
7 203 515
166 61 548
195 58 260
20 201 793
88 101 380
118 207 989
61 135 770
198 28 941
39 96 350
22 72 466
204 7 269
164 19 377
200 17 116
121 72 371
90 89 700
112 5 379
148 25 983
181 64 840
126 61 987
37 177 714
87 151 561
61 192 836
96 76 379
166 177 708
25 159 159
47 205 62
97 184 356
58 185 647
178 186 212
22 209 834
23 117 632
211 147 922
110 129 479
8 91 583
200 67 260
52 28 803
171 106 330
13 45 148
129 199 405
55 209 279
210 131 872
113 76 495
13 148 786
70 127 836
34 29 223
156 147 44
25 109 333
15 172 607
196 24 692
9 21 240
78 128 96
127 111 787
127 167 160
36 87 536
27 106 922
63 207 723
180 206 442
167 124 440
94 25 939
152 92 577
25 97 902
109 100 781
165 64 379
135 73 988
152 94 118
211 185 854
37 158 773
144 154 615
216 35 863
115 202 599
95 171 42
26 194 983
62 205 189
64 107 463
161 211 521
151 145 539
208 141 899
106 207 119
68 52 451
97 80 308
45 55 185
37 61 673
205 29 953
9 129 80
205 26 712
172 142 545
103 40 41
109 68 508
34 40 929
112 34 650
40 70 684
7 83 48
109 153 892
189 30 57
88 66 456
77 190 124
213 205 377
175 55 775
203 112 808
9 136 447
136 106 569
6 165 821
103 12 490
73 154 871
175 73 97
84 70 228
204 198 150
106 49 713
197 185 708
179 46 144
148 177 655
85 118 934
117 42 361
165 145 693
215 3 145
189 165 77
66 117 10
30 67 734
116 151 373
70 134 398
38 1 871
128 142 192
79 170 342
1 39 53
86 190 451
10 125 102
100 70 789
74 55 797
47 104 108
208 183 40
181 110 531
114 208 52
129 55 445
140 12 77
85 115 216
11 160 791
179 193 300
25 140 929
144 1 502
151 36 119
196 133 624
46 212 452
3 60 201
131 190 965
204 202 24
155 135 134
18 52 418
139 205 797
202 44 252
54 82 754
64 201 213
152 101 756
124 16 426
203 130 845
97 91 822
147 52 118
171 25 257
46 10 138
186 70 963
147 39 503
13 66 69
34 145 624
151 189 266
181 172 711
151 35 893
176 43 407
149 34 345
147 38 624
116 137 409
67 179 988
21 192 564
159 34 45
168 134 27
39 113 155
80 122 1
117 96 915
58 202 886
108 203 114
174 5 671
66 167 787
127 138 45
112 114 38
133 208 513
25 175 978
41 90 655
208 207 673
23 217 189
162 66 299
202 150 390
157 86 169
213 4 219
124 207 771
95 147 924
70 136 786
183 88 490
209 76 239
169 49 722
205 67 635
38 138 656
186 146 280
113 166 938
144 87 107
154 91 478
154 189 313
159 126 701
178 145 146
82 36 625
218 136 328
190 85 565
45 216 29
114 109 963
23 163 127
193 127 401
7 46 800
64 52 881
74 126 492
30 216 527
58 98 17
136 52 663
111 116 181
76 88 340
92 207 978
106 99 453
128 85 160
46 210 244
208 35 63
70 200 839
172 69 981
110 125 147
83 181 367
210 145 584
62 28 704
212 145 310
46 40 270
208 57 545
21 184 277
115 40 838
133 56 102
165 143 296
162 37 779
34 37 583
134 79 560
157 85 505
35 88 427
109 78 737
170 142 35
191 70 580
115 174 756
142 16 918
124 98 502
94 38 622
175 29 884
47 148 2
128 148 131
188 152 219
76 143 263
167 205 506
32 163 275
56 59 104
178 71 812
192 184 789
214 67 988
98 4 222
181 154 867
106 156 853
105 67 742
115 53 218
31 34 820
8 157 37
109 133 478
46 157 895
14 45 876
49 31 371
147 166 666
173 208 667
62 25 829
215 151 879
140 160 521
154 55 531
6 155 258
28 40 609
144 133 35
146 179 600
10 128 58
8 23 676
58 120 976
65 164 725
69 76 700
190 29 92
73 81 522
34 19 233
89 70 140
85 197 675
10 151 665
199 141 318
68 16 777
177 19 801
120 187 69
128 79 110
12 217 357
27 43 301
20 198 511
154 64 961
116 205 255
67 29 266
188 129 588
46 137 976
107 111 6
133 14 57
36 86 814
79 198 310
187 144 521
160 77 288
26 76 800
160 144 286
172 52 884
53 86 69
39 206 641
101 127 837
26 177 126
17 25 293
68 175 187
94 92 329
88 109 905
49 196 241
153 126 347
81 191 276
87 97 468
12 9 297
56 89 77
121 189 988
145 75 836
74 12 40
181 202 222
133 217 687
153 37 587
9 211 508
34 45 849
47 151 112
58 144 162
138 124 908
73 64 255
172 169 150
47 37 95
83 12 549
185 136 267
73 92 525
112 71 72
31 216 296
61 110 34
188 126 77
115 161 226
109 74 303
68 71 934
121 14 653
157 158 575
41 80 325
20 88 764
103 97 157
115 219 9
55 91 386
102 80 877
69 141 777
217 214 733
206 113 71
62 97 408
74 13 923
103 59 571
146 139 248
172 197 254
163 141 914
94 199 34
76 157 475
57 156 963
136 57 939
175 213 565
38 202 892
217 10 184
201 13 321
124 94 868
82 78 876
149 26 847
3 109 622
94 185 715
82 139 224
70 76 706
87 121 620
174 17 152
133 102 175
68 147 426
198 215 679
19 138 498
18 199 22
66 203 858
77 19 557
151 102 59
77 76 618
99 206 653
57 28 174
218 19 940
211 136 540
28 216 888
28 136 377
132 196 887
28 91 207
199 78 840
145 155 224
23 25 544
4 61 724
115 205 583
46 122 831
148 11 46
152 179 734
51 76 552
218 101 307
196 121 342
65 193 65
7 93 729
32 68 803
214 213 168
77 60 442
137 157 626
101 107 214
181 124 66
16 180 66
135 22 690
157 127 564
146 205 352
118 91 310
53 154 318
139 21 604
157 91 456
114 187 346
136 43 116
85 44 650
133 199 520
33 184 962
196 7 569
11 45 204
36 174 679
37 57 358
144 115 775
201 139 371
148 63 910
56 13 204
148 83 401
112 60 623
51 40 883
139 16 739
112 136 512
169 167 931
19 40 688
214 161 186
30 184 437
173 55 792
6 146 874
58 216 282
161 109 327
166 162 191
118 120 685
131 37 180
158 149 547
80 15 30
49 193 913
127 28 532
133 178 587
149 156 42
77 200 263
210 153 999
133 135 614
174 58 739
80 153 646
73 210 12
133 145 353
202 78 411
91 70 300
199 152 24
49 182 429
192 139 716
63 190 150
121 109 68
198 148 841
112 36 889
113 103 306
18 34 872
5 201 715
30 108 98
124 43 115
185 120 342
187 194 2
150 174 988
85 113 661
43 97 673
133 94 266
46 68 928
52 3 137
92 130 872
43 129 229
42 52 14
118 148 976
87 122 988
101 190 220
145 9 341
37 94 153
165 1 811
22 99 191
182 40 578
190 61 583
154 26 339
201 180 452
53 123 389
124 33 983
213 209 777
196 3 786
118 77 718
50 214 149
134 91 370
199 8 94
121 70 476
129 51 12
70 209 826
167 65 229
109 172 659
79 83 413
90 121 635
53 217 180
103 145 428
72 109 985
53 73 47
137 52 253
36 43 187
5 12 50
24 112 3
132 195 414
133 141 181
166 22 941
166 36 788
154 23 444
196 179 656
63 171 658
196 13 699
52 7 67
16 60 101
60 156 255
73 40 501
51 125 699
127 190 616
159 167 873
53 54 959
202 31 993
62 51 923
172 115 820
219 163 217
198 7 806
62 5 66
182 199 607
175 171 320
208 203 777
43 65 318
67 83 345
25 58 642
22 97 150
133 165 336
94 176 409
65 97 524
188 91 4
187 100 86
136 213 780
184 108 879
163 17 551
16 76 585
125 97 957
10 18 62
194 22 651
73 19 968
20 151 869
129 214 778
157 96 212
180 212 936
115 186 668
66 210 323
95 118 609
56 193 94
211 215 827
34 196 907
206 124 809
70 42 228
136 189 439
205 112 389
118 26 327
34 54 43
211 149 135
12 22 150
124 27 694
45 178 392
163 7 507
79 202 440
73 28 579
139 113 538
157 64 471
165 121 930
79 72 228
59 145 460
187 118 442
144 202 791
152 133 365
196 217 762
100 37 760
52 120 55
218 181 237
135 27 189
88 110 254
91 119 551
94 104 923
32 7 299
196 25 349
172 120 193
112 18 597
165 168 317
85 154 637
122 218 908
177 134 878
164 94 700
133 82 306
136 107 970
182 74 937
205 65 445
115 132 331
13 17 42
34 52 510
210 94 675
9 215 849
88 210 689
61 204 474
22 215 534
153 60 606
175 82 656
13 55 149
88 179 910
76 118 895
13 67 682
32 162 970
107 211 40
157 192 881
113 217 140
190 4 695
116 172 506
21 57 736
52 173 278
196 198 810
139 120 665
208 16 461
91 72 351
68 94 262
117 62 47
74 27 840
160 169 407
184 174 215
22 4 738
164 138 396
74 25 31
31 163 947
19 146 294
32 82 777
187 162 815
19 206 571
95 36 215
96 178 474
110 148 834
13 170 725
186 211 497
50 80 269
104 31 918
7 119 885
70 47 313
125 178 333
121 48 992
157 124 469
161 180 337
102 154 367
36 96 272
136 4 369
83 69 758
76 181 700
43 191 597
30 121 93
205 201 497
1 216 750
202 205 671
110 111 145
19 28 672
85 124 750
135 189 511
196 37 824
2 123 846
177 156 152
47 115 868
50 184 80
63 211 68
206 20 602
159 84 906
167 131 596
110 151 263
8 214 913
194 161 927
64 218 741
153 179 985
128 77 923
20 34 416
50 97 566
190 195 73
190 199 654
118 160 190
219 158 476
196 160 239
4 57 676
166 58 930
120 132 763
58 141 116
110 133 79
200 145 880
37 218 624
46 139 804
134 94 974
89 110 996
148 61 855
157 148 438
82 219 900
177 74 319
187 117 845
97 45 814
194 31 76
193 121 861
154 214 46
216 69 605
192 96 885
152 91 780
1 187 576
45 124 192
202 116 496
39 64 128
100 117 92
141 10 649
7 23 40
129 173 955
49 6 616
159 217 907
127 173 241
38 204 43
173 43 447
81 183 631
160 14 905
89 31 58
18 49 832
172 218 847
4 131 177
83 92 403
219 199 536
33 190 834
123 88 979
204 142 543
71 174 988
53 58 330
178 66 516
1 202 94
96 51 142
1 46 576
88 70 277
175 127 453
76 29 708
170 22 226
43 126 428
53 136 249
18 42 933
77 162 658
187 16 999
176 14 396
101 211 553
81 136 717
82 191 780
25 61 34
161 90 103
45 109 423
57 123 332
55 169 135
120 54 227
110 188 671
151 31 2
67 37 57
84 52 142
43 98 454
1 199 380
61 81 821
175 178 917
54 4 649
190 81 71
130 28 406
90 10 729
132 178 885
13 41 212
136 217 830
111 43 740
115 4 533
215 40 627
16 175 306
133 119 756
89 46 347
96 72 35
145 125 245
183 52 332
72 154 780
217 205 209
187 96 406
2 6 467
134 103 529
61 71 499
194 206 947
151 119 553
26 145 300
205 190 622
88 53 688
58 154 732
16 191 375
218 16 123
166 96 340
46 28 317
199 43 962
150 112 422
176 20 4
46 145 437
22 130 898
124 187 842
187 154 700
175 197 553
87 25 718
107 173 531
1 3 233
52 35 10
27 115 620
171 68 685
2 152 146
70 27 283
186 67 366
217 55 973
97 73 70
11 48 59
138 96 642
162 53 576
137 196 236
93 194 831
139 159 918
184 79 741
118 58 434
8 193 144
114 71 329
113 154 260
68 76 196
117 61 157
7 133 613
173 85 781
73 82 501
37 198 675
61 33 636
81 10 352
208 140 759
218 150 310
58 20 541
201 131 110
189 74 370
92 37 924
26 203 40
169 98 516
43 24 644
36 211 12
169 184 897
66 169 50
75 121 343
159 171 178
72 196 112
133 76 762
73 123 652
21 140 366
67 8 862
139 13 594
196 171 837
4 73 1000
60 39 706
173 2 874
21 108 387
145 121 686
159 16 106
59 142 892
20 144 918
124 67 633
50 124 778
218 162 960
13 130 607
139 6 456
97 106 917
52 57 866
37 176 464
60 34 510
46 133 823
7 187 129
202 105 193
184 64 411
31 25 954
63 203 950
96 152 948
17 139 905
58 1 946
150 205 290
13 211 748
155 44 742
134 185 626
119 1 948
77 214 847
132 75 701
166 11 550
130 206 79
22 163 822
4 175 435
18 193 99
11 181 28
130 189 680
112 201 283
167 13 657
31 112 911
16 215 754
160 145 717
182 161 919
188 106 831
25 142 667
133 131 559
72 20 841
166 160 151
89 19 153
91 100 649
79 139 273
123 31 712
154 168 13
22 49 104
122 214 805
73 168 422
19 204 987
103 93 827
161 192 861
119 205 102
65 170 820
59 174 430
132 116 564
194 84 22
183 195 311
7 43 214
202 52 406
56 98 997
131 43 620
219 121 379
187 55 264
10 16 484
217 41 614
193 117 100
85 87 777
217 146 569
206 217 538
130 12 645
115 187 626
130 177 246
149 147 789
209 212 181
118 81 748
157 149 909
205 169 75
91 164 418
202 100 9
94 36 452
39 72 735
192 211 768
2 154 375
169 145 885
61 213 517
76 188 150
196 98 103
1 78 880
154 54 575
107 23 118
132 175 998
9 30 135
106 111 976
106 87 455
53 147 246
83 32 990
217 73 507
98 5 893
7 208 874
106 6 175
121 34 42
25 199 123
163 25 362
204 67 106
32 130 274
15 133 738
95 187 427
37 190 643
31 155 74
214 157 272
181 32 532
29 44 706
92 91 267
193 169 993
203 186 129
22 81 658
133 89 108
196 212 607
127 25 184
166 27 860
192 34 238
95 10 521
171 179 3
209 185 310
208 54 393
135 218 826
209 199 905
154 100 770
202 187 659
66 151 666
204 43 753
103 29 275
176 114 550
38 40 129
64 145 891
164 77 454
205 117 687
54 127 337
182 176 516
166 127 548
180 28 359
98 91 872
127 73 6
115 23 541
14 10 761
187 92 214
77 29 244
215 187 312
25 191 166
207 34 329
1 115 475
136 68 202
142 23 833
32 54 77
141 51 704
187 205 923
139 15 922
84 190 589
2 199 202
46 107 195
148 112 205
184 77 269
112 123 111
126 151 26
13 46 841
137 44 580
142 183 713
136 104 45
108 172 10
210 78 273
112 213 377
74 40 789
107 22 684
20 97 206
211 7 717
2 45 345
146 22 305
73 218 421
159 151 995
41 94 270
142 72 672
126 37 621
88 157 302
10 26 177
217 22 796
208 71 724
103 205 541
52 161 904
61 56 21
165 157 624
43 76 751
161 67 669
208 192 183
157 187 835
103 137 801
77 197 117
85 202 97
175 31 175
190 187 981
63 202 667
108 43 137
40 156 124
188 53 527
199 142 62
152 109 209
156 130 43
22 148 609
47 199 536
177 154 891
43 100 887
187 186 815
61 207 487
199 10 14
114 218 575
76 114 650
137 146 87
73 32 472
4 137 681
91 103 110
25 133 715
35 125 552
52 67 588
28 66 825
173 63 627
128 187 539
214 93 778
99 190 834
198 210 768
132 211 909
138 44 392
110 13 505
10 31 136
148 179 863
183 191 748
97 54 640
13 102 597
174 211 501
35 101 933
27 34 283
43 34 565
88 46 418
103 149 166
200 211 290
124 10 448
62 30 983
110 76 60
85 185 157
158 136 265
70 1 111
199 195 445
2 163 162
211 91 350
78 20 786
18 108 923
132 94 350
134 172 536
190 115 125
80 109 790
45 3 375
184 164 731
30 158 274
160 7 494
110 103 755
25 49 302
10 160 892
123 124 285
25 75 546
85 151 151
29 57 533
106 40 206
209 91 994
215 1 914
208 169 690
130 146 94
60 56 166
70 74 170
76 42 781
74 118 727
32 213 117
193 12 76
87 145 870
74 143 798
106 12 607
187 77 334
140 181 398
84 1 851
117 55 912
27 157 891
128 157 699
205 159 850
173 61 748
199 204 288
115 156 593
187 116 523
100 22 851
83 129 44
187 41 833
207 188 157
66 109 233
130 193 15
139 143 684
19 142 977
88 54 655
39 115 96
191 172 419
198 147 786
76 175 343
1 217 202
114 137 12
116 208 10
81 101 482
170 157 915
139 2 811
124 73 801
184 106 509
174 205 722
97 27 471
67 151 375
43 37 751
84 17 223
148 94 924
206 158 213
211 158 431
208 202 252
34 158 676
93 148 301
182 208 575
218 130 275
139 126 203
207 206 65
137 61 842
139 215 11
104 16 739
218 200 137
123 145 833
203 41 656
107 79 221
160 28 642
153 6 879
208 21 622
121 199 688
147 113 122
153 145 860
49 124 210
35 90 903
143 130 798
88 191 88
120 16 101
214 211 494
55 108 279
76 45 763
21 150 91
162 40 373
181 126 417
103 31 60
82 110 968
91 112 738
175 163 434
140 87 361
11 196 936
189 13 424
177 27 994
212 190 674
188 70 491
56 168 891
112 190 364
169 2 755
170 52 167
43 31 622
104 197 338
55 199 985
176 191 42
189 196 228
136 129 60
62 39 516
118 212 418
115 17 22
11 4 412
190 92 723
118 130 590
12 46 361
88 113 129
175 130 502
49 58 86
91 85 520
100 147 283
196 143 424
4 188 314
40 58 399
198 16 308
214 160 303
4 32 1
153 206 824
80 54 208
204 83 183
64 136 339
157 196 736
55 89 112
18 28 301
208 1 238
199 52 50
129 191 837
49 91 32
135 111 602
113 49 456
62 126 599
111 186 368
189 24 30
87 193 949
75 109 550
13 8 947
151 28 838
76 46 373
193 213 272
213 59 177
78 201 829
157 184 750
123 13 912
27 95 473
74 1 695
103 179 689
17 6 90
28 133 147
64 196 477
105 191 637
57 97 253
144 63 981
97 121 971
43 169 279
14 44 619
66 166 8
46 127 505
144 89 842
140 124 378
9 208 546
190 52 977
26 153 603
94 184 298
109 128 993
47 190 566
100 207 372
127 84 397
197 184 449
190 194 28
91 53 237
125 198 836
33 1 653
160 58 976
109 24 352
152 130 684
37 64 309
120 215 52
103 187 40
109 196 728
109 43 299
133 171 398
24 139 5
169 1 957
211 112 836
106 39 333
119 201 931
144 176 904
27 78 71
188 109 639
100 64 240
205 85 485
60 37 207
90 29 370
8 133 305
34 84 496
48 196 625
7 76 577
104 164 884
139 73 423
175 62 75
108 177 869
36 137 68
66 11 730
46 176 452
121 68 210
205 23 522
8 49 265
64 108 193
147 87 853
55 64 293
202 206 953
57 25 820
88 190 833
103 18 974
164 190 429
37 199 671
35 160 903
211 41 508
37 42 768
154 172 339
99 108 340
8 66 394
193 35 963
89 130 855
59 176 518
24 175 607
217 176 312
1 55 151
72 25 648
19 71 986
214 116 376
27 179 827
194 42 607
145 211 384
211 50 646
61 212 752
58 32 247
57 55 360
35 131 598
101 43 541
114 39 101
151 21 693
183 193 274
22 200 426
134 60 881
145 3 499
174 26 58
111 34 568
163 47 689
128 196 233
58 78 791
109 42 317
88 161 339
48 178 357
28 106 895
190 218 483
58 178 686
126 7 957
218 1 649
48 117 118
36 108 392
25 11 85
108 139 286
63 139 865
191 185 15
35 91 113
169 62 54
36 103 387
67 114 836
111 159 876
119 184 908
140 207 925
65 122 327
219 96 894
203 52 985
193 43 491
38 25 671
175 114 438
219 175 515
137 211 762
56 202 233
67 116 735
143 33 336
125 217 169
35 65 399
130 192 91
76 18 648
75 195 243
180 191 673
153 50 212
169 47 190
86 167 726
201 97 456
55 204 493
88 3 466
7 49 502
38 19 400
83 142 585
3 218 209
195 135 849
55 127 754
66 148 983
129 49 704
126 211 74
93 173 595
166 126 955
69 130 159
198 98 45
124 63 365
64 214 557
211 127 754
127 22 647
127 140 606
135 91 49
32 31 547
143 166 714
28 187 315
121 211 464
3 34 871
42 120 441
73 163 809
46 69 632
53 176 398
109 201 834
56 100 516
56 76 430
110 8 509
95 168 209
18 206 599
30 13 540
9 193 145
35 219 282
195 191 812
45 35 503
109 130 774
142 187 874
3 26 501
131 148 340
196 163 650
195 161 772
100 98 156
118 121 529
199 117 7
187 60 772
192 129 410
162 208 618
92 13 348
54 72 425
159 53 912
23 22 249
4 180 492
145 111 540
37 44 954
79 29 887
4 127 519
115 63 955
99 17 281
18 88 20
100 68 289
48 5 615
146 95 980
43 188 122
9 24 677
184 166 491
208 86 850
68 31 161
130 18 186
73 112 365
218 56 170
194 128 921
7 141 95
78 212 16
130 61 267
1 133 932
82 21 789
32 96 841
96 151 780
16 51 289
63 4 447
1 93 434
114 38 47
4 48 127
7 14 721
171 91 160
193 54 500
178 85 51
204 64 579
24 27 259
100 39 490
95 121 294
86 126 960
95 166 501
93 139 443
204 157 883
107 205 402
123 7 934
162 5 740
187 213 591
112 74 293
207 94 745
106 140 261
127 189 975
187 179 910
61 79 774
157 123 954
35 28 251
25 121 897
189 163 717
31 66 381
91 167 316
16 167 331
133 84 528
66 17 607
110 219 682
40 196 50
187 145 76
61 119 369
49 207 604
36 13 387
31 93 572
202 103 914
131 28 192
72 1 961
49 184 809
169 203 418
106 37 779
1 25 698
139 98 728
71 77 387
175 79 333
62 68 725
212 2 367
200 40 961
42 125 186
33 22 295
100 175 702
19 121 503
128 72 876
63 55 408
141 187 418
80 144 409
17 11 360
103 49 268
46 192 151
28 100 512
120 117 408
24 217 252
166 24 220
21 100 17
208 215 434
204 209 532
30 86 378
211 179 356
194 167 556
67 119 9
54 62 633
165 208 868
187 85 175
83 24 726
145 217 644
103 80 725
78 41 831
82 178 397
72 153 743
115 195 990
52 10 645
98 128 230
9 121 109
58 163 232
73 180 105
124 142 680
136 181 116
122 121 592
112 177 487
12 15 308
145 33 404
136 214 712
148 162 704
61 31 380
143 188 681
13 73 429
147 21 833
55 40 383
129 85 816
200 88 647
103 217 137
203 154 104
181 1 226
121 4 287
192 141 839
219 94 425
33 105 109
25 183 720
107 28 438
179 166 502
106 129 537
111 124 601
127 109 848
98 182 474
211 162 963
49 142 490
1 11 140
73 149 354
99 100 144
20 154 190
134 46 171
172 63 284
164 121 41
13 69 189
160 3 874
95 91 770
6 54 702
203 43 121
70 61 502
58 24 93
206 11 680
148 172 653
10 152 592
145 114 525
34 218 997
4 217 698
203 111 949
30 48 517
184 189 208
1 193 370
6 114 412
93 111 518
32 19 573
95 140 574
101 197 696
70 190 570
168 113 887
16 7 656
196 146 92
91 208 351
179 40 987
103 167 992
34 70 290
142 104 807
172 74 475
73 99 955
54 103 130
78 97 38
173 1 685
199 211 142
166 139 545
59 1 594
82 104 422
7 70 269
98 13 483
121 169 835
139 80 510
49 171 658
29 107 86
58 190 506
128 86 682
202 33 702
40 137 916
31 190 200
46 113 830
183 178 225
196 26 500
34 92 842
141 216 161
12 126 142
188 166 976
27 100 873
127 52 288
92 213 320
193 210 129
104 121 271
104 8 775
101 65 56
88 114 589
180 181 81
170 89 186
82 145 71
21 40 476
112 79 601
14 106 149
168 76 423
62 174 279
219 18 877
75 164 486
215 160 255
41 157 239
56 185 677
13 37 928
61 14 778
160 123 22
32 22 587
81 208 441
24 120 398
148 199 974
33 169 395
12 28 720
28 37 390
103 71 715
31 64 403
212 217 846
43 164 26
34 198 381
41 142 851
94 163 666
163 44 567
67 209 274
106 79 80
73 24 918
6 133 20
208 164 211
137 13 608
14 43 626
98 40 73
190 39 355
66 168 774
94 125 803
87 29 105
184 22 802
201 26 93
141 32 997
116 175 687
160 183 707
100 92 999
159 214 699
44 10 470
166 77 240
77 147 114
168 155 157
176 89 876
54 175 137
172 163 707
56 176 616
175 202 496
86 22 144
178 144 504
184 47 529
184 148 593
7 94 116
82 127 493
175 58 751
166 145 628
159 40 76
218 133 893
70 148 272
109 187 208
206 69 994
94 109 933
129 29 493
98 36 360
175 48 577
213 41 604
82 31 600
30 81 553
49 121 853
172 136 37
115 135 51
13 172 347
211 212 824
85 62 666
26 207 720
73 8 103
99 41 977
99 145 830
197 127 711
10 180 644
31 171 921
22 202 966
48 211 401
174 151 274
163 70 951
5 40 63
91 124 711
60 182 71
8 111 801
92 114 514
33 133 165
200 155 848
19 56 382
60 193 41
20 71 747
52 25 700
113 111 771
121 157 836
4 111 102
14 123 528
26 100 249
54 197 582
39 103 101
88 127 468
1 92 662
31 148 501
89 142 313
87 129 608
105 138 874
41 115 101
146 181 398
72 50 916
198 208 622
147 24 758
184 19 976
7 205 778
74 130 520
193 108 812
131 64 979
35 120 51
85 99 524
5 76 308
88 148 36
50 6 47
6 123 614
173 144 64
29 1 910
208 37 337
41 146 997
219 178 200
112 174 524
32 145 798
82 205 592
88 11 798
11 145 609
121 208 804
85 177 92
103 218 848
130 169 497
111 7 959
169 107 378
12 123 127
13 174 101
39 150 291
118 144 566
23 157 179
4 219 603
33 102 305
217 75 474
70 55 44
118 114 893
49 154 805
68 154 786
49 71 898
91 217 275
118 191 887
31 3 689
163 33 253
57 103 485
23 106 14
19 13 275
134 22 886
103 186 545
29 218 579
13 132 483
64 139 130
164 95 491
194 181 855
145 127 862
7 1 718
160 124 489
70 145 754
108 119 940
22 94 799
135 180 399
69 171 277
193 19 473
85 52 310
37 185 289
199 81 88
4 165 367
152 20 344
68 13 948
72 167 100
104 52 539
215 45 683
29 43 927
179 43 483
94 73 515
87 166 139
149 167 129
126 187 7
157 36 32
14 58 865
160 186 500
28 74 117
97 105 430
196 41 303
166 202 819
52 200 655
196 172 124
71 155 903
144 12 163
170 205 624
129 219 921
55 72 288
98 204 31
31 139 915
52 87 474
208 11 14
179 97 696
202 174 390
195 145 659
7 148 579
101 68 795
151 90 233
173 147 137
133 79 849
192 98 692
102 182 980
1 110 905
108 82 532
144 103 659
80 55 121
170 140 99
21 166 892
68 202 377
2 86 693
169 90 848
208 143 325
118 19 823
64 99 767
64 186 437
86 97 977
133 125 48
34 97 230
78 160 586
166 117 46
102 5 889
199 13 776
166 2 105
12 79 934
17 72 143
22 193 503
46 92 719
75 87 897
132 88 239
203 200 34
72 137 343
174 146 357
5 54 930
191 119 556
185 157 576
74 110 525
97 137 44
88 52 693
179 4 715
197 34 499
94 160 825
87 171 614
139 95 56
74 107 483
111 182 887
113 63 285
151 178 765
92 40 294
199 122 330
181 167 265
51 211 107
184 29 807
160 49 21
10 174 964
154 24 305
191 117 496
161 75 605
156 128 755
118 112 821
69 43 726
146 142 246
175 166 864
79 162 325
195 13 954
59 110 654
99 184 418
127 130 155
127 196 494
175 196 412
121 154 591
121 217 525
207 112 5
201 1 145
72 119 223
36 181 282
214 52 348
45 67 553
40 100 836
24 80 481
93 112 990
21 23 850
46 51 452
7 147 564
151 22 585
181 160 633
123 186 111
1 64 425
134 166 906
192 124 712
148 142 502
4 42 143
91 197 777
150 4 933
16 157 614
172 90 657
101 151 167
131 95 533
173 130 807
193 186 172
173 111 94
31 147 47
149 25 216
176 142 580
113 91 504
82 206 298
219 148 892
197 92 660
67 181 770
124 117 518
93 44 578
154 163 362
54 22 983
73 184 108
70 165 547
77 106 939
118 139 678
115 74 88
116 121 384
74 90 217
179 214 151
96 23 752
182 197 131
66 102 772
140 139 40
46 129 576
79 86 707
202 10 319
188 202 302
119 113 895
39 97 992
206 1 67
73 52 261
82 151 387
25 76 499
33 196 337
94 89 875
163 112 899
195 76 24
165 11 227
71 46 881
120 148 636
142 2 199
205 45 591
205 136 971
89 120 257
124 204 337
215 178 126
178 129 661
77 120 901
94 115 479
10 136 842
216 38 1
117 122 669
71 127 62
18 13 701
62 70 790
79 89 608
72 202 98
89 167 700
123 56 450
83 217 722
145 1 277
54 131 182
199 6 213
131 158 30
210 83 900
40 185 659
94 51 778
41 59 219
184 165 54
109 58 930
191 175 95
115 88 916
111 14 920
181 187 759
182 43 434
219 20 109
88 71 637
23 133 919
9 57 395
43 25 748
81 54 623
193 178 867
177 76 5
218 202 62
73 130 745
110 211 829
12 42 579
29 137 617
115 67 273
80 202 592
217 26 481
211 175 653
169 138 994
135 181 767
2 84 450
5 41 727
97 7 415
169 199 817
17 35 653
162 177 187
97 75 448
138 205 621
115 136 106
67 126 526
64 190 490
25 138 862
161 124 633
195 84 131
58 138 299
33 58 24
21 28 18
96 62 459
112 54 576
174 16 264
100 103 494
6 124 187
16 26 663
148 115 960
166 122 243
161 141 346
22 136 248
160 184 194
203 25 46
171 216 983
122 115 507
127 40 980
51 166 752
197 133 386
128 74 567
73 55 487
124 190 723
80 175 386
172 129 704
142 115 57
134 160 890
83 27 788
46 109 194
89 3 302
7 165 610
101 149 445
103 181 201
49 41 49
139 59 952
105 161 21
166 37 628
70 211 413
160 116 582
34 76 958
17 195 327
145 22 805
187 19 899
13 140 697
205 160 571
22 111 113
150 198 578
58 108 664
190 129 214
116 158 884
214 151 182
214 79 73
97 52 412
95 184 750
63 184 990
82 7 58
22 82 350
215 165 903
191 116 704
131 62 180
109 34 844
99 127 890
18 201 188
135 74 831
87 48 255
97 207 510
64 105 899
118 186 575
105 214 601
130 171 100
180 145 162
178 196 942
204 184 282
147 99 982
94 50 943
91 99 726
83 36 322
197 159 360
96 64 291
10 164 303
92 209 539
129 22 446
76 186 81
4 186 8
160 163 538
208 69 95
143 25 239
85 46 98
61 121 946
118 190 729
177 71 86
206 67 337
10 148 786
115 182 838
7 108 973
205 193 726
103 157 404
71 30 830
49 123 844
116 10 422
65 15 847
142 38 515
192 175 909
185 22 365
79 44 103
141 68 14
147 89 56
64 46 647
49 28 111
215 59 353
45 43 181
63 108 164
139 10 942
175 11 543
16 211 74
142 120 568
106 114 63
19 67 417
28 214 35
133 62 61
203 126 82
44 170 13
37 163 857
184 114 51
163 130 895
74 176 770
153 212 349
141 116 221
101 133 622
52 105 336
85 66 50
119 2 17
117 70 251
9 117 257
181 49 279
201 150 107
41 85 398
133 10 333
52 65 197
196 91 829
78 42 81
191 198 917
30 15 24
142 181 167
149 61 913
118 176 955
82 55 67
163 148 288
106 174 636
74 145 17
177 69 726
130 23 154
79 116 382
216 190 137
209 210 116
1 170 269
166 137 580
89 150 712
25 29 486
25 134 64
73 142 913
61 187 264
179 206 64
110 71 971
116 183 227
166 217 330
38 135 510
132 126 706
19 64 804
195 61 272
75 110 608
85 47 797
136 80 903
38 22 283
134 90 378
198 103 889
52 217 972
94 100 371
77 37 247
61 67 856
211 58 439
205 90 603
169 52 439
206 101 244
219 186 499
112 110 391
19 173 246
191 20 95
96 188 779
163 83 99
80 130 330
79 102 661
208 204 314
177 78 754
70 194 714
215 70 52
53 66 722
181 144 144
122 136 620
169 219 355
172 219 990
150 72 76
154 200 811
178 16 234
112 133 783
6 90 88
34 65 582
163 11 563
176 109 670
188 37 385
178 197 81
108 202 119
141 157 184
9 96 287
55 193 84
179 56 853
138 21 117
133 126 970
27 109 911
26 142 790
213 43 962
63 85 770
85 74 612
163 186 71
168 127 894
33 67 854
210 142 107
79 108 185
184 144 214
157 7 516
169 73 411
52 92 905
76 203 658
69 170 893
186 81 610
43 116 977
58 172 457
66 182 374
156 58 757
190 35 76
160 162 592
3 106 496
127 79 319
166 132 78
109 62 113
128 73 590
190 182 353
137 47 158
148 84 953
66 54 975
40 214 54
3 113 768
1 150 130
140 211 971
8 98 843
200 135 12
11 100 749
82 100 516
209 135 635
88 64 448
79 58 713
21 214 669
22 2 462
148 62 861
96 148 537
204 37 777
46 197 91
122 116 21
51 126 190
33 97 592
212 108 804
205 76 976
43 214 351
139 103 112
73 17 991
212 176 893
47 64 3
103 102 438
14 196 715
54 180 993
79 145 755
17 140 416
106 75 902
211 34 603
154 196 816
76 201 356
193 113 314
214 88 857
28 24 12
73 49 601
169 16 968
25 145 80
106 152 757
130 97 232
88 118 137
172 100 386
8 127 392
79 143 691
47 29 620
50 195 517
140 202 782
183 29 597
215 103 406
189 160 462
81 31 595
165 75 545
154 186 410
95 154 877
19 169 158
82 49 163
214 131 426
88 133 849
162 23 299
70 161 206
106 169 961
202 136 24
28 76 83
84 96 984
161 19 100
217 163 636
106 181 842
81 165 874
41 126 58
4 148 473
210 8 420
109 116 240
14 145 579
64 147 298
73 192 16
62 208 500
91 31 845
30 88 771
107 70 560
198 76 650
46 101 28
93 169 392
67 131 998
216 161 14
19 178 167
195 46 503
8 183 416
112 89 502
5 175 519
125 203 873
196 191 397
78 127 167
131 49 21
170 97 915
219 37 526
200 85 318
155 133 56
1 32 34
151 124 433
132 138 8
175 37 139
197 130 175
29 125 302
187 209 136
202 77 714
43 120 72
33 187 236
149 188 980
124 152 695
106 182 247
16 8 387
146 35 421
1 63 913
200 49 281
140 112 270
117 175 644
140 190 138
147 40 396
55 88 145
46 216 603
40 203 809
53 74 868
118 101 890
199 100 23
13 61 151
200 83 318
149 184 272
178 208 231
94 166 816
87 170 394
16 189 9
125 136 580
69 176 726
72 7 893
27 176 540
71 94 766
31 109 248
17 164 840
59 120 907
22 74 810
21 183 379
35 196 564
100 16 654
61 51 984
160 209 90
39 73 299
175 46 151
49 178 467
27 10 478
162 130 341
145 91 245
171 217 14
7 136 895
16 145 293
85 153 649
116 168 410
36 196 700
91 169 430
15 112 978
190 38 1
82 102 799
84 191 714
50 21 825
55 35 76
115 78 615
176 163 487
56 74 798
38 196 385
73 183 667
187 53 388
145 52 918
159 58 576
215 106 390
140 23 497
30 92 284
118 208 818
194 5 366
25 164 272
155 212 411
95 175 420
199 11 624
205 210 277
38 36 146
162 154 694
124 78 154
180 187 263
172 57 579
137 193 866
199 146 303
187 151 606
164 196 833
183 26 310
126 4 202
62 57 648
69 56 166
42 112 885
148 103 884
191 142 977
26 1 271
16 205 654
177 127 242
130 115 161
88 122 187
38 7 770
68 55 500
147 160 979
16 13 731
181 17 812
170 74 330
145 100 682
4 12 851
161 86 348
151 65 293
214 31 300
35 25 812
109 136 6
49 187 745
204 73 551
9 124 614
183 219 836
2 175 871
77 179 354
43 104 556
142 56 250
67 196 7
49 33 507
115 61 352
97 53 307
19 76 891
71 218 535
49 4 690
17 97 639
205 14 22
134 163 257
84 48 666
193 196 792
55 157 763
193 161 98
203 102 981
123 55 259
167 146 352
105 100 669
133 111 306
70 126 1
212 169 485
142 24 663
100 23 735
10 71 720
63 129 609
27 91 583
1 139 720
51 121 673
127 32 600
172 54 342
164 6 400
215 148 316
179 131 972
24 93 258
217 153 730
76 129 543
58 183 276
163 62 492
172 123 311
137 76 813
15 127 838
201 102 434
197 202 336
83 22 946
191 214 514
116 70 98
118 174 551
127 188 858
152 82 585
202 122 28
13 141 640
186 197 35
97 82 481
8 17 774
31 71 940
155 103 11
104 22 468
118 1 445
185 151 894
57 126 634
207 133 965
205 118 391
4 16 146
21 61 411
105 208 642
170 210 525
94 3 681
130 183 703
142 45 960
106 9 334
3 64 926
204 86 55
136 23 303
68 116 104
25 73 210
170 82 443
66 127 369
217 191 379
62 211 489
150 126 714
50 40 960
34 162 210
43 4 748
180 197 13
10 28 841
91 68 197
23 67 983
133 31 463
128 30 825
78 40 877
178 191 166
115 43 884
50 110 723
151 57 481
39 125 108
186 47 844
124 139 339
141 25 586
84 208 616
140 41 804
49 143 146
91 34 705
1 116 856
64 133 651
27 37 811
64 76 335
1 80 332
120 56 401
187 137 228
142 180 499
43 202 374
88 196 340
32 139 192
161 23 323
105 101 558
162 52 405
96 8 410
101 131 653
33 9 951
151 98 63
101 142 965
16 94 275
201 184 594
6 187 493
111 151 913
99 89 747
84 64 131
118 215 330
151 169 168
140 34 379
178 154 977
206 79 766
210 190 317
27 111 404
214 115 954
1 48 292
102 26 537
52 193 851
4 157 777
147 122 843
190 44 267
117 88 171
190 156 317
56 8 654
194 111 777
143 99 131
112 214 27
58 127 584
7 164 312
109 139 20
59 85 462
188 169 207
216 185 953
148 91 693
127 50 271
100 193 439
92 4 855
121 126 479
112 40 591
115 29 990
188 147 15
208 175 494
39 145 239
189 5 420
68 1 238
124 144 385
103 183 604
45 154 76
190 139 437
1 167 35
202 110 653
199 139 700
41 144 948
184 218 264
193 7 959
16 109 980
69 153 991
202 13 53
200 181 146
97 188 833
191 72 952
118 97 331
30 80 667
8 40 695
205 129 637
76 130 840
66 192 318
165 40 603
157 31 148
31 97 126
31 176 397
72 217 352
148 144 547
79 82 181
10 12 907
12 78 499
145 174 955
205 8 761
67 7 721
87 203 508
59 158 249
1 105 924
115 125 97
149 11 807
106 52 12
215 39 803
71 22 475
160 72 49
99 1 891
165 115 167
114 3 935
103 112 339
104 61 16
79 154 776
193 171 245
203 55 735
130 4 644
22 28 81
25 181 888
112 101 777
176 22 676
68 199 291
208 72 985
190 148 350
219 73 214
152 181 343
124 106 518
147 4 644
16 118 796
21 141 799
8 64 752
5 139 497
204 1 491
37 36 210
76 199 278
130 91 908
143 141 482
200 44 971
43 80 567
68 83 998
189 195 318
154 201 205
25 128 446
174 169 198
1 130 473
111 217 701
90 4 410
20 65 940
121 130 383
60 146 438
197 208 168
130 196 654
45 161 601
52 184 734
181 102 328
10 74 324
115 166 243
181 42 542
62 165 637
133 93 403
54 52 369
162 163 924
43 13 674
65 172 360
136 190 463
52 83 244
205 51 397
144 74 650
79 91 661
131 60 106
108 22 472
159 17 371
130 37 891
15 7 556
71 193 762
80 20 407
167 207 573
28 93 607
56 9 904
110 192 330
97 124 47
194 183 589
80 61 372
16 147 837
87 88 369
170 160 372
59 121 925
107 157 20
40 176 647
169 161 994
204 82 866
181 63 228
113 173 565
111 201 714
12 154 997
82 192 821
122 151 248
147 6 33
153 19 686
130 46 589
170 21 136
112 186 702
76 61 957
217 203 116
108 112 11
131 92 265
200 150 998
109 73 875
76 197 845
157 142 154
97 3 3
14 28 331
215 89 605
181 2 868
23 90 748
193 5 835
215 210 704
163 100 276
5 89 809
90 135 591
133 22 218
141 91 573
140 45 833
30 40 479
136 195 554
77 154 909
187 73 760
52 181 8
124 77 706
22 117 238
175 41 406
143 43 186
47 30 771
91 172 409
30 49 319
100 164 590
134 199 863
131 13 34
13 87 299
217 148 414
175 183 101
79 76 156
41 116 512
58 13 775
58 43 812
67 73 266
112 49 574
142 189 60
1 71 614
13 51 676
45 136 544
154 130 595
12 80 529
109 122 808
154 124 201
85 181 423
36 193 788
134 209 399
46 188 536
162 30 457
142 196 483
32 198 178
17 214 854
109 211 807
27 188 716
128 68 36
145 58 388
169 10 554
5 1 410
75 74 220
169 72 843
198 163 743
127 213 435
152 103 584
133 168 768
30 197 902
16 217 203
1 126 429
143 29 162
124 75 834
200 1 388
28 48 957
127 153 225
18 174 998
115 25 935
112 109 886
4 153 661
154 135 231
4 34 2
95 126 234
30 78 427
14 37 109
204 200 3
14 62 827
210 156 353
112 44 728
184 4 398
139 142 544
30 43 525
150 109 176
93 211 396
151 42 837
58 26 838
28 144 487
19 45 220
25 151 566
181 91 640
121 214 354
194 136 91
16 88 660
24 97 850
72 103 384
188 18 594
182 55 660
102 196 478
196 57 171
179 25 572
130 58 647
191 65 938
210 163 982
7 106 211
91 131 620
82 1 67
134 180 313
178 46 473
94 97 818
22 43 262
98 66 128
13 146 529
37 1 53
76 58 621
63 61 32
66 198 350
48 171 555
158 126 523
119 138 178
107 55 113
55 92 384
61 197 527
85 142 185
157 40 576
104 163 919
119 154 13
46 202 843
139 49 85
2 164 482
67 99 461
186 148 892
193 146 357
163 211 591
122 36 786
82 212 660
70 112 709
160 175 917
76 216 622
18 181 822
208 166 879
173 136 437
31 87 967
90 181 93
82 8 99
35 100 839
67 88 100
97 15 101
124 82 579
81 66 701
97 147 169
90 168 253
31 74 49
65 200 478
135 76 361
91 204 850
189 211 534
138 81 822
166 109 52
10 69 249
139 14 991
219 15 277
211 79 862
114 214 344
180 194 989
27 50 872
150 216 993
1 175 156
55 191 76
17 67 645
169 58 787
70 22 797
145 30 992
98 152 628
213 95 887
120 48 615
69 154 382
116 107 334
49 186 915
58 59 771
16 70 171
208 113 257
128 75 79
19 116 57
25 197 248
193 25 444
106 43 603
199 22 214
190 19 626
145 51 639
197 201 404
30 151 549
17 50 726
25 102 56
7 145 901
3 208 118
48 40 947
10 91 301
63 41 375
17 33 267
55 115 168
102 58 476
127 10 792
49 211 805
160 139 360
109 207 991
210 154 475
172 135 593
16 102 931
85 161 125
171 43 553
54 187 835
63 27 998
88 21 863
135 71 584
178 115 839
202 121 208
158 52 36
45 99 247
143 190 546
153 63 291
92 6 299
109 18 534
157 39 594
97 214 985
184 187 984
65 196 330
40 142 210
118 196 492
166 157 345
75 14 782
91 170 697
105 74 128
219 7 241
162 145 394
72 125 818
106 172 315
31 57 781
112 200 210
128 145 832
73 212 582
103 2 958
49 37 31
175 128 492
70 79 710
22 143 813
136 84 50
28 31 757
89 182 709
91 200 160
199 4 817
29 172 522
94 130 752
31 165 386
95 20 940
1 19 143
4 164 744
34 133 383
115 129 430
89 14 22
70 133 667
64 32 127
110 153 94
187 76 55
211 2 374
1 69 928
91 45 884
145 149 215
165 181 971
166 170 912
64 114 606
130 150 44
55 159 450
40 47 732
1 13 896
103 174 349
51 67 741
17 4 59
68 103 873
173 211 872
55 90 814
219 64 881
214 117 370
182 146 225
145 72 13
158 64 140
187 171 150
67 168 860
138 112 259
130 67 734
116 143 16
62 79 363
217 147 295
107 66 426
37 129 222
24 64 858
106 100 611
183 6 678
149 163 84
79 185 783
60 20 219
215 55 952
201 94 207
100 115 846
74 186 934
163 81 505
124 147 227
83 152 416
217 19 305
70 94 208
202 83 479
4 102 155
85 184 866
151 209 422
199 181 493
113 4 143
53 190 856
8 174 459
61 28 724
25 6 314
185 49 69
154 182 671
84 4 433
93 166 449
133 43 981
127 169 679
145 185 109
158 213 526
16 143 821
79 24 790
102 48 346
94 61 712
168 109 737
119 81 125
1 54 589
29 66 760
76 193 713
3 70 490
111 207 636
73 165 113
175 138 397
129 114 525
83 98 328
39 169 479
216 43 488
151 120 158
96 182 303
85 2 171
133 108 849
65 168 895
116 113 253
88 85 984
133 118 994
74 88 984
115 120 557
152 166 900
16 160 111
112 86 977
155 91 729
179 202 389
65 50 269
138 40 721
37 125 555
77 152 601
178 70 979
13 118 313
28 124 358
36 160 218
189 28 747
21 22 57
199 161 264
163 28 264
210 217 794
214 26 930
39 130 907
88 128 627
155 123 587
97 77 623
5 145 451
37 7 609
25 211 338
23 144 657
95 37 359
142 175 252
74 138 134
176 190 622
79 176 795
67 195 745
199 7 852
172 25 69
16 103 86
167 185 682
120 25 503
215 144 81
176 169 125
76 101 453
33 28 184
132 155 54
174 193 152
157 19 556
10 111 277
205 97 730
204 148 785
81 72 99
199 33 53
49 61 998
111 216 739
133 11 287
149 195 348
80 174 507
163 203 118
181 7 166
205 54 450
65 211 611
35 185 696
90 73 407
187 130 872
112 1 688
212 66 87
39 110 417
62 125 152
141 139 360
95 145 217
215 74 544
130 208 347
143 35 638
76 62 4
130 207 680
55 208 370
173 96 540
177 104 640
100 73 15
148 24 825
67 35 192
100 182 402
119 42 255
68 142 515
48 202 964
208 217 374
124 202 52
40 129 241
113 56 656
27 112 16
53 111 954
205 33 97
201 40 279
6 145 949
191 28 646
91 2 871
194 17 443
180 25 901
162 96 756
176 34 742
70 86 910
58 181 190
185 71 24
121 47 913
73 84 317
49 2 669
203 145 97
101 71 337
77 80 621
127 19 524
80 142 746
85 77 197
78 44 280
169 149 851
190 119 776
60 50 298
65 217 714
4 204 397
7 200 422
190 107 14
184 37 73
104 55 387
166 178 494
214 58 968
111 206 838
8 11 833
65 22 69
13 136 75
57 106 302
19 10 239
172 33 9
151 97 132
39 166 435
201 16 104
199 12 75
4 58 589
166 78 198
4 151 128
163 199 928
180 133 666
147 213 805
73 118 534
86 10 801
163 43 477
52 157 990
164 105 399
139 106 111
36 42 305
45 22 796
67 207 422
188 204 805
93 167 698
129 212 915
125 205 8
123 46 711
101 172 534
13 31 124
73 105 97
10 80 685
145 131 710
129 36 838
195 77 635
136 119 828
10 205 614
16 98 311
201 90 89
113 86 555
31 145 47
123 21 517
187 29 924
157 115 802
43 186 721
36 119 252
14 178 433
116 63 144
15 195 32
28 185 472
85 206 845
103 19 116
25 40 219
98 181 410
92 15 94
30 74 513
47 41 605
125 127 497
142 105 183
170 41 937
205 186 51
138 22 626
160 141 518
119 156 408
12 172 283
114 207 780
64 127 150
52 27 272
53 116 263
86 198 565
55 58 306
94 208 232
87 55 238
121 69 667
205 131 126
113 57 754
53 32 645
184 92 782
37 23 16
213 111 640
28 155 509
82 87 33
10 142 517
157 69 53
76 50 503
191 219 413
210 22 91
34 152 764
198 17 328
202 180 290
127 17 750
187 34 912
199 192 551
117 82 490
142 112 907
3 79 59
95 181 583
208 61 13
150 179 381
84 146 806
150 106 932
110 17 884
56 85 947
197 69 777
5 33 398
115 181 198
155 188 337
2 26 226
4 30 363
11 142 870
141 19 108
50 186 65
151 83 837
23 66 136
33 134 276
165 23 590
190 178 404
22 196 321
70 206 121
55 167 684
47 100 740
79 151 921
127 41 77
199 214 781
11 31 850
195 200 521
55 56 104
151 112 364
31 212 679
58 10 578
2 24 454
17 103 302
127 112 258
119 49 610
118 55 237
218 98 769
170 57 40
198 54 814
39 127 692
202 133 65
94 161 581
160 66 646
188 141 566
154 193 97
128 199 226
64 200 400
121 40 514
206 80 801
116 104 947
168 1 302
73 186 923
128 117 306
2 95 998
16 200 175
89 192 64
187 159 93
94 147 546
162 49 177
154 37 982
22 1 957
90 108 923
125 22 672
91 149 26
161 5 36
147 55 658
1 134 741
11 217 432
76 14 691
49 217 960
49 17 377
190 67 857
86 84 527
56 130 787
40 6 899
136 124 278
59 17 323
112 50 169
60 145 601
4 19 154
76 172 167
49 214 940
146 37 184
124 70 268
149 92 565
88 160 538
199 174 990
61 90 142
70 66 806
3 121 17
192 83 574
59 96 444
166 82 377
148 196 945
142 165 650
179 194 285
199 109 694
64 28 330
88 154 931
165 196 816
82 45 936
4 141 237
179 100 905
96 127 27
149 10 270
36 49 250
70 160 70
107 181 162
119 211 235
119 34 437
127 21 670
211 24 651
61 155 576
28 128 974
160 180 449
77 148 958
5 10 307
8 37 78
10 84 462
184 8 273
77 83 284
202 11 422
166 149 483
112 38 426
135 145 69
184 55 660
137 54 21
129 144 953
213 135 364
118 159 254
199 216 492
67 25 708
108 40 800
162 118 228
1 35 572
122 31 930
61 97 363
33 31 19
124 62 262
82 116 170
201 80 233
91 218 85
120 140 697
167 142 989
74 125 320
104 5 417
148 192 235
100 166 827
133 91 281
7 118 618
126 117 844
210 68 951
193 98 297
111 191 701
16 63 333
86 195 893
32 131 386
128 147 262
28 211 452
34 217 279
37 103 543
29 178 192
92 147 391
127 148 456
12 135 486
130 55 574
136 97 709
107 98 825
163 136 278
214 145 926
80 33 228
118 63 283
115 169 620
9 39 447
107 115 925
112 160 687
163 107 98
211 133 422
217 172 339
178 100 738
149 137 145
1 205 438
19 154 544
13 159 199
173 164 21
182 25 577
143 97 207
203 110 842
197 211 585
1 148 226
198 181 765
138 118 47
40 193 135
3 118 685
217 86 250
24 39 442
35 58 105
73 199 196
120 22 801
69 180 503
25 107 893
37 116 584
128 121 383
193 184 514
94 157 609
16 165 141
55 202 755
147 208 791
19 155 17
157 217 921
102 12 211
46 177 588
213 54 460
11 27 100
77 181 127
152 26 575
13 64 37
11 75 552
27 212 847
49 89 303
193 167 830
174 70 311
38 145 939
16 148 570
82 148 447
118 124 57
106 142 350
79 64 76
105 82 672
1 189 296
181 207 492
123 143 285
55 168 495
173 135 386
103 86 794
113 67 907
151 172 316
105 145 63
133 19 744
153 151 882
59 91 589
89 135 629
93 55 960
115 170 304
115 204 696
215 145 446
151 115 314
40 180 164
11 157 335
10 163 912
20 13 648
78 129 335
82 112 193
9 25 554
65 117 109
198 56 693
100 153 195
7 85 412
199 118 626
124 64 800
109 193 109
176 106 357
161 16 581
27 198 24
202 73 775
136 212 507
186 166 187
167 81 537
2 65 766
11 57 394
139 123 605
150 53 69
13 205 731
121 16 41
79 163 348
114 197 843
58 170 228
106 25 602
3 20 981
66 116 586
1 177 309
136 193 721
63 137 665
108 200 28
201 137 649
85 9 275
181 55 566
73 22 793
34 144 500
44 124 637
181 3 670
113 96 89
196 90 244
148 34 146
200 69 23
136 159 104
155 147 831
98 211 904
43 119 942
51 10 512
51 213 888
112 135 593
147 218 208
34 206 995
34 142 769
30 126 434
70 128 797
109 85 196
20 54 338
120 2 972
194 18 163
95 123 991
143 55 760
94 95 828
197 121 605
153 121 506
76 21 83
30 11 74
127 186 757
36 148 777
200 214 890
58 92 399
90 42 730
103 53 448
17 47 812
173 81 707
22 40 930
112 88 441
217 173 167
15 91 314
101 162 97
28 112 969
70 36 518
21 81 401
85 3 577
180 52 833
24 51 432
55 78 864
133 204 383
172 139 383
45 199 213
46 103 243
191 152 50
64 166 58
198 35 896
120 193 859
97 153 835
55 131 922
41 103 283
112 187 834
48 130 287
14 183 83
114 55 299
56 154 146
10 132 711
3 19 413
27 45 455
118 93 368
109 15 570
8 22 480
164 174 693
110 65 257
156 4 345
53 200 77
208 214 399
117 148 841
200 196 895
33 141 288
96 218 858
126 22 173
106 125 838
127 160 456
101 195 947
169 209 384
83 212 986
79 96 1
167 215 330
118 17 225
206 22 377
204 163 461
4 160 945
204 125 719
63 176 916
126 137 682
51 217 66
127 1 109
98 118 174
121 140 552
109 132 719
61 66 738
56 217 366
211 64 199
10 118 727
103 128 31
206 32 36
197 16 38
84 92 179
135 49 218
183 20 500
196 113 594
108 16 590
78 79 979
46 43 551
162 115 498
1 94 541
10 101 644
22 161 474
19 171 562
43 88 82
213 145 116
25 3 907
40 4 338
7 215 670
183 74 172
213 159 559
64 90 74
144 65 938
155 25 297
143 124 336
130 124 464
1 28 57
127 94 707
45 28 899
93 190 109
119 118 991
22 88 719
202 64 177
26 175 82
217 100 415
118 50 116
155 70 887
26 178 518
94 47 578
64 192 685
127 2 567
92 199 624
116 215 901
130 148 553
165 177 173
70 106 17
112 19 577
202 117 503
85 199 761
57 214 802
154 169 967
101 187 919
142 151 289
210 42 293
172 7 68
215 136 503
60 110 70
150 22 779
127 217 829
75 118 446
21 210 905
122 103 248
141 55 614
180 14 182
106 84 429
145 54 472
118 51 565
25 192 402
167 80 706
55 97 360
172 62 177
181 109 473
15 29 589
190 152 980
33 76 840
164 142 922
2 151 898
176 5 171
170 7 649
6 219 141
22 159 929
98 75 130
21 117 251
193 133 968
112 61 336
7 58 901
64 5 14
110 14 302
27 87 906
66 202 157
142 121 301
190 150 408
203 172 278
168 196 188
152 66 131
175 3 66
52 55 112
205 22 503
20 26 999
1 47 224
11 70 764
83 112 947
43 60 149
16 204 308
51 38 973
130 45 742
117 106 76
195 150 846
118 64 619
212 115 361
97 127 535
62 27 564
97 163 58
62 181 633
115 175 841
73 129 607
56 187 83
43 8 995
109 218 741
146 14 47
173 54 29
169 32 293
186 85 646
112 169 325
117 150 66
113 165 33
52 194 485
217 50 794
106 190 200
134 174 500
219 196 989
6 83 10
187 127 23
98 73 641
112 2 662
67 26 935
91 206 733
217 97 119
40 31 236
59 167 698
56 51 463
107 51 456
170 25 881
213 62 87
94 187 451
184 176 651
145 90 964
94 213 405
14 94 73
138 156 200
145 106 622
64 54 874
161 150 282
52 91 909
81 1 941
167 79 213
160 211 475
73 145 416
217 84 23
190 157 573
58 152 325
54 108 820
174 33 716
167 64 471
118 4 605
4 195 333
169 3 292
115 112 880
136 46 540
10 106 351
45 146 850
208 184 134
88 178 714
57 95 856
116 46 737
154 27 806
19 211 66
15 102 557
114 127 754
185 1 214
6 61 2
14 200 673
74 50 433
96 169 701
55 205 162
37 172 761
172 8 171
127 16 368
67 139 866
180 85 502
38 210 499
181 9 391
139 41 773
64 71 851
97 1 266
178 214 598
86 107 783
1 52 447
61 203 18
118 129 451
34 73 720
35 103 708
40 195 356
36 118 90
218 106 812
20 45 491
206 76 561
154 179 602
50 61 520
31 149 755
40 161 250
145 207 165
171 204 725
52 74 104
178 202 358
93 203 226
156 142 825
74 97 635
1 96 227
106 115 367
83 30 757
102 97 989
64 177 74
127 44 16
118 189 488
64 152 12
35 2 632
13 22 664
115 98 990
37 124 937
216 160 227
43 142 738
93 154 255
1 91 491
205 89 98
85 93 784
12 71 353
52 58 823
115 184 216
115 102 132
136 140 84
16 82 679
17 169 397
206 6 672
215 79 251
2 191 712
139 115 987
57 153 930
93 131 81
127 136 349
199 153 906
144 167 69
199 151 823
2 117 103
53 79 315
61 16 998
91 25 70
64 215 753
140 157 711
124 199 223
177 155 815
91 160 289
53 106 713
184 13 610
83 175 786
174 91 35
90 34 327
142 118 717
52 31 88
93 29 847
101 74 972
81 169 837
15 1 686
156 25 795
79 84 47
83 103 429
73 91 748
1 197 249
109 216 317
184 131 72
98 194 397
64 67 752
82 216 911
165 21 614
54 100 893
75 214 604
217 190 193
55 145 670
22 61 776
150 217 556
23 207 309
59 175 110
196 158 1
133 87 519
113 28 675
130 190 720
4 76 606
41 163 704
164 97 199
41 36 668
127 100 927
91 175 85
181 4 506
30 112 940
144 55 911
55 76 600
67 178 958
30 169 413
204 159 536
67 136 997
207 79 751
31 58 695
30 193 896
43 94 724
151 127 853
147 22 424
121 1 954
183 49 783
32 34 89
180 56 142
19 172 517
94 26 934
102 37 137
142 125 441
172 16 449
150 73 175
100 214 720
76 38 500
160 142 667
7 13 894
81 147 777
161 58 698
117 179 934
24 41 596
7 60 898
36 214 444
49 81 998
44 102 624
102 43 795
50 192 879
36 52 96
192 18 769
207 71 96
154 47 623
4 100 358
85 211 176
163 215 246
32 50 199
22 160 149
81 40 460
199 71 788
111 148 310
178 33 862
30 196 431
166 187 813
121 194 615
64 45 216
171 148 337
120 91 858
131 193 165
172 67 577
147 17 31
144 79 29
8 178 152
88 61 329
34 151 965
133 156 639
104 160 132
145 171 845
37 193 426
173 203 128
133 169 367
16 213 61
125 124 911
39 10 569
187 32 461
75 208 219
4 59 50
152 45 514
128 204 925
133 172 777
20 55 988
152 205 481
79 137 848
76 31 36
193 92 623
62 151 860
162 58 310
130 105 515
168 161 616
13 57 508
126 127 709
189 61 600
202 141 574
31 2 832
109 149 654
92 69 491
142 206 311
136 199 622
7 217 571
148 169 4
116 52 597
34 185 434
64 25 696
119 85 224
214 142 299
114 144 790
121 184 594
146 86 571
79 130 322
3 212 984
142 96 866
216 63 293
175 123 252
25 7 767
109 6 212
209 198 920
147 148 116
207 16 708
136 103 486
204 160 716
157 68 153
134 34 495
79 186 910
22 37 655
62 135 13
139 156 965
10 25 108
81 114 952
78 132 284
39 142 148
184 113 108
138 199 685
94 150 760
30 25 96
88 208 967
34 118 532
117 184 341
169 136 788
1 184 189
112 99 162
212 125 995
80 36 891
186 88 568
25 15 309
51 175 667
16 14 649
103 216 641
13 108 52
143 146 548
181 182 693
1 6 385
184 100 344
156 91 621
91 64 49
80 52 324
215 67 320
129 169 867
133 100 118
135 13 702
19 186 403
127 37 65
211 97 926
169 178 870
170 4 753
146 17 567
93 115 403
172 157 563
49 158 88
16 176 974
162 175 995
60 67 195
195 16 397
133 80 106
98 217 376
110 104 858
74 211 593
94 172 179
201 52 538
154 16 152
37 97 625
124 203 589
67 42 58
35 13 530
163 205 81
67 4 225
146 169 807
61 36 293
166 76 827
132 61 690
68 124 885
70 162 903
218 156 689
197 6 365
211 120 68
135 100 767
41 66 731
98 187 704
36 201 551
78 17 145
42 211 153
40 86 670
142 94 253
47 20 343
73 136 336
51 15 724
67 108 486
141 151 846
69 129 69
217 18 266
184 207 250
150 92 546
161 129 488
73 85 939
194 162 952
4 65 724
43 194 766
166 13 700
167 171 813
133 160 934
1 10 65
27 101 64
29 96 764
103 200 462
179 174 812
52 117 429
32 186 94
191 121 491
80 155 795
67 109 887
52 33 641
96 205 660
111 178 143
85 182 429
190 51 807
46 59 142
28 175 697
88 36 946
196 51 174
121 41 920
21 157 817
133 4 937
107 142 9
152 187 404
144 94 149
118 107 329
119 199 429
55 103 53
139 184 392
85 94 314
150 88 516
202 88 152
8 125 579
3 10 604
198 146 164
180 147 407
148 89 931
109 173 30
113 169 931
97 210 512
184 120 780
150 144 863
58 114 682
206 73 332
29 2 630
119 44 783
28 51 310
115 66 885
56 127 852
80 40 902
37 186 301
208 132 753
199 51 73
34 74 733
29 23 444
126 54 89
134 120 769
163 140 523
106 21 450
153 52 883
42 163 110
122 172 863
84 196 771
59 84 627
19 66 571
46 106 956
159 140 396
116 77 53
118 59 360
25 205 475
186 152 910
189 170 84
64 44 177
199 200 411
63 19 588
200 122 669
79 189 343
109 191 798
19 14 820
205 100 646
162 127 832
48 114 756
55 121 631
159 141 296
154 22 231
31 5 724
193 32 589
190 76 744
187 210 167
130 217 315
151 43 883
26 46 861
4 154 227
116 17 678
195 211 841
23 160 824
198 130 897
160 37 796
58 124 680
208 122 990
87 3 571
211 148 602
103 182 770
47 23 241
217 188 132
119 167 340
200 146 180
144 199 459
137 51 168
3 5 66
4 159 804
138 91 279
109 140 321
48 52 697
49 209 837
16 107 784
97 85 839
124 107 514
10 165 888
72 148 295
136 58 818
157 201 530
203 99 502
14 103 918
9 101 206
165 127 620
196 16 393
28 56 989
51 1 73
110 143 833
170 62 141
184 31 94
48 166 191
60 74 777
25 147 656
142 113 800
43 154 449
74 150 492
82 211 184
40 134 773
205 80 144
117 38 716
29 88 132
31 80 421
105 143 663
37 30 952
127 36 498
204 153 730
175 21 603
217 194 237
61 102 187
190 116 448
33 19 853
67 87 24
97 182 987
38 82 263
131 53 667
153 144 79
40 97 503
4 196 149
83 128 268
19 148 806
45 94 810
127 117 520
50 111 3
116 154 902
72 189 118
96 150 356
56 6 587
19 137 738
104 178 233
89 214 959
124 129 471
43 83 403
22 188 81
133 52 487
166 5 856
97 49 775
158 172 98
208 97 932
65 176 385
96 93 559
19 135 740
37 32 690
57 159 59
196 111 686
90 158 923
147 60 387
215 85 386
73 41 979
130 158 651
121 31 110
8 219 309
172 199 487
190 71 626
93 69 704
55 179 946
187 119 406
212 49 115
129 79 289
192 37 660
6 34 984
100 87 867
180 3 652
50 16 501
29 30 318
76 160 337
39 183 678
118 15 553
184 91 451
72 136 27
52 22 467
85 130 202
39 136 674
113 201 209
75 182 290
22 218 880
124 39 436
211 122 804
187 67 63
94 218 293
85 122 775
60 163 724
208 185 463
19 136 678
121 79 677
93 171 431
52 124 366
137 112 118
217 192 252
85 25 10
175 210 757
64 213 441
46 73 162
42 201 531
49 57 763
95 67 746
123 168 179
1 85 988
217 54 973
122 196 66
150 187 300
147 79 584
134 142 692
83 4 229
139 58 312
15 175 659
57 160 299
51 19 416
181 10 222
25 84 27
132 73 346
151 99 478
138 67 452
210 132 15
183 55 577
97 48 514
154 97 209
70 218 977
44 2 503
5 36 769
33 108 934
169 4 572
191 148 701
141 60 358
102 112 240
93 100 577
1 45 488
81 164 870
98 142 239
112 166 531
121 94 132
52 109 362
156 152 669
129 184 971
69 112 249
109 115 795
178 69 732
88 95 564
158 124 547
171 27 423
57 142 28
91 71 899
136 31 570
219 124 184
2 136 527
30 63 224
145 45 605
73 76 613
205 106 948
90 82 920
112 130 398
113 84 309
143 73 476
106 193 977
58 126 843
174 88 495
106 208 214
61 142 264
10 83 302
109 76 696
190 133 279
25 208 869
97 112 698
21 111 64
152 85 940
28 199 298
19 139 59
123 202 387
22 211 723
183 136 803
154 1 647
31 125 313
219 41 866
61 105 629
4 178 351
109 22 813
12 62 48
219 21 456
107 158 478
165 76 426
100 13 790
112 84 823
7 88 610
155 37 302
130 188 434
190 165 809
214 184 687
103 13 592
70 199 114
121 200 755
54 132 963
144 136 204
73 80 613
208 79 310
190 175 995
137 110 451
191 128 522
13 85 581
202 118 323
151 202 648
170 136 607
43 175 661
21 19 993
166 136 154
15 152 780
182 91 335
168 184 589
94 145 921
173 187 594
148 3 223
11 29 912
175 45 60
159 127 661
64 208 154
180 190 984
20 164 469
205 206 895
44 52 54
37 56 517
65 82 47
67 154 999
214 209 121
203 97 509
16 181 528
195 130 86
7 178 570
106 103 127
155 134 460
118 61 859
211 75 742
191 52 525
91 190 378
93 36 237
31 181 830
7 153 760
29 10 673
9 78 846
61 124 42
31 110 460
103 211 221
147 171 277
10 102 444
38 23 401
25 45 279
47 206 521
217 175 289
8 201 643
205 46 687
217 93 478
13 218 108
206 100 398
169 123 912
25 219 960
52 115 338
170 105 259
10 61 959
176 49 75
145 122 770
25 39 980
202 34 683
147 29 426
165 52 609
87 1 430
46 84 530
172 170 998
77 52 408
24 151 904
67 65 249
75 154 170
127 116 679
193 214 427
99 205 583
106 127 737
68 211 442
88 38 222
124 54 504
34 16 357
36 121 509
9 50 994
90 43 990
215 2 332
215 109 773
77 31 177
112 125 896
109 204 119
106 158 291
19 85 814
76 189 945
211 213 487
103 109 438
61 100 221
14 50 367
182 169 726
87 118 917
115 171 85
88 94 218
139 196 803
113 216 899
125 160 163
11 183 920
131 121 890
16 136 82
100 50 229
4 68 32
16 171 147
113 178 950
72 63 433
164 193 811
171 118 192
67 76 3
152 206 723
120 11 567
49 27 139
114 195 255
49 132 483
77 95 365
130 25 630
26 156 767
38 58 57
71 187 90
210 182 760
199 115 507
100 31 300
5 73 417
140 58 296
169 79 307
93 74 817
218 83 709
31 116 101
185 81 212
108 124 56
25 4 380
44 214 176
53 19 993
174 82 890
4 64 751
4 144 214
163 169 103
94 138 874
176 157 933
181 82 77
78 176 863
11 74 797
71 157 765
3 123 109
137 115 167
58 69 725
161 184 341
121 102 678
124 146 464
125 28 150
157 136 154
34 36 865
212 123 317
107 60 445
88 62 395
189 144 704
37 62 326
59 188 234
151 217 427
15 185 868
4 51 666
173 175 882
190 36 978
121 160 227
116 199 62
128 32 714
11 138 76
100 139 170
113 38 444
39 67 164
207 86 258
193 175 95
49 109 91
177 207 467
52 100 85
69 57 987
174 79 531
42 65 93
82 176 501
194 85 479
34 160 981
37 31 539
186 100 53
34 191 303
163 76 615
188 39 667
135 215 517
121 204 549
94 179 427
25 202 227
202 82 952
50 163 613
88 15 983
70 118 723
218 81 721
35 106 277
140 64 844
75 216 286
122 64 504
51 55 785
132 184 925
41 214 704
210 112 832
140 27 362
154 175 593
131 77 263
156 184 186
207 160 48
139 91 771
101 33 560
19 16 180
190 208 280
152 180 829
4 79 949
18 79 859
205 94 107
1 67 554
5 202 760
212 7 656
216 112 460
187 149 970
204 87 966
107 151 21
214 69 378
28 43 292
127 163 441
124 22 272
131 127 587
218 28 798
30 18 473
202 109 684
95 83 355
87 198 899
55 196 679
210 61 356
33 88 22
32 28 181
184 133 996
85 201 883
147 130 97
30 52 720
132 158 879
191 124 369
79 182 360
58 73 420
7 47 386
14 118 802
209 4 839
191 63 692
193 153 295
178 119 342
202 192 100
61 175 221
31 186 904
7 132 526
213 3 733
7 121 128
184 3 681
108 186 948
205 20 451
14 100 294
70 108 421
187 175 423
97 100 711
91 77 129
173 214 52
183 10 188
178 181 252
124 47 575
118 52 759
67 213 147
201 199 472
128 146 616
136 15 583
158 121 713
104 85 28
160 61 76
124 48 141
115 159 266
28 123 595
205 79 994
190 90 629
40 54 761
205 109 161
198 60 352
180 204 774
185 93 517
143 157 781
178 188 433
142 64 867
190 193 724
40 67 196
159 18 604
119 130 561
134 139 685
52 24 212
42 159 783
210 15 568
187 82 342
159 148 262
208 134 400
20 106 928
208 216 105
97 5 40
23 158 105
154 31 990
95 163 517
187 90 626
57 146 23
82 43 781
163 157 793
184 5 2
185 69 832
55 160 897
4 41 754
176 102 367
161 179 441
128 177 592
126 124 199
37 71 157
25 103 556
147 123 206
75 46 232
166 44 178
96 13 908
96 154 602
207 127 588
63 210 751
137 20 436
85 76 755
130 145 487
204 176 290
183 205 187
73 208 156
52 69 39
83 136 202
149 18 237
73 144 195
44 65 738
9 205 526
173 58 394
25 214 158
155 43 79
195 194 216
15 40 983
34 94 16
8 103 821
19 174 472
190 209 473
148 154 653
91 66 934
52 210 25
104 187 249
175 92 685
54 17 759
103 214 784
210 141 294
174 64 536
151 16 409
155 58 750
216 106 69
10 134 919
8 78 951
25 177 607
154 11 374
186 107 382
72 93 391
199 16 888
155 183 469
19 41 77
91 214 994
115 194 131
130 120 229
79 38 404
74 146 980
118 37 927
154 136 631
29 169 685
118 172 115
126 109 264
73 43 339
163 206 535
219 100 239
199 57 83
16 52 674
54 42 73
146 67 248
213 89 434
73 185 752
100 176 635
93 174 579
124 201 165
41 105 68
187 84 150
149 55 716
53 98 515
64 155 306
30 120 823
23 212 756
170 83 561
132 64 666
193 194 296
218 175 555
30 82 877
74 47 473
1 77 933
30 188 504
99 135 354
94 113 366
100 174 384
132 147 448
186 109 560
112 78 835
31 44 97
190 26 789
70 75 557
151 78 397
46 148 920
58 99 300
209 36 579
205 102 182
112 32 454
16 125 686
184 136 480
46 164 226
88 121 318
1 179 421
95 157 348
127 13 231
65 1 978
181 205 885
171 184 214
45 41 96
146 83 292
109 37 349
35 180 229
120 36 978
10 57 438
82 76 818
154 32 248
89 28 185
121 43 373
18 90 286
74 154 208
108 207 666
28 181 478
106 219 413
108 176 207
139 211 391
29 17 557
47 145 170
196 206 700
55 109 389
216 34 827
210 72 476
174 61 712
173 44 743
145 10 76
112 147 361
192 85 470
57 54 308
206 193 628
177 48 689
148 185 371
40 45 436
140 117 286
109 119 961
33 47 684
99 43 502
179 87 896
62 73 245
6 8 893
184 89 490
111 66 694
181 6 753
211 12 90
103 135 441
50 151 100
34 11 99
25 150 323
47 58 35
38 60 97
51 22 771
195 48 310
106 88 84
112 196 872
115 211 847
11 171 410
127 43 225
142 184 855
211 130 487
166 172 276
200 126 597
117 1 835
214 53 230
88 105 89
150 97 768
82 136 283
206 172 631
79 69 772
35 205 709
217 57 563
147 185 263
213 74 102
80 76 89
95 101 172
79 140 629
84 162 115
164 76 676
36 47 665
213 219 990
133 65 728
11 67 115
133 205 434
172 97 672
52 174 954
13 197 884
181 213 985
114 115 859
2 183 653
139 178 684
119 56 870
136 139 408
59 196 194
160 81 70
46 142 941
21 72 731
199 66 955
125 161 581
163 8 66
105 198 256
166 146 52
159 181 170
135 1 979
112 172 508
115 31 219
212 167 199
160 95 411
76 122 348
33 87 228
172 103 792
62 52 156
4 74 383
216 145 772
154 198 822
79 123 243
139 48 97
37 82 206
86 197 313
40 151 846
33 206 722
20 187 51
127 201 538
69 94 117
214 171 387
25 34 682
209 37 600
113 100 571
184 39 569
34 72 87
109 147 770
178 142 201
149 68 389
91 17 115
168 157 362
212 178 963
193 70 770
116 39 121
108 196 440
122 16 797
214 172 3
70 210 401
25 166 119
182 209 839
169 116 735
216 140 341
56 147 755
49 48 979
217 74 927
163 153 673
48 173 801
63 69 415
37 5 808
118 175 747
19 203 611
144 7 371
106 153 344
202 157 230
16 166 970
77 89 631
123 135 276
49 62 135
16 144 635
202 81 36
37 91 238
37 181 584
52 4 668
39 89 615
35 112 998
123 178 216
113 115 840
104 49 497
219 78 343
86 14 640
166 151 891
167 161 260
7 56 657
198 145 850
211 53 916
89 98 881
16 73 701
61 91 994
201 214 684
212 210 933
61 172 641
178 108 413
100 15 134
21 189 191
148 178 855
35 177 357
206 208 866
119 68 307
79 160 543
184 12 279
55 124 883
207 161 698
110 207 671
149 12 112
163 110 376
167 43 318
29 146 294
62 10 442
64 172 833
155 4 459
66 20 772
118 136 982
22 41 248
122 4 246
150 171 917
37 96 246
171 29 718
94 118 968
10 13 610
204 27 837
31 205 205
70 48 923
152 7 903
34 79 253
169 118 744
193 14 916
12 212 154
1 14 617
175 170 883
72 143 67
173 103 215
86 216 232
36 117 629
184 205 96
217 115 207
218 49 383
49 63 684
74 59 734
22 121 920
105 20 269
123 89 259
74 120 414
19 31 351
2 68 493
123 44 238
161 170 905
115 196 440
120 153 5
175 199 976
151 156 38
39 165 506
94 21 903
119 202 511
134 214 190
109 35 433
211 152 5
132 81 484
159 61 667
110 184 129
38 164 592
211 88 522
98 177 661
19 109 295
104 73 238
61 162 392
109 175 922
182 110 26
94 35 114
112 149 691
172 1 809
154 114 290
91 83 698
217 189 364
65 140 873
200 194 796
29 191 273
127 139 815
152 69 628
85 58 304
105 104 138
191 48 913
161 209 675
128 97 894
117 133 924
103 47 659
190 166 817
191 151 224
103 21 933
198 31 805
8 191 344
93 106 325
94 28 897
43 74 189
21 14 118
9 203 941
205 48 70
170 53 98
64 216 647
189 6 962
92 107 53
119 124 408
189 43 769
24 7 978
40 61 262
138 56 801
205 215 127
169 25 481
211 76 452
110 154 837
65 94 86
58 97 748
17 109 184
156 94 158
44 147 240
100 119 937
131 136 662
217 43 610
34 193 173
13 214 429
141 82 837
155 1 560
202 145 631
88 120 945
134 200 178
154 7 196
195 65 752
49 117 468
198 189 36
79 11 79
7 135 525
44 185 504
217 94 977
73 121 747
121 171 120
37 145 713
125 166 25
106 81 628
108 169 250
193 145 437
193 155 192
165 163 71
219 138 231
180 81 164
2 168 215
120 1 747
190 96 877
4 125 453
48 112 912
184 70 230
160 148 904
160 45 352
27 208 45
31 94 13
40 68 991
12 77 844
13 106 112
106 120 762
35 31 154
103 175 347
208 49 971
28 26 74
127 26 590
91 106 800
55 214 697
9 13 529
127 137 650
25 188 379
163 64 582
155 121 311
89 199 97
166 205 347
130 31 684
157 200 189
49 152 296
66 218 100
208 126 834
149 126 122
58 19 510
34 66 917
97 169 500
200 76 294
88 13 939
1 157 459
148 79 418
160 32 832
93 40 671
95 195 539
11 83 406
217 90 13
28 58 199
49 79 204
140 20 245
10 144 228
172 56 657
166 118 653
186 55 53
12 151 481
211 208 430
98 64 17
64 7 58
173 155 722
111 180 304
124 110 555
35 147 153
66 39 769
135 40 798
125 183 262
46 124 175
39 187 130
141 179 848
215 76 460
148 212 281
13 53 481
1 183 489
185 187 367
35 59 349
117 181 90
59 136 697
213 73 197
5 43 801
25 135 981
138 187 43
103 114 825
171 178 756
5 106 92
1 153 324
17 207 521
151 163 919
69 25 237
92 31 810
147 85 826
61 20 111
6 203 136
132 133 288
16 55 58
98 163 854
55 142 296
66 124 531
4 205 513
39 88 903
99 132 26
147 114 376
94 139 871
3 130 144
79 37 377
115 160 45
114 86 852
184 34 760
90 163 270
97 96 876
33 68 647
37 180 67
139 62 602
76 74 123
183 91 147
171 81 937
157 65 622
128 45 968
8 143 521
166 31 197
40 198 335
216 149 423
202 156 159
189 68 930
7 21 240
37 120 247
81 181 512
133 130 73
212 139 160
27 139 573
143 209 869
182 160 214
70 192 469
178 73 364
136 150 591
93 65 8
100 88 476
165 124 379
97 101 848
160 63 105
214 24 257
174 51 798
88 169 370
201 79 7
75 90 722
35 19 155
184 118 267
71 98 749
33 140 183
106 42 750
122 207 424
214 70 822
78 193 222
123 61 181
194 154 526
19 57 236
208 76 122
194 203 162
21 90 227
183 90 129
213 129 659
165 202 283
160 164 504
81 121 837
118 69 528
38 130 862
106 175 721
157 61 824
54 151 175
52 163 547
10 146 440
48 67 370
33 152 345
209 127 833
64 206 506
122 7 453
106 162 89
64 149 141
43 187 438
100 161 685
63 194 544
43 9 609
178 21 659
5 141 761
195 53 248
205 36 279
22 57 594
143 31 278
5 46 278
74 212 793
7 151 171
90 175 369
25 95 997
71 34 301
201 81 750
64 212 31
64 49 673
109 36 701
116 96 18
193 124 572
23 40 780
195 134 882
163 147 875
124 166 73
170 167 234
208 149 133
118 40 850
74 37 269
153 10 362
2 4 359
43 89 67
45 127 771
198 206 881
25 83 269
172 10 308
52 113 10
37 46 672
137 14 193
179 120 183
9 97 840
198 11 613
205 73 683
193 122 965
25 217 174
52 90 282
115 79 548
106 155 92
15 174 585
109 38 785
8 58 493
101 70 893
190 82 267
187 37 502
127 205 2
190 196 552
153 98 260
115 210 29
41 82 631
78 54 853
