590 8676 328
291 580 591
71 179 113
397 451 425
96 439 497
345 31 835
180 201 917
1 169 598
98 162 624
171 584 287
29 537 737
533 471 592
531 239 344
321 393 830
13 105 583
26 453 890
167 161 171
290 309 528
106 327 934
7 530 538
311 71 997
169 37 107
385 567 918
189 551 747
31 51 922
572 120 580
487 393 57
7 106 768
92 581 238
89 423 421
205 21 367
483 236 717
137 266 596
557 183 199
276 570 100
29 137 487
135 331 879
369 93 62
519 83 891
13 455 418
266 471 831
17 167 1
227 51 612
88 237 869
221 71 950
401 422 280
7 531 696
441 489 364
266 491 694
375 99 948
135 425 229
521 445 449
153 126 522
299 487 838
433 249 575
435 267 929
509 141 807
538 328 960
103 393 833
66 69 643
67 320 144
281 555 687
475 55 884
182 91 422
489 81 100
10 558 655
550 173 340
96 267 396
264 271 911
476 291 765
434 41 139
91 545 301
71 377 192
519 437 212
431 225 109
267 559 947
481 561 155
105 405 926
149 549 239
163 317 499
166 288 395
507 586 357
165 463 977
435 449 727
489 21 760
392 47 987
118 585 311
141 151 885
471 199 339
206 509 482
374 329 920
331 231 376
191 295 106
330 287 906
110 571 186
55 199 846
307 527 233
141 347 875
504 437 336
120 405 888
11 547 633
165 441 84
61 326 497
367 335 989
277 394 735
361 319 92
403 107 958
521 381 884
431 233 36
288 419 789
229 449 398
573 72 980
291 128 464
413 29 438
507 111 386
471 61 1000
498 121 76
503 320 706
325 39 914
295 1 498
127 330 125
25 403 584
305 278 252
566 273 414
241 21 27
529 287 614
146 280 914
264 261 314
281 111 262
363 478 306
446 181 999
69 79 483
557 286 737
367 261 187
271 119 707
366 215 504
31 438 641
278 193 346
191 525 296
43 99 518
382 491 325
452 251 921
141 577 268
399 207 776
513 260 248
22 301 401
55 336 70
79 433 678
380 571 493
443 153 180
292 399 81
147 207 930
337 69 923
157 531 237
159 115 170
548 89 987
564 5 469
227 545 378
21 211 614
265 287 438
157 565 613
226 545 926
187 293 646
220 491 479
92 409 574
183 155 275
161 125 419
229 297 152
433 570 247
201 473 210
406 366 667
166 511 471
49 559 412
517 33 405
571 465 849
207 187 136
96 110 247
31 54 991
182 283 49
7 215 952
507 207 688
301 502 626
293 399 413
65 100 626
391 111 650
95 100 941
253 318 419
91 11 107
168 129 649
586 156 798
558 151 740
331 381 105
173 459 864
505 153 243
81 135 1000
191 211 960
257 21 149
307 475 579
39 50 186
95 361 515
149 50 50
581 41 451
237 1 20
519 139 143
306 505 341
539 210 355
165 491 48
178 457 591
407 204 122
477 55 482
431 581 747
515 501 792
82 413 996
119 12 291
96 420 418
178 383 312
401 198 378
171 31 730
281 244 152
81 441 565
155 251 440
88 388 503
111 178 652
319 481 487
73 481 753
209 26 297
77 125 189
174 237 787
583 278 125
311 516 362
118 565 470
285 323 462
321 481 698
481 6 365
333 93 710
547 237 719
225 72 814
241 377 918
547 581 677
441 267 952
19 25 686
463 399 681
400 251 999
401 341 954
331 527 407
531 521 454
442 35 511
421 373 994
451 501 336
509 513 166
233 329 928
60 376 936
417 395 372
352 135 155
256 535 616
532 267 37
15 291 172
437 581 661
457 445 750
309 299 603
241 301 820
349 247 919
223 238 640
411 363 140
508 1 1000
146 275 784
61 173 501
401 567 160
231 401 189
233 271 271
11 251 456
9 523 312
436 119 910
301 251 923
36 389 41
441 529 970
127 47 568
541 565 423
553 387 12
549 239 962
123 395 909
34 141 345
427 66 713
566 402 573
355 159 631
58 532 448
79 295 803
281 119 488
267 113 171
467 4 436
514 371 623
110 267 835
489 331 209
249 543 574
16 309 967
51 345 978
383 119 917
229 11 67
545 326 559
326 20 215
417 533 479
215 424 621
473 393 9
284 146 45
517 363 922
81 309 78
279 61 520
441 539 156
12 228 781
14 230 542
205 361 148
32 367 785
165 27 638
141 301 893
187 512 876
133 181 613
575 494 58
227 197 103
34 88 292
241 321 855
295 451 954
572 249 258
303 69 157
136 493 688
233 531 924
380 217 686
381 21 633
453 373 686
374 523 570
43 521 107
465 402 460
568 437 407
531 439 355
259 551 208
387 559 868
65 414 808
171 309 5
375 169 545
297 12 486
113 214 610
446 83 6
123 363 180
565 561 53
81 540 313
335 589 221
431 203 967
27 334 197
109 301 973
411 409 152
221 188 877
518 535 68
571 451 435
89 5 884
41 491 291
361 501 106
535 117 150
25 303 251
373 361 640
547 133 723
93 141 255
441 115 235
521 534 326
126 321 184
363 223 47
55 494 143
325 289 303
221 371 471
186 353 536
509 399 599
531 211 256
118 270 395
73 351 210
545 493 859
451 31 744
528 471 764
219 28 679
287 388 512
550 337 256
386 523 858
395 386 352
263 394 67
366 61 557
351 519 22
100 118 804
126 138 478
147 497 232
16 576 630
351 522 990
346 511 135
563 496 858
116 271 230
84 348 958
415 453 342
571 441 678
531 373 118
166 404 222
6 48 826
101 137 209
69 35 162
1 570 448
361 206 299
453 23 671
336 512 113
455 541 615
201 399 611
455 207 666
6 431 229
140 213 296
319 114 521
1 301 981
293 354 451
6 436 229
192 483 614
138 483 958
509 441 950
267 361 822
323 461 410
48 362 308
451 261 297
348 542 758
544 438 175
567 55 789
227 373 52
249 503 350
223 418 480
17 159 650
85 177 56
416 399 803
201 381 42
526 74 257
44 561 190
397 218 44
505 395 858
298 322 786
1 409 908
513 389 266
550 551 190
511 55 413
501 61 298
69 52 859
42 303 413
377 29 892
37 161 971
352 331 865
1 449 261
249 109 932
103 101 556
82 9 627
493 445 511
507 76 280
431 511 77
186 476 785
281 521 627
311 529 914
503 143 995
361 273 265
122 157 395
369 107 258
461 415 196
190 587 442
146 125 87
432 232 813
202 313 714
1 3 103
31 429 185
101 41 124
453 59 457
459 561 384
455 464 181
321 261 483
513 31 730
429 217 343
67 325 511
215 21 272
165 351 820
379 387 302
484 213 130
139 346 357
541 485 450
113 217 642
215 501 767
339 255 436
205 545 352
285 215 183
251 103 404
285 240 748
435 181 770
364 577 820
163 479 985
166 131 51
335 167 144
246 389 572
258 531 913
277 542 272
197 41 794
423 543 687
438 477 343
571 381 741
415 211 842
303 46 973
211 580 823
74 221 403
538 379 189
341 541 5
291 475 295
477 105 934
176 533 808
405 151 365
401 243 1
162 187 145
321 307 147
171 443 569
116 188 321
461 127 598
11 423 907
241 561 846
201 40 73
127 103 833
200 441 993
303 517 412
241 141 308
561 171 107
470 231 914
81 475 406
151 508 126
23 76 62
258 43 401
126 145 140
410 573 555
316 387 225
332 251 551
4 449 818
69 87 15
485 9 735
541 557 245
587 517 385
105 378 399
146 292 224
261 501 150
207 93 657
311 353 310
535 242 239
565 40 70
31 209 392
411 365 472
222 31 120
52 558 932
480 469 451
223 411 861
358 555 746
518 21 190
9 23 721
173 481 578
141 537 37
356 476 921
318 336 941
301 207 991
497 553 641
133 584 410
474 1 85
258 325 197
429 461 693
518 556 480
454 509 483
307 209 307
50 110 68
447 131 376
6 195 301
154 230 614
411 512 18
261 206 467
382 301 565
291 121 149
564 62 612
307 131 547
265 475 374
466 519 675
160 447 886
9 511 26
181 299 452
21 505 649
241 192 93
473 580 789
541 309 707
205 266 163
219 196 983
193 48 992
327 541 952
41 420 428
262 110 498
55 147 601
119 65 429
486 287 802
157 9 797
561 479 928
431 174 316
336 232 911
359 244 26
475 514 965
149 393 854
205 339 888
77 119 723
205 191 787
250 199 256
65 493 266
457 36 270
21 11 812
141 111 63
173 109 543
119 247 309
178 469 194
343 523 87
361 517 972
463 578 512
92 411 127
224 189 611
5 83 589
445 288 619
70 399 357
287 457 997
525 225 14
201 317 153
361 567 664
351 191 358
95 555 61
249 501 715
119 33 604
479 491 446
326 253 691
246 521 261
106 43 300
154 431 427
216 12 325
281 431 277
33 259 543
498 325 679
523 84 65
49 261 249
99 565 7
224 443 286
151 127 842
554 452 338
480 545 844
419 583 375
332 25 26
313 171 672
52 142 446
138 272 955
161 183 539
406 424 148
505 112 652
1 60 416
181 524 980
185 81 160
33 19 191
57 408 339
255 535 819
529 145 161
384 46 622
433 509 780
17 409 168
7 59 459
429 349 578
257 578 682
39 275 184
405 243 152
42 103 576
7 301 562
441 371 608
340 361 616
587 575 179
431 276 151
145 124 497
251 247 450
552 197 795
242 446 117
325 286 660
226 156 275
307 34 895
514 225 545
363 156 850
184 545 306
108 275 922
477 426 329
279 101 217
441 573 101
50 541 683
71 431 123
383 331 78
33 171 379
23 449 499
331 70 11
160 87 522
31 9 336
503 326 900
409 495 564
564 91 883
229 361 348
107 291 132
453 466 418
509 583 612
299 79 471
239 113 281
271 339 49
119 583 588
413 255 654
555 135 269
57 526 892
517 21 380
85 259 50
465 144 529
191 80 464
77 241 516
151 161 360
317 371 615
289 204 638
63 243 268
66 201 590
491 23 546
545 460 740
226 96 997
246 221 141
436 567 164
276 151 611
559 428 586
61 439 638
451 147 274
533 345 300
503 24 993
109 395 397
474 229 864
210 178 538
523 174 450
266 290 944
315 552 172
89 261 650
306 11 351
207 134 490
403 326 895
153 249 65
311 523 348
233 146 762
361 151 309
266 399 80
386 23 689
118 141 108
216 175 587
473 536 25
287 558 337
487 329 274
105 246 94
7 220 501
7 289 891
327 569 756
269 87 948
21 107 831
46 290 851
6 333 145
211 577 615
583 279 396
17 355 243
263 145 364
555 479 830
197 7 996
255 206 151
171 581 196
1 489 618
287 316 907
485 155 181
1 414 30
233 89 709
569 171 779
337 29 384
207 364 204
291 301 103
546 510 40
345 355 675
108 301 880
557 31 100
103 86 955
58 47 279
171 169 829
291 359 545
13 465 999
50 516 231
314 143 59
494 151 589
133 47 707
1 438 463
11 65 667
529 588 743
296 101 640
86 578 518
386 505 843
393 399 495
423 517 646
3 562 401
24 90 420
22 28 293
140 589 53
77 110 624
551 159 876
422 101 152
341 274 959
401 69 961
339 494 202
320 301 684
487 101 274
41 411 937
227 307 535
407 509 823
418 351 673
538 341 610
399 401 964
324 509 24
411 316 110
583 171 643
341 269 419
231 201 233
155 41 54
311 319 226
491 249 43
311 500 384
512 375 102
237 231 859
108 295 960
469 137 731
145 447 125
436 39 542
44 9 839
21 286 773
59 396 604
151 236 388
192 295 163
511 420 72
244 406 310
15 160 211
451 121 613
194 481 732
387 294 990
17 453 95
227 226 467
213 93 829
451 151 205
517 519 499
93 129 419
213 161 564
245 237 988
104 459 911
121 247 736
231 149 430
351 515 470
199 355 598
465 157 148
571 344 173
139 405 133
507 252 465
118 193 374
51 1 815
521 565 850
55 491 573
411 319 708
279 561 543
101 38 356
361 173 334
141 556 555
226 364 723
283 255 322
178 11 922
385 41 324
166 588 834
115 232 682
416 469 924
241 449 597
521 398 600
501 511 360
209 7 772
93 68 963
551 163 101
530 575 70
351 42 975
265 384 441
348 199 138
188 536 332
272 355 695
195 366 884
513 511 648
293 295 366
43 445 688
466 571 272
406 457 432
485 359 19
561 61 147
351 117 315
407 438 996
433 493 385
281 149 478
585 311 250
191 262 766
297 548 262
528 193 536
585 451 256
181 92 481
475 115 121
7 363 357
208 581 380
81 119 23
471 348 726
112 237 913
137 191 399
575 167 480
533 89 74
332 403 932
173 217 496
375 569 720
29 161 800
411 565 290
5 77 185
559 196 255
417 86 712
121 137 39
161 155 375
109 451 671
541 381 613
283 277 577
333 446 977
575 532 426
561 455 51
523 222 997
261 481 976
511 394 267
351 89 180
206 37 155
371 193 357
307 483 73
96 459 361
237 219 480
497 455 803
156 57 390
411 306 674
224 205 61
365 511 561
473 143 451
212 499 999
259 281 32
236 251 394
66 92 947
66 496 814
412 455 809
446 445 19
361 325 345
426 335 368
417 180 184
78 445 933
252 226 29
325 236 391
50 197 828
154 517 42
85 273 39
337 573 994
559 409 218
327 469 990
331 195 700
63 157 909
251 209 533
507 493 610
169 391 914
361 345 738
6 213 540
137 113 381
450 81 401
303 190 355
27 431 10
296 381 312
26 431 670
11 89 127
519 36 684
416 301 160
46 87 993
175 355 97
75 459 337
147 404 383
415 491 177
568 532 808
263 179 946
221 61 731
91 353 408
441 341 896
96 321 525
173 476 890
441 337 943
49 401 134
52 477 631
577 411 84
203 416 942
71 313 59
566 71 83
502 325 29
569 395 215
463 415 868
335 81 936
557 91 163
223 97 163
427 473 703
574 527 211
289 68 548
481 146 701
487 525 18
478 443 454
1 211 350
4 94 441
301 225 151
403 181 614
317 361 304
359 321 915
329 220 790
87 151 303
25 476 80
90 523 117
399 51 453
37 299 946
216 371 934
76 388 155
21 399 674
131 431 876
311 495 579
131 438 281
534 409 26
587 93 875
269 127 656
561 255 95
331 511 649
241 115 225
311 321 728
67 557 186
315 226 432
150 474 774
3 8 197
365 181 11
211 221 515
391 48 62
496 287 51
147 11 280
287 431 262
331 371 38
151 466 844
153 173 629
407 277 352
39 565 390
421 156 826
449 365 871
481 391 164
569 401 28
41 94 615
281 467 596
447 111 98
61 306 753
87 179 328
543 403 407
451 120 985
369 292 632
384 53 568
389 213 576
277 438 260
389 66 120
257 71 187
191 577 389
1 45 36
437 61 460
523 229 217
556 181 977
166 585 744
45 220 386
308 265 881
343 355 905
1 355 494
87 11 662
423 353 92
494 51 297
127 56 814
466 403 499
269 473 345
425 397 792
27 479 918
434 569 362
553 263 408
585 181 95
267 503 170
306 200 218
278 303 714
277 451 418
89 435 890
327 521 736
523 101 870
149 11 589
11 152 160
121 331 492
550 339 181
225 62 97
561 66 793
473 441 692
533 58 597
277 254 881
292 166 109
242 235 458
525 109 990
506 521 117
171 217 695
103 250 193
89 517 171
142 258 802
465 311 776
235 74 76
76 67 546
293 301 407
171 45 380
587 526 198
27 117 818
119 265 386
489 196 937
187 473 382
157 466 654
83 337 819
6 66 481
531 510 224
226 505 702
188 296 969
317 523 93
81 9 364
341 323 885
67 142 40
489 590 759
139 337 544
87 417 358
171 501 908
195 239 298
139 485 468
263 499 59
101 431 122
116 550 493
437 91 999
456 537 236
231 336 932
401 589 121
10 391 727
135 485 865
411 21 650
371 443 999
313 581 438
515 227 381
165 536 111
51 579 726
531 523 513
450 171 593
29 109 520
15 21 276
4 15 790
206 292 233
395 501 460
65 254 79
44 582 920
415 483 1
527 5 355
410 191 776
127 86 751
317 529 552
473 189 155
442 21 277
19 512 763
135 141 301
167 484 535
513 221 297
354 208 100
251 78 469
344 221 383
140 437 12
503 451 210
203 450 274
279 283 860
581 317 5
399 519 645
237 566 664
229 309 817
211 51 146
430 490 35
109 377 510
41 161 837
543 415 574
111 256 784
52 271 662
186 527 710
129 191 423
336 517 497
181 501 766
218 393 585
444 531 462
8 143 699
1 34 262
503 289 620
531 422 298
159 87 845
272 124 458
191 256 375
251 126 298
297 381 175
235 423 89
511 201 757
173 423 894
581 467 443
277 427 274
574 183 786
314 251 409
139 161 35
356 220 267
261 435 956
216 363 87
348 477 528
235 551 913
399 562 494
201 541 458
421 540 211
67 68 221
476 526 273
327 165 711
339 391 591
304 313 946
87 255 681
583 587 219
196 303 436
493 89 603
99 507 211
10 588 889
167 231 371
67 38 805
213 249 68
369 183 468
145 14 558
231 146 341
197 354 563
413 566 492
38 73 497
451 491 897
563 576 578
571 493 3
364 489 481
435 301 820
286 456 889
24 65 719
106 408 730
149 411 843
241 269 619
31 312 790
21 421 734
558 315 174
423 579 612
557 333 808
160 405 850
377 495 840
531 87 997
130 527 231
338 199 662
453 343 720
449 64 740
41 561 863
491 473 158
57 141 148
546 195 447
91 154 560
5 86 239
89 283 505
212 51 214
127 171 813
321 356 601
301 163 707
446 41 796
447 123 361
327 418 513
323 487 983
215 41 881
163 184 496
253 521 532
496 505 872
251 348 748
319 268 213
69 547 672
285 95 814
311 463 93
417 507 863
226 465 83
429 311 277
83 461 295
389 398 461
475 355 735
59 448 791
79 96 926
381 32 313
159 56 175
289 202 825
359 381 749
383 416 108
421 281 865
433 103 891
327 44 30
57 584 146
447 62 141
68 419 798
539 431 405
452 325 837
237 378 317
503 151 451
473 337 105
536 529 150
413 580 983
305 186 101
5 66 823
463 484 153
230 367 1000
368 461 467
115 259 990
282 10 304
331 281 252
19 163 617
547 206 745
91 132 655
589 525 668
391 301 23
419 515 394
136 482 613
171 514 550
359 530 703
535 545 621
117 253 429
239 93 739
454 401 839
454 559 240
459 581 61
193 14 657
141 136 798
283 447 776
266 556 568
327 446 735
576 428 946
82 47 638
61 450 697
303 165 290
361 471 165
477 536 192
491 572 816
426 207 348
11 469 490
188 508 483
78 491 842
431 585 478
450 205 753
515 151 919
581 435 339
414 273 133
181 121 657
579 5 676
21 29 418
421 429 566
435 382 182
221 261 112
335 31 618
119 151 821
390 512 721
484 271 976
141 154 407
521 115 847
70 326 863
391 426 686
33 101 470
374 157 266
532 91 223
252 505 466
8 235 433
462 505 813
422 583 230
221 469 608
44 80 189
91 335 5
502 219 271
451 360 658
145 235 468
176 163 34
569 403 107
260 221 800
73 246 821
401 531 455
271 434 963
223 576 210
229 257 666
501 112 663
441 296 194
93 164 680
517 430 555
57 257 725
281 383 942
356 437 276
241 507 318
219 511 566
196 260 682
31 6 321
357 411 242
233 511 62
13 237 70
387 143 480
401 229 935
341 516 71
477 351 992
109 439 232
16 65 42
26 9 913
327 291 228
435 512 508
12 24 455
335 363 354
29 139 634
285 316 773
463 120 191
583 371 617
576 266 243
459 72 340
111 97 575
491 261 438
101 139 200
421 275 189
139 539 899
341 219 724
113 1 936
489 48 88
227 488 207
533 526 822
396 343 476
569 9 269
55 45 364
521 156 937
331 50 304
541 395 475
65 471 62
430 328 738
486 321 678
293 518 631
293 394 924
141 6 672
131 405 813
209 227 932
129 573 357
192 441 26
1 421 819
405 19 633
96 134 318
172 218 258
207 533 829
476 393 315
321 449 643
435 481 641
89 159 194
381 105 909
81 121 89
135 449 746
426 146 169
3 69 262
41 29 768
18 425 782
113 373 995
334 172 527
556 377 97
491 97 356
331 103 773
9 417 157
288 103 954
45 397 643
549 556 49
296 20 777
231 455 166
160 237 539
223 1 506
185 157 733
543 281 8
39 121 793
191 445 680
551 253 578
21 271 855
78 183 673
127 485 88
451 426 293
151 493 651
246 231 183
301 420 701
409 581 515
501 163 349
452 400 374
458 131 139
568 210 556
308 268 976
360 191 769
404 287 522
205 26 498
56 573 483
19 169 442
16 446 358
466 206 134
361 39 32
231 517 774
321 31 393
119 181 51
319 555 882
289 181 426
359 311 822
153 213 624
205 93 526
107 117 557
361 37 764
572 182 214
348 490 234
2 241 813
441 210 414
149 401 336
71 505 661
544 273 126
135 143 775
487 269 89
1 170 682
461 543 849
549 567 374
121 346 636
13 515 90
381 415 262
25 447 870
46 156 991
490 167 345
173 302 976
419 460 969
215 367 922
187 397 998
138 589 273
129 455 532
356 91 236
524 549 965
501 463 901
152 293 303
115 573 222
491 306 308
21 49 374
545 139 151
481 211 554
159 467 668
421 81 287
253 588 235
127 337 413
469 527 16
517 130 693
415 248 6
183 256 121
279 219 871
406 569 68
26 383 433
201 295 71
191 77 647
465 147 895
102 407 385
498 69 220
467 211 289
431 43 393
49 91 551
331 219 944
571 107 836
31 260 439
511 423 821
413 5 525
427 233 89
21 371 190
407 391 526
1 373 51
211 579 33
358 440 458
90 351 451
411 507 15
76 135 155
536 203 358
131 175 8
447 96 399
491 463 341
93 348 260
469 55 510
316 359 505
467 81 483
347 1 585
195 53 909
47 585 338
279 490 468
41 421 460
339 516 943
397 353 807
442 471 700
517 346 786
495 193 76
117 217 528
201 239 810
541 453 728
529 223 141
165 355 516
201 533 712
174 74 173
569 453 97
531 197 540
321 325 661
230 41 178
461 446 806
417 201 422
541 579 470
121 582 946
329 260 224
27 361 76
421 545 540
211 109 362
531 427 938
191 13 542
109 111 864
389 131 607
293 160 423
115 367 820
216 117 652
589 425 903
181 355 951
243 443 779
473 371 746
300 211 902
228 483 550
259 76 908
505 148 468
173 62 752
400 81 909
416 567 213
587 469 71
353 70 389
364 71 655
167 265 25
371 139 434
266 431 59
196 127 889
321 187 6
63 165 171
88 554 628
571 485 403
56 177 132
201 343 801
27 25 687
123 135 470
57 229 939
204 575 143
207 368 1
387 177 628
406 339 807
278 584 582
221 522 330
186 47 348
30 32 571
344 91 374
326 525 145
521 81 9
256 472 225
501 186 636
558 501 277
79 381 71
434 439 26
550 445 185
160 151 29
316 461 867
71 371 750
96 331 874
479 461 784
318 355 905
447 403 403
287 333 597
195 22 637
373 172 97
217 186 160
176 391 591
391 55 81
357 399 819
16 102 810
147 48 228
546 355 288
449 169 211
211 471 495
281 251 921
401 561 1000
191 567 604
456 119 22
413 99 315
29 132 578
367 161 521
338 331 527
394 103 423
109 561 229
251 111 106
375 581 773
427 123 853
450 111 945
533 261 436
24 452 863
342 582 786
205 49 191
390 31 589
395 72 658
121 349 868
25 473 860
436 296 888
421 480 661
371 359 660
141 291 547
446 577 229
559 188 674
347 71 812
79 91 646
461 509 886
358 382 984
64 100 614
37 104 329
501 127 721
479 198 379
11 585 80
167 197 916
309 340 184
541 80 767
341 126 220
86 579 687
121 312 21
325 195 674
49 201 657
585 583 642
166 545 92
117 176 418
291 75 255
18 46 273
63 526 208
63 380 218
62 111 887
564 497 845
185 380 393
385 426 42
221 471 38
125 505 244
561 72 473
113 58 458
83 445 365
199 311 910
425 569 400
181 205 283
386 111 887
387 89 890
92 143 230
201 26 294
163 25 961
449 179 534
141 397 129
263 455 804
281 193 696
143 211 888
87 19 357
426 154 361
435 471 960
485 579 283
301 237 598
19 154 378
565 347 646
451 40 182
367 93 560
497 26 941
173 159 336
567 96 791
319 185 256
299 581 614
41 38 38
328 106 485
81 183 857
537 81 494
320 175 141
443 77 571
361 7 534
146 567 307
418 552 246
313 57 411
414 423 195
261 276 827
227 245 31
379 125 460
83 561 517
151 491 404
517 516 804
24 386 225
312 381 187
62 187 869
478 131 906
179 307 687
283 129 749
447 79 608
296 582 608
374 9 224
82 156 975
487 495 87
351 248 679
75 98 556
224 482 155
501 17 598
303 357 252
372 351 742
22 54 219
383 511 521
231 431 174
423 367 773
413 207 96
517 131 875
351 505 481
523 476 778
576 525 212
543 19 442
29 33 146
135 517 381
336 221 541
491 49 240
9 49 779
109 79 247
191 101 112
160 21 638
185 31 418
52 340 327
229 234 370
59 326 884
532 237 70
418 513 863
47 461 313
47 209 326
342 539 161
490 97 655
299 60 797
45 64 118
149 205 553
397 41 643
81 503 928
506 227 683
203 207 281
221 451 322
119 32 927
197 571 715
207 23 660
437 461 31
474 91 406
458 545 10
577 231 940
536 405 638
316 493 424
531 313 889
454 75 135
560 411 659
389 527 266
172 485 517
537 421 205
381 272 336
513 463 317
303 35 884
321 541 242
212 181 718
455 587 965
210 65 731
115 286 810
163 436 258
97 513 923
467 231 205
496 473 99
569 303 970
45 469 882
315 496 530
97 503 57
71 506 675
279 272 901
10 208 460
259 546 135
541 103 369
539 85 435
439 271 810
225 81 832
81 332 231
201 189 423
373 571 837
241 351 667
81 501 323
265 440 316
411 266 761
537 1 752
269 441 500
63 11 479
15 193 196
174 398 615
502 459 565
321 86 856
347 477 783
25 590 432
251 531 190
337 7 303
107 87 798
44 326 326
71 185 663
306 471 514
578 435 22
131 266 881
121 426 949
231 335 919
343 221 650
31 69 537
557 590 145
361 21 488
588 49 525
286 438 20
6 33 812
244 237 822
151 302 474
324 465 455
566 319 256
34 78 457
67 553 29
477 216 330
381 497 264
211 533 775
280 456 311
21 260 962
251 63 335
577 1 439
581 470 370
122 39 618
194 76 936
101 498 739
497 401 741
330 503 951
336 304 818
551 346 784
110 109 520
265 291 912
302 235 916
559 501 918
51 314 728
377 350 780
417 501 869
106 257 285
471 479 244
471 535 483
347 79 693
17 96 940
257 308 97
326 541 855
3 261 633
541 389 417
387 302 387
441 156 988
561 576 727
477 507 156
471 21 629
536 563 337
431 269 117
89 391 699
453 313 785
140 544 737
557 226 633
305 464 64
189 362 783
28 438 974
347 181 687
409 41 186
301 580 796
67 173 92
347 383 2
34 463 863
471 136 48
433 381 59
96 168 207
406 81 76
477 251 466
524 513 983
1 473 842
253 376 126
13 203 910
169 547 509
431 519 785
471 349 455
477 139 311
7 145 557
575 63 645
201 1 602
125 32 454
147 109 76
381 71 154
342 474 155
191 171 726
427 371 941
485 518 77
587 296 143
135 235 582
544 49 676
492 185 680
23 396 746
572 309 24
190 535 141
563 441 292
235 285 751
313 425 868
516 243 849
564 421 982
219 299 646
93 31 91
173 95 62
203 266 881
361 149 759
431 481 23
291 231 336
147 384 197
443 504 362
369 148 677
291 178 650
125 521 431
451 145 127
452 514 997
527 359 794
79 99 849
11 431 854
130 186 300
347 560 163
399 475 719
427 166 871
456 244 700
519 439 618
299 69 359
351 207 18
74 553 787
261 590 564
295 181 528
19 141 611
539 339 351
285 396 907
15 381 173
13 406 306
63 445 429
58 391 43
412 451 91
589 281 251
106 262 451
363 451 541
321 441 512
511 330 459
409 111 771
249 423 661
405 511 153
283 165 775
24 61 376
559 193 389
68 162 757
271 87 374
359 7 19
57 202 117
443 561 666
199 569 176
444 527 606
317 286 643
555 407 448
467 94 90
265 549 74
372 99 644
510 554 105
451 211 504
385 163 569
361 83 272
495 335 914
111 321 902
367 138 196
497 77 32
221 81 406
325 81 46
310 48 116
35 439 605
157 483 530
483 589 599
429 369 287
234 536 765
116 60 536
82 114 622
22 205 614
66 510 41
188 557 592
116 277 828
559 254 800
365 102 298
61 467 684
467 196 15
230 113 675
589 289 876
140 431 821
12 178 581
228 375 279
355 61 448
211 399 76
575 439 519
199 451 498
521 481 263
123 580 497
31 413 811
295 311 511
37 569 913
485 323 418
246 483 616
471 469 846
373 281 295
561 165 206
137 147 166
317 82 320
167 49 918
321 571 961
437 442 774
225 391 642
385 417 209
521 391 223
73 32 856
221 93 969
97 141 984
521 123 192
486 431 379
109 116 188
541 259 721
151 359 514
541 298 640
221 206 204
11 41 822
143 323 152
165 340 780
368 31 21
412 461 481
301 379 370
427 361 939
286 148 904
101 356 354
467 293 377
525 367 466
295 281 377
330 393 656
187 271 651
536 576 75
71 181 375
121 269 857
109 11 465
179 483 369
506 181 295
507 78 636
291 248 675
463 161 632
367 560 256
81 296 231
25 11 266
335 519 288
521 586 335
465 426 867
119 586 716
307 271 948
266 268 55
177 391 394
331 456 697
296 325 439
445 229 928
29 136 809
194 409 135
90 571 726
459 223 307
102 109 805
60 391 187
235 361 134
279 116 350
106 443 15
151 370 133
535 479 773
550 46 363
267 247 102
214 456 743
191 359 577
581 282 316
381 281 343
268 1 131
281 219 860
67 111 798
539 78 879
476 237 639
430 21 794
418 280 207
1 491 280
257 436 773
587 101 718
581 271 446
238 126 574
337 451 732
551 199 683
341 113 914
221 542 409
201 509 554
73 254 142
237 161 61
317 389 493
343 287 408
473 291 186
21 321 310
241 296 982
281 541 77
363 196 237
316 51 601
337 71 953
82 81 144
62 85 597
311 251 354
130 305 634
559 285 929
507 492 776
9 549 139
510 470 549
281 3 700
17 97 980
203 359 807
278 544 211
267 499 186
491 272 692
469 569 398
144 511 553
300 255 937
171 5 726
97 236 580
103 361 726
21 34 542
81 276 687
61 356 912
138 201 432
125 551 258
21 249 223
526 104 713
390 516 446
203 121 62
498 16 977
487 398 810
126 120 490
225 141 673
327 284 662
242 61 964
37 198 96
1 94 563
359 153 146
186 382 227
295 277 641
125 315 494
185 336 961
186 199 39
516 477 189
563 61 615
366 168 145
311 232 336
101 206 302
115 180 645
168 453 816
281 391 436
21 311 486
573 431 172
254 441 395
449 56 13
295 245 412
137 165 609
231 128 872
549 46 916
339 276 579
566 111 826
459 41 32
316 157 122
279 181 576
361 243 995
19 395 34
407 423 607
551 457 594
351 41 684
112 566 269
226 97 418
85 72 339
425 335 722
190 425 883
301 133 718
29 214 26
24 179 874
170 243 883
79 279 92
371 351 575
69 41 846
266 485 231
296 588 895
267 581 696
390 166 673
431 273 828
125 301 923
427 39 7
247 288 992
76 128 797
44 210 187
104 269 832
377 226 260
332 181 975
320 487 69
433 346 856
51 250 426
441 527 8
341 7 649
365 145 276
570 331 98
565 106 974
541 447 475
171 7 608
164 273 743
366 35 922
147 161 561
487 451 816
119 211 934
217 202 244
575 352 904
424 266 905
304 311 188
99 453 282
571 541 277
263 311 645
395 273 429
589 282 82
178 487 606
476 373 572
561 25 592
529 353 690
36 436 697
404 407 939
450 487 415
549 571 908
446 269 596
560 111 754
475 276 942
215 86 909
585 513 366
31 361 570
351 328 769
163 439 622
117 289 565
485 16 191
211 141 570
19 63 287
304 502 195
440 515 932
57 71 922
504 235 95
197 561 419
511 543 610
47 181 973
506 571 310
521 177 810
91 199 901
537 501 982
91 171 784
91 38 435
517 213 243
51 331 251
185 307 275
62 579 525
479 559 916
62 167 495
432 237 465
503 318 48
2 512 477
141 119 173
99 358 94
571 122 937
37 289 189
112 571 816
493 517 104
95 13 263
361 221 616
435 251 873
241 365 217
11 341 151
571 239 31
471 122 121
27 494 837
291 355 686
135 236 784
103 333 161
231 329 686
41 47 627
331 252 316
459 351 30
289 526 89
203 377 186
53 3 937
231 328 467
527 106 306
311 80 655
123 469 58
391 538 862
417 101 812
384 417 182
58 256 11
435 552 409
326 67 950
329 320 447
32 195 121
569 517 516
355 467 843
281 201 550
161 5 192
226 199 979
391 381 983
36 476 866
327 249 48
321 537 973
119 508 400
126 451 163
571 281 308
151 551 367
390 451 814
171 159 767
407 296 22
19 477 426
551 477 689
303 56 43
260 474 353
301 535 396
583 1 570
589 139 978
536 136 943
181 123 33
265 61 644
365 245 156
220 331 126
123 451 591
109 27 897
215 561 890
587 453 641
535 333 298
221 281 795
271 517 813
394 19 6
321 585 871
43 462 888
571 585 684
35 60 203
51 287 71
487 6 247
505 135 713
75 285 840
405 523 863
283 271 130
314 237 176
323 568 432
85 267 180
459 216 801
498 411 597
569 130 970
127 81 847
230 516 885
251 69 292
121 314 430
547 121 684
145 245 191
335 473 537
11 590 373
241 327 320
48 477 386
296 461 165
75 224 303
65 203 753
543 245 443
471 335 845
476 528 929
543 530 186
221 395 263
573 516 856
149 116 994
167 532 169
104 461 370
442 279 607
291 469 821
106 101 577
30 61 99
207 231 704
314 79 241
542 332 459
501 404 178
247 76 844
80 312 50
108 411 288
91 543 100
237 399 299
186 289 658
216 559 644
143 199 210
401 29 299
165 541 81
146 242 852
287 185 897
10 82 75
291 433 940
251 501 624
583 281 807
435 21 845
115 183 613
111 89 221
569 498 475
146 501 538
469 279 201
553 78 175
544 211 295
167 561 519
341 215 473
177 397 92
341 193 219
502 293 112
546 361 424
476 406 584
526 1 102
501 393 186
572 101 634
330 63 843
211 244 94
319 33 609
101 579 48
403 5 900
371 63 992
23 196 821
159 179 364
147 19 99
150 210 945
271 491 332
196 89 671
259 495 811
159 265 432
575 559 419
283 586 491
485 142 927
491 283 918
441 109 793
366 528 887
55 397 153
485 91 77
468 491 534
5 47 798
61 531 650
446 31 18
359 389 62
285 276 239
191 15 35
85 216 386
334 125 433
96 145 546
343 501 290
403 574 780
4 26 739
112 418 303
531 341 594
139 368 359
93 416 888
95 589 116
261 151 630
434 468 72
181 338 555
568 363 893
45 351 372
163 149 399
88 265 580
189 245 776
209 221 911
219 295 19
1 52 590
545 173 395
136 93 326
555 43 304
509 1 138
10 119 582
71 487 148
457 451 55
341 361 125
291 487 225
176 507 447
43 187 377
75 475 799
33 341 392
119 288 65
431 532 100
121 183 110
321 11 407
119 515 26
391 157 663
309 304 691
29 201 11
289 3 669
394 159 855
237 120 265
310 355 284
134 144 521
319 2 319
181 397 744
535 573 465
1 61 438
369 339 237
121 211 804
480 488 348
584 497 68
487 185 94
148 479 227
31 91 390
365 59 137
272 537 923
267 341 778
135 281 199
469 35 611
331 477 949
113 587 906
470 431 556
154 466 261
331 161 27
246 331 50
346 414 624
413 173 651
437 123 789
295 146 829
306 501 506
271 165 99
231 487 901
139 151 894
1 129 805
139 179 625
495 542 333
560 151 737
511 136 334
448 432 428
220 495 62
585 251 217
484 413 653
113 551 916
517 297 97
181 581 102
13 213 569
127 489 828
30 455 243
206 391 404
286 261 264
330 261 475
479 231 510
326 260 781
297 515 206
211 296 625
103 114 566
551 413 795
321 501 500
481 475 80
327 453 151
589 395 305
304 241 839
535 331 455
295 543 846
259 288 778
541 538 697
501 9 211
332 392 114
406 117 790
531 483 940
47 316 456
504 217 14
151 309 516
97 277 496
484 195 557
41 17 493
119 269 470
296 171 248
405 111 86
159 308 669
295 501 293
471 223 802
356 85 142
117 323 1000
560 581 858
281 311 290
281 315 563
28 43 755
321 407 484
386 400 864
67 296 82
13 76 697
550 431 531
527 403 28
194 341 932
363 227 361
371 325 158
91 191 483
273 27 961
321 47 867
443 51 540
27 3 623
81 137 756
311 231 645
469 399 296
104 425 345
457 129 838
77 251 995
367 386 445
177 205 335
517 443 433
119 440 886
574 355 640
67 64 475
131 85 872
213 311 887
582 217 978
199 233 539
126 228 135
346 271 661
474 92 166
27 519 823
112 143 580
63 133 904
265 317 322
111 203 873
188 141 380
354 398 146
555 532 184
21 72 967
369 237 713
146 462 327
519 426 28
482 132 503
121 158 217
429 431 538
383 393 56
119 531 949
390 414 761
157 439 846
141 233 546
109 23 521
219 271 46
291 471 609
513 563 546
219 410 229
79 517 82
453 178 174
141 121 386
13 297 463
581 40 59
337 559 383
383 71 794
311 485 767
501 247 655
191 153 780
73 561 902
487 458 956
473 412 305
227 206 932
109 565 911
426 141 234
71 323 461
451 271 761
3 28 706
119 123 482
92 515 384
283 429 308
205 401 203
501 219 339
163 263 484
460 516 821
399 461 700
579 573 278
493 149 760
295 411 586
399 386 21
39 173 289
396 446 343
21 519 392
231 137 735
130 333 355
61 385 706
49 129 50
145 401 227
529 346 369
531 486 543
179 83 867
241 271 900
246 321 638
239 187 869
535 55 483
495 312 299
269 21 651
424 145 356
395 491 967
71 375 429
581 31 242
49 101 457
477 255 600
269 415 51
230 293 827
441 301 323
431 479 226
476 57 238
40 225 860
365 251 66
75 236 597
418 398 977
16 149 162
146 337 386
191 526 606
147 425 84
440 261 287
301 131 108
47 19 824
211 306 231
417 98 579
301 63 638
470 549 236
506 551 351
471 312 65
171 426 890
139 225 592
291 319 217
223 230 865
569 414 705
249 375 275
387 27 459
411 325 248
529 268 296
219 105 92
31 532 817
331 75 6
475 34 748
3 277 897
1 97 900
507 95 300
457 163 109
553 61 449
72 266 236
84 554 637
129 543 94
5 332 410
515 97 898
8 333 116
541 41 950
1 16 899
561 461 478
124 79 632
516 161 488
543 15 490
581 301 697
523 547 161
5 265 844
170 37 86
421 347 437
249 551 806
519 111 971
65 354 545
121 152 463
564 579 745
401 5 413
463 551 492
176 424 627
507 281 749
519 493 387
421 90 204
317 549 829
340 12 415
493 182 693
271 311 985
223 69 525
341 185 783
590 205 510
461 371 931
493 201 49
313 491 476
323 119 573
79 329 496
479 331 546
225 515 42
561 447 798
588 159 762
421 175 785
309 191 632
421 221 861
133 421 820
140 448 640
410 7 683
507 536 773
321 265 169
169 91 517
152 51 760
317 145 980
49 450 539
257 199 513
103 406 213
564 99 22
317 73 46
237 17 578
171 463 802
16 18 278
300 283 77
259 477 476
61 142 951
121 61 830
25 411 826
59 586 814
179 165 785
419 141 976
75 41 873
147 231 921
59 244 606
361 562 431
544 370 719
209 539 871
263 429 966
390 501 730
296 383 683
551 469 412
379 73 987
300 291 887
259 391 70
176 46 101
317 511 100
155 469 821
326 310 4
302 432 412
201 115 834
3 347 594
92 405 853
25 113 103
213 387 838
542 311 979
251 399 628
543 291 630
309 395 773
25 471 408
362 521 284
450 211 877
495 151 241
580 403 814
221 195 315
398 97 993
27 225 401
541 31 403
451 181 555
588 121 613
553 311 431
317 289 893
439 261 594
319 39 245
59 483 493
234 76 245
341 360 702
222 393 102
110 411 355
418 399 421
251 256 690
32 377 168
190 450 330
222 3 198
341 321 589
331 165 767
551 371 683
431 521 567
425 391 574
280 94 430
298 85 163
21 570 755
29 531 25
495 245 327
377 275 825
141 2 398
426 156 140
107 51 59
39 301 786
513 21 890
397 272 1000
359 125 80
21 377 78
269 43 450
175 23 503
131 357 539
375 369 253
54 345 934
316 321 51
351 229 814
93 391 895
581 51 918
326 69 428
586 61 532
448 77 701
413 437 87
129 151 746
29 51 342
387 569 277
471 115 470
112 9 880
111 511 230
579 60 314
246 409 537
409 7 300
471 371 662
219 471 297
381 146 694
365 399 696
430 161 323
245 377 401
584 207 220
542 241 313
567 17 744
366 507 738
142 181 158
406 361 392
326 40 597
79 286 603
443 197 201
261 326 634
31 138 935
465 561 872
441 239 106
555 127 85
88 431 160
347 91 227
588 313 669
247 238 349
45 62 2
310 176 344
256 436 773
133 462 543
44 41 287
215 231 704
15 116 575
129 253 891
347 185 784
401 491 199
117 437 326
215 99 364
85 105 894
515 1 166
505 23 882
505 101 283
379 77 483
6 12 24
36 60 429
8 30 274
461 401 632
26 577 159
151 564 444
276 381 499
251 491 572
31 253 218
59 463 439
357 541 555
291 81 615
167 414 470
347 371 509
435 190 954
407 205 330
255 121 385
325 213 217
323 397 592
414 433 766
411 544 88
427 37 850
21 254 112
217 506 2
296 309 855
331 569 573
199 27 555
239 52 787
21 560 284
309 5 518
377 553 232
3 219 584
421 311 329
251 265 331
51 73 194
531 456 760
5 129 819
460 141 221
496 410 226
583 459 237
530 341 647
324 247 22
190 586 766
578 520 366
275 443 272
375 356 327
230 525 648
469 421 314
163 383 685
451 525 197
577 228 88
182 221 737
530 416 506
262 165 495
54 161 809
41 309 30
369 555 369
587 175 371
459 433 712
283 355 926
45 111 240
453 1 926
586 483 13
436 521 738
451 308 828
551 11 590
543 475 226
451 523 5
29 347 762
351 122 245
413 119 924
580 49 847
519 128 656
341 117 621
301 309 675
167 450 788
164 174 759
171 508 2
191 179 49
475 281 350
47 338 310
112 293 767
548 277 121
480 527 177
411 510 277
236 154 802
153 100 356
193 409 990
85 159 629
395 463 312
241 37 309
209 454 139
205 421 797
322 39 63
20 101 10
291 151 43
213 121 478
79 222 586
347 21 477
462 166 298
425 47 447
427 283 385
581 408 236
361 197 727
84 323 520
152 87 654
414 271 273
51 116 162
59 501 335
120 549 565
219 529 308
542 361 238
181 311 107
441 297 636
223 511 812
63 125 969
381 339 1
469 171 220
23 519 663
12 421 410
435 259 300
136 9 645
82 315 851
349 457 160
351 51 1
306 519 39
429 3 139
135 163 3
235 262 16
20 65 357
117 401 85
455 431 474
573 169 618
377 431 668
15 251 335
485 581 608
43 457 298
365 311 200
327 244 580
324 151 677
296 543 688
352 420 208
131 105 105
63 211 185
65 148 703
573 196 170
275 153 317
34 258 903
141 201 561
351 39 350
525 201 168
348 425 224
462 186 831
299 419 274
465 545 874
299 403 629
59 131 181
121 359 123
471 134 845
347 75 529
355 12 962
105 496 597
559 51 220
113 333 276
137 312 296
209 469 274
479 469 925
179 147 627
433 507 828
525 387 990
354 39 648
253 55 426
481 193 785
245 349 276
315 12 652
331 553 805
1 250 510
586 147 390
563 199 820
150 226 673
370 477 120
450 69 954
305 23 840
341 285 771
281 91 453
5 51 760
401 404 945
267 313 95
511 469 945
21 285 738
87 331 106
276 577 936
575 369 614
455 565 654
205 321 82
41 5 353
69 363 785
131 572 542
585 471 241
51 334 327
153 108 731
174 327 413
216 59 560
475 391 409
201 340 876
341 362 272
159 336 693
112 307 119
132 451 716
425 353 974
533 441 536
231 273 882
185 463 123
62 407 948
445 37 180
209 42 799
69 508 175
281 64 319
231 325 665
281 557 10
160 171 183
583 68 465
488 296 432
497 546 949
543 326 55
83 517 536
365 141 902
561 193 258
245 589 670
365 256 967
523 269 52
307 356 657
165 191 408
396 563 514
247 175 431
302 468 534
353 52 490
343 11 853
548 584 502
240 447 551
363 29 294
21 46 257
537 521 713
94 561 37
267 201 295
547 61 404
581 121 222
571 139 459
378 247 791
549 431 826
396 51 662
383 226 735
175 272 65
170 181 41
579 451 864
215 528 696
445 538 146
60 237 905
215 145 944
134 578 455
315 317 819
353 299 199
25 115 654
171 11 974
317 54 43
425 201 996
519 3 407
161 174 612
72 211 441
424 242 834
181 145 886
369 378 934
214 141 997
483 306 229
209 399 631
357 522 554
159 139 644
87 74 551
431 75 529
511 361 310
211 499 873
501 137 809
325 379 598
74 342 534
261 569 45
136 301 358
367 307 971
326 331 713
411 331 532
441 313 79
5 118 501
245 455 310
326 278 378
124 411 45
219 315 877
587 60 39
113 273 600
237 46 215
191 219 665
347 301 363
133 273 821
533 275 187
329 511 180
98 22 507
438 504 360
211 551 536
201 260 597
161 445 753
189 349 457
417 483 774
391 195 196
1 496 318
263 555 777
547 370 454
542 465 166
453 77 581
239 511 856
89 458 466
123 279 858
122 375 941
511 301 638
425 494 33
149 241 900
545 442 96
325 189 776
352 416 468
367 305 82
166 450 20
63 46 823
255 151 185
485 580 412
191 557 412
5 531 4
171 27 38
379 424 255
53 531 914
65 163 698
401 174 482
292 10 954
453 202 859
1 521 306
127 131 614
74 172 849
53 144 854
383 431 639
123 431 604
8 24 90
567 457 953
1 281 512
191 43 569
51 202 158
589 71 727
429 353 670
91 299 399
302 127 496
546 445 994
421 51 724
11 199 587
465 121 160
313 255 492
411 479 240
156 516 577
565 333 889
360 470 291
374 371 645
107 119 671
461 335 509
222 494 207
586 425 109
511 576 27
301 56 74
590 70 8
361 120 39
31 428 769
132 336 646
25 543 695
104 11 375
236 323 757
535 373 125
99 393 635
266 519 311
395 249 29
473 525 36
79 380 828
545 399 616
367 496 463
473 353 678
238 555 90
20 59 214
337 189 678
97 321 535
81 401 436
119 57 158
167 91 717
27 398 365
108 534 437
225 201 683
336 36 526
373 521 873
121 293 842
91 441 469
466 193 784
479 495 361
297 314 237
106 215 790
31 246 93
359 347 275
461 101 25
127 326 685
297 425 67
124 243 56
441 411 518
331 92 829
228 357 365
195 47 190
356 121 402
308 205 244
355 266 169
161 207 865
5 287 376
16 407 517
583 75 174
575 277 160
555 215 238
20 81 666
26 540 587
97 575 144
101 325 194
43 423 333
107 127 198
61 585 810
461 431 684
401 202 440
269 175 27
269 463 248
291 438 492
253 333 972
313 497 595
81 273 956
396 381 435
207 321 47
1 573 346
335 186 703
91 384 399
351 385 924
587 447 250
585 242 846
367 484 16
251 587 105
491 237 118
223 79 507
63 98 751
136 169 188
65 261 661
562 561 523
263 46 692
473 513 635
181 476 827
501 114 559
85 317 813
103 221 97
137 354 441
27 77 313
276 211 2
521 383 461
566 399 683
28 520 203
504 51 626
39 203 279
231 459 441
35 92 441
425 49 920
239 462 724
293 395 59
582 251 913
184 305 982
12 386 738
281 51 514
397 545 764
107 461 644
576 321 529
31 231 565
493 541 87
15 298 20
586 447 62
48 115 886
431 295 638
553 395 997
325 316 717
199 52 732
455 381 973
509 23 449
269 249 754
206 194 161
103 481 907
2 131 471
135 574 754
29 511 336
581 187 723
299 55 395
64 441 687
181 368 955
317 111 12
48 535 884
279 5 756
81 519 331
398 308 568
101 565 876
397 209 691
25 237 145
325 6 234
484 221 664
345 501 630
484 216 422
326 473 116
256 357 894
317 126 256
155 23 747
65 223 55
372 435 759
573 6 344
217 139 253
271 441 782
15 89 166
277 552 365
51 251 425
521 341 647
169 513 175
136 425 323
7 175 227
209 422 336
521 451 466
559 541 453
37 203 615
266 555 483
151 83 135
141 555 968
11 387 941
319 119 577
25 381 596
479 297 485
193 415 284
473 521 78
425 296 861
12 581 300
501 441 258
13 232 140
231 175 991
335 161 167
197 35 302
206 349 853
244 369 990
315 239 730
182 31 998
64 403 415
61 177 933
589 315 275
558 217 452
110 401 120
151 191 602
509 245 952
437 466 252
135 91 601
383 575 407
81 58 116
15 331 57
357 533 198
373 581 888
235 363 965
454 47 324
395 479 884
313 193 566
12 508 104
197 16 231
137 369 649
107 367 429
195 344 216
219 431 299
501 45 733
386 307 834
41 151 474
39 19 764
201 393 643
72 129 108
524 261 871
543 485 231
231 126 328
312 461 625
29 221 108
140 541 621
201 76 446
573 429 647
139 316 206
39 492 965
457 511 111
291 61 696
503 13 495
390 291 70
529 491 34
55 229 765
215 515 132
485 461 574
81 231 463
355 449 113
567 345 814
54 510 442
513 76 830
513 407 963
581 111 834
57 219 424
531 435 503
293 361 853
141 499 138
261 445 503
403 180 565
331 351 937
307 257 543
35 516 872
231 321 11
55 209 24
481 413 768
296 119 464
196 291 274
117 141 610
356 51 433
1 39 575
495 241 488
329 421 716
127 401 691
284 434 603
417 455 399
91 291 792
169 510 636
487 471 437
483 511 319
355 573 472
431 32 159
381 303 527
87 299 36
441 257 469
178 215 390
276 588 172
266 318 86
171 165 384
267 466 399
501 141 44
193 191 294
486 573 709
67 366 305
161 339 497
111 341 986
331 431 817
302 226 443
329 333 671
21 504 784
306 308 199
159 181 761
281 279 947
575 531 384
589 575 757
571 161 86
95 558 760
271 507 231
209 267 405
327 364 427
3 385 319
491 274 488
145 141 784
494 471 968
108 138 256
137 411 215
363 271 357
335 219 904
521 37 736
558 229 154
307 18 670
443 468 781
109 573 70
561 365 34
112 383 60
475 238 494
61 412 339
547 278 804
89 290 597
526 49 601
105 459 89
61 509 689
251 263 528
167 101 99
186 141 603
132 421 485
148 343 13
355 261 343
89 199 801
497 82 1000
269 386 443
496 316 234
109 347 281
501 465 38
381 523 97
67 71 349
563 488 550
429 201 844
149 389 444
442 331 176
231 9 966
321 178 405
39 111 859
309 493 87
331 58 417
463 506 520
437 288 34
355 387 233
36 164 287
281 167 48
391 519 867
207 383 990
491 347 719
341 186 232
6 14 115
101 462 138
139 429 721
69 75 506
221 146 587
136 356 408
312 16 141
231 279 707
429 171 152
411 100 567
99 411 39
111 435 68
377 120 362
167 513 692
439 568 493
16 207 933
589 18 952
411 375 787
466 189 368
314 518 572
61 453 7
119 483 404
153 339 81
161 427 19
420 583 79
360 190 422
491 488 886
365 120 333
519 545 31
267 523 642
473 320 719
489 41 188
379 217 888
238 532 349
51 55 135
1 566 196
301 26 486
91 417 505
407 101 354
77 84 885
573 274 185
146 419 719
561 431 967
331 89 707
563 308 441
551 201 668
82 538 318
339 455 20
237 299 511
505 83 100
259 95 104
423 473 417
537 89 74
221 131 96
11 57 212
67 11 329
277 501 52
176 69 744
111 404 337
161 268 305
175 31 403
513 536 868
395 225 406
489 172 862
263 241 179
469 181 987
519 260 336
561 11 333
553 357 626
274 529 142
205 237 168
233 553 597
202 284 601
241 307 764
479 357 94
412 117 118
424 509 98
283 513 230
103 75 420
131 285 179
365 441 155
237 11 258
309 473 994
299 500 735
151 190 929
481 43 812
585 3 117
361 189 780
283 385 215
319 27 663
319 407 499
257 561 640
570 390 202
136 303 262
197 416 248
465 551 93
411 184 726
423 187 85
464 321 470
216 90 726
223 227 826
381 471 107
3 5 468
217 569 439
382 273 865
185 453 557
98 83 106
345 499 493
21 541 7
194 367 611
71 21 348
559 288 11
299 549 327
321 215 187
570 520 511
13 414 351
218 326 343
431 3 481
499 39 260
355 75 232
341 332 235
571 325 425
9 2 885
181 417 48
291 381 552
579 241 696
182 344 875
182 569 248
389 431 673
233 83 458
37 171 340
46 266 217
171 98 813
1 13 470
464 300 295
505 6 537
175 316 848
453 560 732
49 534 345
7 83 55
171 291 745
261 29 326
226 527 807
183 73 651
391 558 875
213 278 592
76 550 787
221 254 122
376 511 999
5 221 313
349 529 259
281 330 77
97 339 188
155 357 56
559 399 665
509 216 266
141 235 486
35 75 328
65 516 69
486 209 227
204 445 572
86 563 705
469 518 406
449 76 677
97 361 221
301 532 581
7 483 847
24 285 548
68 106 828
234 543 708
304 29 810
227 319 60
39 505 797
129 471 172
249 135 658
513 156 764
272 67 53
273 551 962
508 84 609
567 66 935
133 281 481
181 561 800
406 522 891
159 475 239
345 413 554
551 265 364
330 106 665
221 27 67
516 544 941
1 291 594
145 421 769
401 311 461
461 64 381
107 585 203
457 295 784
381 545 11
337 47 588
542 64 73
299 56 478
449 541 660
326 431 489
6 589 683
116 171 155
352 390 794
191 128 553
251 261 225
351 133 919
216 453 547
441 245 521
61 81 566
521 56 421
189 47 711
539 501 283
522 551 713
501 66 86
111 455 170
41 283 219
277 401 938
561 351 369
129 161 252
221 65 761
171 560 212
524 354 72
71 563 912
1 43 462
161 103 112
431 397 243
401 266 154
581 314 361
523 439 860
394 69 698
283 331 595
404 261 920
467 142 637
241 531 690
153 123 576
381 81 312
146 182 844
397 409 765
577 310 727
7 84 345
113 349 452
17 187 323
353 253 399
471 531 802
397 91 108
551 366 934
232 153 858
571 476 478
29 419 149
547 433 915
138 281 654
7 561 697
350 480 180
483 154 230
338 571 73
21 133 585
58 300 371
587 70 214
549 419 70
307 299 891
192 227 134
318 74 173
563 499 603
383 78 619
462 271 331
291 116 384
111 531 753
32 321 276
313 72 670
205 506 525
219 319 563
277 13 999
361 587 453
371 416 71
97 107 981
275 547 344
361 339 319
555 529 678
447 433 819
309 251 29
355 425 148
249 333 99
384 21 138
144 260 404
510 275 780
219 387 652
288 56 969
487 46 927
467 201 704
256 126 780
466 589 759
424 309 435
213 416 374
451 476 725
105 579 466
216 401 487
196 581 306
288 281 858
15 63 705
230 111 555
51 481 623
257 101 687
10 107 846
296 233 362
225 243 181
447 299 77
193 449 470
581 189 120
485 229 963
237 459 720
327 519 100
89 518 979
169 222 869
125 257 372
109 166 600
575 435 447
563 577 574
341 461 902
525 529 157
177 71 70
296 104 613
179 345 681
219 566 247
142 341 160
372 363 334
179 443 333
31 354 498
390 128 833
223 385 887
72 571 393
370 364 846
515 91 165
149 531 905
289 373 892
239 426 898
417 461 719
479 40 30
589 461 410
471 241 911
32 224 248
532 262 938
70 166 616
494 489 282
67 1 839
338 359 24
163 291 841
301 561 967
191 90 292
14 175 404
551 583 701
143 192 723
159 151 2
105 248 383
417 561 314
33 39 596
529 171 134
374 103 55
588 361 132
33 377 545
172 551 374
285 495 178
578 96 924
249 99 615
26 517 28
543 473 1
49 241 941
16 69 570
113 55 762
139 231 175
331 53 795
217 473 378
385 276 750
185 105 422
315 54 79
199 269 475
185 457 528
425 473 110
229 403 270
263 321 196
13 461 317
62 565 395
276 351 926
89 133 285
512 131 118
335 229 80
382 525 733
554 259 896
453 492 335
195 1 855
339 39 414
95 149 982
553 397 229
272 573 65
5 307 44
460 327 489
569 527 973
301 473 675
511 115 788
181 349 247
283 312 589
83 511 572
119 381 612
155 486 978
155 57 558
567 9 875
570 321 979
541 79 321
299 495 369
361 279 403
276 311 80
421 183 278
419 287 802
419 431 951
208 337 611
577 83 994
21 502 219
31 325 550
61 95 646
121 47 269
329 147 646
118 566 335
197 47 626
36 179 717
221 363 927
233 521 216
85 127 1
561 291 972
31 421 733
303 359 974
496 583 546
41 497 845
435 541 704
73 295 959
556 575 899
437 507 850
135 531 507
505 305 40
557 6 342
449 553 993
371 165 94
474 11 960
495 211 347
216 249 233
71 451 935
323 241 761
359 35 945
77 49 529
195 335 512
143 385 421
584 150 418
265 1 869
371 257 856
277 466 377
241 277 372
455 77 189
236 316 401
277 351 78
275 283 699
342 235 600
291 401 950
121 129 224
73 127 481
217 141 809
361 498 16
451 188 854
500 13 351
60 236 162
169 581 339
400 415 939
61 460 348
176 11 194
560 523 840
160 51 623
405 90 804
252 373 113
555 461 811
5 137 792
491 502 274
423 477 104
17 264 612
353 463 103
484 391 73
333 12 881
289 541 661
215 1 145
3 221 411
495 235 367
152 125 992
483 175 882
419 79 699
91 131 940
563 25 171
289 201 35
406 530 18
291 281 118
198 124 844
33 493 559
547 233 315
573 97 115
129 421 704
26 417 875
238 308 337
273 89 162
555 209 150
533 530 9
551 524 839
583 181 1
471 421 428
5 399 292
242 519 101
267 235 462
527 369 537
449 121 787
279 41 287
440 49 520
226 229 662
151 450 84
478 35 661
240 491 753
29 351 445
261 429 639
13 346 218
290 321 593
243 465 849
191 485 296
125 143 737
454 135 281
185 437 910
403 209 153
573 511 800
457 553 941
479 124 156
579 188 434
343 81 803
114 452 662
84 223 972
49 193 522
20 445 498
555 54 13
487 394 695
401 351 794
253 161 85
212 469 877
501 6 713
259 555 444
37 240 395
527 141 35
69 354 368
131 107 918
513 73 193
413 449 380
391 79 914
213 166 141
224 351 130
311 209 187
71 241 344
129 91 178
354 587 375
371 501 338
391 121 343
469 81 499
456 1 466
159 471 902
346 176 157
129 308 483
143 268 396
269 296 993
444 351 664
272 526 343
329 362 482
147 429 293
113 386 423
29 7 108
503 567 38
106 103 156
408 155 973
246 403 828
200 391 387
153 51 704
228 9 192
71 187 656
127 500 236
355 35 810
247 511 957
201 230 961
24 111 963
78 360 385
532 385 922
315 237 135
454 481 825
421 445 860
129 357 678
541 299 242
436 275 633
331 41 293
541 562 73
451 67 169
11 355 923
524 361 985
546 131 987
235 391 438
103 141 149
141 571 19
394 221 331
145 455 328
462 214 934
161 81 635
385 491 556
68 193 473
173 374 910
210 71 836
383 515 456
293 571 585
501 502 176
437 465 140
99 127 539
77 569 454
120 81 905
561 287 878
475 523 755
91 120 899
491 307 135
10 421 950
289 535 858
163 279 806
555 427 276
321 68 439
478 269 179
26 109 921
60 141 348
95 221 997
291 111 110
93 243 550
131 183 512
336 216 398
579 501 46
395 145 827
19 391 898
348 143 183
431 161 107
126 351 695
26 371 267
464 115 773
178 545 387
395 263 275
331 387 553
234 559 995
317 407 32
569 581 756
19 229 796
268 530 391
432 125 922
43 386 485
529 341 512
387 411 243
283 192 229
476 585 398
113 101 25
274 350 697
360 311 655
55 488 449
571 330 789
392 516 921
471 496 605
563 211 208
469 349 243
589 416 671
493 341 97
489 333 262
336 416 215
85 455 199
111 410 675
421 151 591
409 451 418
389 104 886
239 133 116
437 64 577
94 463 65
304 171 532
188 320 214
112 41 784
11 461 135
139 122 680
196 92 406
286 306 190
111 569 316
445 466 903
203 237 546
449 366 4
29 76 168
38 58 455
306 433 586
236 99 745
459 421 523
423 271 181
302 131 456
31 353 719
395 301 667
424 7 109
557 397 924
279 359 569
43 461 323
419 21 615
267 400 719
368 430 39
383 181 977
553 587 581
191 425 685
251 71 623
207 243 566
175 339 441
571 209 267
161 541 237
61 253 77
60 4 529
217 543 99
481 433 591
201 151 66
587 441 627
159 481 970
504 377 395
23 57 648
117 411 132
67 435 965
49 141 82
416 287 981
555 361 731
393 78 47
510 282 172
481 575 767
234 435 12
202 188 870
433 176 965
333 341 820
381 134 892
291 303 102
362 197 698
407 11 216
531 97 290
51 454 37
31 161 826
433 301 66
297 24 941
17 99 783
503 31 595
361 150 432
311 476 757
17 161 798
519 581 546
295 310 435
10 42 643
363 251 67
311 501 120
16 41 66
573 498 178
491 503 691
451 253 13
283 506 752
199 9 57
429 77 173
493 459 437
153 245 182
286 262 715
333 111 185
271 93 952
187 181 456
442 347 24
557 257 94
466 213 9
513 331 64
469 389 481
501 49 25
337 371 881
274 581 731
296 581 784
461 473 757
511 415 118
119 293 668
351 327 213
171 446 206
537 144 196
346 144 253
415 222 711
180 401 810
364 441 510
145 35 678
91 46 75
565 401 569
51 435 374
431 525 579
94 115 175
296 292 33
406 79 166
391 31 207
27 156 582
473 127 26
156 261 308
459 49 142
381 213 536
71 345 370
245 80 194
46 11 105
232 349 651
341 573 408
461 178 764
119 136 883
509 521 252
559 492 592
91 117 849
226 53 907
8 581 777
219 311 933
344 541 961
531 425 509
529 511 119
215 137 579
179 161 678
577 467 395
575 491 337
215 427 309
65 141 280
11 510 364
233 67 634
581 81 233
227 326 792
513 55 793
324 323 8
173 538 456
211 175 96
154 391 940
413 369 484
1 579 14
568 472 256
206 267 579
99 381 327
558 529 848
451 25 731
373 196 2
61 87 159
57 475 97
310 471 611
237 281 930
529 239 361
53 217 495
513 381 544
8 543 343
249 315 690
466 476 157
25 206 518
151 169 787
208 172 506
186 249 530
571 437 131
411 29 163
209 249 512
23 51 785
426 43 529
180 57 548
375 381 421
410 156 443
534 319 658
570 477 73
340 561 454
433 226 514
23 498 980
80 473 382
531 589 71
107 187 918
91 193 322
313 95 722
129 77 849
260 337 487
485 132 9
127 439 171
51 297 906
516 501 313
53 151 929
93 579 56
235 550 777
315 159 739
435 9 704
405 232 78
76 456 160
146 55 755
65 243 604
531 561 190
187 493 421
9 91 106
221 347 372
83 341 737
31 348 280
41 451 863
235 429 619
251 344 917
533 307 566
549 501 764
556 275 930
456 487 69
131 352 473
323 302 93
356 296 355
527 380 835
337 97 200
415 531 383
380 160 429
226 479 724
96 63 387
554 531 717
172 186 381
95 223 102
143 337 263
571 413 920
245 463 694
390 521 150
75 408 903
61 241 414
356 47 660
7 355 813
127 359 503
473 17 22
273 36 98
353 37 279
441 412 72
226 371 497
222 522 885
349 57 6
29 269 468
386 546 65
571 237 455
470 178 847
311 126 156
291 316 757
1 341 932
329 590 288
21 341 618
57 356 814
510 231 38
361 129 337
6 512 808
195 19 941
346 421 445
151 374 94
69 502 564
447 57 706
404 345 724
103 53 539
396 351 375
127 1 843
438 467 541
164 424 559
485 363 430
331 100 763
348 431 265
387 121 750
136 313 320
481 154 33
429 63 642
261 225 29
503 555 342
219 412 125
303 541 683
231 561 583
187 291 772
534 361 199
581 27 435
70 547 185
266 87 42
560 413 212
357 471 785
414 387 413
291 407 207
439 587 125
453 249 949
475 582 798
226 421 626
139 491 506
155 427 813
426 332 440
343 70 245
1 111 285
43 78 768
440 421 110
121 6 406
557 377 966
265 366 212
233 360 384
367 551 575
387 152 65
433 344 358
195 431 834
137 345 899
387 491 58
114 529 522
35 331 799
139 291 7
583 200 615
585 537 526
570 236 786
503 388 942
88 341 418
356 571 399
491 319 14
525 499 651
5 495 318
559 155 2
251 341 140
23 12 928
471 336 138
105 209 762
415 229 702
307 528 213
117 523 888
21 31 147
101 288 303
26 174 168
532 109 674
345 68 59
545 386 69
381 96 420
547 457 93
288 185 783
237 417 420
249 28 384
405 521 382
195 475 663
259 383 671
481 31 578
115 403 106
516 32 151
241 289 507
163 81 320
397 567 678
478 504 392
536 481 857
556 581 239
334 541 471
506 226 994
493 297 199
399 121 477
6 211 824
365 343 151
261 543 831
499 284 10
285 151 707
393 188 762
261 77 132
205 195 982
303 501 337
109 240 708
181 471 351
5 361 470
431 277 525
515 159 947
129 360 948
37 10 571
537 21 24
159 55 579
189 471 36
231 475 230
377 481 681
281 223 535
338 185 921
3 31 708
566 424 645
303 317 55
273 436 315
587 487 101
266 421 446
448 162 595
349 101 212
571 315 815
142 389 194
301 231 344
493 549 990
331 34 399
19 456 703
479 371 980
55 351 750
117 286 646
512 132 810
231 51 841
80 241 430
363 164 371
227 266 671
172 131 161
295 559 732
309 335 766
351 335 317
28 173 522
39 279 382
23 60 743
253 553 253
569 400 186
235 155 756
181 161 169
275 221 378
539 82 462
129 120 417
521 275 398
426 31 7
253 487 759
190 473 572
66 362 14
419 517 282
1 567 484
143 489 998
145 497 176
75 201 744
105 192 448
144 416 462
163 415 490
139 241 356
186 110 924
496 90 165
331 20 800
423 505 752
496 133 19
456 276 243
211 95 806
77 332 999
271 262 527
558 147 856
1 231 927
161 263 644
288 339 891
153 163 898
208 131 298
13 167 341
375 293 468
231 389 850
127 106 323
151 251 827
231 414 718
1 197 828
417 143 675
101 368 531
521 497 496
503 134 328
69 239 165
189 426 604
178 347 96
351 1 731
207 123 375
62 449 642
54 463 200
99 214 69
571 341 465
521 439 893
361 301 396
106 190 107
405 586 59
523 545 214
567 365 410
323 301 263
438 11 622
505 310 580
543 53 721
80 185 387
6 265 223
8 35 407
546 17 709
184 452 956
416 271 100
337 397 484
379 312 988
376 401 684
399 561 932
218 492 788
521 334 86
175 139 113
296 361 222
235 299 961
239 163 133
437 59 177
175 133 691
446 287 744
307 515 697
53 345 312
561 570 105
385 185 125
417 255 446
151 157 109
147 21 425
103 191 514
366 155 767
349 411 60
70 15 702
215 16 694
216 173 26
462 565 422
151 61 599
45 271 852
169 421 602
331 234 732
263 384 983
72 11 463
522 476 365
51 125 4
111 299 452
411 189 307
106 39 742
263 222 139
92 240 237
215 391 404
207 545 51
197 537 576
86 581 363
555 475 141
437 330 223
517 318 722
209 276 491
203 569 386
177 416 606
386 480 188
247 133 336
461 579 856
61 216 977
376 231 364
91 566 68
88 396 525
221 376 438
386 342 355
60 315 617
121 434 360
342 11 346
405 348 833
53 241 260
225 187 155
491 351 925
566 214 804
392 31 431
289 17 750
15 121 733
321 252 851
502 86 127
442 402 424
211 473 623
413 461 859
43 435 844
509 447 721
303 430 367
280 288 780
336 386 425
273 584 520
535 525 595
155 262 441
74 531 752
329 415 604
173 204 199
331 401 945
561 338 658
209 517 520
449 434 871
417 581 698
81 283 995
431 83 23
353 199 920
513 27 570
1 331 248
417 462 856
541 454 29
331 421 259
89 91 596
35 184 182
345 73 109
383 377 347
420 277 844
218 66 419
233 283 903
393 571 115
151 221 120
575 425 777
398 205 499
337 251 626
285 417 741
241 500 278
117 475 411
73 494 118
475 306 168
181 546 526
39 185 374
241 131 233
281 549 435
233 167 30
461 587 519
423 77 115
483 249 986
101 366 335
87 214 85
321 565 911
123 11 296
495 228 771
235 396 316
261 289 699
161 240 206
588 286 77
421 94 701
65 197 385
357 330 369
43 290 695
256 375 225
519 501 588
76 496 708
321 223 8
116 431 771
16 389 55
320 560 303
550 9 315
450 3 336
216 227 630
30 369 608
183 301 800
326 404 223
14 291 311
369 199 398
481 359 312
394 427 858
313 108 431
551 245 371
473 466 199
292 134 384
235 69 478
19 467 783
501 560 8
358 575 706
431 305 610
163 579 52
231 209 313
157 376 121
21 581 376
3 456 715
231 391 462
73 417 207
481 337 678
183 520 656
1 345 521
346 273 115
125 81 517
107 124 7
437 282 194
207 555 930
385 91 539
250 263 628
33 161 8
461 344 251
547 31 920
61 569 576
364 473 532
429 292 645
14 487 623
243 285 465
70 126 925
207 237 140
157 75 551
165 203 122
281 535 584
105 509 403
389 84 636
28 190 456
526 473 176
541 436 764
515 439 389
445 51 927
93 331 839
157 284 746
350 286 943
11 55 544
589 359 826
270 211 246
18 21 122
1 360 779
95 131 385
311 524 37
499 473 568
411 259 315
400 65 137
131 189 740
159 365 457
11 323 28
111 301 759
518 377 918
45 237 827
448 487 111
371 415 227
441 199 457
194 491 66
577 392 755
384 133 421
5 393 889
205 246 575
287 79 269
547 351 358
327 501 805
527 189 150
551 335 79
131 545 849
251 220 21
339 257 96
143 173 481
14 20 843
348 147 659
393 141 632
141 239 578
553 399 262
371 215 782
63 543 594
345 339 288
356 461 584
281 30 758
381 520 974
39 196 844
217 111 971
72 575 997
310 151 333
113 149 688
235 349 228
219 310 222
553 563 614
76 331 155
558 575 347
586 461 931
87 473 383
281 466 877
127 441 957
299 9 199
367 351 38
509 198 278
461 185 421
531 333 492
399 479 5
12 327 111
5 45 896
457 10 631
487 197 468
42 573 394
366 423 108
219 241 569
508 291 650
297 201 696
351 585 148
148 171 151
51 253 180
461 501 149
251 201 51
356 301 483
231 56 590
366 547 101
157 495 453
291 83 103
519 291 445
125 133 829
554 216 97
34 140 573
71 211 172
11 31 193
263 463 476
37 491 685
538 495 92
133 505 663
441 59 393
292 563 901
141 352 697
323 81 605
253 238 715
139 153 219
322 393 707
179 369 247
589 181 110
440 129 86
115 89 925
307 373 221
390 349 37
88 301 546
421 535 442
226 58 94
265 325 788
226 429 258
16 86 200
563 541 790
477 311 838
287 25 546
131 287 462
66 365 312
347 511 311
560 579 144
303 495 208
424 516 666
458 371 826
431 49 780
353 335 5
376 125 403
180 136 506
3 11 271
1 103 354
282 75 669
556 280 438
41 501 263
556 371 80
203 156 189
404 503 361
276 493 300
13 22 766
196 316 74
255 275 865
368 471 355
45 379 781
475 104 865
63 542 877
451 241 485
55 211 925
387 265 725
3 411 722
243 575 783
123 239 226
537 19 172
121 221 538
422 349 252
476 371 917
385 483 273
413 15 325
455 358 786
401 15 127
427 211 697
283 459 409
522 207 904
559 140 314
561 21 538
540 341 607
231 41 383
35 81 978
447 107 304
507 171 863
461 375 461
111 387 675
143 21 999
561 39 652
331 528 766
531 131 875
301 536 678
7 71 920
435 441 609
44 122 680
555 341 407
189 437 851
171 349 824
101 129 955
191 353 7
540 221 229
119 251 786
197 79 878
96 533 522
531 567 693
506 59 784
349 407 463
401 71 778
251 199 658
18 479 388
431 200 70
520 79 978
94 157 173
27 421 980
559 286 444
217 281 706
213 181 521
533 583 100
575 385 311
501 189 270
197 59 823
436 7 753
256 473 58
487 431 781
465 38 426
381 510 356
433 581 538
56 427 868
149 329 379
163 530 461
49 467 522
221 49 449
21 248 745
529 267 919
329 417 829
421 461 454
221 351 62
407 183 635
362 376 677
528 521 909
51 471 712
187 313 587
56 403 274
404 406 288
413 67 490
96 495 238
281 142 181
401 201 540
183 46 149
91 497 27
237 565 487
144 277 694
201 577 210
575 336 67
256 321 320
534 63 451
163 170 809
230 462 732
572 391 728
11 400 672
286 271 864
444 184 269
411 559 456
151 511 158
211 566 352
94 267 102
494 198 661
333 523 641
451 441 966
278 396 984
539 371 87
331 349 384
420 149 941
271 361 650
241 461 733
101 577 297
329 476 321
557 241 121
322 64 546
291 60 984
516 331 465
501 13 337
52 495 175
226 476 607
375 39 53
167 81 245
141 95 309
401 245 999
196 195 389
331 385 27
167 423 634
296 435 914
181 353 270
61 113 601
5 312 943
247 366 827
392 406 221
521 575 69
119 37 425
211 227 185
458 37 347
21 524 257
419 5 668
317 531 527
119 253 616
475 579 5
259 511 409
93 425 367
215 228 834
581 536 374
541 316 553
44 161 246
17 241 95
481 436 403
113 465 503
517 240 878
560 431 996
471 583 601
563 166 327
439 459 765
113 486 393
235 147 809
289 189 798
1 277 221
43 401 971
259 285 593
287 1 825
54 158 179
395 313 432
259 407 835
228 17 324
497 583 720
52 166 552
525 291 658
519 269 51
395 556 697
296 151 919
493 306 364
211 426 423
153 277 387
312 325 604
421 197 523
45 559 872
71 171 566
567 23 570
201 117 880
557 213 752
505 27 906
433 56 90
291 518 232
294 177 334
41 527 123
555 230 954
555 409 929
576 325 917
105 119 749
252 88 742
329 29 164
377 123 600
532 141 971
7 542 968
411 545 696
411 263 722
127 296 412
11 491 337
435 491 176
193 467 523
6 329 281
475 411 935
287 556 717
256 165 49
541 61 783
201 361 610
529 257 877
433 63 830
12 548 213
18 262 328
59 255 707
432 351 365
496 5 623
333 371 793
17 426 17
583 405 945
440 94 474
217 547 111
511 363 520
545 315 846
326 23 188
531 179 769
261 511 10
151 381 424
422 283 988
263 269 721
316 456 230
422 407 135
117 166 957
359 119 861
170 176 580
447 496 28
281 336 697
280 263 658
285 545 336
60 145 720
569 341 507
109 270 241
391 191 524
131 196 409
369 207 491
46 511 712
199 581 100
133 339 935
145 475 491
281 101 967
416 501 614
190 338 431
196 431 256
542 476 810
11 353 995
91 261 594
217 355 757
201 85 640
82 370 613
85 144 106
509 419 48
485 525 487
541 202 294
31 480 239
453 66 584
483 406 690
337 273 419
141 312 165
493 1 397
304 117 985
263 41 777
237 241 24
225 303 46
365 289 289
546 120 335
185 196 249
571 517 733
241 529 974
214 8 559
264 333 216
1 178 503
155 395 883
33 365 465
388 485 721
455 241 933
486 311 903
531 553 48
53 328 327
519 161 208
117 374 353
471 49 233
31 50 114
111 586 999
267 571 971
315 316 30
56 589 862
64 573 50
70 335 799
81 327 25
316 507 192
28 371 863
211 226 721
225 30 874
53 96 704
115 185 417
85 383 955
381 550 962
107 376 644
269 253 302
169 247 269
496 541 864
53 278 116
241 333 183
198 331 217
241 541 792
21 382 399
266 385 2
2 108 148
561 273 655
129 271 368
195 288 822
173 331 309
66 532 912
561 421 571
28 267 723
166 86 781
225 240 858
237 64 992
289 415 646
581 197 566
30 80 510
290 119 19
581 231 606
409 255 578
270 319 744
267 501 663
361 545 167
161 287 842
562 117 837
497 106 545
392 562 596
76 46 661
226 149 78
35 577 700
247 1 589
313 181 50
129 551 597
257 555 706
281 25 993
76 80 210
87 59 74
376 429 195
563 377 415
489 157 318
119 189 474
529 87 257
71 303 130
573 59 434
52 444 480
541 240 772
21 175 194
71 197 776
302 23 769
429 57 217
94 367 172
9 309 174
1 460 784
555 311 956
537 275 376
71 439 964
540 481 174
236 547 561
71 481 40
294 480 118
321 544 542
17 273 188
461 35 305
476 351 872
51 439 666
65 487 538
413 518 465
347 381 657
371 433 842
271 37 445
361 443 331
523 553 595
159 347 523
466 226 607
247 201 163
16 198 352
81 355 881
101 230 500
281 10 47
30 151 621
581 475 476
278 455 9
374 410 135
551 559 31
218 446 673
473 46 797
304 358 655
147 361 739
513 423 969
27 256 956
223 149 93
315 473 516
270 417 883
163 528 957
245 229 453
435 65 578
49 86 563
381 575 448
545 281 9
171 476 969
61 481 780
557 9 907
225 569 446
181 511 762
137 185 446
461 111 713
465 103 796
333 285 862
317 225 325
25 41 632
191 37 88
420 533 699
127 237 88
501 383 276
63 492 103
50 556 579
497 212 372
559 423 555
430 451 145
65 57 991
157 131 999
476 391 649
201 21 244
355 489 636
62 587 4
31 77 542
571 551 680
291 261 467
45 14 636
241 211 645
528 531 248
298 272 527
131 323 988
473 298 530
521 106 167
241 257 845
41 557 410
146 169 324
11 395 34
36 371 201
447 4 358
551 344 780
203 561 734
371 185 15
561 91 841
465 116 557
527 201 713
291 411 156
168 546 122
587 291 756
549 448 520
351 101 951
571 415 822
49 532 217
533 3 15
162 123 165
21 339 93
554 202 632
505 519 167
441 253 248
292 469 12
64 191 995
61 155 834
277 539 620
551 26 848
403 477 417
366 367 433
7 236 278
154 471 363
311 50 845
536 381 913
222 423 507
25 57 808
457 194 710
383 157 929
5 481 977
343 585 756
562 409 45
355 201 635
241 345 3
201 215 445
379 131 82
569 549 983
89 313 256
121 567 775
25 133 892
157 381 957
341 445 699
539 346 618
151 565 73
137 503 628
483 557 35
211 209 602
532 407 20
76 352 454
231 569 446
427 236 23
191 162 828
370 457 715
142 392 903
1 6 35
491 161 335
478 97 501
387 91 830
186 551 783
44 224 349
445 273 153
211 177 404
1 371 631
353 275 589
323 541 569
61 301 270
3 9 146
1 283 370
137 221 271
511 6 949
433 101 981
1 100 564
277 541 653
326 356 736
293 29 328
10 503 866
363 465 305
463 304 346
202 151 96
135 579 897
454 589 823
421 162 104
103 321 459
563 218 180
7 398 13
49 548 964
311 329 937
378 94 513
403 463 897
423 427 122
101 53 673
411 477 775
373 34 415
565 181 518
157 283 49
287 354 695
193 514 247
361 208 10
279 386 310
29 199 616
1 11 650
365 572 479
116 241 339
206 137 778
76 481 719
161 385 684
521 262 253
175 575 171
507 308 973
326 148 108
197 551 966
243 539 461
301 285 688
481 30 604
401 417 380
233 226 45
121 527 860
444 573 115
331 49 361
489 349 751
134 252 231
61 581 242
41 23 149
142 231 225
230 24 253
487 263 949
211 328 372
256 361 527
425 351 431
85 99 185
487 196 303
197 508 969
43 116 919
165 377 703
249 563 534
68 427 735
311 409 799
243 171 856
331 156 706
330 579 303
589 23 938
477 49 653
371 281 465
13 474 203
99 467 827
319 110 859
131 123 295
409 116 151
271 325 320
277 369 414
58 296 381
303 271 79
134 492 664
411 131 957
191 157 164
236 58 93
177 290 741
284 151 731
270 312 743
317 27 902
16 284 916
561 509 663
295 49 774
329 448 737
265 441 406
311 331 882
250 435 30
101 14 293
441 413 571
369 91 469
393 290 279
115 249 731
179 262 37
60 431 720
316 519 627
323 110 268
493 59 51
441 19 691
17 380 990
515 551 384
588 40 987
242 463 327
149 421 851
356 469 182
6 315 390
300 269 938
369 286 951
501 379 926
345 251 481
41 461 306
116 1 88
537 384 296
451 15 527
585 449 217
561 185 650
181 17 383
435 554 972
405 265 684
239 59 71
139 567 966
197 187 743
45 116 651
427 180 847
179 363 84
483 443 638
542 51 453
193 239 269
114 1 460
458 67 201
340 245 825
181 461 537
511 368 786
423 489 988
393 300 725
155 401 407
389 77 404
306 444 631
108 117 764
585 141 26
555 125 431
87 293 606
496 223 522
533 39 113
139 11 839
579 413 122
275 539 528
451 493 142
120 19 527
259 461 10
218 93 184
262 575 685
351 166 923
153 180 54
9 585 431
557 236 565
550 489 144
261 186 641
407 191 403
317 212 987
74 132 239
497 511 149
115 78 895
104 120 285
371 523 552
465 585 981
393 464 885
392 133 467
555 97 741
389 555 643
87 31 920
358 419 184
511 583 470
130 274 783
401 157 634
299 457 305
492 261 319
65 356 587
31 341 180
153 465 742
242 216 943
311 461 442
230 352 863
21 180 679
367 397 992
223 583 276
423 1 748
447 272 870
196 476 852
6 311 478
193 241 529
61 469 159
23 44 719
355 513 799
375 19 441
49 320 867
363 236 38
453 585 153
245 206 492
121 2 230
19 235 849
161 561 712
575 171 797
72 536 503
563 154 59
139 421 207
371 137 302
341 355 934
473 445 180
25 218 842
101 326 668
486 323 222
551 221 564
41 178 722
323 261 608
251 589 642
497 198 654
291 501 210
31 491 446
431 87 480
275 171 303
206 498 110
156 456 193
413 235 944
186 287 673
33 59 85
552 521 908
536 47 197
364 66 754
199 201 226
231 409 635
193 125 674
146 91 39
311 412 157
462 586 691
586 221 341
445 131 373
253 493 607
67 476 592
545 83 49
147 285 521
93 236 838
166 422 389
530 32 637
56 527 478
570 499 837
346 461 711
161 355 945
461 28 50
435 577 690
507 46 274
326 77 394
257 461 750
472 267 30
505 37 164
75 111 284
419 17 528
481 530 974
451 163 647
161 501 468
514 385 365
447 571 449
533 371 810
209 237 561
35 211 276
441 193 325
309 557 806
195 501 339
4 21 742
237 305 242
525 355 977
45 125 482
583 183 99
435 409 556
42 307 649
249 514 321
433 445 929
241 231 302
497 340 872
229 333 739
221 491 973
343 294 579
461 175 891
369 541 893
179 227 601
206 71 264
111 466 620
415 501 900
103 386 369
441 207 462
225 445 917
529 471 156
122 78 694
314 161 606
266 151 921
577 81 433
189 41 186
553 277 597
165 172 252
199 437 417
532 298 653
335 92 901
258 424 336
71 271 845
497 429 325
521 131 9
401 217 658
359 60 891
11 200 318
465 300 167
387 483 197
460 409 957
298 516 876
77 171 775
53 371 857
271 243 538
402 179 421
141 153 366
535 193 142
305 303 296
275 446 935
31 467 578
361 574 882
481 487 19
193 503 720
253 245 11
39 172 277
406 496 613
91 111 47
181 360 385
466 380 44
379 29 777
321 492 749
541 461 906
524 415 956
89 1 532
251 143 269
279 355 241
247 413 534
276 299 244
389 239 202
121 381 10
289 399 199
563 479 314
272 499 866
291 67 203
121 119 643
260 583 173
71 355 930
428 153 425
232 310 720
401 185 755
131 121 625
195 429 383
508 515 613
51 181 96
554 217 577
159 125 508
33 558 591
452 489 207
91 183 795
81 175 131
349 60 105
86 576 905
336 439 829
251 31 111
299 421 527
36 1 718
17 131 655
396 69 329
147 442 301
388 261 560
493 161 294
217 464 943
317 487 794
526 401 304
572 547 707
326 168 822
175 239 624
159 499 921
41 278 7
475 431 59
173 226 746
229 429 344
581 175 490
581 285 967
431 76 86
560 551 704
365 231 558
133 211 474
125 237 986
21 126 100
589 489 22
397 52 308
451 435 263
235 341 563
127 147 848
259 440 899
401 249 147
437 298 359
63 327 865
191 267 377
397 11 888
475 462 299
236 426 463
551 285 606
419 247 308
1 545 204
560 353 820
17 310 622
98 446 80
331 25 189
332 414 683
55 334 417
177 364 24
352 494 910
446 575 241
349 376 453
422 341 185
51 130 446
235 63 110
369 490 815
105 355 989
529 66 960
137 271 976
367 163 423
391 581 252
61 93 800
106 209 917
46 249 185
175 232 321
216 461 194
211 526 935
91 166 526
165 495 133
311 49 202
559 63 735
488 21 173
25 261 471
121 186 73
451 453 280
99 55 623
329 35 200
237 79 663
69 107 150
145 366 180
83 189 759
389 11 80
531 461 242
74 195 993
455 313 698
128 587 204
251 99 835
143 495 972
251 498 534
60 128 235
516 455 562
495 61 11
21 393 714
479 47 941
261 571 305
119 263 416
175 170 959
458 451 740
391 349 559
284 356 942
126 481 776
475 433 292
18 482 292
441 179 349
371 241 421
288 478 749
163 421 820
455 271 877
582 264 78
525 296 311
69 165 753
262 499 561
463 454 566
408 504 265
23 73 515
10 574 774
17 401 322
247 449 140
409 180 495
274 391 913
230 577 961
581 129 154
43 18 341
565 224 640
171 237 195
21 551 595
505 320 435
539 455 570
217 475 377
235 50 297
348 181 88
321 555 828
521 361 468
141 313 873
301 248 472
383 67 368
551 376 700
569 371 852
391 294 830
87 382 468
90 50 714
587 106 382
538 133 993
191 421 303
65 571 464
310 111 654
491 573 738
247 298 10
509 557 657
39 363 699
237 557 6
193 289 140
322 514 17
10 189 730
540 491 530
178 305 908
253 412 150
448 318 653
486 438 889
319 199 155
469 133 299
447 271 948
567 481 527
467 43 415
250 72 763
416 245 530
483 140 769
11 406 999
313 129 257
289 481 785
475 116 353
429 337 510
137 10 14
351 211 407
403 49 531
89 113 680
543 315 879
455 361 219
15 72 246
158 361 950
515 75 213
211 81 608
2 421 440
33 90 686
167 511 853
466 393 753
385 531 2
397 110 447
185 549 936
30 289 286
176 68 401
47 65 213
101 452 854
431 133 554
312 55 539
450 504 965
409 21 121
81 181 130
251 471 834
491 380 538
154 81 450
303 481 730
165 261 93
233 491 148
174 151 791
431 37 198
367 27 180
28 304 499
111 419 644
472 524 715
149 312 29
336 97 872
113 581 404
212 521 873
355 431 26
545 528 113
209 192 30
244 561 797
57 89 286
571 558 917
581 204 822
336 413 946
363 386 866
584 411 315
131 415 576
279 453 760
317 330 442
426 123 773
315 531 911
405 443 820
485 219 475
138 566 815
379 565 39
469 268 650
351 140 406
181 537 561
151 231 765
286 501 848
465 506 911
140 423 96
420 586 998
231 105 675
25 105 733
267 271 85
486 258 550
372 471 783
93 581 149
269 513 518
35 333 511
69 221 218
293 581 569
68 21 11
415 367 978
480 138 366
223 139 333
481 522 562
119 133 408
71 413 990
339 299 211
153 66 164
388 441 407
190 60 29
537 110 653
505 539 192
339 16 193
274 49 293
401 473 306
24 433 955
197 157 560
1 339 730
467 251 851
451 128 340
121 95 583
295 65 414
85 181 663
356 158 931
536 91 877
31 123 907
176 87 350
547 301 526
185 351 669
239 11 151
48 349 692
419 576 454
516 531 482
91 401 562
547 201 6
91 251 590
443 151 698
1 19 451
77 545 478
467 291 496
111 237 787
431 536 468
578 336 488
495 183 559
85 187 486
540 326 183
91 355 464
54 173 571
117 543 708
134 146 501
403 301 284
140 473 631
291 65 453
379 37 31
267 348 775
101 516 782
271 221 519
217 21 95
198 500 326
390 387 295
20 471 281
165 73 514
243 571 154
411 79 999
352 101 321
493 315 829
405 261 247
221 255 564
551 383 200
498 351 131
387 363 529
411 115 155
25 280 139
573 309 127
491 427 257
207 303 339
294 251 900
436 311 630
471 459 206
541 158 679
59 146 647
162 159 97
95 353 650
403 40 900
376 452 64
60 263 402
502 309 688
124 406 42
322 61 516
279 357 481
183 517 933
569 411 514
316 355 530
214 235 4
461 411 109
117 345 433
279 267 383
436 536 746
185 394 574
1 210 180
1 75 73
65 391 797
436 173 308
543 288 561
366 559 454
507 133 280
425 243 391
60 360 488
564 508 820
141 529 721
178 401 515
481 343 582
82 428 720
346 246 736
328 81 545
311 566 608
217 529 280
105 391 189
367 91 671
131 162 145
355 251 812
225 235 478
533 503 178
439 529 402
403 587 7
14 546 102
537 406 368
317 463 575
37 139 468
235 411 170
161 421 662
327 311 666
169 347 886
194 41 1
296 355 415
156 271 165
297 565 632
337 393 481
301 462 477
303 19 491
141 195 41
538 389 328
509 308 29
57 328 612
147 506 179
85 49 917
178 51 720
351 295 749
143 579 370
387 552 830
453 101 653
241 251 558
331 471 260
18 313 779
263 511 229
327 414 711
453 269 708
393 331 69
199 45 398
193 43 272
16 104 277
238 441 241
131 176 340
186 1 781
245 489 610
403 103 72
37 4 106
76 87 449
540 361 477
205 121 564
65 14 261
411 83 364
515 286 761
207 477 102
291 41 44
447 189 134
321 116 179
20 119 422
3 554 85
395 369 848
399 421 10
101 561 548
11 567 219
463 561 778
77 465 618
238 267 361
499 289 409
111 243 723
497 273 36
11 101 946
369 21 323
331 37 405
415 106 420
509 404 382
227 410 594
201 474 816
373 519 625
307 523 125
501 534 294
481 188 924
289 89 701
507 547 647
53 587 643
95 177 656
132 558 586
165 141 477
452 123 510
499 51 544
367 117 783
469 271 312
510 150 703
405 421 961
92 423 284
308 303 347
140 491 609
521 263 332
211 80 549
328 441 481
157 51 195
407 377 252
571 402 800
435 287 558
123 579 921
181 306 886
571 29 414
125 552 294
298 141 569
90 315 591
1 413 716
134 564 53
415 494 546
421 109 136
34 188 920
269 25 127
389 211 681
169 490 446
345 294 529
171 241 665
369 333 37
437 408 269
396 66 960
143 201 929
344 215 797
109 331 674
281 104 678
506 87 10
21 53 719
129 486 782
23 535 625
181 167 677
410 99 224
497 271 643
564 119 214
261 329 509
353 495 630
1 433 657
467 9 681
31 415 960
382 117 563
99 293 460
41 89 76
406 145 531
123 39 89
471 352 659
541 551 659
23 337 682
57 336 586
231 489 344
327 105 7
139 511 662
33 67 887
540 247 767
535 61 585
175 169 898
218 493 742
295 11 107
461 69 89
171 16 103
299 441 102
27 402 719
577 165 323
453 188 769
487 352 286
559 442 772
461 491 900
317 329 185
178 23 540
188 211 692
297 38 548
116 276 646
316 143 31
524 294 307
561 173 301
233 402 14
231 123 803
472 277 102
548 165 348
232 514 273
157 457 728
298 245 493
53 264 845
261 51 246
481 395 982
235 244 527
279 54 441
168 231 125
301 559 73
251 465 909
567 251 817
1 381 974
327 99 968
469 515 764
374 179 25
51 458 858
324 131 328
196 61 46
207 382 886
431 39 753
268 49 400
141 251 996
93 231 251
28 375 898
323 396 584
510 517 546
537 346 395
1 290 742
16 443 225
267 146 100
255 272 323
189 199 142
529 581 634
357 73 565
463 449 274
531 24 973
555 535 896
111 161 71
59 154 214
37 106 796
75 356 479
147 568 260
227 560 569
101 493 750
76 85 182
351 486 571
111 254 20
440 482 326
65 454 455
511 107 405
349 131 605
541 566 162
465 375 614
466 320 605
69 431 931
425 311 543
1 71 992
42 361 125
402 128 771
1 189 732
72 308 549
114 197 324
42 587 825
581 463 812
374 570 985
25 191 766
523 286 931
29 345 184
151 351 863
288 314 950
355 315 498
20 315 379
266 261 806
143 369 874
242 405 459
5 433 341
263 11 266
497 391 825
71 166 505
271 81 835
247 337 927
32 26 318
508 552 897
245 447 142
579 55 244
505 366 587
171 61 633
499 543 690
73 241 177
9 288 522
341 347 243
361 513 784
382 321 626
113 223 474
388 400 5
196 446 85
195 319 619
241 373 829
367 541 859
528 567 998
405 188 773
400 201 748
38 351 795
46 203 625
383 53 56
179 311 993
257 129 7
207 256 438
457 319 398
517 258 242
135 527 580
120 1 331
11 553 159
445 149 787
307 153 10
40 394 203
245 74 7
425 347 41
227 573 313
461 306 728
212 537 220
552 423 745
6 545 35
9 150 480
243 211 960
499 117 283
121 419 916
561 263 48
299 273 530
461 23 23
513 447 507
285 345 317
285 522 169
53 437 78
437 451 510
241 93 562
65 331 389
37 261 392
467 424 138
433 465 512
457 421 412
79 102 569
221 265 255
551 504 40
185 391 725
41 113 343
8 409 594
546 105 637
483 554 275
139 221 97
2 67 829
81 391 330
545 117 357
531 91 334
76 526 776
368 243 183
575 392 714
241 581 511
11 131 521
321 443 66
13 347 870
103 479 146
453 420 731
74 191 823
155 134 254
48 515 588
147 317 956
431 56 503
437 527 117
6 36 377
475 413 185
529 63 817
327 553 799
217 238 585
471 209 443
512 349 468
123 497 353
207 61 52
297 150 711
73 349 520
458 245 78
483 67 917
501 201 947
341 132 446
165 201 982
311 437 361
61 147 502
133 7 36
355 239 707
363 379 955
425 115 685
501 385 789
37 87 945
173 564 526
501 207 793
527 223 982
385 99 885
61 396 953
551 569 352
156 361 41
253 227 714
85 549 785
101 459 887
546 271 386
55 40 705
357 179 100
522 473 966
227 127 404
127 95 928
323 355 507
510 237 823
117 503 704
35 489 102
461 488 692
271 29 340
216 449 312
161 243 644
301 262 429
407 84 654
411 446 964
439 505 414
476 425 439
391 361 184
333 236 143
1 327 218
86 35 25
349 176 361
471 151 38
381 472 575
295 197 883
492 212 824
94 162 51
351 541 804
111 196 984
413 443 388
145 147 37
571 405 933
469 17 955
156 126 549
547 403 917
445 325 491
231 176 834
137 585 803
321 275 826
190 316 690
492 371 648
253 531 586
57 343 441
331 221 47
53 5 673
201 294 79
248 366 673
121 446 966
379 453 820
225 272 697
449 277 341
92 320 308
515 569 34
56 575 510
231 159 18
11 146 497
76 492 116
360 251 402
527 526 687
561 295 173
337 316 875
281 41 240
25 495 365
158 269 943
541 362 21
43 251 825
49 73 359
40 435 240
456 166 692
182 80 929
266 478 303
485 89 838
41 455 39
441 79 169
215 461 631
251 213 54
371 561 756
301 107 33
469 552 652
141 586 150
251 415 986
291 379 810
576 57 872
119 421 992
481 23 476
351 528 720
78 191 730
294 141 474
225 331 423
237 416 25
111 551 386
141 429 760
419 328 888
166 317 399
234 108 749
190 111 850
69 309 204
222 155 335
27 148 361
1 2 528
532 265 270
487 279 883
545 36 334
77 196 203
355 143 151
261 471 480
351 369 957
473 271 682
343 461 876
21 538 176
349 127 168
491 561 410
49 547 856
111 371 16
511 179 511
475 141 200
545 441 806
87 458 879
385 478 762
425 321 991
525 204 606
80 277 537
251 453 867
576 213 660
272 256 985
91 227 229
27 390 348
103 359 426
553 47 437
246 234 524
27 580 837
221 334 867
71 507 286
186 31 757
406 71 898
353 111 95
488 493 302
582 537 817
135 337 780
485 201 105
471 465 761
33 226 573
35 169 273
135 233 846
237 330 380
369 16 713
565 176 310
353 449 22
498 225 9
366 421 279
508 505 486
451 58 186
171 139 500
345 207 687
181 325 129
449 315 126
209 161 660
79 316 500
589 195 103
147 491 98
50 385 686
545 586 743
190 247 981
561 187 921
60 243 993
553 103 46
255 111 757
199 191 480
65 21 841
445 411 383
305 285 739
425 215 654
124 17 670
349 393 699
76 451 796
271 266 213
112 252 541
291 42 206
83 251 606
183 542 702
83 306 602
39 399 620
253 244 53
24 38 855
587 226 967
331 186 133
218 561 452
487 259 567
354 330 937
346 411 388
531 547 736
57 291 951
266 296 949
147 226 251
111 489 269
41 319 513
271 188 172
406 261 653
491 291 452
574 283 982
525 280 148
279 581 287
539 471 754
265 528 815
101 423 392
26 357 432
281 23 352
571 177 925
367 495 351
49 103 707
61 117 13
409 532 639
508 459 633
455 247 9
38 523 395
426 343 448
107 39 904
167 296 437
301 45 398
261 464 547
341 280 372
357 30 474
375 11 749
465 141 726
156 309 255
164 438 211
495 23 459
331 97 623
161 333 138
311 5 888
361 251 308
92 107 881
181 155 634
57 506 545
3 170 29
242 31 231
231 423 249
231 107 58
569 519 333
181 217 49
539 333 855
251 41 332
541 469 431
563 12 392
205 221 682
501 319 955
387 353 227
581 151 74
537 296 238
461 253 68
552 155 810
300 419 786
488 587 53
210 401 749
347 147 429
185 225 818
513 567 663
213 385 695
495 281 588
181 285 385
229 103 735
417 264 464
329 480 428
315 277 112
441 449 743
111 52 80
226 531 47
511 309 701
266 469 95
541 463 267
41 276 914
255 1 311
77 234 127
247 320 106
419 238 39
504 329 673
532 158 859
38 587 379
534 391 45
539 86 496
586 299 927
109 190 401
35 391 813
200 233 163
195 309 597
489 323 606
321 451 839
2 4 282
316 330 264
115 234 679
489 89 976
531 163 90
19 377 340
587 367 504
101 141 699
493 231 267
170 491 947
11 581 719
531 565 573
509 43 181
541 311 313
579 46 160
549 460 53
107 341 92
295 435 275
219 423 959
1 175 295
311 156 352
257 433 806
376 457 604
351 176 124
11 215 134
341 237 961
112 280 718
400 498 811
555 398 711
151 155 155
212 449 847
112 37 828
495 515 826
153 121 180
517 331 47
116 301 224
25 51 186
63 111 859
197 284 535
35 91 788
351 79 595
5 381 753
173 29 198
571 355 653
448 178 781
543 298 819
241 326 238
7 343 486
111 211 428
51 554 437
345 315 726
534 33 942
286 7 454
264 454 696
63 403 362
206 515 523
479 441 66
366 571 360
389 471 206
160 229 492
579 232 619
287 574 407
300 448 678
421 219 22
160 376 817
267 325 566
263 53 587
374 130 213
58 247 277
525 571 733
268 313 490
577 565 144
139 176 1
571 467 696
362 573 157
526 355 614
27 291 771
375 242 58
158 431 413
179 172 732
335 527 15
149 387 781
273 575 150
271 181 3
445 101 161
40 160 234
393 161 788
331 409 81
61 77 23
321 573 176
197 143 961
145 525 824
189 430 233
559 92 566
515 150 714
113 191 833
146 581 274
509 209 606
566 80 995
287 241 109
197 95 122
391 522 931
5 255 711
473 558 996
561 4 44
398 407 344
115 569 144
277 457 66
300 151 573
427 575 10
259 69 2
576 225 91
148 88 200
203 31 508
351 461 880
64 312 782
170 373 812
445 85 654
301 33 427
11 325 417
429 423 394
57 583 493
589 278 980
575 126 55
36 382 55
221 51 375
436 429 974
285 113 449
69 159 877
213 151 516
335 75 873
113 476 354
321 294 639
308 217 953
483 1 942
279 211 356
206 516 943
104 171 296
573 367 611
355 437 897
350 241 768
244 19 182
11 489 727
501 257 646
308 383 992
474 321 850
297 109 471
326 141 863
479 277 900
501 241 724
432 405 227
119 39 935
450 261 225
62 365 425
281 189 173
391 221 717
566 281 745
390 465 108
243 79 884
107 278 844
309 189 960
11 413 543
3 504 729
267 239 675
190 296 899
146 153 834
276 503 338
135 585 15
75 51 570
29 69 182
329 461 919
103 273 280
231 109 93
265 351 615
477 307 717
477 443 257
326 242 51
19 553 70
51 313 384
478 31 113
129 225 76
416 281 743
66 524 545
151 125 816
186 63 218
351 481 118
50 15 350
571 15 621
521 72 116
155 541 572
176 107 276
12 571 770
22 243 513
171 194 967
319 316 978
490 75 79
409 45 131
321 351 135
271 205 456
25 580 547
131 181 454
556 341 663
79 59 333
485 515 666
323 522 441
229 467 881
581 332 508
9 59 569
11 177 697
259 361 461
491 436 986
31 259 680
421 375 148
6 339 538
435 416 142
474 533 25
223 546 729
19 561 749
249 451 231
190 241 860
325 126 140
271 371 103
14 56 389
389 230 762
316 306 183
1 501 96
349 46 939
556 294 854
199 521 720
377 582 952
561 349 262
2 411 307
99 27 783
313 466 433
429 473 25
577 158 790
224 357 860
215 81 82
111 501 42
255 531 7
281 351 905
398 461 350
409 524 550
348 356 993
275 566 78
164 101 472
356 354 187
435 166 307
39 34 773
578 421 525
196 96 441
421 194 809
71 546 944
228 219 571
107 364 868
309 261 136
9 159 273
464 357 271
396 13 840
3 34 569
576 167 208
415 575 912
10 145 127
549 189 430
481 97 397
61 181 214
541 581 74
361 418 665
42 130 556
561 194 853
240 339 666
493 395 778
404 587 305
367 201 93
271 501 258
544 481 761
211 126 985
357 119 435
21 100 254
77 470 189
113 446 19
551 271 688
581 261 513
373 91 123
25 70 811
170 331 374
181 529 763
5 289 988
541 403 743
466 253 866
51 583 814
57 69 76
301 408 292
401 261 172
204 81 829
373 237 835
76 462 795
378 311 763
15 517 465
17 317 589
512 420 891
286 276 359
371 294 135
385 485 869
337 341 184
323 210 78
331 317 195
111 95 977
511 120 147
255 271 851
39 187 324
403 279 978
117 386 795
4 336 507
131 161 882
547 191 739
245 151 180
456 67 443
148 487 533
206 113 197
231 251 206
453 195 284
423 555 899
19 330 507
481 291 826
346 451 421
223 262 551
557 291 219
30 269 132
295 386 865
177 223 87
324 246 138
26 111 382
389 191 296
414 14 609
531 145 48
221 387 488
315 308 725
365 297 354
257 429 914
522 339 993
481 1 674
105 151 784
94 182 764
151 142 83
537 185 284
219 381 895
151 379 874
427 487 649
407 331 242
213 535 40
503 441 421
571 106 937
480 296 959
354 507 43
411 208 275
464 430 819
121 425 877
495 100 884
306 539 62
54 520 218
405 183 338
471 586 739
85 23 172
527 451 704
77 147 892
382 549 654
219 313 865
111 125 814
189 343 482
171 213 632
363 455 124
188 26 112
299 385 390
142 105 426
59 182 417
54 300 522
365 1 353
131 589 800
553 133 28
376 185 969
429 406 763
203 91 554
518 555 103
333 546 861
221 565 357
167 147 95
411 9 75
96 197 439
195 37 294
93 372 824
551 171 625
97 254 521
481 419 31
178 570 124
158 145 830
35 462 686
52 133 906
36 61 243
44 365 653
546 72 421
110 486 834
57 245 836
111 259 444
539 341 250
139 110 16
406 67 451
270 175 589
519 118 406
213 411 77
119 471 754
13 67 982
107 421 48
467 431 530
296 365 751
521 99 462
406 401 564
369 221 977
259 368 816
479 1 881
29 259 7
140 517 953
451 481 773
11 583 951
206 19 163
316 61 824
211 242 851
311 489 533
547 184 316
361 358 628
445 269 757
455 115 524
453 412 218
67 9 291
45 109 676
497 568 990
344 337 306
536 327 99
437 523 465
531 201 712
235 133 689
278 504 854
107 546 820
357 527 797
529 386 951
253 67 601
1 415 715
41 303 504
95 381 287
447 297 346
101 589 868
82 223 953
539 281 2
583 46 668
340 314 541
336 387 862
317 117 924
419 47 629
417 451 436
361 68 984
293 294 736
41 1 881
526 13 979
157 41 370
174 486 777
199 69 399
109 136 770
299 61 159
181 420 337
575 237 720
557 5 478
457 131 1
537 504 976
503 25 110
197 190 967
156 3 817
256 355 900
126 291 561
131 170 932
503 363 12
315 507 925
136 381 24
249 346 822
173 283 827
161 177 60
536 237 784
37 516 342
585 33 965
170 217 241
562 321 387
527 436 301
237 5 166
551 291 245
589 527 16
135 191 102
13 409 869
373 223 320
193 413 733
237 527 642
172 101 630
10 85 556
312 245 488
361 466 910
236 543 451
358 535 532
191 349 303
541 515 71
201 276 665
359 169 271
221 296 529
221 79 298
143 441 552
509 269 32
237 276 602
179 426 155
487 247 323
355 432 971
271 177 178
436 269 798
144 414 644
53 404 204
95 36 74
323 217 776
371 93 344
177 198 299
224 383 918
306 431 724
498 371 474
237 90 730
389 285 899
557 329 720
445 339 364
66 513 333
181 175 546
515 249 584
203 479 838
41 200 277
223 399 922
512 317 912
191 575 248
51 425 597
119 455 156
471 173 114
282 83 471
149 485 816
13 15 703
311 491 251
331 207 543
205 269 683
554 92 255
131 513 936
473 341 67
571 581 563
151 482 694
310 213 93
341 311 65
281 127 508
51 215 2
520 241 849
93 46 425
131 49 544
18 282 536
573 328 343
44 190 602
399 3 194
506 471 566
293 363 732
466 551 721
431 296 788
193 176 489
66 363 178
309 463 751
197 511 570
32 491 621
211 343 87
381 41 896
536 365 145
382 297 981
148 71 398
256 454 868
455 353 300
168 425 957
121 277 191
377 266 182
360 528 722
562 91 283
221 165 395
345 43 155
542 171 642
150 519 214
183 283 886
220 571 740
119 331 955
524 411 312
335 491 751
506 408 867
307 451 820
1 147 753
510 245 991
26 37 439
125 229 297
276 402 555
161 9 464
480 185 643
461 123 33
259 540 638
239 6 331
505 251 738
369 251 538
179 195 119
261 442 792
6 10 961
457 15 82
35 361 751
81 251 402
289 513 719
16 6 741
353 331 909
315 495 728
575 503 724
577 301 624
351 130 33
294 350 654
541 511 220
270 400 813
29 389 929
257 195 94
387 259 963
257 196 50
143 290 843
157 523 403
201 91 111
385 126 694
43 515 704
279 161 270
270 225 673
227 543 991
159 116 449
247 177 365
441 440 688
571 421 175
71 247 834
473 438 535
97 459 768
378 63 445
473 193 640
509 309 815
77 501 189
297 239 338
339 546 672
269 506 45
411 395 161
145 256 534
441 531 467
451 511 374
455 18 444
1 73 624
25 369 117
131 339 427
187 212 975
119 301 877
373 429 102
120 466 419
368 11 640
88 513 523
60 491 549
31 277 2
527 291 872
411 396 600
529 109 829
265 161 116
281 144 216
123 515 889
559 459 874
206 577 635
237 320 514
9 153 962
40 43 156
202 536 84
415 225 885
261 139 886
268 571 700
550 151 207
503 563 137
110 283 609
281 67 57
3 106 676
66 87 777
250 292 551
484 559 640
133 109 710
89 66 269
479 24 453
181 456 328
273 369 893
401 75 708
121 297 985
483 425 738
289 250 972
354 279 552
441 34 176
191 55 84
431 189 916
491 452 576
61 465 171
397 577 17
436 82 6
471 76 705
536 451 361
277 441 363
369 422 267
37 89 879
197 89 415
227 530 156
561 121 979
319 455 606
381 311 241
332 467 874
159 407 595
491 209 361
310 528 412
307 226 293
97 290 811
426 311 493
96 521 84
1 581 852
327 287 88
14 88 780
529 316 939
241 406 947
124 515 401
531 93 305
439 555 190
352 525 51
532 519 502
108 5 803
211 117 168
186 531 72
205 501 469
409 209 132
343 507 528
293 47 856
1 27 829
147 521 27
426 142 610
331 5 232
71 417 33
150 141 799
501 11 981
255 141 521
338 16 574
489 521 122
175 279 683
393 503 899
501 119 505
301 139 576
168 123 233
23 74 533
22 131 672
387 441 101
423 567 898
53 99 884
541 51 413
164 544 6
448 45 269
577 305 99
149 259 21
19 103 712
311 355 682
226 139 881
16 111 751
169 313 862
10 324 503
389 373 760
315 428 641
109 148 965
421 393 814
349 421 152
129 236 948
501 575 234
245 15 533
489 225 132
225 309 459
329 453 766
125 369 493
109 167 317
187 285 470
9 377 729
309 101 521
464 415 763
423 311 720
133 260 697
447 448 33
131 306 288
241 96 40
223 247 810
163 31 196
308 371 127
282 249 23
341 435 901
490 429 173
548 581 317
232 372 484
119 113 247
539 52 484
243 1 734
414 559 982
214 581 109
230 390 24
267 481 171
111 171 208
191 72 704
311 481 758
521 573 372
504 251 505
456 235 781
471 222 631
65 567 433
382 151 294
413 396 442
356 105 722
281 153 465
301 553 712
589 503 376
276 265 170
424 447 931
1 441 219
461 33 154
261 71 912
121 193 566
131 288 466
8 337 747
453 527 756
311 511 282
191 549 208
577 303 919
77 585 825
453 422 966
327 312 534
51 301 659
4 7 895
361 413 575
21 456 205
319 471 289
185 521 675
561 97 438
401 253 372
269 579 435
471 551 540
201 39 168
551 557 467
131 343 489
121 53 768
171 225 94
161 211 535
494 321 728
165 36 791
193 119 614
304 489 794
348 321 756
51 586 511
380 97 378
431 407 712
465 271 409
101 283 204
505 456 712
225 483 369
384 307 792
428 413 36
327 246 176
95 532 389
435 123 593
93 511 738
44 259 683
225 311 234
157 417 346
463 11 457
189 571 58
261 271 127
75 497 779
502 433 321
484 24 472
411 71 390
7 32 923
285 359 748
31 439 636
258 245 482
181 115 123
1 536 36
60 185 171
249 391 516
417 219 616
447 481 247
11 410 57
471 567 532
27 59 829
313 467 943
209 197 572
325 309 317
424 35 59
559 412 783
170 311 616
401 206 41
315 176 674
493 553 521
401 534 843
123 585 500
531 105 515
463 346 436
153 541 490
101 471 244
491 264 644
250 15 728
473 307 326
6 496 367
1 307 80
175 574 906
276 567 606
11 203 254
1 299 712
163 51 699
15 183 466
21 461 41
297 1 13
501 5 527
39 455 628
517 8 102
19 325 729
219 455 59
507 306 860
99 501 313
269 96 197
492 391 889
185 270 67
579 381 395
419 15 442
148 261 866
221 536 434
463 201 113
182 229 718
571 91 96
235 26 525
141 394 600
428 247 642
401 152 175
431 206 743
393 347 609
32 189 576
433 576 642
391 120 54
551 89 955
115 108 429
329 513 232
143 433 395
160 56 932
331 391 510
355 339 917
35 192 646
141 175 4
517 585 611
415 171 291
565 553 605
243 281 519
256 421 962
141 105 333
337 359 844
272 358 759
246 42 223
565 403 52
321 577 870
7 1 87
579 371 158
181 132 83
422 451 485
351 480 482
423 151 166
581 131 729
476 530 767
102 147 234
1 217 308
585 525 514
115 209 559
366 550 97
178 555 986
126 401 744
21 401 884
221 527 658
113 91 949
19 171 137
358 77 198
429 408 226
421 581 760
319 175 37
337 81 866
231 47 6
571 97 394
235 223 249
111 444 791
347 125 847
126 336 119
63 221 16
4 22 591
419 451 346
147 391 316
121 523 193
541 291 222
514 304 581
351 337 394
439 495 117
329 121 475
229 295 265
306 266 456
521 325 235
546 41 231
511 401 599
87 330 881
531 47 997
193 186 893
186 479 594
453 409 456
44 361 64
487 123 903
312 179 164
429 395 242
407 554 350
129 531 734
218 348 751
73 397 812
381 466 928
311 324 286
301 455 782
381 229 18
461 246 351
531 351 72
336 459 717
534 27 959
281 131 383
568 206 120
573 397 994
571 425 279
244 424 719
48 176 972
357 201 633
83 377 481
81 326 673
569 421 711
111 423 786
87 445 389
248 531 411
450 540 411
13 85 22
391 242 435
581 16 733
203 577 911
249 525 617
13 17 903
323 504 938
573 484 332
13 37 637
226 69 815
27 56 819
492 501 234
291 191 90
262 403 587
492 296 303
86 157 819
176 147 935
350 135 133
384 197 765
305 15 95
559 153 227
394 351 561
131 315 572
127 331 397
12 211 173
519 461 122
262 311 855
181 163 174
73 511 387
166 85 568
556 191 64
96 254 458
225 511 129
16 112 573
7 329 332
286 565 902
551 509 795
441 65 373
112 456 167
532 178 813
377 180 454
320 73 288
31 43 525
283 313 75
499 237 706
279 455 274
543 244 777
71 501 367
103 264 642
217 154 165
373 176 606
187 390 593
461 381 190
151 563 757
571 59 370
273 151 918
293 431 628
159 560 404
211 370 962
110 491 324
497 465 540
286 217 258
24 483 688
212 561 86
551 468 9
509 386 838
421 585 207
541 345 89
64 93 309
63 369 59
203 305 59
396 538 362
29 55 897
411 40 392
217 13 806
367 571 779
26 511 970
110 476 309
135 336 335
496 467 284
47 473 384
519 60 663
19 41 329
589 405 592
3 56 199
489 9 169
375 357 463
85 421 737
118 246 646
147 356 629
71 61 333
149 251 395
532 508 789
427 52 78
252 423 672
459 574 379
231 171 663
8 476 480
344 441 862
61 234 214
405 509 181
351 539 153
1 229 291
132 427 196
411 561 567
417 174 573
403 562 578
109 417 847
6 145 628
414 439 703
307 141 193
138 61 169
28 40 614
321 127 518
532 546 517
276 200 600
518 451 977
361 563 876
581 521 857
307 55 84
256 5 783
55 95 384
1 146 462
343 236 155
280 499 81
211 156 431
417 138 60
49 481 452
259 365 997
365 435 28
116 296 954
235 490 553
405 311 835
439 513 627
14 25 199
37 523 560
191 417 973
461 457 556
137 589 914
150 227 312
101 392 832
561 169 248
19 313 225
457 395 652
345 441 693
416 320 901
243 532 904
525 150 659
281 297 653
579 450 743
157 535 214
60 144 223
153 165 500
2 179 535
296 13 1000
331 57 903
215 59 775
431 33 499
271 76 556
56 66 449
73 571 824
451 1 296
477 562 297
322 356 912
351 406 105
539 12 234
229 459 773
562 578 735
431 251 530
301 41 348
111 463 43
55 57 736
181 3 142
461 171 517
87 465 960
421 562 395
101 42 885
41 192 264
412 439 384
4 288 340
456 499 763
190 414 411
9 543 853
237 49 448
125 389 163
361 403 229
23 137 753
285 13 466
528 162 630
381 301 246
299 522 515
41 366 548
146 523 863
409 382 375
210 443 864
265 76 628
321 135 228
167 157 508
71 485 658
71 366 30
471 505 557
271 401 239
316 388 349
497 201 217
383 197 522
48 135 866
23 403 585
451 223 90
97 207 364
305 131 341
382 306 7
565 496 745
115 275 248
577 229 308
143 410 748
367 349 85
481 381 48
1 404 895
192 3 684
373 343 207
441 99 816
315 413 418
211 428 952
321 328 957
523 497 739
13 561 640
411 1 781
253 215 568
421 11 849
29 256 766
331 416 159
381 553 785
1 571 281
395 163 796
31 121 374
335 295 378
345 99 345
486 556 430
238 19 940
307 394 461
501 21 207
101 55 146
21 266 976
556 175 508
461 56 457
431 24 638
519 176 532
381 235 490
483 47 333
52 71 244
515 486 914
280 41 17
39 47 907
320 435 541
28 271 537
236 437 916
349 505 983
391 12 747
516 489 331
304 496 134
559 343 21
461 148 103
231 499 235
348 581 374
317 170 836
222 466 872
155 453 815
43 121 379
267 493 387
427 221 126
361 309 524
228 307 263
560 561 400
33 271 976
285 45 654
81 159 796
323 515 142
425 161 390
11 471 491
175 253 51
126 334 105
527 516 267
352 219 718
3 497 318
61 261 883
276 163 923
293 247 597
196 388 695
485 55 34
137 212 632
455 283 954
486 97 255
333 283 198
119 371 399
5 241 500
254 300 199
97 251 261
456 421 598
170 200 526
545 241 907
404 533 832
19 21 654
489 123 493
456 391 283
338 41 832
126 201 408
441 223 559
407 119 304
375 525 466
480 529 332
462 1 568
336 79 187
133 335 357
305 496 237
415 321 527
309 525 66
486 479 132
204 451 653
539 129 114
61 137 597
131 21 235
448 458 514
66 354 247
107 518 394
511 109 247
317 83 312
401 516 227
515 447 696
246 166 502
101 237 387
207 3 517
398 297 183
253 423 271
377 298 492
355 505 656
568 463 337
305 561 302
470 116 301
238 411 365
111 297 260
73 124 994
581 265 14
201 164 364
64 453 348
411 385 986
489 327 707
106 191 929
443 454 745
319 77 447
310 261 602
233 119 728
369 410 954
136 339 836
161 461 891
39 63 961
123 495 544
361 349 435
13 244 283
153 235 344
281 235 330
387 297 409
555 297 935
61 525 955
275 347 958
332 206 699
55 540 902
373 558 481
203 69 276
458 192 512
387 385 795
379 520 902
161 47 423
1 585 699
226 7 767
141 163 135
374 453 17
112 473 799
151 146 513
9 183 670
511 436 373
125 554 27
518 499 421
341 39 732
51 532 132
199 449 995
239 152 544
211 219 5
581 499 230
124 363 440
520 141 535
41 589 435
433 319 600
498 415 742
523 96 216
167 408 161
216 368 514
85 139 520
170 189 926
527 563 90
541 580 979
296 93 72
415 245 311
236 456 157
254 343 83
103 26 961
93 81 705
475 52 794
