364 8003 209
9 33 807
281 86 368
330 349 791
49 105 982
61 46 201
251 233 145
358 118 84
323 33 718
161 15 663
50 57 195
1 108 290
187 2 67
34 253 649
273 100 371
38 135 672
47 97 241
162 277 994
89 339 243
131 157 804
235 324 195
293 50 315
313 165 13
343 36 419
357 5 191
50 325 949
141 277 823
355 57 137
249 45 744
17 159 719
52 198 583
341 314 587
339 92 381
253 167 300
174 219 998
111 187 964
33 277 97
59 35 473
94 186 934
281 89 547
321 353 923
271 3 41
321 8 790
116 275 211
102 176 513
141 106 695
71 177 26
71 313 467
295 276 156
5 183 610
32 75 509
52 248 57
117 313 114
100 209 45
35 258 822
22 300 633
31 181 698
288 64 741
267 33 213
1 103 566
295 33 992
293 22 384
222 363 309
333 1 389
275 273 618
275 139 930
307 209 290
245 304 938
239 155 457
117 157 57
241 283 640
49 144 699
11 246 740
349 169 537
110 361 163
81 25 392
257 69 392
321 106 806
100 241 404
238 245 345
329 49 67
71 92 508
219 170 126
168 356 663
337 127 747
22 165 305
169 261 22
193 249 740
183 44 335
79 160 722
69 167 295
89 187 139
204 344 147
295 180 318
76 157 267
310 358 370
117 153 685
162 69 963
17 260 694
267 43 607
21 3 635
134 69 488
321 183 905
45 163 859
105 6 463
219 93 520
13 15 463
183 25 640
71 216 533
207 273 743
13 273 469
239 204 664
253 225 151
148 284 407
105 87 188
49 120 594
249 35 432
171 137 332
161 351 148
260 265 386
1 106 413
91 251 212
127 141 357
136 189 241
139 253 301
161 249 488
119 5 813
175 257 717
335 17 274
307 233 571
292 202 945
63 203 20
278 169 732
169 134 710
263 149 157
36 127 3
101 137 417
171 103 262
131 316 118
64 53 919
9 31 296
44 188 674
171 113 966
141 259 437
107 321 614
349 220 931
67 364 69
201 145 977
247 20 37
51 144 771
127 166 514
121 140 873
250 333 272
240 325 439
169 217 969
297 137 413
263 277 83
41 284 263
53 50 81
97 179 271
199 119 109
155 323 833
89 240 57
209 4 381
188 157 383
221 45 68
247 77 599
6 349 761
330 248 961
177 181 944
343 189 838
57 287 347
199 177 573
161 261 175
149 157 422
239 256 335
305 36 698
99 191 614
73 279 424
106 89 94
53 328 963
253 169 675
343 22 218
113 229 162
312 71 284
57 8 536
4 7 983
177 247 353
357 307 649
33 79 421
271 101 990
329 321 532
285 120 946
61 29 733
357 261 327
79 130 52
235 141 753
171 309 318
225 262 222
117 265 421
354 177 480
193 149 653
44 127 616
210 169 200
177 161 787
131 8 225
109 143 145
47 165 684
251 343 672
251 147 892
358 293 190
141 186 387
285 53 139
59 64 499
126 347 138
243 333 866
242 166 853
261 162 541
185 59 529
22 73 915
348 57 688
173 215 147
357 157 237
96 286 653
313 234 571
107 357 162
273 81 332
237 113 552
14 233 539
265 313 619
301 220 792
14 235 927
232 105 395
261 358 379
183 58 722
229 265 910
297 57 893
235 190 212
289 206 225
260 306 466
189 205 840
362 17 109
240 269 586
316 229 450
173 187 29
262 341 107
281 244 933
11 165 260
235 1 414
137 325 401
41 347 22
281 353 108
47 180 419
190 245 31
243 313 304
242 281 445
37 317 802
73 95 917
170 97 930
353 35 554
301 216 969
124 14 539
276 201 860
43 309 877
29 339 157
27 261 23
61 230 712
32 221 66
181 236 376
355 147 929
47 210 531
209 78 322
83 125 533
79 212 516
257 1 110
59 264 36
88 337 625
101 239 770
165 302 44
117 235 269
181 133 433
183 107 968
209 339 156
84 153 100
267 237 595
211 251 68
27 117 449
253 343 375
183 193 486
257 133 702
53 165 262
349 199 889
291 53 800
289 253 51
237 105 757
289 218 529
73 261 245
358 245 389
275 253 421
361 164 411
214 233 253
63 345 575
166 117 714
78 198 545
113 224 116
205 103 269
52 117 542
41 323 54
49 42 453
85 221 162
277 79 694
39 154 479
85 173 408
49 50 998
137 78 906
248 324 212
261 359 498
157 26 662
113 304 717
177 85 567
68 280 505
321 229 126
91 356 749
158 351 543
74 82 325
229 279 533
229 24 597
58 1 795
35 277 175
139 185 188
151 325 965
333 174 847
79 211 72
201 206 756
314 319 209
269 155 88
241 108 986
71 339 430
133 100 946
253 17 567
109 282 567
159 215 367
193 309 884
113 40 130
184 85 866
61 127 158
146 175 531
173 16 923
284 345 941
53 66 621
225 66 930
175 209 800
137 121 770
145 113 705
133 236 92
256 224 659
33 99 364
329 117 771
281 274 272
162 211 242
137 70 489
343 58 38
141 27 742
176 325 430
92 187 913
105 220 484
72 241 229
197 71 558
211 235 570
111 345 970
275 179 663
197 61 798
85 268 556
225 351 874
151 157 400
45 66 118
3 164 368
30 209 16
77 1 567
176 241 868
29 335 269
329 169 160
71 288 692
300 25 510
93 62 224
8 4 862
337 84 277
268 261 536
197 21 270
151 326 956
288 137 458
95 81 97
216 179 764
145 274 462
13 233 431
65 285 373
317 235 385
172 15 177
45 295 769
257 266 218
277 323 324
15 225 763
351 261 318
249 53 123
290 203 538
81 266 575
105 221 808
67 302 998
82 45 504
154 296 51
248 362 836
211 92 838
114 322 359
211 192 901
338 47 391
109 71 788
185 214 839
269 291 924
359 127 567
333 32 630
29 64 927
353 347 687
335 295 611
173 15 241
123 226 605
141 185 890
4 43 991
10 180 45
45 263 632
7 309 660
164 219 606
137 109 990
169 317 740
127 299 590
277 246 817
301 359 76
109 271 162
85 309 774
53 57 453
293 248 977
81 259 897
6 29 644
188 141 436
130 41 782
133 209 618
325 281 871
193 169 193
357 93 385
218 359 623
197 105 126
333 170 508
133 10 551
5 93 751
345 196 968
228 52 969
275 133 209
169 133 651
114 248 659
51 279 665
233 357 973
1 271 325
35 179 164
269 217 297
309 99 449
117 82 337
364 326 140
71 243 346
81 362 345
27 247 609
73 187 177
55 59 465
161 31 921
288 231 201
215 134 86
141 111 752
209 294 802
263 313 984
277 113 505
143 29 47
1 229 702
211 313 610
217 3 609
159 65 929
172 286 69
150 64 687
265 116 209
40 181 550
323 167 197
231 351 572
227 31 10
267 11 976
91 318 838
328 340 670
1 291 325
59 281 183
307 224 828
92 305 668
71 105 6
118 58 373
31 336 779
205 343 592
271 357 897
351 118 753
223 329 352
85 63 101
213 125 572
37 50 445
157 13 159
40 150 929
231 71 641
141 197 682
207 29 803
115 119 868
137 189 420
91 228 938
358 299 106
75 160 214
255 305 226
33 47 155
12 29 54
336 267 67
172 236 93
129 288 726
162 152 479
53 181 402
41 305 186
351 341 383
233 221 17
181 197 316
5 241 688
113 71 648
13 257 378
196 187 353
352 165 455
18 301 7
16 229 449
78 277 312
77 223 203
171 199 462
77 251 269
29 235 452
73 181 527
15 253 610
283 29 403
199 352 497
292 9 513
289 131 924
8 34 743
265 134 341
339 146 243
36 270 364
9 361 286
259 355 868
229 101 963
297 49 2
206 249 889
273 53 787
246 171 197
15 256 799
20 147 559
193 323 896
25 357 594
237 302 201
312 99 300
153 334 668
86 301 776
227 141 700
316 359 45
133 217 581
309 279 989
211 196 26
281 309 705
269 302 87
127 233 815
285 76 123
23 27 875
213 29 626
273 213 747
61 293 559
242 205 218
313 163 608
98 306 889
190 266 541
177 43 56
165 251 738
147 122 580
319 224 169
169 304 220
287 331 624
151 189 214
22 21 114
353 323 657
175 360 53
225 215 35
189 249 344
345 113 862
302 183 842
249 201 192
313 105 84
60 205 630
115 21 688
295 355 842
82 57 646
147 345 195
101 286 896
59 297 564
71 49 293
8 264 251
293 71 418
337 201 888
337 71 795
197 263 922
96 101 87
263 321 198
140 66 828
133 307 182
1 49 472
143 85 812
61 31 876
184 5 777
337 261 243
5 8 499
155 47 792
311 161 169
235 339 464
145 61 231
322 60 670
153 199 533
263 281 713
113 55 443
16 288 194
192 43 353
8 329 442
25 237 584
89 52 110
258 163 624
141 358 476
307 20 240
338 125 977
137 295 214
231 90 63
7 263 608
85 206 866
5 274 404
337 284 379
97 77 614
89 1 152
108 37 139
257 192 894
277 333 433
318 158 52
337 295 25
37 253 503
277 281 720
270 120 77
287 157 607
240 300 838
269 137 307
141 81 52
121 5 941
43 210 649
229 271 673
327 157 846
97 177 14
172 17 685
81 237 942
1 286 487
261 364 33
105 229 952
221 163 712
38 189 809
181 235 108
135 99 787
71 289 486
266 177 287
57 65 371
19 21 621
116 93 983
272 300 219
248 225 57
225 158 862
197 29 123
41 280 906
233 196 583
39 63 797
317 155 951
213 208 998
85 79 143
65 165 913
95 63 295
243 343 648
157 356 869
177 118 550
205 180 433
213 229 637
4 313 74
132 219 287
95 263 548
289 117 128
80 157 621
301 274 982
30 137 260
4 355 208
274 35 930
63 105 845
28 125 6
147 139 854
280 61 683
33 227 476
321 131 560
129 165 515
300 161 726
29 120 263
274 29 468
316 41 930
113 266 227
78 14 48
30 54 673
240 227 362
37 241 603
335 1 462
313 297 132
244 180 893
184 144 257
193 238 846
153 354 680
349 172 944
121 35 649
165 1 154
303 270 942
274 15 666
238 226 740
17 6 755
257 333 566
318 92 371
3 349 336
177 196 522
73 273 558
82 1 644
302 58 358
239 222 141
98 217 6
1 29 310
341 110 587
71 331 17
275 352 960
169 315 897
214 79 887
1 25 710
281 105 774
170 5 757
293 329 469
306 62 285
143 181 663
169 325 505
18 143 201
340 34 499
180 257 778
22 88 927
352 282 509
81 324 220
225 140 569
13 65 13
242 225 901
311 29 990
219 127 721
339 147 278
33 282 635
313 14 137
279 104 441
111 73 16
289 235 571
359 70 344
281 17 386
337 281 654
201 353 741
137 17 74
63 15 998
69 40 861
201 301 653
241 67 768
1 210 545
19 148 554
132 1 881
165 59 216
223 150 636
235 209 484
34 185 953
95 253 4
178 8 496
274 121 527
49 84 84
59 120 451
197 243 782
364 17 365
185 22 771
302 180 939
233 176 221
286 60 691
9 298 795
258 157 38
267 259 858
49 161 610
245 34 652
236 128 344
273 19 174
69 36 379
120 337 944
181 209 415
353 246 887
177 175 157
301 141 769
65 209 740
179 66 687
194 204 906
219 313 633
306 327 120
186 179 710
176 309 110
152 197 922
353 195 385
75 115 11
340 274 466
329 38 456
59 123 844
35 1 837
16 258 197
347 276 171
157 339 383
261 325 970
197 323 152
1 81 440
123 341 606
361 159 917
193 333 346
15 95 87
336 209 931
353 348 249
349 311 96
234 252 608
20 333 54
353 9 838
87 109 401
239 113 635
126 27 674
89 149 306
201 351 744
117 321 177
257 169 892
131 27 447
169 179 945
316 261 671
267 275 197
287 31 905
41 113 247
319 97 367
157 168 428
65 326 900
17 51 265
198 358 80
8 337 638
13 182 274
137 351 983
331 260 848
339 161 252
50 204 636
139 196 428
248 337 520
252 79 427
193 63 896
142 318 199
337 231 803
323 201 35
34 292 968
289 230 491
113 305 808
285 113 148
209 43 913
313 22 782
295 205 621
359 6 459
146 236 315
56 153 833
343 57 924
39 279 528
44 221 166
105 317 154
224 233 213
118 151 262
18 32 42
198 57 609
200 201 633
82 286 548
131 342 851
72 357 290
138 120 955
50 357 418
13 73 935
209 293 339
200 39 748
47 274 685
293 129 807
147 209 864
245 41 252
21 264 434
217 260 302
37 131 607
195 318 2
330 244 275
200 313 427
235 197 517
329 346 728
138 293 780
121 159 691
253 163 896
83 15 555
99 339 996
179 215 189
1 75 254
108 243 48
78 21 439
333 305 238
266 305 549
245 19 122
59 345 488
17 29 821
209 311 959
238 335 355
231 326 578
129 281 644
364 281 844
149 20 728
186 150 89
175 302 81
148 295 47
105 288 337
223 281 356
127 274 769
274 183 207
309 108 86
13 274 694
238 45 172
327 261 225
45 329 919
273 95 844
164 97 854
287 289 541
85 52 599
312 269 751
233 191 776
211 97 392
266 130 580
146 183 79
248 53 372
232 131 684
101 295 994
364 244 368
45 271 711
212 279 658
29 309 294
170 1 238
339 201 498
97 169 989
62 130 572
287 337 553
221 198 220
348 332 485
27 157 95
203 197 940
26 120 206
261 53 35
324 153 85
245 141 580
330 327 879
293 308 963
363 1 270
122 353 672
180 241 995
235 309 455
215 281 246
350 231 474
264 239 133
362 176 197
3 18 175
1 195 337
3 17 234
95 3 897
113 109 854
229 351 624
51 176 456
309 337 833
136 315 678
302 1 934
164 36 136
167 115 101
93 82 546
174 209 525
278 301 135
321 95 698
197 9 220
52 178 355
232 92 354
309 63 112
43 241 181
109 357 637
72 53 684
148 137 571
261 7 514
190 287 315
87 315 205
184 205 606
308 177 841
13 281 377
71 74 874
246 350 79
269 27 855
190 257 397
105 137 518
321 91 351
69 267 459
105 76 228
257 321 395
41 218 716
355 59 66
1 102 233
273 337 106
337 341 789
149 81 75
61 183 982
55 199 144
26 253 984
57 179 62
151 25 802
193 50 862
227 85 742
48 218 713
173 222 101
170 257 132
313 212 669
30 250 39
153 109 858
247 358 486
288 325 242
117 298 887
169 5 203
80 355 18
91 99 229
341 263 298
91 159 476
20 222 827
179 251 491
57 29 729
183 29 680
295 29 275
249 32 317
175 51 678
286 361 735
169 346 861
75 69 944
345 274 740
247 209 434
313 289 969
1 97 427
127 177 626
253 29 512
51 169 286
27 28 511
151 361 175
186 297 737
65 41 171
318 261 659
339 309 892
1 76 414
165 37 743
73 179 894
144 211 43
272 183 227
274 174 993
177 295 617
285 125 838
113 85 821
179 299 669
298 305 43
1 155 733
355 98 13
344 79 249
123 285 429
294 287 384
43 279 69
241 109 762
224 168 735
341 56 277
253 223 919
93 301 739
113 196 887
15 267 576
165 85 749
225 101 87
205 113 285
237 251 218
246 221 845
43 5 157
109 181 723
313 53 773
163 119 129
283 41 791
26 331 375
185 191 121
353 16 255
49 353 629
94 202 998
323 321 465
43 105 710
273 154 457
288 277 14
211 271 703
282 170 791
86 141 875
105 285 624
174 197 716
349 155 897
311 143 74
358 258 616
295 228 578
177 288 12
211 71 989
115 40 9
167 329 230
169 196 805
237 337 631
337 1 212
259 45 647
203 245 254
27 93 852
204 232 826
189 1 39
239 173 180
235 227 347
141 1 777
221 171 95
291 15 624
47 264 167
321 261 905
220 53 826
130 9 453
124 353 514
314 323 691
296 57 21
206 361 109
350 149 119
219 223 258
79 231 859
85 69 912
239 81 968
325 31 320
306 105 693
277 29 812
188 297 662
233 227 219
260 48 562
207 237 8
295 233 193
351 254 720
321 90 428
95 269 324
157 33 424
283 279 713
269 101 706
265 38 776
43 169 37
109 123 474
35 235 91
309 190 203
257 37 249
128 267 655
219 7 224
120 94 391
133 314 64
324 181 646
295 19 230
23 251 592
105 209 352
329 130 467
333 83 654
45 195 837
215 345 524
101 41 862
274 177 828
145 142 956
27 295 104
170 69 721
285 353 204
98 322 713
161 33 953
358 3 521
327 29 678
295 162 948
161 289 448
181 351 911
56 247 442
114 128 157
137 335 393
127 201 122
255 21 392
64 301 391
161 320 928
239 103 345
238 321 619
199 232 897
79 197 242
81 229 728
137 312 28
101 30 398
29 226 350
222 178 168
295 161 601
74 9 427
49 313 726
91 173 538
123 260 343
325 55 608
183 287 71
13 86 504
255 49 442
196 273 308
277 27 996
347 287 604
183 351 673
307 303 547
225 329 905
313 93 727
352 213 575
59 187 592
60 357 852
95 157 658
364 90 438
274 184 119
18 325 661
316 163 852
341 316 625
146 114 374
27 91 87
246 48 69
121 75 267
236 272 217
175 91 299
85 185 59
17 233 853
324 187 470
143 64 465
353 344 926
145 245 757
133 197 465
299 139 723
273 335 337
21 65 222
135 261 213
79 166 316
304 24 244
313 16 847
253 183 77
217 137 181
82 147 250
246 309 88
210 167 383
49 13 758
57 196 300
37 358 825
247 163 849
161 53 310
87 297 836
296 173 515
313 320 257
185 330 544
341 96 83
163 123 959
73 89 268
353 232 789
223 218 621
183 345 222
275 211 782
241 157 538
52 123 883
153 213 743
197 233 754
25 281 626
115 275 770
313 41 142
281 225 878
60 127 811
222 197 994
305 328 785
97 352 24
235 43 70
225 299 352
217 101 618
131 85 865
274 317 361
344 149 546
189 16 306
211 107 575
131 33 147
216 257 737
210 271 217
114 161 12
185 145 465
241 348 465
228 10 268
97 135 302
276 141 814
22 289 113
129 127 175
232 119 212
156 81 649
289 1 551
40 320 132
137 193 235
39 144 753
317 172 133
94 85 459
227 23 785
170 117 285
239 211 689
151 313 234
52 249 403
310 54 771
181 127 683
61 359 461
245 184 401
349 333 818
137 149 179
31 308 788
205 337 821
296 309 847
21 247 778
221 182 314
157 183 136
157 192 608
121 220 190
155 183 518
299 169 601
281 120 780
94 161 579
85 54 834
57 118 641
319 121 406
69 233 351
305 14 911
209 205 198
241 29 483
137 349 540
105 101 85
47 13 446
165 108 451
110 229 446
307 215 93
45 321 764
352 302 890
27 346 677
313 75 569
65 186 388
356 177 192
118 4 258
269 75 337
196 118 643
169 235 491
160 301 962
78 101 48
291 231 158
333 52 638
74 287 516
303 225 188
299 50 980
181 57 493
32 237 842
113 297 980
270 177 979
239 301 326
13 197 983
129 81 222
287 69 464
65 197 602
335 317 884
158 53 588
119 92 406
57 121 925
50 55 663
189 169 420
275 131 185
273 281 439
169 281 547
274 354 549
91 287 252
167 49 452
159 161 128
59 121 173
50 180 628
267 239 570
209 319 73
150 197 315
296 328 638
245 39 125
252 310 980
1 79 913
355 335 784
209 249 169
261 167 506
125 234 48
332 322 171
65 45 832
233 231 433
42 221 365
45 297 386
229 334 302
76 151 841
138 19 194
87 186 241
63 204 231
260 215 17
15 273 427
177 221 277
1 45 836
21 305 290
353 36 666
260 196 452
228 51 473
333 71 412
49 328 673
334 293 896
1 205 977
53 293 676
43 25 667
170 67 167
268 181 545
18 209 403
105 158 483
1 167 888
245 113 430
344 183 958
101 253 131
163 101 188
119 101 250
39 225 966
342 225 794
219 17 848
151 317 179
177 200 866
16 194 783
274 71 557
29 77 799
300 113 471
71 246 484
253 42 183
157 25 905
43 132 680
9 133 838
162 5 476
7 87 36
151 187 16
100 183 372
285 349 94
313 252 14
78 129 120
309 172 315
217 320 366
359 337 283
193 109 885
118 133 846
16 292 700
353 127 303
73 105 364
89 85 976
85 352 37
25 209 817
71 127 126
89 330 122
249 182 266
267 353 240
207 112 197
77 53 893
358 216 991
61 41 966
297 261 264
340 247 117
345 201 574
29 252 878
337 23 278
329 24 644
151 283 847
277 53 829
84 187 127
33 307 958
64 313 405
309 212 388
218 149 531
183 198 124
48 253 891
220 42 626
42 302 808
147 357 106
82 118 159
323 121 222
241 361 674
214 1 987
317 113 755
319 286 673
167 136 742
301 142 115
68 261 586
177 239 893
241 197 854
281 287 718
14 275 214
266 289 973
339 242 920
48 22 7
132 205 656
123 85 390
185 97 420
169 57 315
253 141 115
287 173 446
203 223 213
2 283 278
316 189 541
210 71 212
79 282 820
206 309 615
169 83 424
71 287 771
288 89 835
265 193 524
171 129 735
35 271 26
357 352 617
51 61 227
93 325 407
225 29 864
225 301 923
41 38 699
309 251 286
298 91 955
3 23 635
69 171 107
105 325 925
109 21 969
193 60 243
209 193 993
307 245 163
88 326 486
265 99 229
25 347 740
169 1 864
91 85 387
341 241 23
147 1 333
121 217 744
21 267 6
363 73 677
352 8 966
259 287 684
155 131 820
155 241 912
163 350 514
344 153 428
261 82 964
261 14 704
161 27 412
265 277 94
15 195 345
157 165 58
4 41 954
322 5 374
187 115 650
238 125 123
72 64 566
151 345 857
229 36 10
189 211 317
125 147 69
93 199 364
245 65 615
127 235 605
158 113 465
15 209 709
357 285 60
7 73 588
241 222 283
289 97 790
174 105 697
74 99 574
150 6 12
140 193 416
85 355 781
249 107 264
131 96 651
57 222 773
326 93 686
53 316 227
173 280 915
269 28 946
127 15 975
211 63 818
278 112 115
341 334 392
343 115 607
143 277 680
215 57 259
282 253 771
348 89 56
181 322 510
109 325 386
159 331 55
41 57 633
135 295 231
95 333 691
358 171 295
318 47 776
184 53 219
309 127 442
84 183 985
41 355 616
309 87 764
207 93 243
299 302 399
34 177 567
357 78 397
165 290 662
258 90 831
22 305 251
232 173 260
176 301 766
71 137 123
301 69 519
72 5 156
360 295 577
223 4 410
313 19 860
313 131 449
168 147 2
17 312 464
215 174 976
9 203 469
41 362 250
119 23 567
225 4 800
50 39 572
199 224 276
29 289 299
126 63 755
356 351 510
85 343 281
259 99 165
287 325 502
227 120 281
295 243 805
94 162 444
41 235 1000
214 169 101
197 353 433
105 139 198
217 209 126
325 21 658
99 232 650
125 21 819
299 5 651
298 157 305
82 131 887
67 274 31
331 73 852
127 125 356
121 73 272
209 321 759
333 12 541
249 302 123
309 68 125
141 85 759
25 55 787
300 1 872
93 137 733
271 331 431
71 247 121
233 363 334
333 97 427
115 183 699
355 89 499
63 98 942
105 263 503
144 223 391
201 49 806
129 114 445
152 271 4
229 195 1
341 93 181
251 323 56
13 220 910
95 195 258
267 180 948
134 177 781
143 141 752
297 50 390
8 105 431
180 310 107
295 95 200
358 83 513
239 351 433
12 85 683
248 231 630
345 133 24
108 18 667
215 326 159
309 137 232
55 168 428
139 122 907
219 74 847
261 69 663
131 183 486
157 332 160
66 105 343
107 1 794
349 29 112
250 362 619
91 240 780
351 277 574
55 53 897
113 90 693
167 79 871
219 92 543
155 265 694
15 275 895
351 97 379
41 309 33
1 240 152
141 239 850
113 273 189
281 49 572
321 243 615
131 121 238
251 218 639
97 213 541
316 228 285
200 1 921
309 287 241
30 29 601
306 269 62
301 5 50
330 171 487
251 229 930
223 95 959
300 339 440
113 29 862
69 149 796
123 178 512
159 330 977
177 235 738
233 238 496
313 135 74
178 242 348
61 261 303
23 229 205
189 33 414
87 277 882
34 92 177
335 253 747
72 267 513
221 205 770
265 57 872
343 148 832
331 337 984
246 318 448
210 225 764
21 99 789
210 326 996
65 336 435
72 50 705
21 79 322
57 97 134
1 168 394
352 26 970
240 157 323
169 91 78
261 89 705
42 89 659
151 20 278
149 308 525
47 145 326
148 206 232
27 1 280
313 319 253
260 295 234
249 353 331
239 125 207
105 160 735
182 185 208
183 229 533
5 201 70
326 24 201
273 272 258
353 361 206
306 339 81
1 262 569
313 137 462
222 321 112
206 189 463
195 155 143
101 321 504
288 237 924
198 337 533
169 85 479
169 183 690
198 213 297
333 109 95
209 143 337
90 235 722
43 85 674
93 317 669
211 57 116
1 313 18
211 253 457
323 168 592
352 332 685
279 340 848
121 107 715
208 49 514
257 209 7
73 57 75
125 137 88
197 337 330
161 99 475
175 1 787
256 47 21
165 121 74
134 252 354
261 170 585
169 192 20
198 121 807
261 158 243
231 183 827
153 11 48
118 132 30
57 333 961
70 361 593
207 189 747
273 22 653
221 331 761
308 167 669
333 309 630
285 183 54
100 103 284
276 253 311
121 43 888
271 245 256
27 274 152
352 195 92
9 132 999
257 148 751
253 325 609
92 167 593
312 315 762
37 173 15
53 338 125
222 334 235
316 273 930
29 18 223
89 8 350
323 229 28
129 72 102
53 10 222
213 1 343
83 68 508
108 331 10
71 35 264
83 183 474
57 337 667
339 211 883
79 77 563
287 32 906
141 24 128
233 329 29
359 27 173
349 21 57
57 187 370
358 14 283
346 15 249
315 14 968
209 157 276
253 77 505
229 181 197
144 246 954
118 210 777
326 291 758
3 51 767
248 213 474
234 268 889
291 118 328
308 91 598
337 123 602
170 93 907
127 312 257
319 89 264
341 309 23
346 110 61
86 81 524
194 77 344
141 213 948
27 239 380
146 181 548
351 188 545
11 265 858
201 144 86
111 327 156
125 185 423
49 45 495
78 19 265
214 197 680
83 41 706
88 355 977
57 141 115
286 265 339
309 351 788
233 349 483
221 277 551
96 343 560
347 57 386
349 342 373
302 295 439
241 69 389
13 174 923
363 41 185
125 330 248
261 252 663
312 57 647
97 261 394
33 155 403
203 239 86
185 339 32
48 169 338
90 53 109
183 209 865
308 117 477
314 14 237
85 1 940
224 9 76
170 321 856
314 294 688
341 290 972
145 13 398
340 31 920
1 343 557
345 17 729
117 67 386
2 245 116
85 305 670
14 225 742
337 258 932
273 301 827
333 294 206
151 287 984
208 54 69
41 361 579
343 105 207
79 199 980
19 176 781
101 185 241
196 337 97
261 117 859
89 29 972
246 81 749
152 309 636
144 130 133
167 257 241
193 277 392
281 288 192
49 169 490
85 50 638
351 105 182
1 41 760
125 301 375
156 247 39
57 303 337
173 339 615
160 261 647
67 229 314
196 289 429
9 139 21
313 206 84
25 333 920
261 312 202
322 141 890
267 6 28
288 92 105
337 351 604
185 43 804
116 171 939
257 341 353
255 50 70
40 53 306
57 350 160
77 49 241
21 71 571
171 213 862
27 314 642
237 343 362
56 196 481
57 279 404
37 364 943
309 33 468
157 197 766
235 307 863
141 309 263
198 35 485
274 99 561
1 52 589
193 313 802
343 313 571
288 317 632
237 183 72
222 32 220
177 84 853
36 319 777
264 217 870
167 105 481
313 5 18
33 15 691
341 211 147
196 252 868
89 13 401
257 104 316
225 149 725
107 344 442
301 38 731
141 61 232
75 177 67
331 307 728
216 293 196
185 295 87
271 125 85
286 321 912
57 277 976
197 237 630
63 209 183
284 73 332
83 168 898
57 99 352
161 113 449
69 253 535
17 46 386
156 69 285
173 333 390
295 43 695
213 71 338
86 120 978
157 72 125
147 312 660
123 309 107
253 161 189
151 170 435
335 209 415
39 189 228
313 97 319
57 201 589
165 278 249
39 113 62
149 330 120
41 13 336
23 53 393
321 125 993
318 69 715
131 261 978
213 343 419
121 136 352
13 288 452
90 281 935
272 201 183
239 53 724
117 175 627
354 261 697
321 27 592
111 29 771
30 42 606
50 220 575
12 362 964
243 176 266
257 108 385
133 267 163
289 23 287
95 106 452
260 221 106
177 225 901
170 13 135
155 179 421
115 281 572
162 57 666
75 17 531
105 133 637
225 211 280
330 363 782
253 13 543
312 113 282
175 5 22
167 223 358
301 175 888
231 187 570
107 165 567
136 43 367
81 140 325
89 81 688
139 223 458
213 187 364
206 111 124
218 33 519
153 16 468
57 134 257
45 31 385
307 113 807
50 160 734
203 109 24
262 273 493
175 352 918
145 351 104
13 67 807
245 237 490
217 39 846
232 253 725
246 87 253
37 329 642
173 36 638
288 15 413
29 25 552
168 151 990
313 203 876
285 153 824
297 13 31
261 8 152
57 305 382
183 105 964
288 298 757
181 29 172
67 167 797
145 299 73
130 271 16
289 354 692
2 239 202
108 49 400
53 224 96
281 175 225
141 195 415
253 301 918
351 326 281
253 118 812
347 60 147
14 16 500
81 13 447
71 300 846
304 161 649
36 149 586
97 190 180
144 173 345
111 125 29
329 245 878
54 31 821
183 57 454
205 253 868
1 46 90
54 183 335
125 102 449
113 167 321
185 351 291
148 144 416
198 95 44
303 325 340
356 334 858
13 154 746
363 352 260
123 197 175
316 270 588
57 78 786
117 165 656
291 25 822
185 309 986
8 235 36
84 141 186
22 137 564
28 63 271
291 13 147
247 293 478
6 116 262
341 131 118
97 221 808
19 87 809
229 245 556
314 101 688
61 137 800
131 52 559
159 243 632
85 346 949
71 351 136
105 148 424
264 276 705
257 189 851
245 201 684
136 225 168
70 45 886
296 299 355
322 344 181
197 345 200
214 93 574
101 72 875
261 11 50
117 229 757
191 88 44
25 113 144
270 45 922
27 297 963
137 282 376
118 67 46
209 131 263
181 152 565
189 280 392
15 309 440
225 143 27
253 121 607
264 352 745
77 326 513
49 277 727
282 270 838
3 93 823
309 228 684
312 339 837
281 283 129
129 52 630
169 129 601
45 127 934
89 229 677
108 106 287
363 157 259
83 288 478
213 112 289
335 251 317
345 233 758
30 351 644
40 323 511
244 287 376
145 249 753
255 29 106
333 184 897
167 297 570
219 246 114
64 233 184
249 169 194
61 151 33
80 317 829
207 141 262
233 213 720
76 272 904
166 141 680
265 353 872
189 110 728
265 282 378
289 33 734
173 143 366
147 269 20
319 125 974
140 261 160
209 32 569
206 9 611
74 110 673
19 226 426
337 348 327
244 127 711
282 115 102
206 331 392
79 278 354
149 179 810
361 351 397
137 141 330
184 241 284
353 291 148
221 334 916
1 137 418
111 173 329
159 93 357
171 17 456
57 285 714
309 146 467
325 27 536
358 53 122
357 36 171
220 235 538
193 41 572
117 295 516
64 257 695
31 17 186
311 44 961
340 25 396
125 158 797
10 209 23
13 341 915
1 359 459
352 137 865
9 237 946
319 169 56
12 93 408
185 23 588
13 78 998
272 309 450
73 125 964
33 327 551
323 187 683
211 274 284
239 117 963
229 242 557
166 71 148
261 198 952
269 343 216
157 230 686
264 56 127
293 95 847
135 23 269
65 287 626
37 72 59
131 103 622
87 89 735
147 81 320
141 325 291
87 237 222
75 241 338
283 8 440
141 298 764
351 241 441
154 9 339
140 289 743
47 63 88
281 165 321
189 29 498
57 127 813
219 238 424
351 114 136
97 136 218
188 342 245
274 197 63
37 148 277
6 95 42
359 99 789
157 238 123
345 153 785
310 88 147
281 285 488
313 143 259
241 187 853
237 295 998
327 189 339
53 141 798
255 253 34
262 333 817
50 134 517
267 1 206
316 141 478
120 83 21
10 13 675
281 71 288
309 78 947
254 53 289
19 37 382
159 277 35
1 261 907
156 255 412
4 141 190
1 101 512
17 181 477
305 363 580
351 176 398
299 181 713
115 191 505
299 261 267
99 146 25
359 129 766
282 157 567
186 313 367
91 281 21
293 33 411
115 326 160
237 135 741
295 119 263
283 183 151
65 325 870
6 30 822
242 276 350
337 345 986
355 73 813
331 228 448
1 7 742
5 177 125
107 354 97
209 166 566
221 325 261
87 211 600
339 253 624
261 255 974
1 307 499
76 320 175
300 81 989
359 267 752
325 313 155
103 120 457
38 115 756
145 187 530
88 37 834
52 349 622
181 63 916
153 175 273
66 330 341
103 273 663
85 120 779
58 244 712
253 78 4
26 302 546
21 77 100
37 57 94
15 341 41
8 143 218
163 43 714
106 289 403
344 285 537
49 199 833
249 222 462
35 23 708
288 34 14
311 245 129
15 53 688
332 91 790
225 181 175
309 301 354
301 72 93
362 264 717
171 167 813
91 267 645
217 281 219
319 210 507
196 36 440
118 241 267
111 221 354
260 277 544
180 307 663
29 71 624
265 118 129
295 281 906
339 214 826
217 13 440
71 272 598
71 69 257
345 353 967
319 1 21
1 243 77
223 349 453
232 115 613
218 301 3
11 81 518
113 279 535
53 3 433
263 181 497
253 234 719
85 321 245
107 168 311
358 251 24
33 217 118
83 149 742
230 356 828
87 17 163
146 197 494
183 134 654
87 43 726
92 91 307
311 225 312
41 183 140
218 351 355
134 157 438
293 161 35
315 55 101
362 89 650
325 293 324
105 107 147
294 238 217
20 209 662
69 217 44
135 265 202
217 67 945
249 22 179
63 35 259
35 61 650
169 231 147
271 339 467
249 73 112
169 157 744
61 263 506
170 134 654
237 13 189
22 53 299
288 291 371
4 183 811
129 161 425
47 255 584
329 65 209
71 91 227
77 317 380
62 49 126
53 311 302
309 5 943
252 263 778
297 20 726
247 159 853
293 236 52
357 339 717
48 5 434
249 164 160
337 313 814
115 207 469
281 204 797
225 185 6
63 305 102
170 327 254
228 259 145
68 199 928
41 176 217
252 295 914
65 208 198
346 321 522
246 3 611
269 46 886
337 350 777
73 218 433
13 136 531
253 60 378
330 195 899
263 108 191
344 229 139
225 256 155
118 143 39
27 181 554
226 134 108
197 119 846
362 92 841
1 179 503
21 249 265
27 241 173
188 62 52
46 356 555
253 61 271
203 72 8
217 233 974
237 232 546
167 140 902
120 299 672
246 349 200
99 92 540
61 176 945
79 83 371
189 127 921
77 174 23
73 333 240
327 231 183
32 57 599
329 353 35
237 309 912
225 57 500
36 347 257
52 147 399
197 206 310
57 159 333
57 243 199
8 161 699
305 5 690
172 353 380
301 7 421
107 129 170
235 358 177
107 26 273
117 148 503
327 233 150
277 13 33
130 331 903
229 71 255
39 359 255
51 247 758
11 253 229
313 336 916
239 164 927
170 61 66
103 175 485
257 156 160
92 137 519
193 127 259
239 40 178
299 71 718
101 153 568
295 308 34
230 104 800
257 54 880
237 345 415
315 8 247
149 309 645
43 53 661
59 37 823
233 257 681
120 149 645
301 353 918
275 261 756
180 83 335
239 305 633
293 357 192
1 358 977
247 339 260
226 337 930
82 181 565
199 133 606
274 289 504
53 99 674
53 9 301
49 145 316
118 127 154
164 329 789
133 317 566
323 129 303
58 43 42
343 295 2
357 173 993
282 300 704
89 233 132
88 7 818
121 197 397
4 29 602
119 227 112
160 300 854
43 125 386
36 45 291
283 40 234
228 337 440
41 181 185
17 19 944
289 125 938
179 157 898
351 57 433
53 335 346
189 76 267
345 347 395
161 202 236
250 78 852
205 159 630
184 105 784
119 173 271
317 95 213
119 209 936
162 93 346
269 303 198
77 311 448
188 140 618
46 141 815
133 117 192
33 281 393
51 101 602
60 197 625
306 293 844
323 221 103
237 158 723
101 37 754
68 221 242
206 29 752
263 1 655
344 53 95
153 170 487
279 316 198
339 264 846
161 1 746
141 7 444
51 96 852
67 261 523
269 197 134
217 92 7
27 85 26
261 274 284
65 161 369
290 253 644
33 225 407
231 225 298
302 12 751
239 188 522
36 241 810
198 232 673
229 232 812
113 164 985
69 325 871
237 170 990
119 283 826
287 164 663
93 197 843
297 345 557
265 107 172
212 189 3
333 249 135
35 212 407
255 62 470
296 329 489
340 287 763
353 113 571
185 187 885
13 137 351
207 338 367
303 152 657
363 249 516
163 314 23
149 1 946
131 231 267
67 316 271
77 197 149
136 5 968
1 160 282
183 117 130
205 151 409
121 13 23
208 225 549
313 285 215
209 301 951
101 171 651
207 145 3
281 296 552
169 239 701
99 349 528
193 237 743
245 36 963
243 225 347
4 200 649
247 64 109
177 359 956
126 243 268
335 218 666
203 285 284
262 57 53
249 259 185
265 175 49
40 223 452
141 131 441
101 175 834
35 18 207
151 1 40
349 101 361
33 30 418
337 225 247
203 93 84
309 18 142
21 198 137
33 19 506
297 145 244
183 197 279
179 41 575
253 279 530
113 58 502
234 78 471
266 76 212
281 14 647
41 141 69
185 16 16
313 179 862
56 61 787
225 361 537
324 286 478
127 221 303
158 278 715
351 101 812
337 170 23
119 161 884
357 24 333
287 177 848
187 131 340
49 337 398
259 1 188
131 201 717
185 17 544
298 249 990
120 169 874
113 265 58
32 83 974
248 222 389
94 51 456
168 250 413
361 255 292
125 261 247
1 131 586
302 290 506
305 349 778
200 173 857
1 265 468
183 305 978
257 245 249
109 304 41
97 157 320
145 217 623
53 104 488
84 111 482
53 309 499
297 352 637
313 258 595
157 32 292
39 244 937
15 41 940
361 79 174
77 297 79
113 301 48
63 73 72
105 181 753
24 61 311
357 144 765
303 181 715
253 137 347
145 225 256
257 317 854
95 312 366
296 101 570
206 353 266
222 121 177
227 257 187
327 239 201
299 337 703
135 50 41
353 253 571
218 277 614
292 141 280
77 173 304
169 341 455
209 275 974
36 351 98
350 325 389
341 245 898
301 119 604
93 109 159
267 123 862
317 301 981
73 170 438
300 115 645
78 282 729
41 169 530
59 351 956
309 21 733
189 100 112
347 221 721
261 181 512
229 141 234
13 34 460
278 97 71
111 77 462
277 44 833
117 55 943
127 3 877
255 217 999
85 133 222
92 321 197
147 239 604
4 220 91
186 244 887
51 253 72
235 313 277
85 253 451
13 252 850
326 337 535
93 285 390
182 183 913
274 165 142
296 69 387
57 75 379
196 245 155
281 155 274
119 169 951
27 110 178
112 59 149
327 255 514
196 221 393
273 309 897
57 328 251
57 133 224
73 33 817
225 171 150
213 157 349
17 141 59
87 201 804
329 323 62
75 179 962
313 197 294
328 78 548
183 249 489
121 157 694
263 85 71
49 106 242
219 62 490
202 243 967
85 21 845
273 268 871
21 116 564
225 151 418
263 337 803
197 35 73
292 337 698
69 273 883
231 347 547
157 73 218
353 271 754
161 333 361
77 293 818
169 9 365
344 323 224
175 345 877
240 205 538
337 335 248
261 118 884
255 311 642
87 274 960
201 165 965
177 325 384
38 113 413
249 350 203
151 231 490
84 253 294
93 225 468
27 337 950
125 302 712
268 34 652
85 9 103
287 196 593
63 80 111
347 183 529
81 3 47
353 75 611
265 245 765
309 357 661
321 1 707
37 169 454
289 302 815
105 129 657
186 304 651
323 73 716
325 237 64
125 77 836
145 164 237
270 105 888
207 60 859
311 144 209
17 53 784
254 45 457
126 251 907
2 348 644
321 224 203
53 65 642
125 96 196
73 351 745
330 141 486
89 169 548
337 79 659
234 233 474
105 61 969
169 16 14
353 139 751
356 245 48
359 65 758
282 274 942
25 335 587
265 133 144
197 327 246
361 20 388
37 163 807
202 137 939
13 347 112
16 316 184
59 29 812
113 78 24
315 158 706
357 57 398
133 311 534
113 8 715
357 4 249
254 157 380
262 293 396
281 321 795
333 17 717
155 249 709
13 169 623
199 326 222
325 267 857
155 297 795
360 303 545
77 5 827
187 144 206
115 22 431
233 105 66
209 109 542
325 165 540
8 185 78
45 5 943
284 297 180
338 281 651
24 6 151
197 145 42
361 53 308
128 158 865
169 267 106
333 169 209
36 67 236
77 109 192
7 83 593
313 50 941
149 129 652
97 345 540
140 29 462
119 6 479
313 220 951
225 13 870
149 97 908
182 157 509
47 118 763
25 51 718
85 283 527
81 253 111
223 47 736
16 130 987
75 83 576
301 203 115
57 245 86
141 331 413
193 57 205
139 349 521
345 27 959
269 18 602
273 188 950
42 29 146
191 64 132
8 171 63
302 357 271
135 49 137
115 51 75
161 152 133
330 126 409
2 65 529
93 275 924
81 249 196
37 73 345
197 329 482
157 137 378
113 222 108
22 85 148
79 29 372
9 177 62
309 115 237
45 183 486
125 361 379
139 293 383
335 309 18
53 51 585
123 234 736
122 313 413
251 353 431
253 331 418
99 125 289
57 323 827
38 298 310
211 243 398
319 68 530
281 92 430
105 7 892
106 239 374
119 226 760
321 204 301
160 136 500
41 217 185
105 69 527
269 9 92
251 41 784
12 24 576
272 262 14
259 93 501
298 1 410
352 77 747
277 274 512
137 214 468
267 157 617
88 144 321
46 183 654
310 209 106
267 238 533
117 192 2
17 81 551
106 349 913
99 13 675
13 337 717
8 27 496
157 43 287
1 117 520
213 327 516
175 251 385
327 360 882
5 13 568
269 281 18
317 208 521
271 71 832
274 142 793
225 157 667
294 267 947
243 89 372
143 241 902
221 290 607
229 261 965
136 101 899
137 49 285
27 313 428
225 163 11
13 205 987
353 240 88
221 172 588
34 90 521
209 338 399
345 305 300
205 329 776
253 311 961
101 23 630
193 337 262
322 81 8
319 48 672
180 79 997
157 113 507
361 348 730
89 148 681
231 13 822
265 225 337
71 13 710
225 11 147
41 66 739
21 1 45
96 186 9
165 139 580
340 55 639
285 107 181
71 27 799
204 301 507
113 337 311
187 33 772
217 11 320
37 1 732
309 227 282
68 197 913
293 339 746
224 265 846
141 70 914
55 313 616
289 72 262
120 261 149
201 331 266
281 262 336
338 121 105
332 173 629
267 92 770
1 73 75
117 356 871
231 65 174
121 10 240
211 259 479
305 180 864
298 166 645
330 325 250
31 29 821
40 135 769
148 217 1000
303 318 422
41 85 281
135 285 418
247 113 91
66 279 627
87 83 443
176 9 957
23 190 317
289 305 671
94 183 387
205 183 164
40 237 777
99 183 457
72 29 311
345 177 224
7 57 78
250 170 179
130 262 74
31 323 726
217 357 461
121 40 580
130 146 562
194 95 178
217 141 396
71 14 782
155 217 303
182 169 802
96 65 303
325 305 752
163 265 213
222 187 911
338 183 562
337 333 906
17 286 897
235 297 636
307 157 451
201 183 898
1 150 401
92 19 283
26 19 192
345 243 130
116 269 835
105 227 116
329 309 742
53 84 990
181 51 746
115 228 828
249 314 494
129 260 383
95 130 685
258 341 497
175 121 541
21 218 552
51 66 837
5 206 296
342 270 663
313 159 752
73 17 151
53 225 750
65 49 692
27 135 785
104 219 850
17 21 809
115 124 402
252 346 933
232 125 750
291 349 530
357 345 603
299 161 329
229 145 281
188 61 644
349 73 564
274 209 289
362 155 613
214 153 780
18 228 453
201 17 635
176 223 812
140 170 650
129 77 924
248 69 546
69 93 408
253 267 949
1 345 525
300 237 969
245 193 300
23 225 277
141 49 73
89 153 110
8 335 394
50 249 840
309 304 660
309 197 47
17 101 888
233 206 238
363 155 437
200 112 3
30 67 598
92 157 86
57 155 841
43 1 282
306 344 246
333 253 795
17 48 420
271 183 436
28 184 110
96 299 244
213 40 900
116 179 665
185 246 932
24 267 670
124 313 676
267 307 997
357 225 514
118 92 520
71 149 350
351 345 273
274 128 880
78 183 576
144 338 504
13 51 469
185 360 437
183 133 114
287 121 342
37 351 392
260 53 17
259 309 383
187 230 365
151 147 268
119 304 225
340 113 195
136 79 745
69 8 273
175 83 995
136 249 896
357 198 528
155 215 514
45 337 744
143 155 500
333 63 357
178 57 514
2 143 61
79 90 275
322 261 839
144 116 718
335 69 305
229 3 553
273 220 234
21 121 58
43 182 41
33 14 58
85 188 615
147 205 103
165 9 714
277 253 515
61 281 149
53 214 829
343 125 455
285 321 833
185 326 667
108 322 541
170 133 450
363 253 654
21 159 171
105 326 978
333 67 754
16 103 515
191 299 439
248 312 123
305 362 967
83 33 447
257 71 376
105 217 769
253 50 684
318 208 258
213 197 282
272 317 348
325 274 114
63 173 300
85 108 676
67 201 78
105 157 776
115 175 993
244 85 847
289 211 939
68 13 690
218 362 895
173 345 777
281 57 525
43 246 955
225 245 586
253 261 603
20 261 288
9 300 122
251 1 165
14 204 261
280 59 226
127 270 283
288 238 623
317 178 484
163 92 520
273 97 260
121 141 889
107 227 794
193 113 174
105 341 819
254 308 819
105 109 659
305 261 181
139 282 305
41 214 916
345 245 457
313 183 239
245 165 609
43 239 57
309 325 421
83 321 562
235 243 865
171 105 14
261 183 202
49 225 802
41 104 799
141 273 44
215 165 215
194 308 633
179 209 120
10 109 339
247 161 436
59 268 5
29 177 872
71 223 600
40 152 776
121 313 616
204 349 135
333 311 537
75 131 727
159 148 630
16 200 13
43 10 564
78 106 401
153 79 169
17 20 276
41 71 464
176 105 638
212 24 608
31 226 596
57 35 331
233 29 342
345 37 211
192 277 765
227 15 534
197 219 680
16 182 139
90 112 800
157 341 16
337 97 328
265 321 355
245 274 357
40 334 692
24 275 397
93 26 456
341 145 342
29 287 231
213 211 208
147 223 980
349 271 137
220 96 10
117 113 573
5 273 195
357 183 345
153 225 504
313 109 722
307 278 921
53 185 451
189 129 914
279 55 562
257 97 404
286 138 325
11 28 305
179 27 392
352 281 784
261 313 951
93 165 27
360 209 750
181 281 172
344 213 304
141 33 716
157 56 545
176 207 889
249 41 774
149 265 645
358 52 128
153 83 879
261 85 46
49 64 709
99 50 456
101 157 837
312 337 842
309 81 830
349 85 9
16 9 81
202 53 427
126 71 57
317 121 619
6 310 699
53 131 291
245 302 140
197 51 855
297 148 6
113 238 914
7 136 873
81 205 138
182 69 833
125 120 14
222 149 970
128 211 231
109 121 691
358 57 186
121 153 767
108 208 253
131 4 329
274 37 345
209 29 527
252 296 895
158 142 730
29 179 869
172 167 630
65 77 976
85 31 69
232 5 856
99 247 429
347 9 998
78 325 657
1 123 399
285 25 49
45 229 867
207 15 424
309 268 283
203 189 925
23 8 420
285 102 946
101 19 12
44 129 337
118 75 928
161 29 569
183 353 576
25 141 745
113 189 225
349 245 644
244 107 855
215 253 195
176 347 618
141 174 421
134 99 76
353 59 573
289 336 243
116 226 620
181 257 226
153 73 1000
257 268 4
5 203 212
351 165 817
339 13 141
253 364 780
274 239 450
299 196 936
45 261 710
11 131 25
225 224 673
321 200 949
314 61 955
63 253 445
209 141 915
298 159 801
249 85 402
129 34 888
217 275 855
261 208 291
339 140 642
237 115 113
145 127 134
267 281 248
11 38 435
354 183 591
326 141 572
109 66 3
66 60 923
345 93 1000
140 105 317
197 69 62
195 338 228
345 60 561
297 299 460
192 348 395
229 33 209
170 197 877
205 281 141
169 289 242
249 319 676
25 230 431
354 169 677
285 309 842
33 113 824
145 287 398
180 273 758
349 186 992
113 231 184
309 295 929
298 281 215
173 219 843
229 64 856
126 51 558
47 85 422
222 109 837
4 248 326
280 262 899
337 265 840
123 191 194
141 92 625
231 173 274
19 160 744
43 359 856
57 171 131
140 313 446
150 192 663
92 203 289
101 3 782
192 212 95
197 285 568
181 284 51
322 157 991
279 197 207
311 146 327
166 77 543
106 57 34
177 190 29
127 135 477
193 295 829
342 345 202
260 348 741
93 85 826
326 109 949
225 73 490
222 15 506
335 198 924
269 199 622
262 183 115
26 53 54
86 85 945
317 189 748
73 246 632
100 211 456
293 249 982
1 105 618
53 61 932
85 213 241
211 105 327
296 188 231
30 85 915
205 273 517
352 247 725
269 167 632
353 105 105
24 209 253
328 241 167
349 317 668
31 247 991
203 350 367
83 92 231
194 5 87
173 241 381
252 342 796
82 92 521
31 131 356
225 37 551
143 81 182
71 297 213
257 305 135
29 201 455
9 91 349
285 85 258
289 14 794
35 79 803
329 307 216
245 83 269
85 155 886
67 141 260
197 66 307
267 269 615
66 112 985
345 101 570
356 155 511
106 309 764
69 132 781
337 9 873
139 337 252
105 27 398
361 49 863
182 302 6
64 34 725
203 225 335
233 118 72
317 190 54
197 252 348
294 291 793
105 357 843
19 253 953
337 94 93
88 78 16
201 225 440
326 51 404
66 79 857
131 34 809
134 343 494
244 159 905
305 131 508
346 313 995
193 239 734
52 94 151
1 234 790
328 36 345
198 249 344
99 211 612
15 217 724
249 300 991
130 113 829
271 233 557
113 253 669
129 233 879
209 295 804
137 185 300
225 1 695
113 190 260
356 235 620
53 231 960
195 225 430
267 331 787
243 349 218
113 162 517
225 169 28
233 241 220
117 102 133
17 309 428
39 162 432
19 247 285
153 223 41
183 113 610
248 32 563
352 221 712
345 117 763
104 180 46
335 107 613
99 293 991
37 77 134
209 313 817
145 206 85
235 241 870
1 232 636
196 197 826
225 213 749
45 290 122
71 97 200
213 89 997
135 249 153
33 105 632
129 61 101
236 275 244
289 37 858
266 267 306
116 285 325
145 195 970
217 27 56
327 337 866
286 6 340
272 217 398
344 27 711
53 321 27
323 7 658
351 147 495
25 253 898
34 190 123
127 39 107
290 255 793
233 113 483
54 150 686
9 50 212
321 56 864
205 237 805
197 270 19
77 303 593
41 120 753
338 2 519
229 197 299
149 105 790
137 246 129
36 287 252
68 173 235
244 253 413
69 239 456
141 315 230
173 302 811
147 200 34
120 344 945
360 40 527
291 113 150
321 15 717
48 125 591
189 5 111
77 227 33
14 240 601
35 325 46
195 147 309
112 92 91
309 314 432
47 281 646
74 353 888
19 339 216
293 162 466
329 14 340
89 99 374
357 300 214
239 249 625
323 153 820
341 198 786
97 139 236
13 355 345
145 57 634
178 295 431
297 192 9
161 259 988
23 99 553
106 13 923
151 319 415
22 45 249
149 113 982
71 80 75
257 81 427
44 196 454
253 317 691
22 285 830
85 317 958
22 96 156
239 157 653
325 328 873
339 91 633
53 354 935
352 229 266
269 113 96
260 319 25
233 107 814
125 257 736
135 71 566
314 1 388
55 337 185
337 105 914
301 261 139
1 33 415
127 292 667
85 267 356
119 59 407
229 209 51
281 183 788
207 361 900
185 248 97
253 218 891
73 29 905
249 163 525
314 67 612
107 358 207
47 355 271
14 109 788
153 341 848
15 21 113
229 29 640
29 337 614
352 109 948
130 119 924
178 187 343
283 70 720
240 204 159
74 215 212
222 267 207
301 27 452
85 277 434
33 120 628
254 261 259
265 355 327
107 278 950
3 174 976
211 69 589
189 183 45
119 116 179
141 211 611
201 40 306
34 71 266
59 285 692
303 349 667
361 169 969
274 151 927
5 131 333
341 62 156
309 315 418
129 101 379
9 163 926
211 45 465
59 245 404
351 94 132
146 337 174
81 301 293
190 330 915
333 178 479
251 70 905
197 148 535
251 134 628
285 75 792
165 321 314
68 356 179
147 247 363
9 271 759
169 213 369
288 205 713
215 54 976
35 216 357
320 189 28
20 13 98
101 179 567
119 94 827
243 183 431
260 291 827
203 246 437
43 333 445
83 1 714
284 176 96
302 194 679
141 313 367
259 281 606
355 272 638
265 138 826
49 115 317
321 337 474
353 338 227
341 274 442
155 134 424
230 151 950
326 352 405
117 273 88
259 183 967
93 45 822
198 241 441
90 225 547
167 361 316
271 289 329
299 255 77
295 122 723
241 161 855
101 181 515
269 166 78
202 349 127
163 77 165
90 105 817
53 337 111
295 173 338
196 23 245
285 15 511
167 231 6
266 253 367
261 219 59
66 325 212
197 80 910
304 89 317
92 357 184
137 45 48
201 15 370
243 271 244
189 13 840
111 154 685
207 181 891
289 344 632
202 225 96
85 273 856
145 276 971
129 225 388
29 224 510
44 267 544
1 11 178
349 297 758
176 289 8
199 1 485
261 96 271
208 248 73
213 163 269
211 155 133
77 265 917
261 173 731
25 118 396
78 111 764
305 97 22
276 287 327
49 76 172
281 322 849
209 85 217
55 197 322
204 7 655
165 288 381
87 117 520
22 49 175
35 109 418
153 197 287
197 176 717
216 209 336
137 112 201
29 97 595
43 65 483
14 246 998
244 295 259
318 198 511
302 127 778
148 15 39
267 111 192
257 225 60
205 309 554
40 1 23
219 121 533
27 309 447
249 329 297
177 23 709
73 107 875
53 129 791
239 45 435
276 63 936
87 44 826
92 261 402
68 220 152
211 172 313
92 246 559
110 15 238
15 77 633
175 305 620
23 267 257
93 8 711
51 26 265
341 107 306
37 43 213
113 110 498
179 191 845
99 85 19
97 22 888
93 86 505
95 131 297
9 155 554
161 332 688
265 165 647
137 267 961
197 42 127
21 43 759
321 133 604
225 173 960
15 241 393
1 148 566
158 121 194
29 321 691
225 55 100
115 57 549
353 270 539
153 269 963
125 351 796
7 207 631
297 39 664
29 47 819
153 63 492
123 215 860
342 181 696
248 134 573
29 139 679
137 285 968
118 229 308
226 340 84
49 196 624
53 351 127
9 321 584
77 279 813
55 295 326
243 3 684
221 1 932
261 237 682
324 240 67
165 180 154
267 362 232
177 55 273
175 88 937
253 212 258
288 221 854
354 83 395
272 286 258
113 169 275
264 181 708
51 237 554
325 222 307
87 226 511
117 99 987
317 248 347
197 281 239
281 305 138
37 305 759
262 85 333
345 253 627
69 255 208
194 37 48
273 355 381
53 187 516
275 151 113
190 81 588
336 85 57
42 313 406
41 352 273
126 1 883
18 234 62
247 239 53
185 178 332
106 337 743
266 334 256
37 355 525
7 217 645
127 48 935
61 235 307
269 289 381
41 299 345
85 34 139
40 131 486
8 344 414
237 355 747
260 307 817
193 205 642
285 351 838
105 79 407
329 319 201
59 157 896
47 225 348
137 72 581
43 77 20
105 253 75
252 99 933
200 293 389
170 245 136
169 357 419
338 29 876
88 281 456
344 57 750
118 337 603
185 31 830
43 33 311
41 109 325
217 325 588
181 331 374
331 25 331
17 157 882
309 211 343
271 337 970
302 85 503
262 163 842
139 98 976
134 101 715
282 100 792
272 344 41
233 229 283
73 200 799
55 297 391
287 198 103
317 232 268
218 70 74
315 345 644
121 83 810
211 337 659
295 183 639
101 231 906
351 266 631
213 5 944
33 57 853
197 63 139
309 183 63
293 213 965
289 209 673
1 207 519
285 77 951
53 253 602
265 333 731
71 152 823
85 56 421
191 239 576
149 228 57
349 113 904
63 347 611
136 245 898
79 205 841
195 169 5
209 223 833
165 260 6
77 341 162
180 317 218
111 155 329
43 106 110
274 9 69
121 195 856
283 358 286
259 349 785
1 138 934
36 185 18
53 299 255
205 285 333
137 46 481
183 361 136
345 141 634
48 249 961
264 197 386
10 70 787
113 294 374
237 248 290
357 49 875
248 261 536
53 36 558
252 144 234
205 233 205
57 331 105
65 313 19
11 216 781
99 225 453
182 237 652
357 278 644
1 156 706
49 345 498
94 235 425
163 324 520
325 180 743
349 196 626
124 225 586
141 204 594
149 189 259
9 11 648
14 40 487
3 146 972
143 211 944
98 55 938
273 331 165
339 277 556
332 14 563
277 309 308
195 315 355
137 170 128
134 3 298
297 205 115
343 89 789
43 63 581
28 197 703
99 188 511
319 61 72
221 282 420
47 261 811
111 94 244
362 249 906
179 201 207
1 22 430
70 89 910
315 208 952
44 112 104
200 197 140
197 14 71
215 1 107
289 177 163
329 201 44
79 14 139
337 31 482
29 109 528
309 293 790
357 125 431
191 201 851
21 354 202
239 319 898
221 274 306
79 145 866
349 358 530
269 44 930
289 265 792
140 13 810
57 130 61
333 232 523
323 13 599
169 200 177
344 263 950
7 249 830
201 269 937
61 64 845
83 339 538
14 181 384
198 301 32
53 318 147
205 34 285
125 106 933
133 341 761
245 85 599
195 65 704
32 45 261
267 13 301
309 96 578
33 62 450
61 85 543
163 103 200
345 277 726
78 131 230
203 57 249
29 118 781
339 325 372
93 179 675
291 26 143
264 305 279
333 347 732
207 85 848
191 244 392
341 319 628
218 118 196
237 291 527
317 344 335
173 325 288
41 39 453
117 243 933
129 66 930
297 56 29
246 281 765
203 183 52
277 9 408
109 141 84
77 237 149
81 101 208
71 302 184
353 50 557
316 137 754
283 287 44
93 115 528
85 78 517
266 354 228
233 125 574
37 61 57
67 115 662
324 136 330
319 57 443
221 95 554
95 260 979
329 90 595
88 257 75
167 197 164
211 89 286
337 175 314
221 113 849
99 98 483
208 241 83
337 206 622
131 206 970
23 213 585
277 95 599
171 326 967
305 78 173
133 356 510
57 173 458
273 67 748
130 85 947
254 319 245
225 285 860
23 269 399
269 239 401
316 120 728
260 358 682
29 151 700
25 57 454
253 233 916
128 149 414
190 83 603
53 109 492
5 9 435
325 49 328
285 67 343
65 169 154
228 129 849
50 201 794
75 89 120
323 96 396
29 167 83
179 85 139
142 157 148
343 211 506
89 9 24
68 53 968
356 361 318
54 309 199
353 283 839
250 189 335
69 179 295
5 211 477
149 160 33
275 334 697
53 217 304
7 96 391
53 218 782
49 254 30
252 53 393
153 320 369
92 348 580
99 79 28
107 336 463
52 107 264
120 224 713
145 306 790
1 36 828
106 120 780
359 248 613
45 309 902
97 61 612
37 179 429
140 124 602
129 201 307
215 309 735
327 117 682
169 293 77
282 173 895
173 109 791
183 17 460
177 249 651
71 245 195
20 156 596
190 171 631
113 121 291
109 283 84
337 190 670
77 324 665
301 108 985
195 101 924
331 77 464
183 1 99
43 353 956
25 131 29
84 315 583
127 24 980
145 230 973
159 260 865
5 105 809
53 89 929
233 285 779
113 21 892
357 258 191
313 33 990
333 217 164
59 293 465
43 297 992
320 339 919
86 41 730
15 331 672
39 141 767
49 356 69
267 107 857
63 325 553
261 361 361
148 310 527
343 207 921
10 349 570
132 134 102
349 353 656
101 44 289
341 22 761
225 261 975
194 76 706
225 364 109
18 306 474
173 184 47
234 41 644
53 363 455
168 219 79
183 217 950
106 83 858
346 141 825
253 144 580
269 141 667
127 297 902
89 161 549
341 136 525
217 285 436
162 269 919
212 113 127
39 241 120
145 271 29
295 273 920
4 165 27
93 10 951
227 313 208
141 215 562
11 301 980
277 325 233
283 63 613
245 253 578
153 253 301
235 281 968
209 37 894
166 162 533
92 127 261
211 70 950
341 276 344
135 225 39
166 211 56
358 31 993
14 237 822
265 319 106
35 229 387
37 237 309
1 19 255
309 86 770
263 292 192
171 311 430
3 12 488
97 109 666
244 331 566
36 41 590
147 215 771
329 177 689
27 39 385
73 185 966
144 43 660
65 337 415
57 85 680
175 85 684
85 281 620
113 293 427
89 35 285
53 79 2
14 85 98
27 237 204
263 289 789
259 179 574
261 187 367
301 265 732
316 274 329
30 23 198
69 225 900
194 277 492
337 181 255
261 222 955
6 10 575
189 177 981
181 233 185
176 350 153
17 252 477
239 297 425
85 357 502
289 43 968
313 256 589
159 339 830
263 233 812
304 337 204
209 83 148
156 2 46
336 150 391
239 29 65
71 265 948
151 342 979
294 132 161
263 180 353
309 73 368
38 208 625
171 92 225
141 43 997
339 288 419
320 1 69
209 329 483
57 339 316
188 128 569
225 190 116
336 291 377
1 5 927
82 319 656
353 305 702
73 229 276
225 84 700
27 29 637
191 109 742
209 207 548
135 351 669
78 273 488
105 218 583
25 48 847
245 221 304
352 232 8
222 53 697
45 162 639
273 321 50
35 24 828
244 197 792
232 254 506
333 119 543
205 225 392
182 263 982
243 40 260
111 21 400
290 127 205
17 121 179
317 273 384
331 101 1
304 165 118
280 15 362
237 140 858
38 299 163
63 112 931
236 353 880
105 242 870
166 217 107
309 225 110
349 364 444
227 109 471
46 127 639
297 131 878
229 225 965
163 223 682
29 90 933
277 133 482
185 235 890
317 79 105
229 320 842
331 309 896
87 77 205
163 173 553
5 88 122
19 278 763
305 23 744
57 120 739
93 122 494
115 173 841
139 113 971
246 361 553
23 323 938
21 359 742
237 149 891
216 347 956
69 308 133
63 94 241
346 323 246
89 46 29
50 303 442
5 325 942
183 20 641
29 245 195
37 49 356
243 287 577
344 291 777
15 259 167
128 120 794
90 349 719
105 94 430
190 197 627
133 153 178
162 225 196
206 109 339
199 41 189
1 185 675
313 237 982
191 134 660
28 198 665
261 224 523
236 183 845
225 197 135
303 358 169
51 125 843
141 21 542
130 209 650
153 244 89
141 271 838
30 357 831
313 173 310
79 339 468
224 190 804
145 29 87
295 291 721
104 325 800
218 19 829
139 281 806
323 101 599
146 160 808
181 323 617
153 13 773
100 29 401
162 81 201
128 227 323
342 148 177
59 110 95
295 221 962
197 330 815
222 148 455
231 61 760
268 56 197
280 289 262
81 223 144
273 358 145
264 152 64
103 114 462
302 184 528
106 143 863
335 197 829
39 89 811
144 285 355
253 96 366
89 21 561
11 177 322
129 290 404
104 161 356
153 68 524
152 209 598
331 146 195
61 341 796
103 193 769
351 171 165
237 143 606
305 153 170
92 89 976
172 137 77
53 8 696
216 289 156
1 118 71
291 137 189
267 319 495
239 124 356
179 55 648
83 105 17
176 93 70
124 319 252
313 66 731
225 302 575
309 177 613
127 66 38
218 191 904
21 330 115
275 215 871
99 246 486
9 71 338
273 185 158
129 57 659
363 256 499
5 349 758
97 53 735
63 355 779
19 182 510
120 249 866
65 275 233
279 221 86
319 245 386
37 149 259
190 269 768
255 323 13
86 105 987
157 317 374
321 86 474
139 254 321
287 248 41
43 328 490
155 261 624
206 108 361
128 65 491
197 47 316
5 293 992
334 185 618
185 217 963
287 133 199
17 288 346
263 223 844
291 11 525
294 361 484
145 71 506
335 319 525
1 2 383
1 325 53
353 64 842
159 316 1
201 3 666
171 183 576
99 69 645
164 327 986
193 66 975
148 53 514
169 42 257
343 221 797
185 305 831
232 57 386
83 287 377
53 342 59
313 21 690
61 30 351
48 77 453
300 51 162
339 174 678
61 33 621
28 81 552
36 281 270
332 121 708
357 71 756
319 277 629
141 302 146
267 81 120
309 155 342
209 110 587
149 155 580
33 238 523
305 295 112
255 287 54
88 263 707
107 231 971
107 5 29
12 183 260
21 26 985
85 353 150
270 133 361
58 299 936
299 12 124
327 209 717
61 353 277
61 350 638
241 205 739
85 29 458
137 341 12
29 162 403
239 22 25
44 353 410
291 27 107
337 87 130
351 151 202
261 234 623
189 157 773
127 43 622
308 277 54
19 25 687
89 235 910
177 66 659
148 287 308
121 227 714
65 141 798
321 252 37
51 179 153
337 176 912
205 129 13
183 137 964
78 175 671
15 357 401
245 283 573
292 325 728
213 300 472
339 30 452
195 109 873
209 232 29
289 30 300
157 108 781
213 219 415
105 145 904
320 207 906
309 129 65
332 223 888
339 323 628
261 339 952
211 359 340
319 142 602
79 219 514
64 68 252
240 137 424
249 232 842
35 140 6
1 281 100
359 41 36
156 259 129
293 49 985
22 105 998
93 105 758
364 135 971
57 180 677
149 354 535
232 263 501
105 193 85
275 218 87
237 5 730
121 352 625
274 323 656
169 27 350
308 309 586
314 269 378
277 197 655
159 190 919
343 359 169
205 291 803
125 297 735
274 147 981
252 66 967
344 1 774
263 82 755
186 293 24
112 11 830
35 112 312
338 169 449
39 232 948
55 209 254
15 117 846
229 291 279
81 195 628
99 127 309
287 346 560
184 55 4
153 19 349
35 145 977
108 247 504
162 1 983
313 363 999
157 326 190
106 295 606
77 346 766
287 293 436
19 77 346
274 332 247
1 241 985
94 214 942
213 193 584
281 241 563
27 69 79
131 49 156
5 44 599
328 69 118
134 162 897
327 153 405
215 22 285
36 157 112
257 231 698
143 361 831
235 21 972
46 62 783
248 40 578
85 114 224
113 101 559
225 183 147
313 341 866
70 77 963
265 50 301
197 38 745
27 349 512
172 118 981
106 21 552
331 157 548
173 235 998
147 326 151
229 111 238
101 209 671
205 137 812
279 227 996
107 29 326
336 165 69
273 157 1
221 103 149
209 178 105
141 212 848
309 330 851
289 20 438
198 197 519
117 109 366
241 230 213
130 124 38
253 346 365
177 113 770
203 120 512
57 341 563
120 361 627
97 127 134
229 260 971
217 193 530
273 237 718
239 345 841
184 27 73
316 45 81
42 275 922
93 37 382
145 175 803
247 267 390
101 200 823
168 108 209
345 271 702
18 214 639
103 125 979
202 259 823
220 217 243
133 27 989
287 109 650
285 275 722
358 275 595
161 344 437
279 99 840
265 43 397
280 303 273
75 203 979
146 20 448
55 112 9
166 18 725
258 225 968
229 130 799
113 61 914
272 110 387
128 29 95
7 229 346
240 237 690
149 239 222
85 115 878
207 92 812
52 165 823
81 92 289
204 157 80
9 222 572
260 101 706
238 87 375
274 79 956
333 106 531
231 319 109
69 145 202
305 309 735
133 8 304
193 310 777
343 273 265
345 57 247
253 272 965
63 176 310
22 232 813
83 157 96
137 113 144
85 278 982
209 93 16
191 271 291
228 213 766
317 65 661
207 261 840
222 210 734
238 235 208
31 285 470
17 357 673
11 201 483
166 30 139
309 261 367
357 228 220
27 145 181
256 357 858
37 8 286
98 45 709
263 79 567
194 222 376
89 101 994
1 152 931
183 173 480
361 175 45
247 165 334
53 295 152
57 71 245
55 108 14
141 145 991
195 349 427
127 21 864
221 14 280
129 29 456
229 255 339
42 270 915
353 287 627
213 10 332
65 263 709
1 177 553
101 127 235
305 161 641
5 315 295
99 119 538
255 191 229
1 116 290
64 99 16
53 18 680
123 125 965
209 163 353
269 261 737
55 323 621
57 321 315
69 246 324
170 95 138
351 31 345
113 341 754
159 112 992
111 171 703
42 27 337
133 196 515
183 93 107
197 144 361
337 169 788
173 238 591
355 281 476
88 13 806
186 196 757
339 97 884
209 323 665
237 127 33
333 195 690
121 65 262
29 121 945
51 84 114
88 241 215
225 77 812
159 303 649
203 169 753
293 343 600
16 116 79
232 297 595
59 313 649
333 19 800
337 21 556
358 309 727
344 357 189
272 283 484
201 299 223
203 177 635
131 22 522
332 169 963
351 209 401
92 1 107
320 353 521
233 121 404
151 119 718
121 235 370
105 58 686
12 36 262
212 55 450
97 302 179
222 5 505
237 340 315
333 151 32
293 146 405
157 136 311
346 19 219
146 287 25
265 186 285
219 309 164
23 29 992
20 325 294
121 152 980
40 155 790
21 183 314
168 186 712
300 211 613
321 37 107
329 302 82
164 203 145
239 260 426
345 75 370
82 351 93
159 1 14
78 303 221
2 23 468
290 352 280
297 305 209
185 257 746
192 351 402
149 223 409
73 352 639
53 122 173
141 347 475
85 157 627
229 189 195
218 155 325
57 43 225
258 255 787
185 149 411
195 199 816
203 274 638
117 347 939
157 64 611
17 109 757
347 319 663
301 334 908
49 197 803
321 109 173
133 45 568
187 35 355
141 341 123
37 177 808
130 280 162
221 165 227
286 295 99
223 285 459
75 105 418
176 288 14
274 125 517
257 343 494
121 15 535
85 197 706
82 43 176
92 105 729
157 116 949
142 244 859
178 239 303
313 189 289
270 1 350
289 231 683
182 131 920
225 237 646
68 248 220
292 295 555
92 253 937
57 163 457
41 333 927
125 241 856
173 243 256
321 135 378
215 285 908
99 174 549
22 31 665
155 113 509
254 304 970
50 89 398
12 14 808
301 325 614
217 273 245
129 239 237
190 335 1
93 194 786
253 226 821
247 87 194
344 267 189
225 6 709
135 352 589
181 33 273
241 175 820
81 35 165
190 56 337
84 285 208
131 105 907
265 345 957
125 191 612
246 298 988
208 190 83
175 113 891
85 13 396
245 353 965
255 237 901
105 305 982
206 273 116
247 305 944
233 344 185
309 289 534
74 152 25
161 269 170
281 312 701
2 93 259
305 53 479
364 42 611
79 110 927
97 168 73
257 312 153
307 313 445
71 70 214
134 71 757
120 153 715
57 302 164
183 81 112
2 317 100
246 155 993
49 215 189
81 364 135
203 65 712
193 315 171
275 57 413
34 275 770
94 273 152
254 317 41
205 265 571
53 327 979
183 85 519
316 293 840
33 65 849
253 23 5
119 287 173
20 30 710
20 130 638
291 201 743
43 301 749
339 109 304
327 325 827
183 79 467
51 99 90
169 265 580
145 247 561
13 190 193
88 137 299
36 221 300
17 209 857
269 263 452
245 175 523
263 352 280
109 43 988
215 72 771
192 337 658
92 185 911
1 157 38
77 165 621
271 13 616
278 32 989
259 40 542
65 189 133
71 239 304
325 61 382
261 260 606
265 293 349
353 177 995
241 350 567
37 119 428
134 113 305
236 143 219
159 120 564
13 344 609
36 265 700
291 242 851
301 226 308
232 219 175
187 31 473
171 211 540
235 225 976
325 363 708
362 323 22
267 302 144
341 99 318
2 139 496
322 29 390
279 71 321
157 302 502
93 151 104
133 165 169
16 105 936
83 353 524
154 259 279
109 161 414
263 338 435
137 63 702
222 71 587
229 277 353
355 277 851
163 189 293
329 115 698
53 345 164
55 357 588
29 261 756
116 184 714
157 177 611
40 313 652
75 253 697
56 15 455
113 123 808
29 53 468
95 77 31
79 61 107
209 61 907
101 130 954
297 204 384
223 75 137
113 261 973
364 111 8
162 357 271
301 207 881
196 210 852
355 173 50
287 225 85
165 5 712
120 15 281
361 57 790
93 131 415
173 43 195
78 355 54
61 289 872
291 220 743
273 315 136
107 298 505
320 26 554
25 58 35
8 50 926
104 183 89
204 29 72
119 1 266
151 328 95
329 155 359
253 274 852
43 314 407
185 156 471
188 225 99
27 209 227
173 249 908
65 149 865
77 254 907
13 278 810
172 91 201
161 345 671
358 145 13
53 69 176
181 5 268
218 40 304
244 25 596
19 173 28
247 307 792
240 183 866
157 194 399
156 99 473
214 115 926
258 278 963
317 173 917
268 125 596
129 197 212
29 11 65
9 108 933
1 171 967
187 193 689
121 178 324
50 302 693
111 261 241
21 145 706
17 117 251
139 79 497
87 172 516
234 202 478
326 211 165
73 253 985
30 73 595
57 248 929
8 135 808
279 68 903
25 301 814
117 29 826
281 191 47
85 17 629
81 113 590
237 274 763
66 261 64
162 309 239
315 337 347
176 83 8
115 238 928
106 20 397
313 57 976
232 211 754
315 205 978
283 320 845
89 181 479
170 206 797
5 69 901
45 313 782
321 112 968
335 272 182
173 323 930
309 8 906
105 339 657
89 262 840
337 100 55
341 253 406
309 321 17
132 122 752
23 130 655
93 356 678
190 118 743
29 282 667
268 105 467
232 86 56
219 180 697
14 255 910
17 14 288
222 52 333
255 205 471
254 177 312
181 247 316
157 353 348
201 335 735
1 239 783
252 339 545
235 63 436
255 142 29
53 179 575
249 11 115
92 241 6
240 117 145
331 51 748
63 234 19
14 35 38
211 321 766
131 127 894
285 247 81
13 300 776
274 57 507
331 40 621
31 111 608
209 113 401
113 287 26
12 185 855
24 337 620
193 185 960
288 340 354
19 235 475
246 323 67
297 329 345
67 152 101
203 309 317
281 331 940
150 319 578
313 262 697
309 207 81
263 351 679
348 41 221
305 222 318
110 239 166
184 45 790
333 147 150
173 334 665
239 49 973
102 17 64
242 156 509
231 157 240
212 98 697
197 155 325
200 326 107
141 10 280
5 116 144
13 255 96
179 297 40
315 66 5
270 174 612
125 216 92
295 201 829
41 163 344
62 210 354
185 108 959
78 127 844
69 133 777
231 273 658
153 57 144
287 209 303
51 260 467
125 169 82
65 94 322
358 209 622
33 151 331
211 85 871
272 75 277
12 74 405
192 217 204
17 41 82
357 237 639
293 1 844
141 202 759
295 179 461
287 279 396
53 289 818
215 201 331
269 252 584
19 161 575
55 233 472
322 337 305
359 8 315
218 169 2
259 307 558
228 27 233
118 78 101
211 164 556
27 81 309
33 193 317
219 339 126
153 222 805
53 85 143
235 213 431
205 223 878
237 328 447
71 93 968
126 101 332
262 234 143
219 251 460
263 121 370
79 157 218
25 185 956
253 176 351
201 197 472
287 267 283
281 268 557
323 265 436
181 345 732
227 261 437
201 121 861
330 96 535
326 145 478
274 124 832
249 197 497
273 109 1000
287 328 448
107 261 368
281 245 924
1 71 481
211 33 122
356 107 822
98 13 668
223 125 330
42 164 126
293 305 755
89 341 219
193 1 60
107 144 492
111 264 868
12 337 595
248 61 755
306 140 49
165 292 944
189 93 132
157 147 839
24 155 729
97 223 53
147 229 509
150 265 119
65 55 81
241 81 155
335 36 553
125 358 498
109 288 745
203 362 771
1 256 849
290 311 266
157 196 206
137 73 878
109 353 688
43 64 386
248 273 572
362 306 675
1 279 389
73 265 658
57 229 687
137 169 390
50 207 507
247 227 198
195 277 338
18 155 765
92 191 994
239 77 108
261 98 851
227 217 401
254 287 804
15 135 771
5 171 859
175 163 592
135 307 1000
323 317 648
59 341 501
125 1 825
124 283 891
219 281 14
313 247 867
43 221 592
343 175 215
22 281 513
256 74 945
78 10 671
327 59 917
261 157 957
275 55 855
243 317 539
173 283 547
5 329 260
318 133 665
14 141 63
300 133 805
353 153 927
110 251 550
343 142 134
71 218 265
44 169 998
221 115 595
257 139 390
124 122 821
293 74 848
337 183 9
352 94 704
129 277 868
283 295 759
329 265 35
25 50 568
70 177 765
127 264 668
269 121 345
345 349 43
225 209 598
193 276 985
197 291 186
145 241 438
329 101 787
15 22 910
205 194 73
83 63 358
226 28 561
183 119 135
115 59 306
305 65 287
315 81 829
103 222 346
317 233 83
315 36 362
207 204 487
321 39 432
49 113 502
183 213 491
72 109 690
31 100 801
153 336 234
125 290 475
232 29 108
3 63 720
337 7 134
229 72 284
85 160 719
65 155 73
1 121 585
162 228 154
63 252 156
1 6 455
113 351 854
297 189 651
242 303 133
155 285 992
85 101 234
107 198 358
270 209 1
40 277 817
29 65 264
85 59 354
192 83 952
217 225 587
234 38 796
9 93 123
17 147 898
55 172 952
113 173 202
197 19 68
362 183 573
169 318 394
164 78 497
345 209 269
300 267 869
228 348 327
239 298 653
73 270 656
92 265 956
105 350 877
107 281 900
351 251 239
253 281 205
55 266 229
169 8 282
194 167 564
53 163 445
252 140 981
3 43 252
221 337 47
310 117 597
293 256 370
132 295 597
145 325 336
167 27 204
278 250 810
174 29 455
160 309 367
333 329 890
253 309 628
3 360 730
347 85 263
359 162 288
339 24 420
274 152 663
40 170 736
117 76 459
95 35 912
196 1 853
333 289 150
77 158 333
309 233 754
45 285 509
225 339 889
1 203 215
336 307 146
206 165 208
207 337 211
183 317 870
237 89 688
131 165 948
265 85 212
109 309 235
8 77 388
67 97 769
40 184 89
66 291 271
293 198 207
273 327 732
223 39 329
105 42 12
81 358 64
143 271 528
63 223 2
61 73 312
140 57 705
45 317 507
189 209 805
341 344 341
109 303 333
85 327 404
113 179 9
81 66 363
224 64 415
27 342 537
23 127 979
88 29 813
199 137 573
243 53 777
345 89 407
124 253 212
47 79 954
1 99 48
205 217 924
102 229 954
43 345 998
210 212 653
57 1 249
47 161 495
43 118 3
131 211 206
354 259 524
57 79 970
257 342 394
282 247 444
77 17 992
168 152 773
233 175 107
165 49 710
312 333 685
349 323 134
342 1 983
187 50 379
280 131 261
83 194 218
287 233 598
85 239 16
178 29 665
11 125 783
59 311 410
72 23 541
297 231 749
259 68 928
75 126 650
36 84 186
202 105 532
159 217 953
194 341 857
65 103 527
251 334 233
269 109 874
361 349 453
141 55 361
77 323 747
349 173 625
45 89 283
123 219 731
49 331 719
245 321 461
241 289 512
33 314 856
349 300 867
137 190 614
159 358 785
61 233 259
79 24 714
53 257 723
288 302 74
139 259 882
261 152 383
71 328 65
169 197 87
97 327 455
345 249 616
178 174 136
17 329 681
94 73 901
247 229 670
230 162 585
327 300 154
189 161 73
297 121 239
346 201 63
118 86 843
361 189 588
162 22 76
37 246 995
216 89 928
349 157 51
81 134 453
57 308 819
197 134 839
91 45 438
246 273 126
169 71 713
292 300 194
261 145 931
225 106 956
303 209 360
1 305 645
15 339 982
95 212 851
120 329 754
8 51 568
269 279 885
155 343 167
63 364 605
41 306 981
264 61 638
301 21 250
295 134 360
103 147 608
66 153 382
78 191 248
363 288 372
129 187 491
177 215 185
127 259 870
238 183 254
25 236 55
115 204 470
71 248 244
190 232 945
212 69 41
1 297 855
196 35 514
129 183 519
77 249 195
197 247 688
1 3 358
287 269 270
115 213 144
2 4 64
170 265 68
71 284 103
137 357 345
337 253 599
239 255 343
328 326 766
176 89 516
351 297 750
91 225 467
135 12 945
281 345 472
304 5 950
211 237 19
83 113 769
281 60 746
133 328 354
33 305 769
295 49 732
176 208 925
230 288 461
76 153 923
345 163 598
249 305 97
193 117 413
109 81 366
269 132 277
13 363 304
355 253 230
2 169 72
235 112 247
313 155 437
329 159 784
351 49 316
326 209 520
169 342 443
62 288 773
202 346 865
84 305 701
120 79 284
364 211 493
343 333 797
257 109 163
106 339 527
165 214 680
57 236 96
145 259 876
111 337 987
243 311 205
141 36 694
218 318 917
317 1 328
169 98 903
307 320 102
179 241 188
110 338 21
273 264 321
208 268 300
250 5 386
253 189 571
183 335 663
41 187 31
305 215 742
345 316 417
275 313 707
27 355 155
349 275 570
56 49 418
85 66 991
139 363 237
134 267 151
231 134 313
181 167 34
14 229 997
118 114 991
221 181 87
226 205 881
245 172 802
336 169 974
248 301 626
225 275 754
219 29 846
43 146 450
1 324 585
293 133 81
177 209 175
13 336 785
299 203 857
280 71 699
148 321 213
134 356 404
91 195 573
249 357 498
85 37 948
337 242 864
174 134 14
345 73 301
6 157 429
309 239 973
271 297 357
4 360 240
316 105 743
213 127 513
323 291 663
4 142 441
89 25 105
187 211 565
361 247 997
65 261 268
271 75 241
148 223 997
282 39 107
129 301 923
207 313 711
286 97 130
197 315 549
265 281 687
267 277 318
125 219 113
283 207 681
21 345 568
33 49 284
269 363 45
46 171 423
255 48 654
302 235 318
274 161 375
9 303 184
80 66 940
75 98 263
361 105 608
105 169 879
197 261 915
175 13 450
143 138 840
261 137 425
53 294 693
190 35 441
183 234 176
173 92 634
208 338 962
105 25 300
233 102 539
57 185 902
173 293 541
76 85 52
115 245 914
132 233 603
219 277 819
127 41 487
12 162 553
57 152 599
96 73 860
134 117 973
285 199 176
309 265 761
263 113 456
299 192 420
140 148 697
241 113 918
184 287 907
87 173 61
197 161 507
315 204 133
40 106 818
32 359 202
343 267 841
265 275 722
37 267 671
253 322 606
353 322 272
107 234 905
33 257 490
241 149 646
53 13 848
116 237 517
93 336 342
21 53 916
336 193 913
141 150 664
155 352 981
225 107 418
187 225 144
271 137 750
285 69 410
41 341 21
171 277 825
19 337 761
12 17 633
260 220 310
46 133 906
155 95 235
308 281 390
9 34 510
144 258 860
193 175 800
52 74 155
219 253 630
134 111 881
165 145 706
300 14 166
281 67 481
141 177 456
209 1 248
351 319 787
181 117 727
255 42 827
261 185 488
73 220 967
134 313 630
198 323 394
36 181 178
72 1 84
361 324 632
89 267 577
182 33 302
155 13 961
145 345 452
205 351 172
11 332 128
95 25 322
49 315 827
310 13 734
253 235 189
219 202 482
279 321 579
360 261 13
335 119 92
89 109 540
176 225 142
211 53 983
241 85 563
256 127 873
287 241 231
197 149 489
38 351 634
1 63 193
149 273 774
197 259 38
316 225 383
179 274 963
96 358 803
220 140 782
261 63 122
303 148 444
301 135 428
264 285 204
121 173 455
207 277 161
149 67 569
359 38 557
24 46 96
113 87 68
328 85 593
267 103 570
122 285 862
28 183 183
299 11 516
119 28 468
85 77 753
287 163 993
50 88 930
295 50 824
217 129 509
336 331 393
353 132 299
153 358 287
24 299 564
197 117 454
179 61 796
189 175 698
293 149 800
37 261 783
253 21 325
225 349 657
57 261 6
337 229 784
113 246 887
103 255 31
320 197 443
1 163 566
125 341 957
173 95 473
141 62 433
281 297 819
149 204 7
112 271 460
191 81 369
41 289 400
174 358 852
104 253 884
333 230 58
1 128 939
131 177 964
359 105 739
305 87 791
92 193 236
29 112 412
90 293 921
349 1 69
207 201 722
203 205 587
205 167 680
255 65 370
70 304 788
309 349 366
274 265 755
61 217 870
289 261 233
50 146 872
295 331 719
201 221 526
36 35 637
225 272 484
115 265 571
311 5 436
265 183 932
131 329 255
8 29 104
353 129 856
201 169 946
281 40 400
253 278 75
339 239 811
145 131 212
91 209 998
304 352 718
252 9 687
294 21 814
27 96 576
274 41 622
115 120 715
73 143 557
250 331 719
340 323 514
309 260 755
5 356 243
149 216 380
15 78 970
294 261 285
309 124 326
160 269 27
364 269 587
313 81 1
123 17 741
316 281 295
351 354 658
109 238 935
105 141 168
277 50 298
225 330 861
25 325 499
65 206 540
55 17 251
222 1 13
321 289 351
163 27 50
123 149 567
309 55 407
79 233 508
73 217 449
308 105 80
11 309 774
222 110 596
91 89 923
351 271 548
260 337 385
243 256 646
253 209 320
85 289 100
57 182 350
88 294 354
167 177 6
151 256 777
265 37 611
1 87 191
104 364 151
235 331 822
119 25 697
299 92 292
285 104 695
153 201 884
131 56 744
127 1 507
232 235 807
237 169 781
139 221 824
147 23 546
39 349 97
76 33 987
143 15 110
153 137 595
1 233 367
261 266 494
245 173 917
321 169 338
187 263 192
157 55 209
274 205 136
284 53 768
336 272 97
66 10 541
257 99 100
120 81 711
255 27 621
274 242 327
49 323 421
253 55 455
161 79 48
15 353 773
36 2 808
248 353 396
66 1 88
43 195 538
71 191 424
82 260 119
305 337 278
7 10 644
235 36 792
1 223 795
333 49 404
313 157 353
342 26 786
347 113 319
203 287 702
262 221 668
53 39 751
279 211 98
323 196 142
196 328 620
260 362 264
309 1 876
317 88 559
169 300 998
53 120 583
247 345 523
197 204 923
157 348 667
131 65 304
351 51 179
171 293 518
111 183 140
225 63 265
109 7 672
299 339 327
249 223 568
152 353 227
323 158 607
142 246 392
193 294 778
295 87 357
277 1 29
75 5 429
107 205 545
135 21 50
351 134 85
93 36 492
219 349 734
183 275 128
39 315 566
271 93 956
39 55 480
313 133 925
45 360 756
50 80 598
241 204 50
9 267 316
19 343 484
331 323 74
73 186 563
5 113 205
222 232 783
327 350 553
223 289 197
281 261 502
225 139 74
71 78 800
12 358 64
153 298 136
197 8 272
53 221 492
253 125 400
357 45 114
357 87 711
99 345 35
125 286 221
109 261 175
105 243 327
29 281 684
3 113 106
44 97 59
127 49 961
264 357 224
185 255 267
43 227 929
353 125 226
41 118 9
313 79 555
83 155 974
119 353 823
85 279 641
309 345 567
86 201 723
249 181 717
45 92 52
256 238 496
342 167 106
63 263 88
52 261 300
233 57 895
136 177 789
45 108 447
274 17 828
350 73 11
40 295 816
191 57 835
211 113 493
54 337 823
253 329 88
53 170 512
318 167 129
193 248 478
173 253 709
126 199 35
179 261 943
324 67 243
340 127 743
321 113 135
170 225 497
234 169 653
169 117 386
309 184 298
202 233 595
328 163 10
360 349 114
249 215 463
25 361 820
337 319 873
159 308 821
337 165 730
248 117 26
92 313 714
103 276 482
353 209 496
293 153 558
83 77 389
205 215 372
226 288 923
211 19 477
133 13 573
330 43 373
29 101 136
13 247 586
309 229 827
244 141 402
309 136 70
145 161 515
255 356 450
263 253 490
198 88 362
358 265 671
257 315 765
14 265 538
271 134 201
358 162 317
285 13 4
118 14 290
191 105 535
125 217 568
159 220 444
17 57 549
137 8 549
311 139 584
15 1 953
78 1 166
27 165 817
148 61 743
334 67 598
337 230 845
23 361 33
98 1 71
351 67 473
125 196 270
217 156 728
121 93 717
200 119 409
123 104 616
100 15 880
15 235 749
89 323 712
213 210 951
309 221 820
8 201 47
189 97 594
248 221 575
289 147 353
79 261 592
21 254 444
315 300 821
357 64 475
291 84 914
36 251 608
240 212 345
236 147 623
173 150 986
25 241 827
139 277 450
57 295 835
249 140 353
253 155 979
75 213 458
121 245 752
105 265 762
205 131 307
91 277 678
225 9 849
225 114 95
193 53 762
61 321 986
125 183 809
230 281 860
201 306 634
167 189 560
328 40 451
21 280 47
287 207 122
213 351 795
229 177 106
73 341 612
158 309 3
307 111 931
5 67 861
256 176 381
337 227 43
21 165 424
190 271 564
21 57 650
90 239 330
38 167 595
136 313 9
341 183 262
214 287 158
253 87 586
169 309 198
177 341 447
361 221 643
13 305 148
281 110 88
233 341 196
323 169 706
267 339 303
85 45 734
63 5 470
5 135 600
23 313 410
193 145 228
305 329 999
214 328 616
345 193 653
77 309 344
118 157 973
253 70 139
362 301 500
186 9 297
56 99 399
39 29 710
149 361 154
296 29 512
121 225 400
265 267 240
226 10 524
11 25 828
213 319 253
1 184 40
57 66 764
269 299 20
280 265 424
301 136 826
132 11 889
245 187 69
48 133 403
99 73 343
83 311 515
153 294 62
71 316 607
133 2 780
133 29 249
253 57 157
206 33 139
59 14 620
338 231 761
27 61 484
299 221 682
197 303 89
101 274 68
273 125 423
123 225 304
261 175 849
311 33 61
257 57 143
131 265 468
222 13 114
105 161 812
265 254 814
53 177 14
25 53 812
33 196 682
96 254 401
183 276 403
253 247 985
317 266 768
34 149 444
253 359 5
300 117 53
15 45 726
105 111 733
261 210 703
190 141 120
140 279 482
183 14 274
55 302 606
97 270 963
321 342 887
49 78 470
131 309 147
226 69 871
125 258 826
117 48 907
361 46 339
126 291 984
189 85 827
57 131 659
7 45 490
35 157 291
248 274 692
173 155 517
127 275 138
111 239 941
245 5 184
15 278 51
171 185 496
181 192 29
21 29 306
133 177 900
117 224 198
27 62 501
300 141 195
247 175 216
164 14 599
81 118 352
155 359 169
1 268 647
284 205 449
153 313 754
274 45 954
169 90 782
121 2 186
92 201 287
73 203 625
336 41 450
49 23 652
103 105 918
149 177 291
159 25 796
101 25 510
7 169 892
141 234 53
127 265 522
128 49 125
31 183 177
316 37 274
9 76 214
256 9 224
305 302 649
169 151 681
25 233 151
291 40 83
195 29 631
123 320 339
48 165 512
206 303 541
229 253 985
65 190 28
129 85 375
166 25 620
111 145 381
52 54 44
112 218 428
169 199 21
173 358 916
91 94 972
293 97 784
153 331 299
34 76 738
49 101 446
241 77 822
225 355 976
140 39 818
94 57 440
222 181 443
28 108 382
46 79 551
71 225 110
315 276 665
65 1 511
291 307 316
77 73 727
197 156 945
279 328 669
312 347 668
188 33 730
291 318 154
283 171 183
287 176 312
13 135 431
218 99 588
353 11 978
260 323 516
17 353 392
177 176 948
323 297 282
225 109 123
100 123 27
239 302 671
253 306 241
355 241 808
55 173 444
15 155 533
3 77 745
93 274 752
10 112 55
307 23 925
302 163 221
317 281 374
127 281 6
353 86 710
235 143 692
1 145 285
36 37 934
289 113 62
98 309 870
315 115 121
139 183 98
201 111 205
340 248 582
91 245 407
233 187 409
215 287 447
20 66 291
55 273 112
358 169 391
358 322 414
175 179 3
258 279 50
351 217 611
225 233 906
286 204 344
209 11 777
257 239 590
281 202 261
65 265 78
45 307 158
183 92 755
288 24 646
105 13 863
254 269 239
169 78 434
222 273 185
146 97 503
81 209 589
337 317 450
234 273 309
64 92 506
195 292 776
101 87 327
327 343 261
200 204 205
134 323 124
105 276 646
261 33 145
68 45 230
304 190 403
131 317 592
248 297 429
189 194 628
357 134 622
289 121 197
237 265 314
349 110 383
229 276 574
78 53 349
363 267 864
195 203 645
165 141 283
312 170 53
139 292 314
304 149 431
174 43 20
85 125 20
326 197 460
27 222 90
79 20 43
325 225 77
239 67 529
30 281 305
274 65 705
246 161 458
169 144 448
61 21 921
78 167 99
307 358 486
247 67 905
155 209 373
248 309 902
9 13 698
69 293 127
7 189 3
7 333 546
193 61 918
81 351 752
150 46 37
274 363 409
151 221 339
153 274 735
50 33 518
301 320 151
157 333 121
27 214 669
49 267 958
317 161 874
212 105 549
205 169 434
1 330 4
323 348 246
1 133 275
43 193 594
253 49 899
3 285 256
351 141 689
133 157 422
59 81 9
285 241 750
301 158 927
293 253 984
263 145 205
35 193 406
174 336 571
208 285 173
344 169 382
189 53 310
63 75 559
183 141 108
349 265 894
275 190 773
7 201 337
302 285 798
364 29 180
65 152 571
215 24 785
21 189 480
229 6 381
199 237 236
53 107 959
225 199 538
37 155 202
116 197 575
162 115 159
97 25 408
79 22 828
169 45 64
197 339 373
318 321 374
119 329 153
215 27 275
274 333 622
180 211 666
33 39 117
144 52 994
191 359 230
55 78 763
357 267 427
113 93 181
53 33 566
211 165 300
194 313 444
213 165 440
337 215 274
111 27 506
35 337 516
197 340 133
141 12 527
167 118 551
333 85 544
23 70 826
83 104 347
161 361 734
77 271 48
328 345 190
163 113 501
40 81 905
245 215 538
222 341 41
169 353 22
124 183 22
157 141 443
77 155 654
58 104 883
313 274 271
27 99 406
120 109 22
333 55 848
141 171 625
11 127 204
120 265 211
246 270 37
222 309 280
117 309 87
141 203 463
88 322 238
181 204 845
277 19 821
103 243 206
145 332 487
197 57 714
141 319 197
1 326 641
188 209 966
5 16 516
137 273 311
125 164 31
215 219 728
93 43 51
210 317 379
159 301 381
30 291 300
194 225 619
316 29 375
127 53 647
284 162 677
100 270 146
57 117 276
1 23 132
127 105 756
351 29 19
105 261 185
314 89 231
141 249 730
257 127 30
293 44 129
182 339 177
287 168 473
29 265 332
361 27 793
61 222 943
283 177 458
97 229 834
223 243 997
57 175 963
261 206 222
213 74 908
138 333 168
232 107 820
157 106 926
276 169 844
5 15 610
232 274 561
231 344 31
246 135 946
45 165 852
81 212 797
57 49 627
42 141 672
55 145 835
25 215 244
73 319 440
251 337 735
85 311 250
248 179 853
364 117 55
9 104 561
41 351 779
187 197 199
89 93 381
78 327 15
113 313 539
319 225 275
53 230 894
189 351 806
225 293 507
15 257 353
232 298 682
55 11 465
79 187 200
74 199 60
50 67 834
117 66 312
81 199 396
313 190 337
355 322 193
227 330 317
143 334 182
188 337 428
183 22 12
347 223 260
161 196 100
174 265 561
297 81 543
169 14 94
321 190 684
231 204 470
297 240 82
60 78 918
267 65 155
301 41 426
87 249 518
238 272 474
211 25 570
327 291 918
281 247 901
162 133 559
301 337 196
313 239 655
25 239 66
87 233 276
125 29 397
330 155 36
25 317 849
280 101 515
346 145 807
33 219 748
49 25 921
15 261 578
49 162 80
141 15 644
255 354 769
199 132 354
131 339 994
57 101 566
173 211 864
362 97 949
305 276 180
21 38 259
301 200 536
324 118 177
195 34 282
215 193 38
44 48 598
172 275 818
353 1 804
143 273 366
279 225 244
305 101 49
330 153 438
159 64 992
113 99 251
259 73 958
354 319 152
213 137 813
185 105 24
319 315 544
158 281 819
241 364 113
269 293 507
109 85 104
154 1 669
363 117 331
333 72 490
100 127 426
188 34 343
146 313 24
84 179 359
299 363 684
43 189 833
181 183 174
117 205 798
59 72 445
167 97 89
193 274 494
54 171 489
340 120 690
87 228 567
33 306 896
155 102 342
282 205 266
301 311 516
169 245 770
105 162 270
215 125 662
201 285 268
297 169 239
334 92 69
327 173 522
309 191 317
159 100 34
313 149 397
330 280 803
8 231 475
184 206 156
109 49 422
151 183 981
215 5 884
125 101 982
361 270 139
113 197 214
283 235 150
249 281 955
357 337 904
359 183 858
79 123 411
15 355 537
339 17 218
202 237 263
99 200 588
257 291 566
313 43 272
153 260 232
313 308 617
83 302 677
344 281 315
174 253 68
148 34 951
37 339 941
15 106 349
29 115 601
189 14 88
269 67 391
129 47 197
295 13 113
17 324 433
117 215 568
51 114 471
317 305 557
21 74 256
118 148 766
73 79 471
325 75 986
45 99 40
332 103 119
261 84 550
361 65 587
153 281 993
61 57 189
129 253 965
113 129 241
347 4 4
253 65 216
221 78 766
352 71 998
145 357 835
45 334 679
309 157 729
289 138 388
89 58 815
333 239 330
19 323 885
266 204 968
283 190 829
358 29 350
229 273 665
245 297 5
105 323 882
326 221 797
223 353 196
84 13 721
332 134 7
283 211 986
357 209 781
71 209 978
53 325 820
219 61 966
86 256 84
29 157 832
17 1 482
259 329 753
277 225 71
120 183 860
189 321 360
228 297 464
210 311 215
94 166 647
258 285 170
330 245 27
178 1 16
243 131 366
344 117 879
27 276 595
170 181 356
103 169 837
177 171 142
77 149 354
111 17 718
56 286 980
137 277 569
32 40 854
132 244 816
173 73 72
8 47 591
330 187 532
42 183 648
127 301 698
114 105 213
288 122 579
151 207 513
18 349 825
298 189 433
313 222 815
130 199 27
312 336 887
265 181 604
107 87 714
339 313 662
181 162 294
1 113 530
17 313 250
85 49 834
53 329 276
56 335 570
232 53 708
317 9 95
1 67 456
171 217 534
176 38 129
279 248 429
227 157 71
113 141 646
46 131 530
103 261 203
21 45 240
1 176 366
289 165 573
275 240 808
217 361 187
309 105 348
69 245 819
229 79 498
45 222 828
161 51 308
281 131 242
245 105 487
225 313 619
34 41 91
10 165 148
242 289 809
69 1 85
211 42 725
296 45 161
192 57 998
241 123 925
57 249 721
190 57 423
281 101 94
209 57 104
179 271 421
265 59 682
300 338 26
16 301 840
251 99 673
37 361 400
11 226 887
137 15 885
241 47 600
12 359 564
167 276 155
66 157 17
247 264 761
293 54 330
171 337 360
190 349 136
210 8 473
165 341 181
239 362 255
354 309 887
35 358 585
188 27 730
249 123 14
209 227 197
283 64 477
283 1 852
4 101 478
155 306 649
285 33 568
243 353 274
125 231 999
194 289 91
239 118 121
93 188 301
155 122 894
39 67 384
144 235 613
201 141 818
261 277 54
97 83 702
11 113 463
313 161 237
145 337 738
301 205 290
109 168 392
83 341 538
131 185 72
157 9 74
153 35 203
111 169 61
222 225 296
73 299 50
215 195 253
361 232 205
202 261 291
9 134 837
165 57 409
11 89 698
1 323 403
334 297 317
196 40 758
22 363 577
242 321 113
216 64 757
67 157 863
315 209 557
173 116 575
29 217 327
81 339 840
175 351 920
135 55 546
119 98 414
129 266 35
118 300 607
117 297 762
295 141 640
95 341 591
15 160 648
361 245 265
203 337 999
15 181 678
206 285 592
12 187 729
169 136 1
71 148 670
37 141 100
25 345 309
125 255 246
13 239 54
37 303 354
232 299 54
346 79 328
66 309 341
349 130 429
21 237 396
173 1 475
81 52 779
281 38 299
249 150 766
310 361 829
281 41 129
145 265 623
267 57 861
145 117 775
288 209 299
177 355 971
267 168 589
183 102 233
85 228 110
342 163 649
129 131 228
325 29 299
147 311 983
297 109 766
302 49 829
345 55 163
141 79 816
103 17 724
190 101 396
144 317 694
313 233 848
198 127 758
65 46 873
244 168 614
227 91 774
193 173 708
41 257 462
1 201 649
57 91 909
43 281 660
163 33 320
323 43 576
274 61 666
331 183 626
204 211 153
22 311 573
207 27 147
19 27 906
209 49 736
175 212 765
134 21 111
111 113 308
339 36 903
86 229 393
199 117 111
269 225 855
323 341 28
95 1 489
29 91 79
64 93 164
25 37 534
295 240 483
110 284 137
246 250 126
28 155 454
81 80 637
222 157 922
43 50 73
29 15 583
313 129 713
144 183 198
41 188 54
36 249 249
207 153 790
37 157 40
348 334 408
221 107 234
331 277 624
69 361 376
281 315 271
107 253 877
78 51 464
193 233 160
113 92 176
148 131 890
105 17 731
316 127 961
257 5 414
231 103 915
64 217 466
267 193 251
256 5 291
121 161 362
341 305 947
166 187 170
229 234 959
183 325 551
267 149 389
18 141 54
321 325 965
195 337 688
330 204 133
148 351 498
40 141 174
75 49 718
322 49 222
29 329 248
107 137 231
221 197 570
93 80 779
306 284 690
293 2 205
67 79 844
356 53 89
189 201 231
221 272 585
316 27 446
339 53 796
85 97 338
340 85 278
157 295 233
252 236 111
361 92 532
235 298 758
85 134 175
269 12 449
57 113 104
85 271 37
19 22 71
145 87 396
204 337 845
359 20 606
45 283 360
189 353 407
127 8 567
21 213 998
9 333 49
297 157 154
343 209 691
317 261 137
233 248 285
79 307 916
113 69 697
57 143 129
323 293 621
68 113 930
141 8 701
309 20 647
260 78 482
337 352 99
4 52 952
228 139 562
9 316 885
274 269 971
75 128 527
341 225 996
35 104 925
89 126 387
267 73 1
133 39 421
223 159 80
178 113 714
105 329 378
284 217 999
113 339 841
221 235 64
105 177 69
85 7 781
58 197 721
239 268 400
17 257 180
178 277 949
65 343 159
225 179 947
129 168 914
92 238 747
336 183 353
291 9 808
99 169 357
81 55 255
231 352 569
273 183 186
26 229 422
253 35 666
1 143 925
93 138 126
287 319 250
261 218 220
309 274 218
11 64 185
225 21 831
353 333 456
125 325 797
283 73 929
152 337 143
141 285 929
119 125 27
113 267 662
146 229 575
113 202 62
321 333 370
233 177 304
257 77 928
221 257 271
315 343 626
239 66 816
118 21 763
18 158 41
27 177 338
116 57 78
163 363 391
69 330 85
260 203 929
336 197 631
183 199 271
169 345 267
45 29 568
184 339 186
79 89 117
189 3 425
6 142 320
209 309 304
3 137 468
149 169 764
45 103 601
299 187 161
225 7 32
8 276 961
31 228 470
258 237 794
308 55 562
23 77 661
261 36 787
33 325 743
8 188 558
338 91 491
303 253 779
171 317 495
50 209 572
199 357 277
345 33 32
185 176 621
103 137 399
101 8 593
97 323 445
234 224 42
355 257 929
337 15 326
246 345 183
260 233 294
48 153 954
35 261 389
253 313 150
113 330 233
11 77 695
131 181 251
101 159 25
188 248 58
169 19 348
229 121 442
99 10 380
345 259 81
9 261 412
337 209 678
89 113 919
208 337 125
42 344 97
249 30 775
57 240 367
137 212 990
179 89 576
77 105 1000
339 311 46
320 177 855
37 330 387
293 67 16
333 144 654
287 219 56
337 334 732
143 133 85
201 27 295
106 61 122
88 149 991
161 183 668
173 221 284
70 94 491
3 25 199
8 13 105
250 308 759
104 118 802
135 323 798
43 120 500
69 190 623
321 253 177
235 167 416
192 197 496
41 321 869
40 158 388
113 309 978
48 232 72
161 221 794
56 41 337
267 305 916
274 21 38
147 54 148
9 102 725
30 301 764
289 363 374
272 182 749
193 153 342
313 99 923
88 169 65
95 359 586
337 81 875
105 304 864
297 161 602
79 321 956
348 295 632
273 333 574
125 249 793
209 118 648
124 315 105
337 223 495
196 105 45
225 239 720
225 150 766
306 71 768
235 224 778
137 201 899
288 227 2
317 338 43
197 295 111
277 212 121
17 54 604
285 173 639
276 119 501
20 217 262
183 301 709
225 128 348
3 68 467
241 274 580
263 333 602
108 209 650
271 165 72
131 351 895
246 347 288
220 236 619
73 189 311
137 338 54
183 140 238
189 214 320
191 209 64
26 213 695
221 137 210
118 8 959
3 14 767
205 85 850
159 175 566
321 330 571
312 106 468
208 341 424
229 204 969
290 305 536
200 93 403
278 185 64
99 104 890
219 321 698
287 38 776
289 36 469
85 171 816
263 209 362
67 35 875
176 18 654
146 125 566
177 179 968
47 351 190
27 253 217
197 15 628
293 229 702
113 204 697
149 343 124
45 284 924
359 7 844
351 257 949
233 80 57
156 224 892
209 244 116
291 123 139
197 253 846
245 92 323
57 309 832
1 269 793
299 210 16
59 169 820
1 197 112
5 73 241
6 37 998
71 267 325
221 73 952
39 78 537
254 183 4
11 316 587
253 157 433
135 243 961
239 353 132
352 53 998
225 113 838
92 10 786
145 339 700
106 269 694
364 146 972
66 13 443
321 270 366
63 113 335
117 253 458
28 141 761
23 69 51
332 38 457
131 99 299
319 85 413
151 239 199
101 107 815
197 357 466
353 341 259
232 337 405
225 193 620
171 321 828
269 131 698
306 212 951
53 102 71
101 94 169
71 85 735
93 1 262
42 358 93
22 316 599
251 161 869
255 213 834
333 61 691
115 105 128
235 337 507
363 281 653
307 181 815
13 213 688
333 113 13
27 329 639
355 363 150
181 99 382
313 51 91
79 359 147
219 319 742
145 33 245
94 265 625
213 77 55
143 220 854
201 20 293
1 61 655
309 97 475
343 14 964
63 20 150
297 317 629
1 339 609
273 1 319
225 345 19
225 85 603
153 165 790
65 222 937
245 157 300
287 268 525
359 291 234
93 312 472
113 188 612
199 325 282
274 141 538
57 264 850
222 292 521
124 337 652
1 39 456
274 278 75
223 235 741
101 353 814
73 85 971
153 105 115
197 97 100
226 21 588
37 71 218
205 7 279
293 157 41
137 55 50
334 93 268
13 283 977
351 157 948
253 249 670
39 44 315
337 217 294
162 85 81
101 333 657
304 141 294
258 274 252
307 58 384
165 328 634
197 45 463
59 300 196
287 239 969
225 141 322
138 337 976
215 3 193
83 69 543
157 232 386
138 357 988
1 59 851
133 66 566
69 44 85
206 178 308
105 274 477
107 142 415
236 273 902
29 312 148
115 149 962
287 158 341
362 209 795
11 42 982
63 221 317
152 83 502
357 257 238
276 233 67
202 251 251
282 328 840
299 67 693
249 27 636
21 64 704
235 335 106
83 204 683
316 183 308
342 287 753
217 300 785
297 89 118
277 169 741
89 66 766
253 140 236
142 196 25
101 301 61
327 61 248
111 341 795
339 85 342
344 65 97
175 220 257
136 300 146
361 253 943
249 225 958
359 110 809
329 294 734
307 12 523
267 311 969
333 69 174
233 283 494
246 57 532
1 53 519
73 106 476
345 361 687
87 351 788
77 161 834
60 1 491
326 99 125
281 66 943
77 278 214
154 335 60
261 287 554
71 249 443
153 177 765
280 46 23
317 279 487
13 261 156
21 317 157
305 173 68
37 51 271
239 64 303
170 89 435
127 169 418
309 65 658
5 339 871
29 141 422
354 106 752
287 93 665
171 169 146
103 359 740
351 65 266
113 151 14
155 264 530
261 267 982
85 231 287
323 328 919
320 245 301
81 103 61
53 113 338
42 60 510
72 337 462
213 79 280
101 104 69
25 117 673
349 277 351
3 69 137
186 125 951
25 144 589
29 56 150
305 304 416
333 280 145
89 183 747
123 35 966
345 9 572
110 97 454
91 165 721
125 153 627
244 65 966
311 141 759
107 311 486
105 85 859
3 86 962
169 209 846
345 317 560
147 299 995
187 239 423
202 117 33
71 17 739
214 330 872
194 235 649
83 265 506
274 12 732
187 146 73
233 168 262
71 253 761
281 177 448
269 205 176
344 19 102
243 229 65
41 177 241
201 130 159
10 281 633
2 125 343
176 217 876
21 251 612
343 274 918
313 309 390
99 281 509
225 40 932
157 138 676
185 321 827
247 301 455
305 211 138
285 175 456
33 85 695
49 97 33
173 351 469
259 305 466
116 192 94
123 131 257
199 334 421
225 271 82
