228 976 211
209 85 422
217 211 909
156 206 383
7 121 945
89 91 449
142 211 431
7 67 318
19 37 715
95 81 175
33 227 865
37 89 20
69 166 85
217 13 180
71 114 879
13 74 757
46 100 927
134 178 314
92 99 28
183 77 53
1 133 607
125 156 172
52 82 956
90 206 205
85 170 56
92 77 3
107 126 278
25 94 753
1 17 974
61 100 225
223 119 682
47 116 321
46 47 953
65 15 186
38 106 262
79 41 714
94 58 794
131 151 330
178 155 643
65 37 696
212 16 806
115 201 431
26 59 897
13 24 346
157 101 360
19 25 54
18 188 807
89 207 399
77 213 487
187 127 878
3 6 498
141 224 485
73 217 802
139 60 69
151 114 964
99 83 658
166 79 522
155 22 326
133 5 534
145 102 137
6 56 879
23 193 788
61 85 794
34 198 656
39 116 692
223 109 435
63 19 7
53 21 334
64 127 388
96 103 144
100 149 557
153 28 461
193 217 253
184 171 67
193 67 452
121 172 126
133 42 194
25 31 475
193 7 411
141 46 72
37 63 787
205 184 732
58 221 571
183 112 695
153 83 899
49 191 549
79 183 350
115 188 599
17 39 669
86 35 179
71 25 483
71 182 593
101 61 117
189 142 708
39 101 777
201 55 563
199 33 171
19 190 98
211 215 606
53 197 103
166 49 394
187 222 137
181 43 688
131 61 321
201 109 182
64 25 954
196 49 158
4 118 729
136 54 735
1 42 257
194 36 493
57 87 615
109 118 553
223 97 944
193 3 289
205 145 810
41 78 770
19 101 248
111 208 455
57 121 251
10 147 75
43 61 77
61 34 830
225 11 256
5 15 535
30 67 690
27 69 761
28 119 899
149 216 71
145 181 384
7 217 679
93 205 414
1 3 887
141 77 335
125 217 205
49 115 16
172 113 624
166 181 249
81 106 799
124 7 55
139 144 532
145 187 998
68 182 512
98 169 902
181 209 420
202 25 865
57 59 849
5 95 485
157 208 692
16 13 584
35 173 278
29 217 870
89 197 225
33 120 816
131 164 437
17 163 790
205 20 388
115 68 223
104 213 533
79 127 550
59 1 978
71 139 786
33 42 2
40 177 189
9 217 347
43 33 545
223 33 935
43 158 317
3 22 517
84 122 390
23 29 314
16 195 533
107 172 543
140 141 77
5 14 586
61 225 835
29 202 927
45 161 128
77 193 604
148 187 912
129 27 350
135 189 755
86 174 473
167 112 741
223 205 509
127 92 474
206 205 321
106 79 392
44 209 335
175 1 574
55 79 537
21 218 437
61 110 383
133 101 76
77 94 506
19 97 884
49 133 662
61 117 359
193 185 360
63 86 25
127 159 704
41 19 93
1 180 798
173 133 128
73 103 131
76 84 652
181 13 484
181 41 351
16 90 518
215 31 646
1 20 66
98 193 808
193 55 833
149 169 740
5 11 351
58 157 182
97 207 225
13 4 409
60 85 657
14 167 789
84 208 444
213 167 795
175 97 874
33 123 510
33 215 685
187 113 309
127 81 279
40 49 482
91 48 125
99 176 144
118 220 620
1 49 974
90 186 937
76 133 357
3 149 505
121 217 331
191 61 66
49 76 664
199 143 635
169 19 414
133 171 546
204 217 614
95 112 899
175 157 426
214 118 639
41 117 301
118 187 879
67 1 542
58 86 576
191 225 262
115 189 774
79 205 242
128 136 187
99 207 717
109 153 298
196 227 750
174 134 191
88 209 818
63 102 566
58 25 503
66 71 436
125 170 54
181 121 509
41 45 29
10 19 871
117 113 465
41 44 842
209 157 168
6 191 524
178 115 835
223 115 123
225 134 22
21 1 268
105 148 507
63 94 928
35 11 548
132 19 668
177 23 980
198 65 680
117 58 202
1 2 672
129 44 952
37 221 160
142 121 540
217 221 444
6 96 951
68 43 223
39 10 171
177 214 109
15 223 221
175 37 768
109 104 992
30 66 699
71 190 20
217 228 480
205 77 84
85 78 70
69 85 977
193 69 375
67 209 194
19 21 88
196 181 669
113 150 689
13 189 204
172 61 850
75 177 82
7 181 129
10 105 487
65 185 231
110 135 101
106 19 34
142 223 573
123 159 528
225 193 684
31 148 457
96 207 4
205 225 499
22 79 892
217 150 716
68 75 816
53 193 559
133 147 416
1 174 441
19 28 531
41 86 427
21 128 758
91 79 639
56 209 68
193 145 2
59 68 736
178 109 824
203 111 497
51 61 746
18 22 449
17 133 729
59 85 19
11 13 362
25 153 378
15 190 639
34 82 90
64 10 42
205 121 767
119 57 877
157 202 97
26 215 67
211 28 939
119 133 465
64 106 488
58 218 45
23 115 715
184 154 504
127 34 762
223 79 564
187 121 581
168 193 298
205 13 228
45 52 539
221 39 762
1 228 750
181 67 938
9 81 42
74 47 866
24 93 66
37 128 695
116 172 892
151 226 241
209 208 296
217 15 559
1 61 780
170 97 715
208 147 749
67 94 731
154 194 222
31 21 866
193 188 800
78 115 248
99 119 117
77 96 484
73 153 138
193 17 375
121 109 180
93 145 376
48 77 966
7 224 114
175 88 54
169 225 177
97 193 210
109 70 727
41 218 358
139 77 310
7 110 235
46 226 684
28 52 473
165 54 774
87 140 135
102 203 938
210 91 328
32 61 893
5 126 101
13 157 946
211 43 987
153 223 693
25 211 906
42 21 318
165 65 300
157 28 64
37 61 53
20 11 531
108 133 412
19 1 364
49 137 588
52 93 581
97 95 407
225 64 613
40 64 141
160 83 11
30 196 864
61 73 944
145 13 201
41 201 201
117 73 616
59 192 458
41 177 169
167 41 326
7 13 481
93 193 146
113 121 221
137 101 906
41 55 262
25 73 32
20 145 507
26 103 333
193 66 774
21 136 193
46 1 714
32 112 291
1 73 209
169 83 809
29 120 538
61 4 483
169 195 595
73 109 907
3 5 83
226 133 552
19 44 637
25 124 945
206 219 722
21 97 622
152 113 738
69 107 907
34 2 453
153 84 353
20 63 449
163 106 46
83 57 284
7 152 917
60 103 161
143 115 949
55 85 670
91 137 812
70 177 305
121 96 68
136 76 537
214 1 905
115 206 834
119 95 381
8 159 933
7 35 619
141 102 289
62 72 333
21 46 818
50 210 671
38 146 210
67 41 721
99 113 48
100 134 266
201 1 187
181 65 671
109 45 58
201 9 147
46 217 324
172 21 368
131 203 305
180 41 419
37 75 400
181 179 695
157 5 970
96 167 540
46 88 514
209 33 434
48 98 983
61 86 400
185 137 479
10 153 192
15 80 869
118 142 879
153 49 771
57 220 700
188 205 479
24 32 803
197 129 287
31 49 645
157 75 110
152 9 695
115 180 713
208 150 696
89 13 62
47 90 232
29 63 779
151 43 873
181 127 157
49 37 819
3 27 176
58 13 913
10 157 251
25 50 166
82 133 419
221 52 805
227 91 273
23 34 309
53 165 444
140 13 130
121 53 819
55 57 943
167 193 210
210 205 375
55 73 837
39 100 501
73 165 93
183 208 875
119 228 425
25 182 876
33 60 355
53 85 537
181 85 286
7 58 183
11 38 462
171 62 4
173 211 862
169 13 491
20 193 543
88 128 413
71 113 679
131 205 899
49 2 757
95 142 409
157 189 941
89 70 893
175 11 862
65 188 561
139 1 892
45 117 370
22 133 766
225 19 850
11 12 993
33 77 247
76 119 329
28 94 371
12 173 431
56 160 50
171 157 212
36 97 915
78 157 999
190 201 401
216 61 51
163 98 584
109 13 876
52 69 799
125 109 724
21 51 96
31 163 340
158 73 614
123 149 15
41 193 935
112 197 945
42 197 682
121 52 433
28 165 2
136 205 183
81 210 428
143 151 491
16 108 925
20 105 187
145 55 901
85 37 198
94 127 686
184 88 476
4 98 651
224 27 75
43 208 714
25 191 299
219 61 837
218 174 451
169 205 107
211 201 587
205 115 473
1 199 342
162 54 140
82 49 66
142 1 234
11 58 671
198 115 707
107 210 547
149 25 703
69 39 135
115 13 865
71 104 928
217 19 495
63 2 479
181 3 123
41 65 939
85 125 132
31 85 474
223 157 644
205 159 170
86 157 108
25 209 366
127 58 13
16 162 395
118 13 22
160 173 93
217 154 720
78 158 743
200 136 201
217 172 36
53 187 21
147 219 729
165 171 720
8 60 598
127 153 341
110 39 698
81 225 212
184 225 380
225 1 852
121 24 687
220 134 393
220 154 251
193 75 408
185 67 259
125 115 692
168 199 74
1 43 481
119 131 329
221 13 897
137 65 385
61 152 244
228 177 513
20 150 233
131 213 801
141 88 487
14 16 34
89 208 760
133 139 434
98 214 485
1 79 722
213 144 516
126 111 100
77 1 508
211 144 124
64 89 297
107 181 596
1 123 104
72 121 270
103 138 488
93 97 837
73 65 825
7 187 122
51 178 849
157 183 118
109 97 553
55 103 227
193 181 663
61 201 304
118 93 67
135 83 629
17 53 147
87 168 205
205 27 33
30 79 541
163 200 545
71 97 940
149 184 43
58 194 832
13 132 796
169 81 555
137 153 888
3 145 852
214 55 185
79 177 682
79 196 700
113 189 624
7 1 894
96 53 522
8 163 128
94 100 937
207 109 849
169 153 933
121 223 206
108 154 369
135 203 768
133 155 897
31 196 67
32 204 775
100 1 826
223 149 162
151 187 155
4 58 271
193 215 834
181 69 321
161 37 99
41 28 237
22 64 347
4 7 129
156 49 900
191 221 385
115 43 592
113 94 320
167 101 589
17 18 405
37 109 642
13 19 728
27 83 10
228 121 241
153 107 731
67 139 965
201 25 892
11 23 510
215 22 113
25 101 464
182 83 852
57 70 103
172 44 377
137 110 153
219 25 501
43 130 502
45 61 632
219 126 546
223 85 298
70 5 842
36 109 446
196 173 527
118 129 314
157 1 240
20 54 972
7 10 616
209 83 558
43 183 445
79 87 141
151 161 999
67 54 27
214 81 308
10 183 355
177 7 90
170 211 133
219 195 140
79 65 560
151 217 920
61 205 658
164 170 455
31 70 127
137 163 134
19 62 904
67 171 154
77 37 435
3 24 861
37 53 187
29 212 665
108 77 562
121 69 262
51 172 332
10 202 87
133 127 999
83 217 21
117 141 329
214 169 846
12 97 784
217 14 559
65 3 796
37 193 921
155 109 968
129 201 267
1 13 425
79 51 146
49 134 819
191 213 525
171 142 45
21 36 644
111 40 661
128 7 792
185 1 467
133 169 896
25 157 773
91 145 552
228 163 782
136 7 508
157 40 233
17 161 398
158 1 236
20 157 176
4 77 130
226 4 20
3 4 373
60 142 907
201 207 40
81 69 409
178 20 576
195 207 5
211 57 179
187 1 20
157 29 677
197 205 877
90 221 130
37 147 207
161 134 787
169 220 160
222 143 564
133 109 698
89 115 2
145 225 231
43 83 850
31 40 388
153 167 144
226 61 613
196 148 962
123 91 235
210 134 189
169 193 309
79 139 592
153 225 550
17 91 543
53 223 604
25 125 880
121 18 439
81 124 819
98 196 358
89 131 650
84 59 704
136 153 270
25 118 326
23 195 584
78 199 968
89 73 543
213 118 535
175 28 212
16 45 307
211 153 896
141 166 245
13 81 150
73 41 180
145 21 543
11 179 537
97 25 471
219 43 923
87 191 292
165 175 41
76 37 636
153 180 605
111 165 109
171 197 856
115 65 865
185 165 509
141 12 783
40 25 173
93 187 387
109 49 41
155 93 348
85 1 654
160 183 439
169 52 324
121 38 407
2 95 72
201 217 458
82 101 278
119 151 20
85 57 271
27 115 334
29 41 463
73 79 317
21 111 956
143 155 167
6 151 447
71 166 488
11 61 353
144 153 401
61 213 20
46 193 299
59 143 273
61 115 769
125 205 989
133 45 806
211 137 603
201 121 936
99 51 873
14 209 411
7 14 765
49 145 257
8 26 257
225 77 921
148 13 164
31 211 549
25 223 92
29 171 762
217 213 163
125 213 289
4 220 733
91 217 12
35 223 620
14 92 146
149 161 974
23 31 399
26 141 501
77 53 238
145 82 883
1 105 937
67 77 626
40 180 46
13 91 706
210 145 330
149 121 55
133 51 366
165 196 624
70 9 826
83 202 163
208 202 221
44 85 647
89 34 666
49 203 917
21 48 130
97 16 422
63 220 780
77 62 413
205 107 652
37 178 240
115 36 895
88 205 176
155 220 600
109 61 19
180 205 706
208 101 270
75 97 827
70 175 549
37 166 270
80 164 745
157 30 17
8 30 777
124 181 273
85 185 460
172 77 346
41 100 414
126 113 335
5 9 795
33 140 465
203 172 648
13 37 998
141 91 302
37 55 665
33 78 239
115 5 567
133 172 822
163 145 673
205 127 780
82 165 447
39 76 85
113 57 954
77 181 405
14 132 142
2 33 344
46 177 940
218 193 731
193 187 570
59 55 68
1 8 91
103 129 301
106 45 838
121 5 211
23 70 187
73 10 323
