448 3257 69
281 211 135
29 299 12
257 190 390
169 432 844
121 105 371
83 17 671
46 99 976
310 309 400
168 105 754
98 359 384
35 360 196
225 336 821
245 173 775
211 169 896
170 281 664
172 99 219
17 336 728
263 402 927
227 236 920
201 293 378
213 417 563
289 129 229
129 435 384
303 171 506
237 413 734
335 63 683
391 99 188
18 26 377
29 163 930
53 129 723
197 323 40
73 320 349
282 251 110
249 132 852
419 447 781
420 206 334
236 430 741
193 225 558
61 353 782
3 106 223
379 377 648
398 33 385
321 433 847
421 345 798
349 153 386
9 255 454
385 287 774
69 231 685
200 31 526
225 88 212
349 141 228
168 236 351
284 333 778
441 20 697
310 273 90
323 419 691
201 45 352
35 361 85
65 5 923
5 369 241
85 420 456
205 381 811
147 1 733
100 11 532
11 69 346
44 185 52
71 230 663
253 329 635
279 334 831
264 13 833
211 45 780
148 347 407
341 81 637
397 321 557
65 9 622
347 414 496
8 223 545
178 161 228
351 406 648
365 49 609
297 437 693
17 267 159
1 161 250
269 117 92
187 203 964
17 65 427
122 7 494
323 395 346
97 253 864
161 349 883
71 192 228
127 330 116
223 78 784
244 66 978
227 197 732
303 401 177
311 161 66
50 41 190
41 352 551
29 267 450
421 50 775
189 155 342
284 53 676
177 239 85
385 16 578
113 407 578
169 114 732
87 369 536
383 153 644
22 393 295
344 177 313
43 281 162
226 193 968
52 173 798
324 393 141
6 23 384
257 433 21
365 83 967
58 441 193
12 1 931
367 25 143
28 15 711
441 361 454
425 12 201
45 143 572
196 161 501
240 130 453
263 197 282
337 245 526
309 123 752
342 245 241
4 27 642
409 377 240
191 385 340
325 323 959
401 155 43
422 431 359
280 55 35
331 299 669
11 51 692
137 122 606
393 386 133
197 207 577
377 56 170
159 99 122
231 315 68
85 337 337
149 379 168
287 306 379
159 417 276
217 1 565
269 109 561
158 131 92
156 214 108
379 106 232
193 37 849
172 301 8
288 171 65
11 107 95
283 159 501
9 142 12
73 33 129
380 381 810
345 316 229
353 129 421
327 29 488
393 229 897
407 22 726
271 280 898
13 329 421
241 357 204
12 242 897
36 351 885
35 385 631
338 241 29
49 227 116
323 88 957
253 289 813
75 59 557
386 276 539
223 15 2
1 117 716
239 407 769
9 221 9
253 376 646
75 313 520
269 220 476
112 403 570
257 240 814
244 18 758
69 325 637
196 22 145
113 321 842
369 387 616
59 53 618
329 393 385
428 49 46
329 122 852
193 53 541
67 1 233
407 5 146
382 245 134
106 229 393
33 103 238
14 294 468
137 49 82
343 325 40
131 101 138
49 7 307
393 103 782
129 367 800
55 310 749
209 345 382
118 199 59
179 180 746
29 69 701
329 23 772
257 351 298
89 177 381
379 299 30
97 85 240
113 433 78
339 131 842
31 422 182
337 122 365
97 77 419
57 73 304
24 442 439
177 64 374
105 123 905
50 97 720
127 89 320
246 321 86
135 334 479
383 261 570
16 255 961
289 69 869
273 133 184
181 186 760
1 9 32
352 339 35
381 277 632
441 429 346
259 228 208
200 379 544
15 348 480
291 259 219
391 141 723
205 288 466
413 33 700
28 49 421
313 315 53
71 78 67
57 50 927
274 378 249
7 29 234
109 97 960
278 257 646
109 314 788
357 257 880
125 182 196
9 40 526
66 110 49
224 161 400
97 421 729
433 6 667
263 345 351
81 98 465
225 113 139
191 374 45
137 365 124
226 370 249
61 257 37
298 429 927
187 73 758
95 211 478
387 377 44
23 82 560
169 365 689
90 323 815
186 260 757
435 25 892
367 222 356
160 161 615
405 244 611
313 190 614
71 240 185
147 307 581
265 145 40
365 405 313
321 283 275
338 320 348
357 420 833
149 309 1000
124 32 920
1 193 541
1 302 120
417 116 817
60 9 635
217 33 307
179 415 856
296 221 175
3 8 845
417 435 897
426 51 242
253 350 134
379 361 878
12 435 282
401 330 969
37 295 289
341 396 443
1 170 374
270 137 705
187 33 943
321 129 222
1 404 854
448 289 717
204 426 854
217 351 752
351 305 158
192 209 46
321 185 342
199 229 247
193 237 645
85 197 138
281 270 20
97 51 509
226 285 467
141 295 335
15 64 951
236 431 601
136 380 202
15 78 131
387 391 492
124 360 418
37 172 740
437 277 606
275 29 630
97 347 830
113 411 497
83 378 937
197 272 62
289 417 544
55 115 452
50 374 401
378 397 830
295 385 339
85 356 59
129 147 759
221 361 768
337 225 837
272 232 559
89 279 453
241 35 562
349 310 469
156 101 724
44 256 495
36 173 683
89 361 772
409 51 561
393 362 481
358 255 999
229 30 707
264 401 17
277 392 606
129 337 322
27 74 120
173 158 198
435 332 119
201 281 695
337 69 21
141 266 156
9 51 99
8 237 679
158 201 841
105 1 759
429 360 967
316 367 436
33 197 308
1 68 678
155 209 646
356 360 884
51 294 108
321 386 30
1 127 765
307 8 707
115 89 987
244 346 697
252 286 819
353 144 494
9 433 447
37 313 860
295 97 694
241 410 798
50 145 697
87 67 779
10 33 453
421 385 396
273 144 8
93 21 347
3 385 802
36 337 518
362 366 136
233 244 448
65 1 135
273 175 348
409 337 961
409 421 660
225 436 557
425 195 550
354 381 12
181 290 316
25 257 817
4 165 136
249 225 12
361 326 478
365 391 520
330 187 419
207 210 129
394 65 833
169 367 557
395 126 362
399 323 52
77 435 57
384 128 145
137 155 90
185 435 593
249 183 670
103 294 377
297 329 849
228 382 923
319 59 920
105 396 708
259 281 193
61 341 144
72 113 721
199 397 256
1 345 682
89 65 314
387 246 177
193 153 356
43 165 869
36 428 613
9 204 732
195 271 242
182 21 864
315 209 780
441 295 462
11 342 284
33 249 244
261 262 503
38 151 555
24 30 686
139 162 604
309 57 888
237 405 501
39 173 33
127 264 523
176 207 698
171 337 27
6 12 614
33 194 225
418 25 484
61 237 306
355 422 918
421 71 719
149 167 294
2 59 475
133 151 208
49 324 701
281 57 91
95 273 988
173 156 580
177 101 994
3 398 556
281 7 842
1 339 421
14 57 814
235 75 423
314 193 199
385 387 657
84 225 635
125 257 999
224 447 443
152 446 716
141 67 944
105 269 36
127 21 200
257 152 591
193 173 654
183 113 598
43 131 346
331 330 931
386 185 474
336 415 93
438 351 551
431 401 549
140 262 3
351 97 117
347 202 370
45 69 264
381 57 831
129 369 262
27 443 427
310 81 476
137 81 432
162 444 567
150 70 719
95 351 387
273 11 139
3 7 732
315 37 563
12 178 269
264 82 953
173 337 789
154 153 235
186 73 687
102 61 510
157 214 358
71 197 815
41 249 81
55 165 942
161 89 159
270 65 276
109 347 625
15 255 952
81 209 933
441 39 354
312 74 745
381 139 859
203 369 424
300 179 219
120 421 229
163 440 904
21 170 583
123 400 485
423 43 322
101 129 599
168 252 653
105 279 592
401 316 704
383 300 397
94 310 281
80 220 83
432 173 781
89 77 463
232 337 324
1 61 823
276 341 170
237 240 837
33 1 498
391 148 665
113 426 799
78 64 755
113 133 530
337 369 625
65 7 526
203 167 420
2 393 968
422 160 75
195 193 683
85 16 4
29 225 308
125 105 995
13 129 443
425 413 159
228 232 586
405 376 808
441 29 428
81 218 815
131 319 102
239 224 845
157 352 467
362 29 554
60 311 425
192 233 946
384 349 886
45 141 338
325 145 339
65 99 256
29 349 268
206 323 869
169 208 881
87 176 725
109 262 68
170 133 367
103 30 138
413 176 356
47 375 995
226 431 46
32 423 943
256 391 727
393 54 573
429 167 65
19 28 145
20 285 824
221 291 772
423 71 241
294 392 589
14 196 700
421 4 137
177 442 306
36 316 485
45 250 20
158 392 302
33 120 981
274 137 300
15 79 993
119 64 307
388 385 655
365 3 848
29 204 739
53 89 615
197 235 951
61 216 714
363 401 626
65 197 245
401 315 958
161 345 695
151 237 587
389 138 924
365 274 405
393 333 385
125 305 981
381 290 652
107 65 572
253 1 588
54 199 989
337 127 616
281 291 200
181 220 686
436 145 120
290 197 818
14 177 206
24 337 651
401 355 815
32 349 367
331 217 455
158 267 824
263 142 722
349 229 800
17 265 399
213 15 147
361 229 634
114 158 376
93 225 839
407 291 984
65 311 655
222 279 720
444 11 614
306 393 191
383 275 596
225 338 734
7 429 479
33 31 602
132 41 162
111 258 193
149 217 963
10 17 575
181 276 931
144 288 907
53 24 495
262 390 758
353 261 682
371 64 878
425 129 554
121 293 733
69 417 83
155 298 350
101 202 161
6 48 694
318 161 288
273 271 151
420 113 461
342 316 814
175 158 460
340 419 249
81 149 693
274 250 459
417 120 756
145 329 910
309 99 328
242 27 899
137 269 813
99 439 382
99 350 653
324 234 683
357 368 253
311 389 497
334 220 583
196 357 325
352 403 246
231 88 106
59 109 987
17 385 463
269 47 659
317 131 749
275 22 295
134 425 144
137 367 834
129 269 471
378 385 689
221 145 390
429 257 502
355 429 178
241 99 639
147 239 708
61 23 889
407 65 461
73 349 80
236 289 691
1 15 529
115 139 267
19 183 998
279 188 374
294 393 828
29 97 352
407 317 720
85 301 498
173 74 894
120 82 897
282 339 682
31 421 335
9 183 684
45 25 207
197 363 948
246 392 241
363 301 979
1 277 899
256 271 282
347 291 579
183 401 235
297 23 482
34 80 35
197 1 174
402 440 831
280 353 730
27 342 636
78 145 968
227 25 752
324 442 770
1 137 972
254 323 10
253 412 229
85 299 271
5 21 428
187 257 450
209 264 383
351 261 662
35 365 882
425 79 698
407 201 379
200 110 758
202 301 416
253 226 387
407 33 156
193 427 734
105 29 53
390 407 316
236 336 226
83 432 824
297 269 272
252 163 13
15 29 608
154 185 664
208 217 600
331 190 87
46 421 398
193 28 686
71 139 60
1 391 16
347 176 36
290 385 467
201 71 748
161 106 528
155 367 770
257 289 437
317 389 331
159 223 245
211 176 380
78 100 858
365 295 742
64 435 718
81 365 661
1 365 475
149 64 848
22 133 543
25 141 725
153 85 744
239 245 385
181 198 689
234 251 641
21 333 54
89 377 930
50 31 704
265 267 431
259 437 833
209 17 196
123 109 954
46 67 982
34 9 959
389 365 429
437 52 553
407 436 883
16 225 374
221 218 195
218 324 140
71 133 720
183 288 308
117 257 324
82 387 155
68 209 876
224 283 22
355 169 314
197 321 770
365 175 345
245 327 476
175 319 947
15 22 145
63 71 613
393 448 824
1 92 432
25 168 146
9 161 120
364 125 147
268 278 826
379 425 190
263 117 340
229 239 332
154 103 35
41 349 378
229 1 21
233 80 490
344 103 164
113 436 564
203 153 593
130 443 843
316 314 503
56 43 521
108 49 304
315 109 459
445 295 930
162 289 859
151 161 84
138 447 763
225 89 14
350 361 850
442 238 697
66 333 219
92 49 588
293 69 818
37 437 197
125 417 91
156 373 88
19 365 252
1 91 216
169 349 695
251 407 437
46 83 291
222 77 126
9 281 38
128 23 741
295 279 746
157 283 604
422 82 254
14 38 594
401 8 313
113 120 622
189 111 759
321 5 270
355 63 126
70 414 402
130 174 498
289 176 580
29 165 318
123 302 372
447 197 223
87 438 669
78 197 735
60 57 637
1 175 193
81 193 552
163 242 468
258 117 10
239 401 196
272 65 656
49 313 354
392 289 138
93 15 321
421 187 147
65 81 107
337 149 737
68 330 358
308 7 340
20 198 225
212 247 481
320 322 256
255 81 953
267 69 347
187 344 579
313 337 536
23 431 502
393 164 194
398 1 553
77 348 61
129 78 609
231 276 774
273 425 268
289 155 75
164 377 508
110 324 983
145 230 740
232 415 919
408 121 528
73 397 280
33 141 742
113 149 320
217 393 841
333 169 580
380 342 753
37 29 678
379 34 244
382 84 20
201 58 276
305 45 231
112 391 265
417 260 764
113 247 57
37 211 532
25 415 382
387 1 493
190 189 234
22 299 122
227 145 607
101 337 744
121 441 949
311 217 819
37 110 260
1 128 749
132 67 453
265 312 525
423 390 168
133 435 933
8 14 241
71 211 949
83 417 109
49 65 724
5 81 239
31 395 175
203 269 758
41 386 840
351 197 581
137 317 450
14 42 923
303 281 694
263 141 3
235 177 127
291 85 359
57 94 92
396 211 392
205 77 150
325 138 928
191 275 859
417 399 511
284 349 994
413 219 403
137 386 574
341 131 441
42 323 472
353 146 681
43 273 46
189 385 764
393 174 306
17 173 693
206 379 704
332 225 27
189 245 866
27 54 796
341 444 548
85 239 503
217 383 3
166 249 927
73 82 824
124 258 800
279 45 354
106 315 288
267 437 74
358 209 335
205 141 48
107 323 865
73 302 720
15 100 203
23 429 208
428 385 545
211 385 836
228 11 489
413 7 161
259 243 113
129 179 267
281 29 534
355 97 752
234 365 928
190 285 752
1 377 197
183 25 686
153 204 532
176 373 200
218 161 644
143 324 286
71 52 996
10 169 783
400 405 692
228 134 581
446 293 273
203 64 4
1 211 246
113 71 137
171 183 345
241 152 385
319 144 843
69 425 525
355 122 438
412 408 941
287 120 863
155 310 837
141 398 92
129 221 94
434 431 406
29 399 163
57 204 366
135 251 185
7 209 392
252 330 421
68 25 962
17 353 232
406 41 902
383 343 464
65 136 541
1 3 102
121 385 292
349 166 853
149 399 20
200 429 741
125 346 122
349 302 213
24 121 129
347 365 634
33 41 408
113 312 578
50 373 10
205 10 134
377 421 258
29 125 623
189 253 136
385 425 827
155 184 403
375 43 198
301 361 335
346 193 586
163 305 654
219 410 72
257 15 197
184 324 472
69 342 832
351 440 273
9 260 650
325 337 135
213 99 185
273 355 968
397 36 982
64 110 874
367 391 831
57 432 244
335 101 87
393 342 14
225 405 263
232 351 737
257 47 232
333 174 747
51 148 433
143 127 486
157 355 102
393 399 110
378 440 464
267 441 936
17 46 424
73 425 235
51 215 507
274 209 485
15 273 946
84 111 547
85 241 782
217 421 490
211 247 48
143 417 53
225 77 330
327 421 135
328 368 766
430 225 389
49 55 510
289 382 59
403 415 522
335 313 763
101 209 774
1 2 168
446 13 324
425 200 477
31 36 742
16 162 521
290 45 729
406 412 160
233 424 124
25 233 703
300 277 349
31 45 382
373 337 501
400 228 590
152 211 173
265 365 799
17 32 518
15 168 919
407 321 504
37 134 489
41 119 496
24 404 553
309 314 766
11 353 635
244 385 16
29 289 862
441 43 989
118 437 204
59 95 497
85 78 129
9 420 237
125 392 794
313 153 290
29 400 365
193 361 762
273 233 286
133 260 343
169 219 465
147 111 170
3 246 469
257 325 940
19 241 100
63 365 383
235 321 301
346 99 568
387 324 244
134 211 662
269 99 937
367 288 434
289 158 758
172 273 493
222 184 211
393 85 656
7 84 924
412 173 606
433 23 704
393 391 679
85 398 343
247 172 907
26 369 73
383 73 920
245 330 101
339 58 608
51 137 776
9 213 207
337 357 604
112 276 338
113 307 876
161 139 6
75 57 1000
213 297 513
256 413 53
23 25 997
97 64 582
433 261 744
121 387 499
101 327 19
425 421 86
141 395 573
145 448 848
163 265 910
49 409 287
161 361 304
193 289 788
5 151 282
162 78 801
121 445 229
361 153 530
446 147 761
279 125 497
49 99 11
10 414 766
285 87 713
73 233 430
299 239 520
113 127 298
109 257 7
18 24 689
209 129 896
242 185 968
265 158 826
353 424 89
183 247 120
346 317 71
289 225 66
21 76 83
169 383 878
217 367 890
94 248 363
29 52 835
182 81 997
17 122 510
100 321 256
197 413 823
196 340 235
81 381 580
428 205 547
357 444 911
345 121 701
240 385 162
253 313 362
171 296 275
285 300 700
141 414 340
54 29 962
57 136 100
37 325 268
129 157 729
217 50 829
271 129 452
237 245 187
241 321 558
81 198 55
40 387 223
417 1 762
137 145 463
14 225 576
122 33 570
85 389 136
285 301 667
87 156 266
103 325 744
9 321 431
377 345 686
445 57 440
385 431 717
52 83 487
277 97 227
133 238 781
89 33 513
201 65 494
65 398 433
427 295 239
119 80 657
8 302 279
402 97 128
169 6 913
87 117 630
277 250 550
183 217 223
309 177 468
295 444 758
225 149 867
243 341 929
198 274 103
181 367 428
127 308 614
56 445 953
309 69 611
112 121 39
411 367 776
147 183 308
369 73 552
300 91 594
257 106 776
99 196 917
8 13 84
371 26 347
40 57 173
25 324 649
1 116 471
196 267 398
271 337 488
281 175 954
383 211 804
386 405 657
217 253 959
277 182 748
116 275 966
161 261 66
197 246 473
357 323 710
97 185 375
69 170 503
362 49 498
211 222 641
91 321 534
125 30 261
48 297 259
257 353 41
298 251 910
71 57 519
69 386 963
179 277 568
113 33 198
204 273 699
384 267 342
99 245 527
40 164 469
302 261 125
139 336 306
399 329 50
127 60 260
267 305 888
178 15 969
92 390 119
247 303 125
397 329 320
328 13 857
39 335 96
161 283 677
439 217 989
387 247 549
189 307 906
348 289 659
181 329 613
225 37 551
263 221 539
187 337 68
293 95 808
253 149 686
381 209 14
106 57 872
285 59 70
62 347 767
93 309 487
273 200 341
393 389 904
280 97 844
71 263 621
409 372 530
409 318 494
218 253 809
265 72 912
400 245 947
414 273 834
337 237 628
13 257 104
1 295 928
399 89 720
155 81 998
321 187 352
237 1 761
297 177 508
165 385 695
10 86 307
418 37 83
417 31 47
219 155 399
33 245 745
421 77 583
183 408 687
161 369 289
1 349 937
32 261 549
240 100 783
175 412 165
437 373 384
163 176 270
337 26 586
231 143 403
99 222 85
392 25 859
433 344 927
294 225 511
239 344 2
165 49 487
225 343 621
97 177 563
365 409 864
36 377 593
109 281 964
334 225 312
141 243 977
21 255 86
36 330 267
224 205 236
423 448 187
55 47 67
353 24 794
190 283 326
106 129 666
281 36 113
355 330 48
329 233 869
393 401 657
445 265 649
422 427 781
117 249 40
313 33 859
447 337 434
236 1 652
92 339 547
113 169 585
101 188 704
385 201 931
225 348 146
65 41 364
49 255 991
152 356 164
337 95 278
371 221 138
364 113 158
9 409 191
51 125 633
171 329 711
299 75 678
105 180 437
39 169 903
355 85 607
127 237 687
22 123 875
55 121 517
91 122 988
237 33 847
337 329 573
215 431 634
128 273 802
65 108 539
133 29 216
343 445 181
63 324 795
77 135 437
346 69 540
82 47 210
181 94 570
217 116 971
420 64 41
221 277 355
211 437 326
178 223 728
73 407 910
369 197 683
259 185 443
131 161 316
157 437 569
403 260 706
114 299 577
183 23 719
212 288 723
281 330 833
242 377 403
365 225 677
169 292 343
49 63 68
12 306 680
199 448 131
293 103 472
273 29 197
154 200 781
333 359 241
42 153 275
79 118 285
391 49 355
237 272 38
231 397 220
63 433 731
13 36 271
30 62 219
337 347 824
81 93 685
192 413 497
219 351 122
295 152 837
90 37 96
193 433 81
146 191 418
79 285 299
85 11 178
405 207 880
427 412 547
94 154 361
34 99 569
87 298 198
177 216 426
395 263 280
344 114 978
29 307 990
76 5 467
96 191 491
169 448 577
217 226 785
25 189 431
136 379 172
273 422 952
361 329 984
137 388 154
344 349 195
227 235 857
441 77 697
249 429 666
117 143 880
375 108 589
213 399 767
279 337 752
225 315 453
257 428 239
369 109 132
379 28 469
205 227 612
151 405 604
311 163 204
45 89 656
81 226 118
111 367 61
190 9 392
5 77 977
266 232 800
30 105 154
55 225 450
73 361 514
245 351 902
299 251 202
9 43 786
57 92 446
83 233 155
37 185 690
73 443 407
357 436 857
5 53 496
245 325 740
1 313 642
1 166 186
366 308 839
104 344 428
229 48 306
342 8 357
52 96 799
140 230 240
113 34 459
352 176 132
97 207 772
377 59 446
29 313 415
217 265 697
397 275 291
317 43 664
281 79 169
295 335 34
57 139 50
423 229 409
181 57 870
345 220 86
443 393 513
209 370 902
427 99 537
365 165 274
218 286 502
81 148 915
239 222 632
120 107 376
414 365 686
337 443 940
200 285 679
169 82 306
11 16 363
205 383 467
281 152 568
1 315 827
141 323 447
374 411 637
123 399 705
289 418 725
180 229 73
7 75 71
183 177 663
140 265 478
211 133 710
229 71 140
201 197 492
421 209 953
254 283 207
106 253 462
190 311 345
65 150 154
119 75 661
199 345 918
237 81 573
417 225 563
141 435 525
387 218 946
23 393 946
337 19 96
252 259 862
297 416 422
42 425 162
48 271 215
382 375 143
45 57 877
231 379 286
294 358 213
331 275 499
337 285 370
62 181 297
43 415 223
273 21 839
401 257 753
281 299 375
1 41 960
389 207 736
363 117 657
117 103 106
363 385 748
185 195 479
12 215 938
423 412 247
425 50 846
402 17 213
101 113 892
222 92 209
17 195 616
425 393 562
8 209 11
60 183 921
347 385 559
262 423 649
401 428 556
46 58 228
57 254 752
257 221 903
313 417 739
109 124 475
372 29 719
50 129 589
40 91 786
167 205 439
261 323 257
311 45 429
441 246 672
323 177 261
108 84 264
439 169 261
419 71 790
11 387 540
143 413 91
149 349 105
337 370 368
197 405 234
235 337 445
13 190 569
225 192 877
94 187 542
417 28 391
157 405 988
321 79 242
81 321 405
105 260 461
333 78 204
99 419 121
237 96 793
345 360 418
143 349 400
385 197 35
271 21 431
413 41 708
252 414 882
12 321 642
381 382 120
365 331 115
217 303 229
36 100 913
250 3 314
259 106 665
260 443 707
257 341 520
152 212 99
154 268 306
303 15 356
77 43 191
277 113 241
282 241 391
41 151 661
329 1 330
271 257 450
197 274 505
197 232 205
51 132 679
89 381 532
191 239 656
358 205 217
133 321 300
427 169 557
383 64 366
387 203 419
100 34 657
250 185 731
328 238 697
335 57 75
393 209 95
71 313 109
431 337 741
227 239 659
24 321 470
192 57 806
415 401 595
225 67 29
388 359 233
190 265 874
267 286 376
99 244 535
217 274 750
428 362 486
1 337 279
111 154 951
179 105 114
442 29 594
442 399 229
241 345 649
266 314 268
127 253 715
19 342 155
17 93 907
12 357 683
129 275 998
25 405 407
69 179 777
9 429 403
419 417 234
385 36 360
399 305 397
13 45 715
22 417 954
91 201 733
241 281 170
330 335 240
9 387 291
156 70 642
315 185 713
269 372 723
47 101 735
279 164 942
353 251 973
116 27 295
402 391 469
225 341 862
118 377 431
210 228 499
56 171 413
213 17 492
373 419 784
335 377 859
43 257 648
191 187 124
241 293 26
313 165 267
393 334 379
93 136 8
289 161 325
389 328 975
225 143 80
129 87 528
141 433 605
387 30 472
174 161 989
169 197 349
257 169 242
197 313 30
378 446 603
397 45 551
264 36 775
146 348 190
366 177 333
210 41 297
429 56 37
180 412 984
77 291 971
328 378 49
428 323 627
97 161 162
337 207 129
68 138 876
171 121 109
180 299 212
97 285 307
38 68 885
155 190 856
231 103 455
66 111 740
252 153 292
45 205 941
81 105 983
10 313 690
40 5 187
385 180 990
79 356 747
108 431 325
213 273 500
33 105 390
95 148 549
79 139 861
380 210 222
190 403 763
225 165 238
331 278 102
225 395 393
35 434 121
149 438 878
42 215 52
393 369 903
339 127 595
268 295 183
284 187 745
337 404 624
343 259 153
392 365 991
427 240 949
183 103 917
281 342 210
63 414 54
144 34 907
253 57 40
367 148 537
443 61 943
113 281 766
45 104 480
257 254 374
92 257 325
377 392 856
312 72 755
166 127 157
193 320 417
404 447 460
399 18 712
11 179 757
113 267 880
379 403 255
257 225 838
418 138 653
73 433 946
381 323 57
103 129 646
332 91 921
292 65 52
57 393 47
133 105 631
402 337 474
353 106 765
187 327 113
223 334 855
61 225 434
63 441 281
188 54 482
31 301 686
8 175 56
319 251 277
213 278 293
323 309 705
87 19 110
53 418 397
105 102 257
429 219 340
407 153 118
379 409 155
222 332 81
321 17 234
281 250 368
245 316 534
243 177 787
309 321 896
145 212 90
244 141 65
241 153 609
16 34 656
1 37 724
448 3 664
425 404 599
439 43 450
337 43 665
167 59 12
425 169 618
175 115 491
391 427 404
197 217 756
373 129 853
215 81 323
423 99 472
225 248 313
1 5 534
175 290 319
278 275 81
396 321 561
249 239 985
183 137 134
255 157 881
241 373 194
215 1 683
197 337 157
36 217 737
293 421 25
321 281 476
285 344 487
333 239 923
353 221 15
227 345 614
322 353 464
148 21 654
379 185 320
95 345 749
85 109 291
367 425 347
367 302 115
444 1 565
321 1 771
234 438 528
230 135 507
205 131 187
246 235 699
109 221 790
181 273 286
234 379 37
137 225 933
44 318 702
238 289 822
4 367 277
113 146 676
304 369 83
19 435 871
332 440 508
1 413 8
299 253 537
107 15 583
53 307 879
276 122 187
227 107 672
142 14 485
368 53 259
305 225 763
19 63 892
15 193 726
280 403 625
93 311 20
249 1 174
101 400 364
60 97 336
365 121 800
241 427 743
141 21 969
221 34 432
353 197 219
13 140 46
273 160 338
26 328 628
308 407 314
63 165 922
400 73 590
247 325 151
224 74 159
203 388 393
426 58 428
411 209 78
372 5 468
409 231 973
32 428 845
329 423 336
292 439 230
321 236 890
353 173 67
97 99 11
200 427 396
113 125 149
358 401 997
168 90 136
197 265 157
268 343 830
293 266 953
85 98 594
401 388 838
337 135 521
127 385 980
20 56 317
394 240 944
345 269 308
283 106 514
99 15 416
26 45 388
129 175 216
253 113 682
190 433 408
203 265 433
377 156 513
410 126 12
36 403 198
143 287 375
421 102 780
185 377 855
185 109 966
29 50 503
61 388 158
26 97 263
221 158 620
2 223 367
67 15 670
295 57 652
378 309 972
289 152 882
19 44 33
239 26 985
201 85 284
156 273 300
281 325 862
224 121 788
218 110 355
427 381 589
273 113 674
353 22 769
443 291 792
438 77 233
384 21 594
8 183 319
183 64 630
162 39 4
217 368 172
421 365 681
120 399 953
145 163 723
22 71 225
423 26 61
16 33 671
358 211 552
273 121 93
37 149 479
43 241 117
401 23 833
401 69 228
291 368 618
183 421 607
349 87 27
46 40 528
369 261 467
133 353 632
281 135 760
365 140 299
183 115 45
376 129 836
113 385 530
159 419 276
51 224 962
218 337 425
445 33 87
207 401 597
77 232 133
1 19 178
373 267 34
271 97 136
337 79 394
145 229 708
353 4 664
85 55 107
174 307 320
109 197 135
25 231 579
306 353 339
33 421 28
8 435 813
22 233 110
9 11 131
411 190 226
135 349 292
109 141 84
5 331 96
77 237 315
341 239 145
421 439 946
167 201 895
50 89 809
301 398 836
209 339 795
329 118 273
402 321 859
418 281 269
73 391 343
334 281 295
36 153 157
387 439 196
427 87 342
96 265 197
62 269 18
45 21 113
165 409 504
400 146 754
73 365 894
113 382 820
1 221 440
13 299 573
306 441 128
214 293 301
359 362 669
65 437 214
68 284 215
437 400 63
353 310 200
281 411 544
74 55 348
113 97 611
275 435 743
6 11 246
245 27 547
241 407 207
106 130 69
46 169 860
103 17 131
261 89 558
222 75 549
41 149 292
177 55 835
190 442 611
403 164 403
187 331 181
47 144 329
129 15 95
263 257 706
229 321 28
1 353 451
129 397 974
440 357 651
82 102 505
229 300 906
339 365 456
49 119 136
1 372 846
289 203 730
255 269 734
222 241 177
165 379 716
61 285 293
67 333 100
25 35 193
64 190 477
193 203 128
238 241 587
95 245 696
73 225 259
350 439 359
277 295 805
309 322 411
321 289 723
413 341 12
8 20 127
291 385 348
25 61 945
351 435 5
425 233 866
205 59 889
81 386 319
358 445 65
379 57 622
45 343 381
442 225 873
269 355 391
413 129 432
205 85 296
21 60 928
155 61 321
113 315 904
332 93 474
24 29 482
81 53 784
97 283 963
109 193 492
407 97 247
433 393 832
52 421 392
11 433 674
20 235 726
41 337 25
375 152 808
171 101 790
407 337 251
217 65 945
13 340 232
197 176 965
257 201 377
340 385 632
97 281 916
197 125 830
9 83 551
339 435 216
99 275 571
6 346 457
1 152 448
218 437 523
161 401 668
253 327 87
136 160 889
45 365 947
123 201 950
9 385 208
41 7 747
91 303 359
5 93 831
140 3 995
213 62 743
170 183 341
297 29 821
442 39 656
324 262 547
355 440 521
379 125 643
189 350 705
45 438 73
352 354 292
209 15 196
393 220 696
303 255 396
294 156 704
367 61 18
187 105 461
370 81 179
185 122 793
205 155 412
241 344 362
308 200 33
273 301 145
167 379 880
197 67 606
313 400 692
220 233 971
115 127 31
133 281 149
337 14 445
43 399 465
149 33 618
147 401 212
38 257 687
400 417 746
269 405 854
441 448 955
54 316 41
155 365 144
353 5 669
349 323 329
409 105 918
17 208 122
159 219 67
419 395 642
1 375 952
437 33 619
121 181 226
261 77 868
17 47 188
365 261 88
305 287 515
273 401 233
418 342 459
199 193 8
113 239 68
277 49 105
50 33 831
243 163 161
314 128 89
285 83 726
422 145 542
153 333 453
140 177 519
225 91 808
288 141 328
66 270 543
353 437 251
37 141 536
85 341 554
245 425 97
96 122 527
79 58 992
302 338 45
30 291 906
213 370 679
85 387 558
301 161 27
77 37 682
190 45 876
148 421 297
333 200 95
361 19 801
257 349 30
387 394 867
253 199 593
238 395 767
1 25 513
259 187 993
153 305 330
181 426 696
1 289 844
149 78 23
81 49 36
445 225 580
348 43 9
98 4 608
258 172 450
321 119 635
115 79 556
435 33 23
43 1 469
198 339 491
249 246 137
57 145 182
129 419 243
295 193 523
325 332 642
68 54 858
357 57 635
221 404 103
95 179 583
274 27 148
57 13 948
5 285 36
212 85 892
373 28 715
176 22 329
3 349 986
297 324 777
169 141 833
237 91 745
29 33 156
105 225 801
105 244 781
421 153 955
417 407 13
293 38 846
403 408 588
437 289 366
131 134 331
104 142 91
146 358 695
297 427 196
391 349 340
441 131 702
215 281 541
282 391 834
153 113 260
402 139 351
71 261 610
389 417 818
226 369 2
433 39 246
105 157 979
333 1 327
409 153 307
43 191 814
16 18 884
356 425 595
391 345 133
154 61 701
173 99 348
43 447 164
47 317 530
125 169 244
97 327 396
65 273 359
281 107 820
389 356 67
12 224 884
1 441 922
189 105 344
148 307 961
41 371 489
247 173 178
245 410 567
79 66 705
402 137 868
105 161 672
113 305 808
112 157 982
253 358 539
397 87 653
325 335 400
153 369 44
216 10 502
442 343 341
119 177 532
205 211 292
1 113 138
185 295 349
256 1 585
49 19 412
3 434 414
377 193 204
393 309 214
421 206 239
62 70 921
403 209 340
433 1 979
86 353 993
329 316 788
426 237 493
338 235 798
440 257 52
223 372 997
208 309 889
161 247 1
291 92 911
444 187 119
100 336 139
227 238 265
77 321 489
434 359 25
26 208 247
377 430 228
125 273 436
152 55 586
5 101 633
155 113 35
315 446 601
31 201 898
96 376 580
141 315 622
103 99 313
427 79 64
289 267 15
31 429 7
236 129 631
213 359 65
61 133 19
361 400 373
74 92 224
232 255 747
53 253 987
205 39 220
42 72 32
67 397 466
328 353 833
123 413 375
433 13 367
161 447 404
47 157 152
421 364 135
97 317 611
363 227 106
215 79 737
232 341 322
196 281 164
341 433 258
267 405 376
13 1 546
24 300 801
374 357 241
197 26 310
417 293 432
170 204 92
57 70 489
297 3 278
431 45 118
253 31 50
325 403 194
4 6 549
133 336 791
385 407 643
369 310 365
12 107 842
314 275 543
215 391 349
170 295 802
305 309 548
364 230 331
291 17 400
41 289 993
258 63 156
50 112 327
148 215 867
36 321 476
53 99 292
65 385 425
331 305 251
435 229 699
409 64 274
154 238 203
117 337 729
112 85 897
309 97 589
1 139 109
319 267 718
277 225 35
71 1 206
385 399 159
359 325 905
43 149 330
344 143 117
241 145 929
127 314 412
226 225 402
140 33 29
293 395 107
143 368 232
93 188 565
442 253 601
402 418 417
251 155 618
49 56 308
301 113 130
416 227 160
171 323 557
246 161 485
297 89 113
353 89 186
165 292 1
423 385 248
232 254 563
342 88 549
248 288 7
351 250 258
99 361 502
211 257 653
1 126 438
239 203 203
36 269 541
45 87 152
69 256 387
428 337 150
202 33 937
199 315 388
87 173 976
241 65 773
7 10 49
92 289 659
1 305 693
217 177 972
126 307 590
71 430 84
30 68 911
393 348 931
105 90 583
224 181 356
134 5 761
288 119 138
155 201 432
114 384 158
204 33 999
153 373 398
1 69 9
166 225 533
195 229 36
351 321 367
145 337 163
99 209 971
211 371 785
228 416 652
35 177 559
22 141 520
96 370 467
28 414 990
190 43 258
445 289 677
340 437 61
5 73 552
381 189 935
442 79 351
165 171 523
405 355 896
439 128 146
227 253 694
442 97 451
255 321 597
169 186 555
239 89 44
54 369 343
306 425 99
1 4 512
57 294 804
124 299 111
260 274 801
357 322 912
273 297 511
1 163 1000
186 414 926
127 105 717
129 287 876
183 1 569
29 159 196
7 245 65
169 38 98
283 7 899
421 83 838
260 235 357
350 381 209
206 417 675
1 309 968
94 256 249
302 356 743
221 85 297
6 237 867
203 321 931
259 411 511
196 337 689
291 247 200
417 433 617
397 319 759
174 126 946
197 428 685
60 129 646
347 342 491
249 46 485
250 284 262
113 112 99
211 393 245
353 441 861
35 397 293
309 105 343
55 293 86
389 327 883
44 273 808
153 289 396
377 321 124
95 117 217
411 213 343
223 355 545
221 37 306
205 233 105
161 249 404
419 405 87
393 289 799
230 361 369
13 95 71
107 314 636
297 197 708
351 87 361
57 317 789
110 439 872
17 261 443
377 309 995
429 149 871
227 51 160
114 313 493
66 351 551
286 287 747
394 409 933
9 289 903
91 391 365
37 197 482
165 211 247
313 393 227
3 252 102
57 11 613
165 414 422
337 257 241
239 27 737
295 389 807
245 441 162
105 77 195
193 224 921
385 365 403
287 30 76
323 119 891
288 385 876
435 124 350
129 57 986
277 103 364
291 106 479
296 366 569
314 447 955
14 253 444
379 222 697
325 333 289
275 286 411
425 267 989
301 181 18
192 59 373
145 189 303
431 157 60
123 204 40
120 129 163
428 426 669
407 309 831
55 365 881
269 243 895
446 425 540
143 153 502
268 398 556
307 72 188
329 306 582
379 225 7
281 65 974
297 225 663
201 353 372
401 33 796
369 49 733
48 233 202
335 233 736
141 146 462
337 65 341
443 164 901
129 207 30
293 283 516
445 393 40
145 249 226
216 358 787
364 80 65
436 95 877
288 409 416
161 379 635
100 349 696
50 353 192
353 277 662
119 337 881
143 435 335
93 167 158
101 65 94
439 399 684
107 220 363
364 128 551
44 290 104
15 114 206
121 279 784
384 151 396
113 175 36
26 82 665
363 358 698
198 379 640
365 288 781
153 388 673
88 425 894
368 235 524
229 33 304
11 1 794
380 197 820
274 281 791
62 129 626
236 21 707
231 243 715
197 181 402
31 277 309
239 429 881
314 10 199
161 271 912
113 302 962
105 369 184
357 429 82
69 357 149
115 233 807
44 79 314
179 216 689
264 134 383
407 330 825
33 417 472
321 162 469
289 373 600
407 225 533
23 214 174
85 218 187
232 37 77
211 284 899
317 284 613
59 259 458
177 441 887
289 234 451
277 425 476
136 310 922
211 321 501
223 113 88
55 333 622
55 288 837
421 65 147
61 331 639
427 57 528
126 365 361
385 154 68
335 393 702
57 9 911
274 407 324
177 85 355
65 155 784
241 441 423
226 340 748
157 131 492
223 343 279
15 31 843
87 282 915
295 87 281
428 106 320
365 58 650
193 65 260
306 326 304
428 111 23
287 363 406
204 3 855
105 404 569
27 437 174
407 129 833
99 171 795
133 219 502
20 369 868
53 63 12
273 289 235
235 99 946
53 153 151
439 289 593
247 442 382
409 435 314
309 417 177
267 224 427
147 347 217
36 435 556
145 380 935
360 92 538
124 161 217
247 24 100
43 53 52
47 267 818
337 339 881
393 232 415
173 385 719
428 91 377
52 407 318
229 358 364
173 185 275
341 189 932
138 421 696
89 169 991
64 398 457
323 257 156
33 288 818
321 139 905
271 211 880
9 35 392
112 265 621
229 245 916
173 284 745
190 445 623
57 180 868
62 6 82
177 205 339
223 308 128
150 189 823
447 217 814
321 7 325
377 98 713
43 344 178
84 54 210
22 88 382
201 43 926
209 5 29
309 110 258
86 193 210
215 305 168
20 349 172
10 285 80
83 292 435
382 314 102
91 406 497
61 230 857
88 366 445
369 321 267
25 359 777
190 396 605
191 221 690
93 288 305
21 343 612
121 409 455
225 114 479
149 338 697
167 70 831
239 15 585
30 166 795
298 365 441
192 120 112
176 249 471
38 108 173
267 344 536
35 76 120
133 282 606
15 345 167
153 71 725
355 163 932
20 95 350
141 393 428
281 439 367
18 39 36
122 10 57
81 281 940
404 408 859
208 402 680
428 295 149
49 445 436
160 59 519
186 206 863
174 259 277
277 421 526
219 307 326
387 101 733
150 247 242
377 206 565
281 33 428
12 11 689
370 260 820
126 254 808
177 209 823
311 273 959
268 421 152
133 165 858
393 204 125
193 129 937
135 243 855
109 175 960
77 400 808
57 257 65
233 297 509
97 386 162
113 235 851
45 145 531
87 337 681
64 443 880
333 100 177
4 125 573
134 446 133
425 357 886
3 9 795
380 329 674
257 229 377
151 156 266
433 365 63
225 377 412
177 433 236
206 247 373
367 190 955
57 158 266
31 85 563
233 378 300
263 364 765
389 19 144
360 251 762
81 261 913
247 13 130
69 263 931
15 111 303
4 65 970
65 214 796
157 292 812
419 110 837
21 129 363
91 218 28
150 185 685
191 339 120
437 98 5
75 1 60
199 113 411
29 92 354
269 296 406
61 357 511
67 71 215
92 354 142
269 8 449
287 324 153
325 393 987
115 317 681
425 99 429
13 134 953
9 169 793
302 40 371
225 400 847
201 434 787
227 396 357
413 93 489
36 120 27
309 101 731
403 419 809
303 286 78
360 374 62
289 37 343
309 272 463
13 417 716
375 65 132
420 116 836
433 323 932
104 311 321
231 113 719
155 321 546
378 334 335
29 8 641
126 401 764
337 102 614
104 340 895
422 200 592
217 441 269
33 54 266
151 197 699
56 269 97
335 445 414
155 45 626
437 375 907
57 118 584
141 309 681
10 421 441
405 265 191
134 371 800
27 89 47
79 152 641
134 252 683
263 67 89
246 309 759
138 446 134
13 40 211
341 319 808
304 64 730
369 15 745
377 269 111
183 291 14
11 43 83
269 197 702
153 17 392
206 127 101
25 397 883
277 229 580
75 244 532
327 353 526
58 3 575
138 150 102
109 67 697
274 154 289
417 395 166
217 267 709
5 149 651
233 421 323
427 257 691
250 143 311
225 18 146
350 324 444
222 265 975
321 90 104
282 371 75
417 25 29
33 86 238
25 357 885
288 104 160
339 409 59
64 129 573
113 374 757
132 53 470
77 361 711
189 397 814
369 167 627
195 71 535
425 389 125
385 362 846
315 359 420
73 93 348
145 115 525
341 205 873
196 278 392
307 177 37
361 352 342
81 349 681
43 353 470
287 259 475
87 57 488
140 335 423
410 153 11
77 137 629
371 277 453
126 86 969
71 167 893
253 328 910
417 118 367
74 90 334
437 58 343
289 228 318
339 25 694
83 141 233
373 271 403
247 408 661
137 204 703
293 336 284
71 145 451
321 101 623
385 50 383
417 448 887
379 284 673
393 249 972
129 417 954
443 420 326
160 213 900
324 254 678
445 213 624
248 274 108
215 187 705
274 361 235
97 289 763
87 442 77
158 70 186
353 149 953
257 197 137
113 432 343
115 147 316
364 105 520
353 118 358
305 344 536
74 246 287
206 222 598
141 97 221
47 123 441
225 155 748
283 193 742
365 161 64
257 247 524
55 61 335
316 297 424
149 127 829
115 33 400
174 361 411
233 173 440
308 209 954
112 304 752
417 363 419
15 237 490
77 68 780
129 85 754
245 236 746
241 128 192
273 377 612
386 381 512
29 146 514
337 55 336
177 241 90
123 91 570
435 145 208
84 28 644
421 423 36
219 253 992
197 127 526
341 176 822
55 172 427
339 199 79
395 17 386
48 167 179
15 267 650
193 33 220
325 251 471
271 24 608
429 49 695
385 264 934
235 199 237
83 399 194
48 185 451
267 169 627
113 197 776
207 443 245
1 278 741
202 247 83
363 209 451
113 47 14
44 180 280
153 291 242
250 93 703
110 214 903
341 125 186
442 119 275
394 293 939
269 316 427
447 29 217
129 328 505
373 225 902
218 225 716
302 92 383
215 377 191
407 91 444
448 185 843
9 114 95
339 405 713
16 417 85
143 309 754
95 194 497
81 87 195
179 233 285
349 435 81
209 225 152
43 199 80
41 121 827
342 169 624
82 441 717
20 47 714
157 381 214
425 269 777
59 395 794
390 272 435
175 46 493
209 332 687
306 159 581
273 166 243
157 237 407
363 109 419
71 69 497
53 386 534
305 411 287
374 21 913
231 73 439
83 97 972
263 377 580
273 267 12
65 339 817
78 136 2
393 257 431
106 84 347
10 331 31
8 37 42
372 171 220
275 330 356
254 60 543
9 181 901
274 302 460
53 131 212
211 73 199
355 297 422
1 57 957
239 223 960
159 420 962
30 134 920
57 232 654
421 225 625
344 266 711
19 66 413
289 353 45
415 258 579
269 424 255
122 193 194
307 415 585
381 207 953
26 141 227
113 435 778
351 365 981
390 265 369
155 374 15
179 15 741
47 386 794
382 181 778
104 8 375
366 42 496
345 335 239
25 83 678
423 162 894
30 244 531
65 97 593
407 340 502
77 114 959
440 401 140
70 234 134
3 265 451
65 259 372
241 212 179
293 81 987
121 289 561
30 266 294
431 301 881
239 102 814
41 435 269
111 127 649
75 250 257
26 321 730
