478 7492 33
54 292 358
13 301 181
140 267 739
156 7 142
198 473 719
49 370 66
362 81 982
469 253 295
225 405 869
455 132 9
241 299 311
401 125 821
280 47 801
280 91 565
176 85 962
34 139 809
97 51 334
207 307 502
283 371 437
308 201 816
215 345 120
191 159 418
359 271 803
455 119 587
99 22 586
203 330 522
243 430 442
107 75 424
445 447 979
102 52 144
325 415 674
379 75 955
396 454 152
193 353 978
17 411 133
196 241 617
23 447 273
471 382 607
81 191 330
433 471 605
461 233 83
460 62 330
93 119 288
152 395 584
196 113 886
389 429 833
2 95 664
287 126 944
362 160 910
401 317 721
360 216 268
115 447 881
334 338 206
17 27 455
236 452 378
139 409 68
431 85 731
307 277 724
293 477 758
113 231 226
423 374 777
203 195 773
205 365 791
151 51 354
347 99 411
217 421 729
13 319 628
118 38 904
429 325 59
383 347 452
199 403 759
425 401 689
395 89 919
168 198 941
55 3 921
45 185 802
38 191 332
164 209 833
394 415 730
407 56 316
173 424 786
186 97 12
193 210 969
169 449 71
133 52 707
291 63 878
216 19 916
119 376 303
215 45 681
301 325 292
115 327 629
77 127 412
157 349 278
309 413 734
269 305 595
53 461 646
282 19 124
237 55 711
280 403 645
159 435 982
223 317 386
294 325 928
227 453 540
445 61 986
97 323 315
253 331 282
302 365 141
265 467 933
452 217 17
151 115 179
379 77 564
101 315 964
359 133 93
289 156 229
353 367 229
135 19 572
258 175 320
355 150 841
444 405 202
395 364 185
289 144 15
241 297 742
81 67 751
101 336 142
259 29 250
1 349 970
337 437 506
444 215 823
138 11 566
367 246 354
23 404 140
155 50 239
293 365 342
207 27 18
27 1 974
259 461 840
185 403 489
128 234 948
471 21 410
217 207 841
307 195 601
47 322 142
439 441 601
374 247 833
174 437 245
335 69 383
177 240 268
435 251 971
451 23 525
477 152 154
132 207 55
45 123 511
473 395 591
449 129 749
4 7 353
52 226 983
31 363 244
371 55 81
247 382 973
225 337 785
49 172 289
402 417 247
212 166 598
125 195 468
85 133 798
158 119 360
67 228 395
65 64 501
469 321 940
449 65 691
141 165 721
50 242 795
81 11 525
51 53 652
11 345 308
93 76 776
74 111 936
95 249 639
362 411 837
35 467 267
170 300 582
253 258 286
166 220 323
199 466 983
74 431 549
65 289 144
62 179 193
45 331 907
363 268 591
186 424 323
141 207 480
409 406 336
93 282 130
197 281 135
321 295 36
27 387 869
155 42 406
197 87 250
65 101 168
249 435 124
323 467 448
95 318 421
450 373 600
437 277 472
3 477 11
185 117 292
297 195 180
88 12 551
212 453 143
472 193 320
375 416 218
212 73 862
13 292 535
235 9 359
244 239 886
396 17 211
219 303 310
264 463 912
473 229 561
449 133 294
19 415 403
231 81 608
10 145 537
143 325 188
59 227 204
266 148 917
127 175 2
285 257 47
265 293 598
149 385 638
416 257 687
374 273 774
151 356 75
139 295 202
263 311 102
210 163 953
43 95 60
275 297 302
417 45 747
220 357 821
379 3 122
467 173 906
127 443 226
203 111 563
309 132 207
446 91 153
401 65 657
61 133 712
259 296 576
449 177 197
13 427 280
444 438 929
81 9 574
75 334 506
104 127 691
306 196 957
159 337 909
101 333 651
400 383 575
110 146 14
477 24 588
95 30 133
355 345 381
237 233 419
50 41 164
62 272 254
106 62 814
357 304 727
353 325 459
372 387 580
199 293 568
117 316 158
251 331 411
303 358 30
152 81 205
26 381 588
42 387 202
71 366 103
85 395 576
362 425 907
338 421 332
27 68 298
323 371 702
105 361 4
307 393 780
474 146 240
161 135 516
86 96 168
127 136 925
471 335 551
161 1 367
81 103 188
347 463 372
389 113 999
347 299 708
144 287 934
115 273 340
40 375 955
48 437 855
116 415 690
61 151 773
276 431 678
3 90 235
31 39 38
161 305 831
19 130 484
358 249 32
435 255 556
231 179 907
21 169 302
251 23 619
135 455 125
261 446 841
43 339 670
51 26 712
87 13 117
177 52 476
461 466 692
409 276 618
397 293 250
267 361 211
472 342 984
405 324 518
371 230 395
317 447 727
79 392 156
386 265 156
438 475 101
79 229 507
135 60 838
51 17 873
67 151 141
221 412 348
277 433 806
15 235 370
136 464 844
47 414 481
261 365 216
206 402 113
30 147 496
357 474 488
384 455 498
328 272 790
273 195 600
405 105 651
43 3 925
77 272 723
125 47 271
319 167 900
177 267 399
7 434 637
353 376 540
79 256 9
455 406 478
384 441 702
331 136 864
30 347 209
83 77 180
263 168 247
447 284 607
40 181 854
74 425 594
50 215 52
203 56 789
287 281 313
220 129 828
219 287 627
253 234 866
442 381 745
167 95 329
263 97 389
372 142 841
39 285 895
335 123 95
340 151 127
335 359 474
15 413 589
105 415 830
159 397 683
355 371 877
447 74 71
397 225 555
227 456 240
105 225 280
473 331 842
105 240 713
421 471 123
266 189 232
345 337 160
339 453 303
459 336 533
1 3 47
3 71 847
49 205 67
419 375 101
357 151 746
429 147 577
467 23 268
153 89 690
400 102 298
354 461 285
343 259 84
399 146 327
7 160 431
441 98 856
112 417 154
451 234 695
117 31 792
373 125 762
222 186 310
29 412 70
99 285 753
394 85 788
272 147 10
367 351 129
81 393 618
96 392 513
129 372 529
393 321 517
409 234 543
36 43 697
245 189 415
317 1 596
356 425 920
119 106 236
440 375 261
63 206 265
221 331 533
99 463 832
11 174 302
225 264 275
10 214 244
333 53 46
111 205 896
338 42 931
251 209 513
365 102 883
250 436 393
41 291 595
169 63 510
415 127 562
60 333 445
361 471 893
304 308 120
9 339 634
361 91 270
139 282 35
351 101 611
199 165 108
280 281 918
213 1 151
79 177 247
79 315 725
126 95 62
268 370 52
73 321 634
345 44 51
53 203 333
189 346 319
375 358 75
392 137 548
409 451 765
227 173 130
341 395 711
412 276 254
289 1 339
198 452 732
223 131 739
351 193 269
342 135 185
409 33 956
3 53 486
9 190 659
157 397 471
175 417 692
304 233 608
400 471 971
257 355 496
47 124 721
295 94 218
29 118 994
75 59 33
327 231 823
299 223 198
393 443 924
87 100 443
9 49 546
319 400 501
125 423 605
423 359 599
5 347 568
56 239 705
237 147 979
2 336 148
136 176 33
11 163 613
295 73 416
235 413 140
150 269 794
372 249 169
29 95 86
159 199 558
317 287 940
137 226 486
435 117 5
31 321 781
28 415 538
407 375 253
18 167 942
43 305 509
4 423 982
377 8 307
78 319 817
73 389 180
401 109 862
37 473 659
313 114 760
333 99 417
49 105 756
299 145 740
93 43 490
9 383 529
87 215 849
289 477 162
165 21 159
379 199 597
204 375 795
189 399 771
123 218 320
109 337 185
197 209 713
150 447 266
237 309 189
194 307 200
101 192 740
51 11 182
345 12 835
265 409 925
153 466 34
149 227 495
438 99 473
237 285 782
423 86 642
471 105 653
203 117 507
362 309 822
449 299 129
478 11 299
189 155 477
31 91 499
72 471 389
223 85 476
159 345 581
120 27 751
292 215 532
128 321 590
386 183 904
370 349 915
226 325 255
133 109 911
234 134 36
273 469 516
312 189 613
82 177 904
395 471 215
10 401 451
433 224 578
315 330 153
23 43 663
211 449 608
375 315 315
421 153 183
71 263 270
58 213 447
197 241 558
105 83 934
9 198 274
356 291 578
432 105 15
165 477 191
388 5 103
101 181 857
77 172 185
81 323 741
340 355 33
469 172 47
432 407 515
107 83 540
23 187 812
315 49 561
184 302 287
42 299 667
290 478 915
187 103 329
305 179 153
112 454 358
93 13 580
365 235 310
165 127 711
46 3 884
463 379 285
324 225 691
130 262 45
179 403 572
47 223 820
227 427 292
301 450 619
349 427 737
269 254 610
75 67 225
474 437 444
317 385 816
253 143 445
439 425 319
125 180 914
11 240 472
442 255 283
435 473 358
265 179 229
209 450 969
74 329 260
239 450 652
476 8 794
53 478 578
407 15 588
159 349 979
87 371 522
265 152 313
69 207 483
189 139 433
104 192 425
189 13 764
134 230 779
31 145 192
107 249 422
463 101 321
186 18 393
315 257 758
40 135 743
141 233 555
291 193 286
239 399 693
312 257 869
94 249 61
381 238 92
67 413 367
279 353 379
309 73 514
459 323 48
153 188 780
1 2 637
437 307 241
315 221 407
83 436 958
63 427 711
55 454 90
37 87 970
146 162 976
367 109 439
69 217 860
36 71 904
428 321 129
359 195 38
24 49 92
446 471 504
90 402 285
259 447 172
325 136 496
175 121 38
243 295 948
348 133 882
59 340 786
406 57 359
345 189 71
257 421 278
439 85 220
13 171 415
31 303 140
133 397 414
107 287 616
253 60 329
295 443 564
309 143 232
72 346 126
236 271 195
51 331 907
198 299 4
163 175 554
39 174 254
229 403 985
216 108 156
13 455 494
171 22 604
47 235 365
325 115 897
125 476 71
141 189 98
478 319 300
11 233 555
11 155 572
321 431 586
9 416 616
9 215 16
313 8 735
366 462 161
349 379 604
319 373 186
157 85 992
254 391 565
359 408 434
305 147 881
305 465 436
329 137 405
26 371 120
169 49 39
119 373 800
459 371 344
115 345 584
469 305 670
321 232 229
415 453 916
419 35 829
182 271 454
245 317 117
377 477 125
429 323 766
195 25 384
466 428 810
305 163 484
49 12 725
13 119 362
241 245 427
7 8 651
169 457 175
167 445 158
167 255 614
69 311 311
145 151 692
173 404 641
83 274 483
141 389 475
315 323 699
175 470 678
269 19 536
129 277 839
366 33 12
397 349 613
174 219 845
250 46 360
337 372 730
219 268 737
59 77 278
267 353 715
228 172 487
186 457 649
35 308 40
229 149 791
33 226 610
463 203 910
305 324 325
39 47 864
313 391 201
227 60 913
307 47 346
145 182 625
221 60 694
371 277 353
131 281 539
88 123 705
217 29 892
179 365 224
467 454 204
97 389 860
27 411 43
177 84 731
47 443 384
461 126 473
453 413 960
269 327 42
125 9 249
327 51 525
16 413 740
223 143 267
268 234 772
445 193 687
414 395 95
235 346 584
83 393 977
248 107 705
443 113 833
29 179 918
57 418 538
69 294 721
383 213 529
429 93 62
146 181 22
152 33 685
55 307 897
31 58 677
147 291 535
65 102 522
283 101 917
89 189 44
267 204 74
345 307 213
203 199 230
13 165 999
274 35 357
221 439 432
313 383 843
143 55 944
139 77 408
347 88 905
137 175 669
375 141 349
419 192 689
447 7 152
456 407 942
414 385 637
431 72 49
177 379 755
453 247 27
425 463 880
261 431 278
393 299 821
359 222 662
469 444 193
233 47 552
251 439 785
57 215 166
456 364 235
467 343 531
459 199 223
303 161 637
85 120 743
87 355 417
421 243 814
323 309 681
229 395 470
64 163 735
395 447 121
263 401 693
181 207 469
119 42 122
281 355 348
475 365 225
383 309 106
56 83 911
417 4 712
358 54 478
27 99 714
168 303 783
11 179 608
289 283 441
447 121 303
164 420 280
277 405 209
73 384 714
349 261 220
303 427 440
384 247 665
200 166 537
447 215 167
475 369 363
233 91 550
96 176 77
124 348 495
86 374 964
321 60 718
98 289 472
283 439 166
313 381 707
143 5 227
202 406 700
307 219 298
64 154 599
45 81 482
233 367 773
369 397 691
49 429 227
45 179 248
76 247 305
196 423 254
430 247 115
119 345 711
441 317 979
75 301 723
157 343 183
217 91 213
205 27 951
97 198 591
266 319 596
353 469 842
273 440 706
181 293 640
233 197 775
361 227 524
60 397 419
149 401 3
289 347 852
115 441 765
384 107 335
173 126 139
132 405 366
250 36 719
357 114 211
13 83 643
139 309 452
438 37 715
227 34 336
278 81 290
439 26 333
433 314 924
438 375 184
128 445 227
478 161 383
352 174 295
179 273 202
199 265 708
352 377 536
269 396 441
313 25 798
170 33 283
151 321 338
451 378 617
417 242 20
229 159 856
65 201 414
478 263 450
73 203 1
349 199 504
309 11 625
126 362 576
77 84 660
8 288 472
99 174 713
331 303 844
419 288 727
445 312 247
419 104 701
115 30 239
445 159 592
55 49 118
433 158 832
182 273 184
187 67 30
113 237 135
211 446 334
222 301 371
393 368 327
100 297 855
126 438 791
229 463 784
259 213 835
342 52 805
383 281 388
363 461 71
39 203 487
475 11 46
205 239 835
171 449 913
235 351 317
206 135 765
351 119 231
330 37 552
125 389 491
321 279 280
253 429 654
81 333 134
295 4 907
255 195 385
217 41 772
141 466 26
16 237 874
225 162 423
53 247 230
323 275 755
205 119 917
54 110 10
341 470 121
51 433 730
209 41 228
239 403 796
185 97 308
341 477 412
248 15 798
275 178 197
113 158 875
477 129 67
395 227 769
16 324 473
345 324 501
263 243 780
266 245 19
411 41 82
35 241 26
415 331 876
30 224 530
441 151 707
197 251 2
188 239 401
236 305 565
56 192 862
439 330 497
201 105 829
1 473 173
251 283 483
426 69 942
3 370 642
421 337 73
92 387 415
29 403 303
272 323 947
201 303 433
310 373 192
5 147 354
93 186 778
139 140 582
221 391 32
445 179 335
35 403 248
136 397 185
271 203 431
141 299 777
398 156 198
273 466 913
371 143 286
467 203 773
428 97 512
127 33 135
74 157 932
333 285 476
108 381 737
247 69 672
92 152 17
315 473 115
101 153 182
389 415 136
162 345 609
434 155 289
365 211 135
1 348 883
169 171 446
107 143 844
82 338 376
339 385 128
148 203 736
242 463 100
188 395 616
15 141 233
112 458 412
311 157 710
3 123 39
106 424 708
131 33 247
87 461 939
95 243 596
328 399 962
307 97 738
388 171 639
331 174 206
58 393 319
1 359 162
131 276 701
213 35 518
349 232 357
288 451 717
426 287 270
21 381 400
103 154 65
41 36 140
132 320 497
72 302 803
307 333 888
77 111 728
29 420 116
170 462 153
183 240 156
332 299 150
117 314 624
155 337 940
317 51 959
417 90 970
469 147 346
87 71 647
369 80 972
335 220 275
76 37 165
167 81 684
225 267 285
17 437 328
133 108 199
25 15 483
474 160 753
97 299 638
111 137 209
172 213 397
421 219 901
425 236 363
243 233 14
462 147 582
160 359 921
148 97 450
139 74 700
182 403 497
96 369 786
258 235 420
239 245 897
92 257 196
19 178 15
388 439 191
5 201 912
435 431 47
344 394 119
179 465 872
393 453 1000
91 251 59
59 432 261
343 207 905
93 342 542
317 313 455
101 296 159
381 469 481
288 267 434
147 194 653
1 403 763
201 111 629
155 7 437
262 30 313
79 341 745
53 315 884
321 387 804
251 69 604
120 416 318
117 397 943
59 404 937
52 329 349
169 240 431
87 139 210
189 391 370
435 179 202
119 467 860
183 274 645
189 220 854
433 25 513
462 148 233
137 401 815
79 461 830
431 281 44
115 271 522
330 423 556
118 417 63
135 232 180
147 23 15
58 71 150
345 121 730
401 326 803
261 62 332
156 160 438
304 465 729
469 477 483
237 470 485
404 211 743
125 107 503
279 4 127
323 201 529
46 389 52
89 203 154
322 470 773
227 351 833
375 1 317
41 163 126
325 367 652
117 16 500
157 256 330
268 446 247
199 115 199
23 169 975
61 454 27
105 309 403
457 397 152
113 131 352
200 4 677
265 67 626
299 311 413
21 309 441
27 57 822
345 405 881
446 433 805
11 352 99
388 147 397
135 476 336
16 78 406
65 149 873
381 245 934
309 394 382
336 287 591
325 9 481
199 285 243
195 55 201
1 117 462
191 286 157
56 341 494
306 13 160
348 275 807
225 220 404
83 153 93
463 113 795
70 232 243
241 465 174
221 316 266
379 252 693
380 435 715
77 143 9
223 3 751
147 315 35
261 199 990
71 194 182
336 439 512
303 335 87
90 52 311
105 198 359
261 188 873
63 83 414
151 387 863
456 99 818
388 371 982
387 15 115
453 59 218
231 27 758
277 287 16
426 143 839
34 67 394
49 304 727
403 253 23
301 470 876
109 419 708
150 101 695
131 133 817
303 174 106
17 429 66
116 435 817
354 359 823
143 62 78
31 173 844
35 347 404
175 384 291
297 40 3
210 322 27
239 201 138
97 168 770
273 255 953
129 124 751
301 167 62
36 253 259
43 407 26
328 115 916
290 452 383
444 344 941
81 390 786
27 116 11
201 216 601
469 124 897
303 329 729
80 65 824
267 117 21
401 419 717
1 469 82
209 107 180
61 421 151
83 27 411
346 59 698
451 399 372
309 163 47
21 20 519
215 143 344
132 447 434
1 324 107
453 84 841
345 211 147
435 463 922
404 193 366
345 454 674
255 41 490
241 159 342
421 383 818
467 143 984
193 18 141
413 428 908
393 138 790
237 367 400
384 431 883
325 19 755
151 150 907
43 61 446
463 172 444
473 324 291
90 466 674
145 337 921
145 277 993
96 63 826
140 355 210
27 241 818
387 3 992
177 287 143
371 296 164
386 235 707
391 355 683
363 383 160
185 110 342
74 397 976
132 127 990
250 389 354
242 5 80
27 213 835
133 407 118
402 339 79
23 171 890
113 468 505
267 8 634
293 128 462
427 185 417
96 12 476
345 397 301
243 251 15
32 109 229
252 107 255
467 329 460
50 71 615
2 240 478
475 429 512
35 46 231
106 14 34
458 169 962
88 144 13
129 359 317
25 23 645
225 157 622
87 222 272
99 467 693
359 171 479
374 21 990
156 175 302
67 259 962
92 241 283
327 334 648
273 301 395
455 389 661
162 277 737
245 227 198
381 475 312
5 32 286
103 453 486
194 446 796
357 439 820
77 252 340
367 248 138
100 213 775
323 203 947
332 293 160
375 192 896
414 317 379
431 255 897
133 101 824
303 193 970
346 60 157
356 219 1000
151 435 907
17 377 423
1 222 32
83 426 627
223 17 377
375 476 626
139 384 589
235 26 459
285 358 400
309 361 950
105 120 596
17 169 27
174 2 349
298 326 875
95 419 318
399 271 926
123 284 786
278 110 164
159 75 618
223 323 611
389 217 709
433 449 252
97 242 412
127 437 174
287 179 833
118 203 517
337 335 483
105 233 14
353 163 204
188 364 582
290 215 198
448 470 816
184 136 903
29 423 306
207 441 164
89 147 721
373 463 145
184 101 622
161 229 331
292 275 115
459 25 545
335 343 878
375 252 607
93 470 935
461 368 819
274 357 832
447 167 483
471 369 899
9 421 727
217 305 966
197 109 728
213 467 564
361 363 520
4 9 268
321 468 661
259 337 621
157 307 676
185 396 142
339 86 48
55 129 335
399 98 213
379 205 601
389 117 147
250 3 529
68 221 352
371 259 402
257 197 941
321 105 30
79 47 816
338 35 267
243 445 68
201 406 970
49 146 547
42 77 872
176 95 518
277 251 855
361 414 115
385 53 728
350 7 583
399 222 814
324 143 610
465 318 640
319 47 129
365 405 920
131 197 293
233 137 874
23 234 700
341 39 5
255 287 789
440 408 713
427 300 491
455 252 859
329 272 96
166 256 538
122 279 721
94 333 237
386 161 207
3 13 100
420 465 442
121 65 565
67 205 611
389 153 141
333 440 305
231 230 756
47 265 461
123 212 16
408 303 323
59 99 54
203 347 686
291 391 466
140 211 161
153 359 285
53 99 841
439 411 217
91 50 978
7 81 455
189 401 955
446 249 544
389 469 363
5 184 72
25 294 181
356 31 459
393 310 384
295 289 119
25 244 506
17 401 684
434 63 292
239 457 71
147 13 329
455 394 72
211 93 906
304 429 864
369 405 160
454 109 608
348 167 205
193 171 237
152 201 247
266 373 676
241 45 175
163 138 330
173 3 388
463 176 727
58 120 420
317 93 958
175 15 732
229 301 10
32 43 591
339 431 474
249 149 838
23 87 531
419 445 141
318 326 602
349 241 765
55 31 884
391 405 457
96 410 180
349 263 502
199 228 113
332 27 891
275 219 191
14 139 482
90 116 270
463 471 724
1 305 1000
81 195 499
340 263 811
37 423 585
14 205 206
337 289 773
279 471 502
99 32 378
41 361 12
77 291 482
405 233 976
147 319 218
223 183 511
145 125 504
261 243 610
327 155 439
310 431 814
197 227 679
213 209 869
204 245 181
201 169 404
43 161 364
315 89 779
125 205 594
217 413 636
8 223 549
93 325 681
397 299 204
133 157 791
393 259 340
67 190 928
334 57 446
175 177 575
221 373 67
175 19 675
78 65 922
59 359 489
298 302 813
313 81 420
469 311 396
187 393 960
173 403 637
273 92 458
97 105 68
22 37 652
466 315 280
445 449 892
27 185 149
281 336 845
375 293 625
295 213 373
185 265 284
69 75 319
389 65 703
177 353 211
233 190 836
323 15 613
347 85 519
148 105 22
427 419 571
233 472 94
309 46 481
450 25 561
1 295 777
361 466 723
263 85 715
147 191 906
343 345 346
369 473 942
98 283 47
372 132 642
282 381 850
477 430 568
165 312 928
83 319 200
472 334 140
19 55 119
460 156 93
191 96 12
215 277 504
461 323 465
384 345 226
79 471 641
461 285 912
237 299 220
374 251 416
19 280 534
454 9 382
237 333 769
317 335 688
399 221 554
31 449 992
125 72 355
188 17 388
417 65 964
138 1 578
137 218 110
189 29 695
467 286 993
462 391 644
165 15 453
380 117 61
122 403 660
59 383 514
49 166 757
247 11 835
333 219 10
35 170 261
319 15 684
40 277 880
201 439 406
345 151 444
380 291 106
89 469 438
147 259 51
385 60 179
425 165 9
471 7 41
353 152 377
269 237 584
47 281 293
457 44 742
59 454 476
7 136 121
173 443 862
12 446 454
204 279 216
88 253 868
239 125 933
98 69 669
413 53 203
195 197 260
101 125 943
247 339 347
354 364 245
337 363 320
442 9 982
431 41 245
461 231 476
41 432 913
215 393 149
48 161 486
195 443 793
167 191 64
165 253 729
263 135 627
11 12 762
146 89 857
137 129 623
34 42 25
110 268 655
278 394 954
71 313 904
291 3 769
257 212 767
68 473 269
237 279 931
137 43 974
401 107 675
210 67 820
85 121 918
102 145 703
309 375 587
403 273 294
61 380 360
289 116 303
409 375 452
257 189 356
263 183 229
225 15 451
387 361 970
357 157 236
374 37 346
23 191 660
235 299 171
85 275 618
303 177 829
457 237 561
39 450 714
345 358 374
475 167 27
255 355 718
253 195 562
193 31 156
22 24 853
334 102 266
49 283 189
325 278 403
59 431 911
433 20 153
103 289 981
393 327 765
367 149 325
23 139 269
233 317 977
174 415 502
365 257 687
217 280 236
383 271 616
255 128 867
67 364 15
269 158 153
421 413 642
461 473 24
413 214 142
39 217 59
359 64 822
461 407 514
105 61 429
30 285 417
244 476 631
255 31 813
455 31 218
15 89 381
178 387 574
171 257 14
218 81 924
275 373 137
3 81 283
121 449 146
152 109 183
285 132 101
181 357 54
286 475 189
418 149 945
31 68 247
233 421 984
36 333 296
303 164 936
172 206 356
369 400 353
67 475 254
181 169 387
165 107 456
358 203 427
451 223 729
157 332 430
3 435 246
289 444 306
125 297 315
219 221 86
175 292 777
357 443 14
281 282 917
183 440 224
347 470 175
307 361 449
82 47 506
98 315 430
25 457 688
199 475 374
281 220 778
416 43 158
351 205 832
285 229 98
287 82 736
407 114 98
67 243 923
39 282 2
281 127 745
39 306 153
102 431 781
18 57 562
424 149 73
386 89 925
263 269 873
325 133 37
325 355 459
233 196 139
128 404 689
256 178 468
118 377 744
222 119 886
351 64 629
279 222 149
247 2 80
369 183 107
433 376 173
281 184 224
446 75 767
195 185 215
311 87 637
423 337 565
137 149 234
367 71 278
120 463 269
75 73 596
458 477 204
417 268 638
198 93 987
299 212 207
137 370 574
408 41 411
432 373 534
447 95 420
301 335 37
407 277 740
132 91 321
233 3 968
291 400 978
259 359 227
71 25 765
378 203 431
386 451 677
135 181 449
467 271 368
230 203 101
283 457 357
320 414 956
329 293 351
399 50 218
181 89 89
73 217 657
196 16 104
70 214 743
327 45 107
463 179 17
329 200 241
409 71 313
111 109 548
427 457 949
319 57 539
432 173 555
15 178 164
143 204 819
409 197 545
236 128 389
407 447 16
39 467 473
215 31 126
431 373 497
321 318 705
395 287 682
304 348 754
1 19 601
155 149 148
387 137 924
436 437 795
400 303 717
127 215 457
467 29 894
19 52 591
75 452 34
361 176 920
158 372 662
253 269 616
433 166 575
101 465 645
415 256 881
265 247 482
63 249 295
43 357 881
66 373 946
201 172 81
98 319 783
31 239 552
424 137 513
110 298 650
124 95 210
58 471 36
457 456 297
445 261 17
447 327 681
369 356 717
69 455 526
18 30 844
115 400 664
330 164 347
4 185 992
163 127 118
289 35 625
193 307 745
93 367 75
130 315 684
261 456 553
454 90 862
356 315 670
477 9 108
189 267 509
349 462 752
351 108 406
307 285 632
335 185 869
103 449 469
73 275 75
353 187 525
301 59 411
457 315 432
230 207 664
248 290 592
478 291 905
249 77 278
365 224 918
151 111 132
68 80 361
110 39 747
19 33 811
337 139 130
325 466 589
442 315 619
147 113 864
267 171 950
165 405 234
245 462 242
211 77 683
153 209 325
427 283 938
89 111 676
368 9 649
317 181 920
27 255 776
461 51 989
425 333 160
271 225 240
285 53 644
459 89 738
40 115 314
31 331 187
393 347 738
299 256 154
147 361 471
23 26 19
1 137 778
45 280 81
383 115 569
153 243 14
423 275 155
273 91 184
63 386 621
197 75 611
445 281 624
65 275 467
313 26 285
95 173 310
249 76 736
283 53 627
131 252 934
1 429 116
97 435 634
151 113 278
108 168 103
395 307 797
311 261 385
82 355 574
109 210 740
10 358 758
95 157 510
147 186 267
451 166 173
30 227 790
206 202 845
249 455 723
473 148 167
197 67 487
7 79 416
271 85 938
1 22 20
475 271 612
395 109 466
422 161 72
277 157 68
75 454 194
254 89 301
418 61 549
242 67 529
187 457 626
327 465 102
93 309 234
84 285 77
179 351 564
161 150 366
403 133 741
194 276 62
171 83 893
431 369 131
7 18 379
379 173 779
95 147 547
475 335 639
184 305 793
49 157 691
225 269 464
465 88 595
139 377 803
33 475 13
113 301 457
275 343 683
227 99 501
305 307 566
205 129 283
91 341 476
347 138 114
436 223 300
159 339 692
214 134 431
411 306 679
406 411 402
271 213 728
209 69 86
111 165 53
165 400 389
360 166 84
90 27 142
373 135 293
66 61 91
251 289 766
45 277 585
311 405 935
9 20 936
433 330 871
330 27 481
36 124 209
66 27 440
304 384 742
244 43 633
131 431 711
381 340 305
65 477 295
397 385 728
387 71 576
265 121 38
15 397 788
169 55 151
269 276 667
369 368 493
241 157 823
343 186 108
29 256 830
435 46 241
15 94 856
183 157 221
309 273 732
255 30 180
38 235 996
357 121 251
466 76 319
352 70 284
163 463 382
13 53 103
22 344 426
29 63 905
39 393 903
142 464 772
238 289 563
97 447 523
375 448 568
95 202 382
233 377 423
137 74 368
253 441 276
59 308 979
389 91 127
213 39 797
97 237 295
27 149 234
327 443 744
369 311 856
403 9 213
437 67 704
137 301 127
122 217 914
49 109 654
159 300 823
163 57 573
311 41 791
193 233 528
36 56 261
228 397 362
220 313 268
383 422 111
131 346 821
296 283 695
391 228 409
179 64 722
79 77 526
215 207 62
39 457 574
151 119 289
165 433 49
251 345 570
157 383 558
149 304 580
297 236 148
287 288 272
249 239 734
436 60 379
109 300 253
183 323 17
122 313 628
379 221 394
73 383 877
339 471 855
57 107 822
397 395 174
49 371 990
98 430 535
327 340 595
273 383 813
98 129 23
163 417 117
33 237 201
88 250 732
301 394 655
422 157 240
451 221 203
87 128 312
15 108 39
385 237 66
394 66 759
471 295 659
48 74 623
430 303 439
267 327 264
196 175 292
27 165 225
58 240 289
171 151 272
110 401 20
229 201 515
421 179 811
285 95 79
171 262 803
71 43 562
289 371 453
426 329 895
53 274 872
29 2 599
151 305 234
40 262 995
77 335 889
179 175 670
229 243 440
332 103 771
441 25 428
393 472 305
2 351 217
67 278 75
384 418 564
95 271 889
73 281 94
410 187 773
18 374 839
257 335 871
13 371 973
478 119 904
470 211 406
20 287 483
143 338 607
353 136 366
435 95 606
327 127 110
81 43 110
319 215 513
143 153 784
261 438 978
192 256 517
458 287 594
11 283 613
173 307 311
462 269 941
265 8 425
265 155 702
407 163 615
88 229 339
222 225 197
97 25 790
409 111 251
416 51 434
262 71 841
41 35 274
123 423 933
109 342 820
289 407 844
112 53 395
313 430 343
391 303 773
31 283 930
415 345 820
437 455 476
420 91 816
279 312 501
137 145 929
413 87 908
3 159 551
21 274 261
6 148 588
129 267 624
27 291 799
391 195 915
415 294 665
333 459 565
442 193 585
465 467 353
3 192 105
345 287 553
77 141 981
385 105 232
403 407 813
293 103 752
473 191 360
73 67 350
409 53 147
237 150 313
467 201 73
137 167 732
411 464 301
237 12 372
85 42 95
57 365 822
51 223 338
123 146 39
403 431 661
14 379 694
77 95 190
245 49 561
467 288 430
62 264 689
117 371 370
77 204 281
161 255 208
257 455 381
411 210 706
213 298 583
272 333 750
100 106 275
335 431 855
195 169 459
442 413 690
387 404 158
154 201 900
99 373 851
84 171 119
440 455 483
415 462 793
201 182 449
283 437 841
192 355 727
402 403 934
49 441 69
79 282 850
168 88 94
49 353 673
255 216 290
175 341 40
90 386 493
111 277 993
267 169 501
41 140 699
252 101 192
373 93 194
153 9 10
276 193 809
123 413 48
156 41 816
195 355 370
367 243 676
53 357 720
199 351 616
447 422 590
455 325 943
402 167 788
455 167 860
75 53 373
1 133 488
87 409 151
161 167 726
315 305 44
379 417 267
235 305 650
379 96 82
137 96 328
31 227 609
331 43 289
108 115 441
94 319 624
241 165 12
339 113 977
93 161 352
445 465 942
250 331 966
20 239 198
282 131 29
7 69 154
403 154 821
2 305 503
385 150 486
187 461 708
216 463 260
199 279 248
110 408 959
224 50 485
251 431 375
41 227 467
397 392 908
371 141 921
390 180 905
287 153 296
253 37 369
232 63 81
458 164 649
92 2 855
328 393 935
400 329 825
475 463 594
342 294 984
267 27 166
29 459 722
266 53 790
451 393 758
129 222 683
405 21 881
205 401 493
268 253 164
13 269 750
244 101 337
389 225 624
227 377 865
49 3 609
289 247 165
337 331 55
261 292 449
409 82 361
419 87 963
333 310 778
219 313 72
53 373 666
106 281 882
423 356 461
163 373 893
89 319 50
451 77 825
416 470 442
459 355 224
195 459 91
111 299 15
401 204 688
405 387 785
345 333 278
459 119 543
317 423 743
41 183 977
177 239 812
213 15 93
95 431 202
209 339 580
385 413 138
193 33 466
116 208 749
149 37 783
109 165 487
143 335 86
475 241 270
427 423 947
14 473 205
358 95 126
178 409 99
82 31 10
457 452 161
329 125 422
89 285 904
305 123 946
218 20 4
134 7 823
58 295 259
415 340 174
216 413 554
3 249 136
149 1 429
177 339 330
427 251 113
217 241 330
387 459 396
456 244 306
19 287 969
400 411 136
193 103 669
369 391 967
33 157 881
70 153 726
235 257 887
196 374 439
60 407 826
149 403 600
12 27 771
189 125 394
319 391 780
395 113 354
23 476 443
55 360 220
30 1 827
96 18 491
225 425 640
123 264 493
45 375 372
194 285 901
1 370 867
281 419 651
15 250 736
76 151 208
331 219 8
258 331 288
429 133 914
160 389 604
127 153 432
157 113 952
314 323 791
129 469 350
66 173 126
409 417 877
15 23 574
313 169 587
115 425 883
16 440 544
6 404 741
471 425 616
425 159 79
419 359 476
77 115 282
1 65 313
149 285 68
253 91 172
89 295 504
139 308 817
397 265 728
441 75 599
419 154 202
261 359 168
74 49 190
424 353 133
41 397 452
300 81 29
139 103 277
116 100 360
61 446 830
277 192 170
267 311 689
343 31 648
427 95 322
153 165 855
311 215 463
70 75 893
195 183 716
325 255 796
11 79 741
73 441 342
185 455 751
311 253 825
474 156 373
450 1 908
91 38 812
431 76 945
125 370 392
369 353 867
147 303 438
167 297 913
461 349 887
311 373 366
132 181 445
401 37 15
51 391 309
127 306 629
131 249 925
443 315 182
270 117 741
25 138 277
127 123 914
469 442 113
51 143 160
5 398 662
351 147 10
61 476 552
72 223 224
84 63 629
399 93 713
173 65 385
33 346 617
63 5 608
109 455 783
17 160 700
173 119 486
289 148 438
417 47 379
168 460 477
33 17 986
167 471 837
143 187 282
405 227 70
9 191 488
151 237 921
120 87 963
173 41 112
361 177 460
93 331 679
159 475 785
283 45 28
255 40 564
113 318 802
393 363 129
124 245 799
379 19 997
72 258 791
341 432 712
91 411 125
153 478 611
198 366 732
252 79 880
419 41 666
213 139 828
316 319 647
365 458 167
205 35 492
358 127 909
271 381 844
79 296 897
72 24 417
395 279 580
193 269 146
228 141 95
9 336 362
331 167 563
283 365 428
95 104 520
313 227 412
67 408 36
203 147 354
325 454 67
55 66 713
399 247 562
73 176 729
269 337 343
463 21 876
183 61 507
257 91 367
319 449 690
461 322 37
313 337 481
145 372 878
413 215 434
195 313 231
318 314 844
184 35 297
36 295 644
389 211 237
313 360 790
102 101 937
453 332 186
326 217 551
31 369 59
440 237 390
457 331 342
435 123 643
365 275 795
229 203 78
395 193 789
29 449 148
147 465 585
459 77 258
431 289 212
180 127 160
249 193 212
345 408 885
37 113 327
355 409 273
339 69 152
385 393 247
352 320 611
129 17 534
203 221 349
312 443 776
206 339 500
317 165 955
240 335 291
145 442 926
202 322 358
43 269 750
110 149 929
339 38 556
437 54 973
63 377 951
85 359 464
330 261 693
178 406 894
73 313 550
173 152 529
67 399 95
269 364 349
183 337 835
275 108 814
117 43 524
25 179 69
87 252 76
99 185 644
463 195 124
107 1 763
304 445 201
259 329 553
414 375 826
349 142 550
299 112 642
93 395 385
381 251 164
203 427 111
429 287 992
446 25 955
337 18 433
331 341 859
107 191 628
431 192 788
389 133 576
103 31 892
185 26 967
263 403 991
216 156 715
346 101 28
3 273 499
135 33 761
59 411 736
63 145 683
201 388 270
35 249 584
9 181 818
113 465 891
177 215 949
201 423 646
397 24 337
85 7 237
81 330 150
239 309 484
49 145 26
403 399 989
229 99 170
142 91 415
178 87 815
310 473 205
159 305 781
50 450 773
275 469 250
291 189 105
16 405 250
211 450 482
269 465 898
19 103 482
52 1 230
410 246 996
131 411 643
405 135 430
67 401 690
99 448 147
33 345 285
377 111 184
13 7 530
405 278 913
164 325 336
247 277 340
299 138 47
45 246 662
305 67 441
195 83 241
449 67 893
426 358 878
425 127 300
135 443 813
124 253 706
33 34 922
150 297 529
227 93 624
327 459 39
23 132 843
309 294 339
69 87 460
139 239 775
263 454 782
10 323 459
24 369 188
473 393 655
61 447 988
19 368 198
413 465 188
145 123 101
39 155 997
262 19 60
30 289 147
179 248 973
294 293 974
271 68 806
13 105 481
130 146 420
448 283 790
421 229 387
34 383 174
161 139 485
323 207 822
355 15 636
314 50 316
1 364 621
51 18 44
80 383 141
1 35 120
189 431 765
14 264 416
372 235 193
259 255 694
415 410 142
367 277 115
1 454 223
327 205 361
66 271 435
213 117 634
357 352 631
77 447 799
31 379 495
192 438 278
190 341 411
191 3 777
252 205 240
439 305 99
471 429 488
12 73 788
31 405 900
374 219 788
201 333 157
366 11 341
224 403 260
237 264 562
225 357 549
399 309 198
287 7 66
336 421 577
353 411 514
380 419 348
257 117 240
381 361 901
108 353 837
321 159 981
110 289 76
379 371 568
279 202 189
164 193 261
405 453 47
231 175 755
37 221 724
249 447 165
279 394 412
175 420 613
188 91 718
65 254 182
313 22 251
213 440 773
261 475 170
109 259 140
473 187 100
401 43 67
93 1 763
205 185 952
43 386 836
21 219 497
341 37 87
327 83 564
9 449 974
49 75 973
169 325 544
423 20 872
53 122 26
355 239 863
477 382 826
413 423 906
383 289 77
447 476 879
463 185 385
203 449 51
233 53 247
47 41 331
18 401 791
146 369 597
381 39 177
261 429 283
150 29 391
13 347 380
235 367 209
329 129 640
252 391 176
287 334 821
194 11 412
203 473 697
177 439 251
298 237 126
259 127 109
318 37 185
79 196 831
194 270 927
136 190 60
461 211 338
412 435 159
199 77 161
260 293 965
385 67 22
257 431 249
334 365 455
294 65 432
463 1 446
196 407 870
173 44 802
73 339 75
143 167 497
181 449 676
37 17 807
331 475 895
259 292 223
19 205 874
27 19 291
347 384 598
340 439 498
351 395 357
47 375 525
281 17 13
111 224 402
373 83 694
431 28 886
261 266 258
469 446 339
11 114 890
363 428 203
185 161 818
355 163 437
349 160 316
71 468 589
32 208 182
314 199 256
239 1 722
193 147 25
339 333 205
191 272 321
7 429 737
12 474 491
176 305 849
125 111 543
366 180 757
154 227 919
237 239 451
144 188 24
43 288 641
38 168 744
407 415 182
1 237 303
307 353 98
349 47 348
129 125 858
215 111 563
254 147 201
476 96 162
317 269 745
293 423 827
377 249 907
364 465 719
195 1 526
379 231 691
383 344 6
351 475 439
201 325 82
195 405 598
49 131 397
8 477 415
243 462 244
14 16 215
365 221 106
295 461 1000
67 404 171
237 453 918
42 147 941
394 243 459
171 133 512
6 457 936
281 475 196
309 267 475
218 267 7
32 464 167
288 421 314
275 269 795
272 321 685
465 193 217
351 262 909
244 125 790
50 163 310
49 303 677
65 392 55
119 411 204
100 183 240
149 197 174
85 9 248
128 219 898
87 265 352
219 357 238
331 187 953
261 461 834
341 475 176
131 201 491
105 137 132
323 295 120
251 46 922
219 101 225
451 170 666
53 445 361
91 315 528
129 154 862
32 365 76
47 26 123
137 30 402
463 434 357
8 51 451
134 246 777
379 338 13
127 1 59
254 328 987
215 63 512
335 402 975
419 320 69
125 36 37
465 325 796
122 287 802
232 371 621
80 285 95
460 295 59
145 448 960
89 123 521
123 242 604
252 92 895
410 71 412
331 37 173
270 74 1000
92 391 545
45 89 266
441 196 225
163 27 902
151 279 966
401 407 727
290 320 364
82 175 848
140 275 236
441 357 974
171 216 297
423 323 488
81 403 609
75 393 141
359 81 438
184 61 636
55 208 978
421 435 46
165 437 342
175 422 90
255 140 38
243 135 829
315 401 420
229 439 630
180 99 925
378 429 156
361 235 951
283 67 91
73 423 617
259 363 141
299 461 938
359 247 925
114 134 878
470 251 648
83 57 832
173 93 150
295 67 19
165 227 121
293 414 659
445 158 112
445 473 267
316 342 614
41 355 568
337 19 933
243 431 15
280 397 152
309 387 360
201 21 86
306 193 742
45 49 107
9 315 990
57 201 980
112 3 879
433 475 725
72 207 616
430 59 968
305 105 399
214 265 470
165 322 185
98 458 691
7 301 427
45 202 336
476 383 120
331 393 155
123 293 626
33 113 792
413 473 121
231 420 444
191 85 674
89 353 502
197 304 619
116 375 498
97 455 576
241 371 492
95 34 907
297 387 827
241 319 124
135 242 907
153 97 487
117 87 602
323 440 266
258 33 25
71 266 664
56 115 5
320 25 675
397 275 673
21 9 911
11 441 254
439 281 297
125 43 714
158 245 38
465 469 209
383 444 156
203 289 750
250 35 709
465 195 968
221 246 204
58 349 707
457 13 320
126 297 347
344 453 489
241 464 444
37 27 775
473 46 666
309 9 429
65 330 61
41 239 205
445 129 741
73 408 471
361 61 51
53 133 138
1 144 478
258 153 916
105 41 947
55 447 171
261 293 996
51 146 188
136 263 635
225 373 662
109 225 665
415 190 336
349 243 980
217 4 481
289 455 982
279 437 44
153 26 918
265 449 354
312 288 674
157 439 933
433 464 681
205 169 813
203 245 953
451 183 429
353 86 301
56 230 312
62 454 310
465 261 998
471 207 55
317 115 512
96 129 778
403 147 999
212 377 8
27 339 289
251 6 38
207 351 967
221 417 302
231 335 474
255 389 312
34 86 586
65 167 358
185 452 883
189 387 411
301 369 141
66 108 643
429 231 642
107 108 879
65 388 735
451 337 154
19 145 355
253 230 615
193 455 38
53 425 283
467 383 142
463 345 889
187 311 866
301 173 209
76 185 72
323 269 154
473 436 361
177 69 489
414 244 34
453 273 572
390 425 54
338 20 986
69 421 569
165 379 640
32 283 598
418 343 801
261 94 691
419 410 845
35 187 443
34 148 368
135 377 244
271 417 729
209 308 245
153 245 359
1 129 803
276 327 299
256 69 281
41 185 557
3 464 674
460 195 163
225 275 654
131 410 364
335 11 5
205 232 312
83 427 577
186 297 86
71 162 554
399 317 952
431 118 503
292 31 658
431 287 132
313 399 288
123 273 391
154 303 970
16 76 267
342 205 672
211 221 896
2 413 434
23 104 100
354 306 18
373 173 741
119 33 973
365 67 72
95 33 891
32 9 85
3 357 63
31 386 405
191 287 173
278 147 138
37 138 3
301 455 924
101 115 720
168 403 819
437 456 56
223 171 255
241 435 911
385 371 746
153 324 629
325 385 911
19 467 491
303 401 314
337 191 141
41 22 324
41 269 622
39 45 171
361 391 731
431 367 325
343 425 552
108 295 853
255 95 476
448 159 131
402 71 786
253 35 866
469 135 263
437 384 350
271 282 199
65 233 5
303 45 976
123 28 43
161 215 963
93 347 169
259 49 153
127 87 378
89 59 723
388 463 480
471 355 772
417 435 902
5 98 907
25 269 963
196 421 320
369 43 956
269 289 588
83 113 593
242 209 795
362 368 284
353 255 804
296 363 960
202 165 818
301 233 345
383 113 731
383 265 367
49 151 479
391 47 374
371 447 635
313 27 612
238 1 107
292 233 716
189 252 986
142 357 255
64 165 594
65 81 469
151 369 663
438 27 646
465 46 447
233 320 965
7 139 637
437 129 487
84 375 208
189 275 113
476 289 50
75 374 225
33 207 418
233 62 155
28 288 94
403 424 41
299 357 761
313 393 842
100 15 591
234 139 731
341 231 562
473 63 581
279 57 691
121 74 244
71 309 278
291 191 571
435 413 580
301 263 178
167 292 157
269 115 465
93 98 616
234 196 992
429 438 700
93 213 593
109 333 797
117 285 244
205 199 107
207 387 267
261 52 959
125 192 599
207 247 338
381 281 210
1 79 623
219 53 933
71 269 965
141 445 630
160 271 886
433 142 270
255 19 460
271 217 985
20 11 274
75 299 863
103 15 76
439 233 947
299 201 945
41 203 195
33 461 991
427 254 624
207 16 171
345 87 169
205 167 846
98 217 549
33 342 486
257 59 279
463 182 355
194 15 478
85 383 422
61 295 44
85 147 137
304 337 526
259 272 218
63 251 481
215 15 421
163 441 671
401 131 439
345 3 898
240 198 787
97 375 163
277 130 878
239 178 794
1 18 593
377 6 855
218 253 674
297 67 142
279 191 255
38 451 11
177 281 37
75 354 838
261 400 15
203 243 590
291 450 486
433 202 598
156 87 388
123 395 576
323 351 23
360 109 84
51 1 901
246 175 346
466 57 124
29 185 536
143 191 320
447 451 638
255 143 974
193 243 702
333 128 994
136 3 133
55 121 843
381 75 333
423 467 486
473 319 188
352 475 11
413 145 36
308 328 146
54 124 753
379 53 145
405 213 758
469 433 772
115 119 997
389 365 542
213 137 695
473 373 29
177 463 682
453 388 136
473 335 883
55 105 779
477 153 810
353 16 684
239 27 282
255 57 964
251 325 574
31 41 21
329 327 615
1 457 223
13 247 156
397 303 817
394 473 740
447 239 876
11 15 385
478 453 712
83 44 861
466 98 450
158 362 797
261 64 260
35 268 324
307 232 383
264 83 132
22 425 570
25 283 311
381 100 84
75 340 787
98 303 67
216 451 197
173 197 993
18 232 270
416 422 264
375 115 848
1 314 795
85 72 170
68 297 959
240 344 656
279 397 448
205 418 695
122 14 765
448 257 580
155 80 192
130 405 290
86 171 371
267 271 978
343 451 170
193 72 376
375 399 454
252 443 509
85 137 845
398 31 739
6 467 629
433 477 893
247 134 849
322 301 605
222 441 364
112 145 804
73 23 429
37 31 919
257 321 250
151 123 680
212 337 149
169 357 878
321 386 541
107 150 724
447 49 993
91 110 233
24 185 369
77 333 893
298 23 541
252 295 399
255 403 534
75 355 141
327 435 355
38 359 905
443 131 288
193 89 705
331 441 256
7 206 210
435 17 6
435 194 710
300 478 620
221 359 419
15 353 155
336 214 883
259 419 372
351 203 939
447 17 474
101 278 648
118 451 826
389 233 585
197 72 760
282 252 387
215 381 19
303 5 189
257 453 173
13 187 148
380 373 714
30 235 232
125 315 466
235 260 586
253 145 710
252 203 533
226 223 42
265 63 410
251 214 622
196 331 523
339 391 254
453 333 116
26 57 798
77 452 145
19 31 839
277 341 305
319 287 504
416 452 897
158 341 906
257 183 343
262 129 62
345 442 59
63 91 379
203 365 659
185 213 74
89 428 636
285 186 298
256 203 465
455 413 407
79 157 41
82 80 895
143 449 163
11 52 78
427 405 56
240 258 833
35 453 237
419 369 704
371 195 97
115 66 532
67 121 907
326 203 684
131 412 321
273 23 985
406 250 314
203 105 741
342 173 600
315 391 954
29 355 540
203 417 9
106 165 890
24 241 980
393 99 224
257 210 307
222 303 45
68 5 86
88 439 61
343 459 755
75 475 578
225 461 596
293 59 971
71 199 399
214 327 429
308 333 974
299 185 219
93 121 985
303 252 249
410 369 84
228 277 252
223 257 555
207 131 251
381 433 779
251 26 557
362 453 13
199 79 135
391 143 227
415 40 306
53 103 311
317 79 145
301 475 884
367 331 68
116 207 427
408 448 772
307 271 508
14 179 388
296 406 779
271 169 133
257 179 136
362 441 481
451 70 232
415 115 573
23 439 415
467 367 866
385 212 361
105 129 502
201 9 208
221 51 171
243 47 119
197 26 14
57 245 866
352 119 943
67 291 574
355 193 309
379 155 88
461 405 694
259 143 861
111 449 453
399 295 760
416 108 6
290 23 14
189 367 511
379 115 692
325 280 948
247 173 831
131 169 572
328 313 651
427 127 599
246 31 430
446 459 717
143 341 601
87 33 957
337 15 648
473 471 439
301 121 551
229 189 15
95 401 940
303 477 568
186 478 926
158 36 282
27 460 944
43 333 208
95 321 856
377 109 529
267 66 354
312 477 742
289 105 297
267 34 56
107 268 263
270 169 424
123 385 393
392 133 236
460 337 639
7 453 581
141 22 973
237 130 644
392 265 76
62 475 975
53 18 602
330 141 529
267 321 495
213 303 344
118 13 83
65 105 929
170 199 928
158 227 653
409 117 829
327 247 195
269 353 66
337 314 90
54 435 990
32 363 219
347 70 706
441 66 344
249 325 761
211 355 136
133 31 769
277 417 178
337 227 774
177 205 787
363 44 35
312 367 850
113 143 968
16 267 723
248 475 255
195 285 397
189 227 854
25 286 29
327 128 798
15 187 325
57 159 584
399 76 758
413 335 487
89 439 722
316 276 717
351 243 245
198 448 779
410 439 343
124 29 106
99 236 83
165 232 948
139 137 688
228 477 790
155 156 57
267 432 430
90 355 594
109 316 321
153 403 796
167 131 975
323 154 400
130 135 419
421 145 439
335 167 774
459 129 190
404 73 356
370 242 98
327 204 214
86 464 157
321 229 991
361 213 378
297 55 415
471 325 618
477 294 852
99 142 770
9 301 203
381 167 710
49 135 168
210 1 160
431 413 687
149 374 299
193 172 269
435 213 268
281 182 79
367 39 136
357 312 249
21 183 277
281 244 926
147 160 782
142 148 307
455 184 445
305 183 409
267 283 347
130 346 662
171 245 969
293 166 858
220 395 560
29 127 461
131 141 901
352 365 148
365 7 215
292 473 574
189 358 378
344 24 124
201 163 511
286 386 694
469 260 955
291 271 721
161 363 328
85 277 632
289 183 333
112 136 923
141 294 964
75 209 238
11 203 240
247 348 231
253 307 368
324 135 823
93 101 766
120 71 781
93 137 393
430 375 521
457 82 928
67 21 788
135 389 116
328 459 466
215 132 741
210 387 446
90 125 732
131 350 218
2 461 579
477 123 969
417 442 80
447 31 323
312 318 116
101 343 906
222 63 312
164 426 426
113 61 611
137 415 399
33 359 748
173 369 837
293 373 832
221 127 536
308 419 437
76 88 963
9 143 398
135 12 457
171 310 470
185 182 497
391 21 816
319 453 367
146 329 565
253 170 796
57 401 995
311 413 111
1 397 958
421 167 325
257 288 523
245 279 479
261 161 133
413 65 594
193 207 483
421 431 872
316 299 418
389 227 489
415 265 91
316 349 521
457 369 991
107 390 398
279 79 941
397 423 876
7 449 302
237 326 43
281 257 129
259 436 357
119 31 475
233 128 425
99 74 49
283 281 94
18 276 688
310 201 788
72 143 128
1 119 834
361 24 93
5 417 997
388 419 303
451 371 661
343 293 283
275 331 262
29 60 493
51 115 678
463 225 847
283 234 585
125 345 870
393 137 334
249 304 53
4 129 854
333 177 204
431 429 512
55 115 169
273 263 989
381 339 55
233 240 75
477 335 476
247 81 38
363 222 104
165 226 999
68 65 489
421 263 639
453 301 402
339 239 757
403 355 422
436 127 743
315 271 807
51 385 117
445 433 429
267 230 19
390 179 414
185 321 997
222 327 655
178 229 834
180 394 232
155 421 548
137 24 617
45 337 219
181 119 905
54 177 111
9 169 963
407 263 732
52 89 764
377 245 202
155 240 127
209 369 611
113 141 968
305 309 197
365 157 913
299 420 146
211 178 42
433 141 855
258 444 549
27 381 647
203 451 575
360 334 345
432 272 229
164 319 942
95 268 365
286 291 928
347 373 680
110 48 790
183 254 798
279 232 963
331 391 794
283 470 128
186 105 729
377 442 373
235 277 837
250 66 558
441 415 660
345 49 241
45 281 283
109 306 967
239 241 487
476 453 696
246 149 799
301 447 707
447 65 604
439 3 726
123 199 412
374 259 218
100 389 635
180 403 102
47 291 380
177 167 526
30 394 592
116 205 35
187 87 822
83 281 496
400 265 720
9 251 764
303 291 610
475 7 267
150 33 829
439 311 684
255 367 578
239 439 762
11 287 379
291 398 217
421 445 560
173 157 691
139 349 110
165 277 45
349 466 304
37 251 938
476 223 493
205 161 879
25 308 779
31 219 750
255 242 789
351 397 428
120 228 928
365 305 640
118 301 980
48 189 694
26 64 362
390 159 382
28 72 383
473 95 290
99 173 70
8 217 47
465 452 197
116 369 900
231 470 640
441 177 440
293 363 790
301 93 565
263 177 41
209 175 887
142 275 983
274 475 929
392 387 498
145 78 742
115 5 138
293 175 122
413 256 473
287 114 549
475 138 311
421 168 420
239 85 315
398 279 246
471 432 259
170 243 347
241 321 573
187 292 325
43 361 582
43 55 369
24 333 533
17 204 353
307 169 783
313 343 849
11 449 1000
35 427 767
76 142 527
154 140 395
161 37 845
396 53 330
438 363 867
137 431 292
78 315 372
159 179 182
57 140 747
199 385 136
380 399 13
217 385 863
187 71 534
251 148 356
217 313 395
391 171 242
47 309 874
296 256 767
245 461 311
129 319 731
311 18 654
399 461 812
39 117 614
151 347 721
251 208 350
150 159 648
304 55 586
319 191 609
45 181 537
9 355 735
277 348 792
195 428 361
427 255 845
417 433 88
75 254 959
169 353 990
109 247 155
143 3 834
34 61 917
49 407 860
353 223 287
467 161 248
103 295 129
190 216 240
153 425 994
389 191 909
244 419 830
223 11 984
9 375 522
312 171 149
312 134 327
295 291 773
415 257 522
355 51 431
170 378 476
290 37 805
440 448 603
421 318 828
463 209 872
210 191 349
6 162 291
289 153 253
139 400 786
289 449 65
229 440 697
139 391 600
465 255 370
124 113 501
303 451 654
95 122 440
66 443 179
95 317 665
259 281 621
148 197 455
174 455 524
351 419 89
21 30 119
325 155 226
359 427 694
56 95 278
281 361 1
192 422 577
247 226 581
264 357 970
30 171 317
339 439 94
394 219 739
144 341 86
449 77 62
304 5 992
123 296 396
22 422 805
137 435 601
291 115 988
259 321 475
249 349 645
190 198 30
205 387 331
107 285 123
461 288 979
227 87 271
31 313 641
250 477 815
317 462 871
296 200 175
371 25 729
195 242 531
405 402 656
234 156 417
127 35 33
205 91 58
1 11 156
129 297 465
239 327 844
415 149 947
111 323 953
370 68 397
118 335 973
186 319 139
390 366 606
148 73 857
28 425 2
3 325 821
456 256 240
263 185 929
307 146 806
215 17 510
171 295 400
393 27 201
343 7 464
75 129 920
178 300 569
265 361 818
421 81 248
283 380 641
138 409 284
34 166 782
249 346 824
445 75 141
395 433 221
240 305 303
135 82 336
329 419 153
229 257 182
155 477 472
115 249 523
277 104 953
37 329 383
333 185 28
127 374 519
359 343 570
9 253 934
309 53 523
207 206 503
99 339 466
337 383 949
231 245 641
72 398 855
301 417 698
1 206 158
351 45 972
103 233 965
229 293 119
121 286 449
273 176 15
357 261 354
75 405 627
373 260 241
303 141 680
219 75 273
94 231 1
265 111 93
78 237 97
383 285 425
321 199 363
257 271 451
111 363 987
415 49 969
91 195 786
261 139 952
428 292 383
42 437 466
377 412 81
58 419 175
147 15 2
357 371 918
39 187 304
371 159 257
181 288 11
131 28 564
377 456 2
359 142 281
89 107 511
163 265 578
45 287 734
121 217 827
249 108 486
42 95 334
201 217 900
87 113 611
132 155 514
471 345 394
369 9 413
348 365 614
295 375 27
23 239 869
230 353 229
52 60 589
119 469 381
169 178 318
10 25 287
83 367 385
73 401 541
335 270 829
401 69 876
425 85 961
312 163 641
118 331 455
59 203 968
342 56 521
345 389 220
437 182 643
249 231 542
396 327 661
153 401 393
421 426 829
477 307 434
188 419 941
296 396 763
233 35 842
250 89 745
274 341 793
207 194 335
389 5 281
208 205 338
99 259 155
11 104 224
371 429 518
283 269 449
331 263 753
359 269 432
281 82 487
239 261 955
338 457 437
12 240 485
78 167 905
159 113 318
33 166 459
236 218 196
41 171 101
247 35 745
349 376 128
149 199 353
407 364 83
437 167 593
427 37 719
25 172 597
416 450 27
153 454 546
347 65 64
289 260 284
475 359 817
137 331 600
17 271 719
221 201 600
98 327 815
115 362 390
19 306 120
21 96 728
319 333 506
401 255 877
311 453 632
268 139 324
414 438 174
249 265 944
197 31 893
109 267 106
155 429 270
337 37 923
478 297 365
118 161 825
77 360 624
256 143 578
313 107 498
353 355 403
201 315 158
449 12 587
75 167 412
459 223 512
213 277 261
478 166 53
151 238 496
401 242 392
263 154 475
188 341 63
7 263 849
41 437 173
403 433 653
75 457 841
163 236 945
357 5 486
213 471 244
437 341 522
319 355 447
79 59 647
195 279 859
25 293 66
17 263 572
370 87 202
354 463 784
190 393 367
242 361 906
279 335 97
349 119 575
13 255 67
124 323 81
179 229 268
257 207 421
411 299 112
19 190 224
71 51 929
31 57 401
53 72 593
257 279 572
177 407 339
173 452 317
23 383 883
417 185 179
390 144 324
5 173 237
431 129 620
364 99 94
45 195 348
415 1 427
200 295 551
477 309 948
378 41 397
355 131 804
345 373 787
451 356 323
164 125 476
89 264 586
245 93 480
181 466 842
138 174 983
103 241 285
287 28 468
184 413 359
298 9 754
163 77 707
397 163 913
57 79 171
135 213 50
453 312 99
4 259 463
105 215 655
474 167 280
266 341 122
376 11 972
437 287 231
264 465 729
333 103 789
28 231 309
477 127 66
77 142 73
287 193 33
154 83 286
66 207 417
71 375 977
163 80 50
23 231 230
401 144 25
429 298 538
445 91 97
253 415 247
451 281 463
11 453 864
357 307 867
271 64 694
39 131 845
379 8 571
354 391 133
451 149 890
309 213 804
395 464 479
173 365 787
173 39 612
25 211 142
191 383 279
161 341 952
217 175 392
252 250 63
389 61 469
144 247 312
435 36 151
469 299 389
269 239 325
413 260 316
350 322 206
165 8 670
453 469 196
35 252 422
49 290 175
61 116 591
197 441 903
185 9 20
20 172 813
211 76 591
175 371 524
461 175 214
187 313 313
141 41 83
81 119 338
125 250 96
184 391 100
49 23 200
367 443 229
221 243 680
449 347 650
327 89 459
237 195 304
363 103 151
427 275 365
401 270 262
57 330 34
477 50 590
209 32 41
118 135 623
430 297 674
190 77 817
111 105 947
241 71 49
339 372 268
76 13 522
165 181 58
39 327 962
367 319 994
365 474 338
329 229 476
308 11 577
147 177 154
363 249 2
417 225 550
105 245 648
189 65 577
213 223 276
461 369 756
250 340 970
139 84 717
89 433 773
465 401 839
455 235 65
4 36 230
39 427 342
211 130 269
217 409 945
117 171 317
9 475 189
320 369 533
7 129 359
55 89 598
378 79 354
299 213 299
105 442 433
235 117 816
119 155 739
138 410 971
187 389 113
88 211 139
265 234 317
93 41 691
267 40 308
277 472 354
264 333 687
466 55 287
397 201 147
316 145 719
271 1 633
470 464 228
424 289 256
345 45 768
293 7 842
441 165 100
5 61 449
223 37 840
223 279 432
41 45 636
392 7 763
402 327 621
43 281 456
475 393 836
17 303 219
249 335 480
94 457 28
22 49 210
452 387 227
293 450 866
38 469 239
124 308 663
472 87 48
401 453 572
189 181 502
387 331 70
393 349 196
429 232 127
211 230 506
353 99 60
129 429 219
261 441 100
363 411 408
375 159 41
475 347 731
94 36 613
67 322 446
441 319 10
71 386 132
301 87 820
143 377 607
119 143 156
352 474 897
218 196 653
63 231 519
464 5 815
107 193 857
450 7 608
261 71 222
79 390 783
475 218 372
99 327 853
131 177 969
32 45 536
409 159 804
291 413 435
370 105 721
285 166 381
395 389 190
165 121 883
123 417 477
40 92 63
321 398 531
421 163 963
377 362 124
337 245 878
200 67 600
238 439 889
249 221 924
411 125 801
367 382 666
80 249 765
371 312 335
289 231 676
78 25 58
33 51 526
159 469 287
341 167 992
304 229 957
36 258 179
185 177 598
63 117 279
173 417 337
303 256 616
399 478 662
473 250 654
10 126 449
249 202 775
373 253 82
15 125 547
137 398 767
344 253 439
467 477 403
94 165 146
7 351 786
422 107 455
276 51 584
149 338 575
85 235 598
333 271 639
271 195 396
443 329 362
304 374 634
459 241 175
460 105 365
231 21 197
37 100 490
87 336 759
286 447 452
167 306 545
97 172 236
85 183 294
99 279 102
415 429 114
428 273 122
19 207 402
433 150 826
7 376 732
96 249 81
239 396 544
425 299 976
251 17 650
7 15 935
119 187 19
433 189 862
25 409 815
255 68 714
97 81 632
49 425 875
113 23 128
291 337 992
293 469 313
25 255 763
287 231 238
297 245 651
13 40 456
42 17 727
48 351 878
105 315 968
234 387 279
435 346 484
100 333 308
149 159 441
399 323 961
213 179 958
281 317 861
119 127 261
218 181 864
50 201 754
114 419 143
73 397 832
78 182 604
287 435 73
159 31 925
255 209 236
56 62 250
160 409 219
101 21 232
164 173 78
263 363 455
418 324 362
417 396 688
101 246 580
92 245 765
317 298 709
86 204 630
129 102 362
211 109 922
415 95 734
172 259 34
351 401 797
249 215 418
251 478 638
346 391 772
13 434 350
327 471 95
345 75 675
212 478 247
64 110 818
117 219 61
224 25 521
90 372 919
20 456 861
237 200 718
103 206 326
301 275 766
149 272 741
460 354 170
424 156 616
39 447 217
72 378 672
156 243 792
435 295 693
67 391 561
129 387 691
130 27 259
44 119 697
334 354 397
477 267 445
195 414 791
435 73 979
340 201 135
175 373 815
48 45 915
61 383 948
122 213 84
166 155 774
344 461 515
317 373 41
78 132 159
29 167 387
193 93 456
213 398 980
429 22 743
208 91 362
239 321 560
107 201 969
421 359 722
79 337 52
417 293 218
49 199 979
15 199 243
441 53 323
237 95 416
323 123 797
406 107 210
45 58 187
253 83 462
117 223 973
277 391 52
375 39 608
463 460 189
110 263 336
367 452 809
379 182 390
381 351 915
163 431 229
131 111 46
25 79 553
58 131 950
1 189 124
319 433 638
286 46 94
136 440 923
153 65 768
138 241 958
110 161 558
229 340 708
367 244 516
24 444 498
37 396 303
163 471 243
469 220 14
357 90 443
191 357 886
183 53 7
152 463 885
423 170 254
249 73 458
247 71 449
436 271 564
249 89 765
441 131 589
105 336 146
398 301 960
380 471 839
273 83 422
365 289 967
169 315 78
253 231 117
41 251 560
23 149 32
303 375 276
465 459 880
315 403 597
81 277 738
428 399 301
359 46 563
307 283 705
411 114 647
387 308 763
476 378 955
357 1 161
391 443 500
11 321 209
7 157 603
139 99 250
385 408 151
229 357 448
11 119 470
131 222 428
243 460 701
41 268 278
431 99 363
53 29 161
385 255 601
181 386 288
472 211 165
310 52 342
297 335 31
178 241 873
105 157 414
261 410 698
37 284 300
259 349 130
306 45 240
257 233 85
187 203 585
352 167 779
283 228 212
385 107 89
64 72 767
427 219 789
437 285 111
62 24 821
245 414 648
337 53 833
471 151 167
95 219 333
37 147 342
97 115 258
302 255 789
221 291 551
351 37 103
5 419 702
439 405 328
335 182 124
303 337 398
102 171 38
451 467 883
25 384 111
279 221 468
277 313 775
69 408 707
105 243 902
453 281 199
401 44 597
377 311 228
461 117 278
175 317 555
333 437 181
60 269 216
143 93 28
181 215 366
373 218 951
318 83 141
62 246 11
285 349 755
13 21 935
19 151 234
107 359 87
379 13 976
199 25 369
93 102 300
305 464 814
239 144 951
321 38 209
115 339 799
108 125 313
147 33 287
369 102 210
352 289 245
263 456 224
24 399 50
218 477 723
301 382 425
179 13 138
13 403 83
234 107 874
131 140 509
21 172 427
448 394 143
31 34 268
263 148 542
40 11 870
1 80 647
406 276 889
153 283 375
218 397 990
164 61 293
307 131 347
63 99 562
273 375 493
246 40 360
377 217 117
219 123 246
17 297 732
106 208 943
149 157 949
179 267 573
5 176 592
244 119 924
145 181 83
273 161 659
92 86 705
337 223 951
304 8 439
217 123 653
253 347 404
128 126 207
45 157 435
49 335 908
195 314 314
109 319 252
281 102 582
162 366 813
349 293 996
356 437 719
359 308 526
145 365 298
346 83 549
42 466 141
197 45 681
24 95 561
223 439 563
465 7 705
203 420 118
59 341 28
475 461 353
103 85 185
158 280 856
81 329 99
57 446 855
218 169 873
416 447 220
9 327 691
133 411 110
245 395 755
73 386 428
244 167 130
442 14 728
57 32 738
105 189 38
43 57 401
403 91 253
181 199 192
227 435 447
423 386 308
9 88 817
27 390 598
163 255 62
247 217 555
274 225 9
424 303 585
115 123 332
55 91 302
85 326 343
393 17 127
307 326 270
1 270 204
243 466 258
181 259 188
369 159 642
50 212 485
171 331 32
103 21 601
55 27 464
220 339 60
437 424 525
13 192 450
435 269 972
28 217 253
302 224 169
8 463 746
45 71 721
147 353 125
321 421 89
284 197 677
443 388 967
125 283 964
405 433 776
227 47 207
414 441 982
235 223 945
208 165 222
155 109 317
337 93 474
9 51 508
123 440 907
253 295 651
207 94 752
279 233 486
65 346 557
110 332 872
368 375 805
183 137 496
381 461 79
349 161 485
143 327 939
133 345 645
404 83 570
313 247 430
232 155 138
241 233 75
327 130 820
142 191 207
147 195 804
17 477 371
393 427 198
219 251 828
345 371 29
384 45 373
388 301 346
405 40 374
69 3 50
435 469 421
359 121 574
21 459 434
27 350 63
454 128 562
272 386 362
265 328 207
167 293 24
324 53 744
8 92 891
251 245 560
331 335 620
37 61 552
463 65 986
121 425 806
343 21 50
53 429 479
228 411 394
245 135 497
109 107 772
327 365 306
21 239 802
355 328 4
443 215 888
211 419 585
39 83 488
271 293 173
4 291 299
328 365 782
85 231 33
429 99 834
253 15 314
83 124 97
173 280 978
65 469 440
129 85 837
245 36 499
87 383 846
247 365 631
478 431 827
75 39 4
347 172 434
335 51 984
205 473 146
237 291 728
265 373 774
99 275 752
83 445 485
362 99 751
443 299 679
333 1 858
419 163 504
45 294 311
291 127 268
409 183 927
413 89 854
76 385 372
207 147 398
35 267 646
11 55 227
84 109 97
21 233 373
355 413 227
311 334 99
37 93 240
251 301 882
331 11 246
317 453 316
157 19 14
4 283 529
191 409 664
322 24 185
3 181 446
333 140 890
280 309 279
414 256 221
341 171 759
154 261 496
75 142 417
430 346 210
418 385 808
414 286 635
251 115 126
75 153 741
5 348 111
276 45 405
298 225 671
305 221 866
147 76 492
93 32 897
15 139 588
357 17 42
367 369 878
295 303 934
423 477 100
10 46 15
313 449 273
195 145 264
31 81 169
455 71 798
445 240 457
75 244 610
301 105 957
16 334 400
437 202 410
305 160 495
75 403 990
63 121 466
335 141 32
53 188 233
359 291 800
385 87 477
45 450 151
329 458 7
113 1 322
429 409 676
279 289 385
167 11 426
5 431 838
48 369 369
179 139 861
90 449 486
163 379 743
89 69 754
349 129 342
422 407 314
53 1 907
337 287 952
355 161 778
34 112 632
329 461 931
245 50 365
311 15 833
355 229 322
211 56 64
4 343 59
42 39 390
393 315 15
425 45 66
334 459 282
171 158 593
165 103 101
352 143 809
349 265 814
325 221 440
425 195 69
37 155 870
385 455 279
305 42 467
303 157 581
250 373 937
219 207 88
369 319 552
347 389 199
51 10 266
411 223 157
399 218 362
181 171 144
161 241 8
162 153 80
187 330 491
154 186 27
105 255 662
247 85 881
449 213 806
73 471 927
359 103 445
56 5 27
91 344 37
174 317 749
5 125 863
76 68 852
267 209 143
279 153 246
21 229 255
53 223 34
477 215 488
379 295 627
404 461 604
353 115 305
219 209 348
237 41 148
131 117 381
273 110 30
284 421 793
197 475 599
59 364 714
347 113 824
371 426 469
382 149 85
107 260 668
147 234 853
357 397 305
423 297 20
161 207 897
170 315 987
417 407 693
435 235 720
319 326 469
199 126 453
313 242 156
317 9 526
191 51 142
381 379 141
267 98 40
92 139 844
43 177 859
192 51 230
126 281 266
311 467 18
157 102 763
133 295 287
366 370 673
103 145 435
221 135 491
370 287 484
241 279 970
331 354 780
107 322 54
257 243 108
241 225 847
290 223 830
31 188 60
353 186 3
419 191 268
93 477 714
209 47 577
15 69 111
105 43 470
259 167 25
471 75 409
103 465 766
17 292 712
459 95 706
31 121 72
91 73 893
451 335 298
219 141 104
368 255 246
109 305 776
1 455 903
164 358 111
197 254 990
350 464 541
223 1 747
381 121 786
139 417 493
190 469 20
155 361 623
393 270 369
289 253 655
208 95 148
9 423 339
329 315 103
217 37 261
123 347 546
79 467 587
143 193 744
462 348 51
282 51 457
283 379 768
181 175 201
327 129 445
353 374 675
249 460 824
433 93 182
311 441 227
17 94 636
162 418 586
103 394 265
67 347 946
169 295 328
455 295 681
269 319 305
191 346 336
10 310 164
23 125 528
145 39 570
123 278 522
203 302 488
135 387 450
87 101 524
115 260 296
115 244 858
389 467 444
273 73 658
390 476 257
69 30 778
249 33 622
393 345 273
339 375 72
193 403 14
405 442 873
169 398 634
120 455 663
359 10 172
460 129 768
113 466 376
38 277 588
309 349 677
143 202 233
407 409 598
467 345 398
97 388 822
379 187 40
39 455 532
439 313 260
230 194 34
113 452 631
161 465 194
155 459 616
451 29 20
125 293 305
419 459 934
355 349 161
32 38 939
429 235 315
240 153 282
41 320 939
146 338 276
1 81 891
79 287 1000
393 391 802
212 276 550
374 30 731
317 448 743
365 196 56
226 246 530
291 371 974
362 433 242
239 325 542
459 301 105
311 136 219
443 82 405
353 349 945
275 273 476
43 175 577
225 119 253
50 295 625
378 237 811
122 126 329
195 33 90
263 163 720
329 7 29
106 95 198
271 439 817
163 371 840
343 251 870
93 14 763
67 466 793
325 51 103
155 103 899
81 352 70
350 103 151
63 97 806
445 287 616
51 112 939
239 115 980
421 127 523
63 345 302
187 198 33
269 335 268
277 161 882
277 297 791
419 257 184
299 23 20
386 289 839
370 389 791
23 17 42
393 317 462
206 417 700
203 45 936
249 330 550
47 317 726
227 343 687
267 61 211
375 382 295
76 349 926
477 120 329
35 169 911
451 7 256
16 20 39
185 193 452
335 38 787
307 347 987
16 331 486
31 70 58
293 316 542
434 366 755
454 185 826
128 395 867
342 91 325
167 89 687
134 181 468
46 78 807
419 407 386
416 363 423
184 425 806
159 322 235
407 391 545
147 371 345
285 412 683
91 178 161
135 439 629
285 350 877
285 240 598
323 282 274
374 17 541
30 102 919
77 419 542
38 63 30
122 395 106
243 139 917
83 122 901
365 181 597
169 333 361
53 229 629
269 381 295
135 299 937
475 307 441
337 455 91
93 105 794
127 238 801
67 22 714
363 72 837
83 185 392
108 39 924
77 159 323
103 400 888
429 51 159
118 49 195
181 92 801
363 347 550
314 408 973
383 369 91
439 19 895
271 374 552
19 41 235
203 406 147
59 322 276
203 49 548
397 28 481
464 97 753
343 395 277
119 464 526
298 35 290
478 301 54
416 275 323
157 463 140
33 411 400
18 23 228
171 197 208
293 317 516
69 103 428
292 327 942
280 237 867
288 447 541
288 329 118
323 369 244
183 206 817
330 352 186
203 219 507
149 409 690
9 48 903
153 123 879
71 61 918
339 272 978
162 120 518
71 433 470
124 282 197
107 202 875
186 121 954
366 328 818
289 245 86
251 334 713
135 315 29
294 395 517
359 344 149
100 355 243
115 47 657
182 191 818
345 285 153
29 38 123
291 293 516
326 463 254
217 341 303
73 15 814
43 323 463
161 84 12
315 347 258
415 367 186
353 449 862
269 101 581
137 231 308
249 180 595
429 281 473
22 232 708
443 445 637
333 231 717
417 171 63
152 431 186
223 345 74
7 137 935
215 471 396
123 5 519
379 35 233
38 195 530
117 263 749
273 461 983
167 363 452
291 403 495
173 79 628
417 381 119
54 351 438
245 373 219
121 105 823
385 267 187
31 393 27
291 282 846
1 118 462
111 353 618
103 431 953
19 446 573
405 407 235
71 391 994
160 3 51
71 21 690
55 202 418
221 453 571
289 309 780
107 145 610
357 217 878
321 120 907
285 119 491
31 311 710
145 99 701
379 152 600
167 330 331
318 16 233
160 312 603
449 75 673
339 68 203
43 131 43
293 256 782
342 395 654
295 265 671
258 18 522
205 268 365
397 75 851
422 180 236
459 233 374
255 254 106
475 134 887
283 207 876
148 210 638
407 83 495
364 241 1000
447 145 257
323 19 663
441 80 925
127 63 157
273 343 527
447 203 362
323 242 91
199 216 500
367 88 99
252 172 490
155 256 252
304 93 163
394 276 318
259 68 255
359 251 540
153 313 992
90 17 439
446 229 28
58 60 946
137 477 191
317 455 798
371 318 440
69 423 162
35 117 441
8 346 601
307 227 642
16 7 918
471 275 498
281 477 232
77 125 16
251 81 979
185 471 833
31 307 478
101 267 110
141 367 461
286 269 313
450 418 591
268 291 89
453 102 610
459 30 487
344 36 583
456 96 470
309 221 713
21 42 470
263 143 664
385 115 437
434 331 290
432 134 998
87 339 228
55 352 498
115 277 229
205 1 654
162 226 297
151 9 792
27 182 14
317 217 806
380 232 822
439 72 798
71 239 701
447 243 291
279 477 756
281 389 750
240 317 809
426 461 380
467 15 297
344 223 529
379 285 777
411 42 41
113 142 215
399 179 309
417 360 127
373 137 44
201 391 661
28 65 753
322 251 27
377 105 935
27 380 370
148 254 24
159 66 363
344 421 411
300 7 669
397 301 406
215 52 22
57 219 124
324 249 177
77 188 799
180 55 502
121 311 452
126 445 630
193 49 896
195 49 540
215 140 260
93 422 715
268 441 291
88 223 887
163 132 189
13 69 329
343 429 327
327 147 901
38 436 500
211 410 174
431 451 948
143 413 114
213 2 8
317 359 78
122 50 345
465 63 421
193 305 133
7 309 969
267 163 670
244 161 53
181 239 603
421 385 891
94 220 611
306 41 994
220 333 837
466 123 979
263 372 92
215 114 988
101 393 542
417 421 789
251 179 898
91 53 803
23 460 556
175 240 907
200 262 494
161 406 894
69 161 459
241 445 220
227 55 818
195 403 147
142 56 3
169 85 773
339 129 340
107 123 824
202 300 867
455 114 614
215 65 161
106 419 401
389 115 791
157 115 524
135 457 433
126 409 431
56 459 603
189 55 57
441 103 879
297 153 99
244 309 186
222 275 773
3 232 704
403 357 617
167 317 895
250 201 92
13 180 672
473 129 136
441 382 485
129 219 661
300 155 621
69 17 296
337 200 49
26 48 646
93 343 219
52 248 106
401 387 22
462 383 850
337 122 222
317 305 291
403 261 769
59 20 78
1 73 23
198 278 757
281 23 794
454 161 631
386 47 778
469 207 354
153 347 98
76 267 358
281 187 882
465 41 569
229 325 719
261 83 162
39 214 79
7 89 314
326 355 985
137 128 365
323 98 990
156 304 469
21 438 511
439 377 839
413 319 340
97 444 337
24 327 472
389 419 316
405 218 657
58 147 654
2 77 184
468 454 774
10 207 739
53 10 330
231 229 517
8 295 312
461 161 656
23 97 557
313 239 185
43 363 415
297 191 577
409 383 458
434 71 430
67 471 19
49 133 200
288 129 921
6 307 143
117 340 282
99 33 64
233 419 784
307 366 943
447 359 465
469 163 534
106 108 12
338 328 252
329 326 831
398 463 726
225 381 44
331 109 899
425 82 969
31 317 162
300 283 946
477 437 272
64 425 443
63 398 442
455 209 540
73 287 569
352 220 187
247 419 694
343 225 153
471 205 159
350 143 534
319 303 107
143 396 158
321 157 596
115 357 294
251 118 316
415 400 950
285 455 319
287 37 796
447 425 913
193 205 515
447 352 557
247 29 280
61 123 889
243 109 256
325 335 486
283 373 562
283 261 259
51 28 225
148 29 156
6 408 376
113 478 674
67 467 419
332 239 227
203 235 289
371 95 289
357 448 297
39 400 43
344 277 608
234 160 676
27 269 176
363 154 72
477 283 177
67 445 53
450 444 655
423 58 252
51 36 471
128 49 620
23 304 733
310 143 264
161 466 902
173 16 286
12 41 776
249 293 270
331 404 728
389 289 547
391 237 974
361 397 142
72 182 485
289 121 826
439 112 469
305 273 725
69 431 339
83 29 34
303 99 790
455 467 144
291 19 274
172 333 643
222 317 762
371 42 708
19 44 509
463 142 48
199 97 540
65 309 432
367 89 63
43 194 503
312 425 927
193 87 708
198 467 866
70 227 412
369 348 630
35 387 153
434 185 327
4 403 251
101 25 617
237 473 182
339 57 761
251 284 907
126 257 220
137 247 311
177 477 585
175 111 721
168 120 147
101 213 747
355 347 691
115 462 995
265 2 60
149 283 275
115 3 891
227 193 274
291 199 876
94 452 993
97 113 856
126 305 161
108 253 440
395 353 907
189 411 445
397 67 955
387 112 735
37 233 931
401 130 829
102 110 893
447 87 280
177 251 316
476 444 330
386 65 279
207 355 870
291 90 49
247 343 359
248 3 275
226 298 330
48 186 235
405 219 381
122 232 643
29 233 409
127 88 15
179 217 297
299 107 211
145 311 507
95 207 29
201 426 166
215 389 357
145 371 359
470 409 983
191 335 647
131 181 273
429 427 351
146 319 319
91 378 104
473 231 311
317 379 623
60 176 544
340 281 740
452 407 173
69 458 603
443 439 240
109 27 702
25 285 251
456 347 147
297 237 284
389 416 537
113 217 861
243 379 919
15 48 317
367 339 919
316 300 697
189 259 190
1 59 981
85 411 53
111 55 247
23 387 695
383 393 971
103 357 653
34 155 476
329 255 715
305 381 418
217 393 910
276 91 550
407 73 30
304 215 646
12 161 354
245 104 879
299 51 912
103 267 827
10 11 10
57 329 269
183 259 804
245 140 567
258 273 764
167 38 451
345 35 842
44 369 955
344 37 337
21 196 783
227 11 886
169 37 111
361 355 780
255 223 396
133 35 202
29 62 753
452 201 885
425 79 571
257 53 467
23 342 821
143 97 440
23 157 618
138 413 229
89 334 694
323 103 705
247 97 61
168 405 516
207 211 24
311 397 40
36 225 376
197 39 709
414 38 717
130 354 81
95 125 102
222 409 364
445 184 96
127 451 369
237 459 571
419 207 129
215 93 787
337 177 837
271 27 64
103 133 408
93 73 333
31 367 73
285 400 659
117 347 942
436 283 95
190 433 752
159 388 558
169 355 945
300 257 456
474 328 146
398 164 179
179 335 966
81 439 865
473 317 122
327 125 782
366 327 128
121 58 744
1 388 539
236 457 922
281 231 899
263 92 804
278 195 429
408 223 501
35 107 50
371 157 784
204 287 900
149 257 710
93 15 965
298 435 162
23 433 141
111 79 635
47 333 948
447 361 850
47 77 441
104 465 808
413 103 686
198 331 427
429 83 643
19 360 489
133 233 537
75 95 911
101 191 920
5 151 959
130 259 774
393 113 640
185 345 285
98 373 599
103 57 468
145 86 253
18 331 757
415 189 45
235 297 149
220 326 337
237 477 557
58 451 200
21 158 907
90 226 741
366 147 274
265 137 371
133 338 88
16 98 115
244 144 388
65 197 331
167 345 245
222 171 690
391 349 57
263 315 575
267 393 492
239 103 825
434 267 580
478 341 554
390 213 929
405 95 374
1 468 443
241 227 166
399 270 280
117 101 384
245 237 347
2 311 298
79 235 417
462 157 156
377 371 134
101 309 679
401 135 908
27 131 221
271 39 2
237 47 840
43 63 263
107 303 235
251 99 937
214 459 465
5 148 17
12 69 342
359 223 748
317 42 896
242 129 323
169 362 33
3 336 625
13 376 98
293 188 199
212 281 22
218 43 613
447 287 844
473 391 88
310 397 193
231 441 927
387 115 413
362 397 893
237 118 118
223 29 493
383 307 577
20 92 138
190 409 211
82 191 639
334 330 163
214 237 405
179 149 16
181 241 332
183 40 969
220 137 726
377 367 690
31 153 866
280 165 308
404 11 51
122 305 192
264 331 421
97 371 977
286 67 486
86 203 217
297 75 381
1 175 919
129 193 427
305 77 407
188 143 827
370 128 362
326 105 265
345 302 868
385 19 115
159 427 720
66 421 806
400 431 522
325 17 938
91 213 36
29 19 76
40 97 336
269 130 774
151 147 245
239 315 652
30 117 940
277 323 145
297 19 39
37 144 186
7 189 687
297 364 570
57 117 623
81 275 272
403 181 671
455 361 638
357 173 129
431 301 319
247 131 738
81 296 91
232 277 987
261 126 578
409 77 25
147 199 335
365 71 12
78 393 989
2 394 58
393 260 283
267 146 513
15 152 988
359 303 929
245 215 930
195 467 185
149 53 957
209 237 603
471 193 571
468 438 77
35 141 441
115 371 866
283 241 72
67 129 411
469 339 814
67 237 962
429 239 91
17 449 539
249 307 542
48 385 441
453 321 663
303 471 815
364 23 688
45 434 245
402 42 54
153 201 659
351 47 835
91 59 578
87 287 284
394 456 609
109 115 72
91 255 579
353 216 237
25 136 625
451 462 195
95 260 330
85 189 748
305 383 437
337 96 788
118 95 240
129 211 595
127 460 217
183 261 345
297 81 323
369 134 775
147 478 349
1 439 64
149 84 409
323 144 999
91 387 593
155 405 505
21 345 822
435 293 789
421 79 401
57 55 741
386 169 546
131 35 98
47 427 696
414 377 162
173 333 423
229 461 850
447 213 870
393 367 608
257 32 400
395 371 312
242 171 293
223 389 959
243 107 371
94 234 702
412 67 112
405 7 858
219 308 633
5 340 939
315 56 631
382 261 718
145 242 497
9 100 945
223 228 28
424 214 667
247 437 75
129 30 396
226 250 724
425 83 587
401 265 787
341 256 342
259 389 160
319 384 907
197 431 604
249 148 586
19 11 267
427 56 304
467 229 574
10 415 243
43 301 422
31 381 971
59 339 650
274 465 378
103 153 163
300 441 597
268 365 356
257 253 131
343 297 439
382 446 735
450 160 323
368 365 230
105 6 689
355 455 698
45 473 230
125 137 306
243 167 523
5 47 640
357 36 167
277 263 918
438 141 283
353 447 993
80 375 968
121 391 679
124 186 274
221 150 896
422 187 538
353 257 408
352 205 946
13 85 788
29 252 702
31 305 700
442 270 795
231 154 815
469 345 612
463 85 835
255 20 285
229 177 205
169 173 243
302 45 410
159 325 549
475 93 271
288 273 7
198 102 626
451 275 171
409 85 201
431 320 21
430 475 615
185 122 821
33 239 278
89 291 45
67 157 730
407 270 21
215 187 711
101 53 652
213 431 188
451 87 827
459 347 700
287 80 624
161 257 987
118 446 713
27 216 922
111 441 132
120 305 494
69 223 428
205 115 79
300 443 725
83 303 613
148 134 117
406 126 663
160 51 648
351 371 941
1 103 481
207 85 598
37 158 540
357 295 815
127 354 259
144 353 925
205 362 23
362 313 657
398 411 812
75 395 160
194 261 229
261 67 527
321 30 101
153 35 510
179 135 784
219 241 287
289 327 813
407 225 591
277 39 293
1 41 278
250 265 956
443 239 795
295 368 848
393 353 925
66 431 665
466 333 980
129 315 585
413 233 174
239 36 523
234 169 628
10 137 843
19 416 159
356 185 183
173 405 130
211 182 931
161 129 17
138 385 543
229 348 351
321 344 49
203 42 249
467 437 294
359 170 142
26 217 391
193 37 539
369 30 88
275 33 940
327 355 962
241 231 428
351 303 131
327 3 123
301 386 135
306 291 767
269 149 469
67 250 276
326 339 487
474 429 328
39 441 754
17 441 17
189 97 944
457 167 513
349 467 772
421 111 542
87 11 756
418 329 531
278 319 504
199 132 560
200 61 346
273 10 984
285 321 20
233 373 739
55 79 564
263 385 241
77 275 969
194 186 366
349 214 363
266 393 523
171 159 955
251 267 332
97 147 443
233 66 92
317 23 584
157 475 132
105 210 892
201 103 470
190 416 449
461 124 19
299 71 347
435 408 67
43 273 855
303 195 970
41 391 712
179 339 152
283 224 541
111 313 628
155 161 971
205 152 553
283 298 205
289 317 864
199 339 108
348 73 997
434 442 93
13 245 132
463 301 693
326 293 513
109 186 447
435 437 252
188 351 130
421 199 770
312 465 82
435 197 799
445 377 139
123 49 792
211 262 884
61 373 734
66 70 466
370 256 935
428 437 504
193 131 455
474 405 377
26 219 537
421 327 28
321 209 902
471 292 952
233 321 150
363 426 910
325 1 887
107 273 728
158 385 754
347 247 947
244 352 300
240 430 696
202 465 872
332 394 570
7 247 353
243 363 214
157 11 976
283 317 245
416 105 503
194 14 836
299 34 101
117 323 254
171 227 234
225 455 619
89 177 72
263 35 650
421 311 327
367 7 914
163 467 242
370 170 645
227 39 800
431 153 185
472 297 166
415 73 243
277 291 156
201 336 886
43 415 92
471 156 370
95 477 105
147 133 925
388 461 694
247 101 304
51 328 407
230 447 745
51 149 952
279 308 667
430 119 7
250 195 563
428 157 573
262 223 784
179 83 103
183 10 780
296 109 870
25 422 663
115 92 313
413 360 108
1 121 507
266 243 403
223 301 589
66 375 449
1 5 2
29 301 290
401 427 47
351 291 36
130 449 412
227 77 375
109 385 356
66 249 891
65 205 96
39 51 815
183 169 846
327 320 113
397 175 964
301 65 750
161 243 2
236 167 46
177 44 114
450 64 4
76 42 479
69 355 833
331 394 277
249 145 392
51 287 316
89 324 416
359 191 961
460 96 906
149 281 491
297 363 487
387 277 705
35 203 575
339 131 481
179 183 440
447 297 355
321 356 264
431 167 974
9 79 850
61 31 764
56 37 206
365 75 406
51 254 500
219 79 814
37 123 545
209 35 459
72 444 504
149 61 186
219 238 669
325 131 188
413 225 546
413 11 765
183 441 610
98 467 938
363 425 772
225 255 94
191 373 305
1 21 689
123 159 357
255 457 788
313 11 988
370 15 8
13 445 292
105 152 303
5 269 502
261 227 244
66 413 413
347 403 976
437 184 797
241 47 139
145 455 203
118 329 743
279 415 423
57 23 495
437 311 402
149 30 425
87 235 269
445 204 71
459 280 961
129 353 14
454 303 351
337 171 347
219 373 350
263 220 844
259 452 917
151 436 331
279 1 784
240 326 61
283 377 662
301 159 49
425 155 371
96 135 299
179 208 320
45 395 880
64 353 719
307 16 970
114 361 425
385 111 401
236 229 50
442 217 69
225 101 527
263 391 880
351 34 327
297 201 901
307 231 620
289 427 90
160 266 445
23 91 642
227 463 99
57 41 591
168 219 7
272 115 133
7 63 990
96 467 141
21 431 717
304 320 822
106 246 767
37 203 389
429 55 931
69 224 244
147 470 512
65 151 504
459 131 381
41 101 970
76 20 716
230 470 909
117 197 616
313 424 407
153 203 494
447 183 757
361 451 188
391 465 369
129 149 496
231 51 319
472 319 112
427 399 821
87 159 298
352 371 941
447 1 630
7 114 708
350 329 556
37 405 711
75 388 819
421 211 259
271 145 690
325 125 516
400 386 63
25 367 698
321 265 406
396 343 621
476 309 928
333 187 743
177 8 808
57 53 444
316 384 468
365 139 812
69 307 402
181 385 675
364 215 490
133 418 346
149 153 764
283 187 395
47 392 823
467 351 143
253 452 154
401 101 356
389 409 103
195 272 119
469 346 864
263 362 77
331 329 115
259 203 398
7 103 565
22 245 902
283 349 232
143 179 139
380 437 457
361 417 697
188 35 962
9 299 7
163 470 486
151 271 322
182 61 150
91 229 687
419 465 409
87 369 542
27 148 868
135 435 364
349 92 5
41 252 542
264 185 503
156 258 549
331 23 195
213 63 683
65 57 105
181 35 189
453 179 357
187 55 675
357 277 501
260 207 438
415 333 629
197 159 811
95 383 216
90 26 17
376 125 459
423 281 417
209 113 737
234 236 551
187 263 207
1 10 191
332 51 141
446 178 810
20 40 65
110 445 563
358 142 626
164 239 239
363 229 80
384 329 748
25 414 974
233 455 697
313 193 561
100 176 652
37 259 473
265 133 811
256 357 655
179 129 268
6 366 341
348 473 837
44 53 367
365 124 740
90 239 164
162 355 458
242 325 813
136 427 735
305 459 403
171 411 403
457 205 976
341 55 291
405 217 480
254 227 306
349 294 759
5 343 787
83 433 486
175 389 704
233 57 610
253 308 200
454 165 42
35 455 591
224 243 495
286 18 297
323 195 335
71 29 416
333 269 513
38 231 931
287 313 876
395 394 956
280 65 918
233 67 80
156 183 993
71 442 946
317 199 852
181 249 796
152 381 605
453 433 885
1 38 541
89 160 725
69 29 303
47 315 925
461 447 261
175 266 340
105 126 263
319 397 245
410 299 841
233 210 555
295 119 38
121 237 815
466 473 991
49 338 868
333 465 739
215 26 966
219 249 232
477 461 704
61 239 657
229 254 653
401 91 707
9 97 86
225 13 843
183 322 843
157 265 664
215 183 328
429 174 682
229 223 910
162 351 887
51 130 869
340 63 996
231 412 460
381 325 845
397 347 935
305 8 700
122 453 481
414 295 865
5 55 160
468 22 547
142 30 239
463 127 85
83 389 844
272 293 995
467 427 800
376 178 487
226 399 986
145 361 717
256 101 620
305 153 775
299 43 764
211 67 802
9 231 74
343 385 398
162 405 603
19 38 161
277 413 358
432 387 479
438 427 503
196 73 183
319 419 651
233 295 951
210 251 768
273 93 162
163 164 952
59 437 662
369 13 802
159 363 533
168 103 504
151 407 745
220 466 130
146 415 447
101 131 192
87 463 31
472 174 287
165 421 710
407 161 848
247 231 780
393 283 751
137 360 629
39 70 839
459 254 515
359 263 555
373 203 786
79 233 876
465 175 246
421 460 752
25 185 273
3 200 421
137 317 856
77 324 380
182 118 427
397 449 623
366 385 933
173 419 82
115 93 586
252 261 165
114 139 836
28 130 45
478 385 899
425 183 954
349 193 265
179 361 408
324 117 734
313 1 40
346 448 125
434 224 798
386 445 694
35 276 678
411 427 961
366 27 143
95 241 787
342 157 941
129 299 749
305 377 436
201 99 784
251 459 786
387 121 318
184 315 583
343 183 280
73 189 983
269 114 192
453 475 11
366 93 504
439 86 812
182 453 125
309 175 180
167 213 406
347 341 931
84 429 118
314 463 662
357 149 50
362 241 326
62 287 195
117 475 936
132 185 837
17 355 748
188 177 718
175 297 570
377 460 612
468 351 543
353 149 526
207 7 923
85 165 157
123 429 275
211 393 680
179 36 47
469 139 127
365 213 63
68 311 87
353 394 927
265 222 937
463 436 25
357 226 794
117 165 732
414 471 657
319 63 735
379 277 227
442 151 215
317 428 419
77 193 115
445 181 164
161 289 934
194 174 393
182 455 644
192 210 711
317 461 436
475 309 839
241 451 314
65 375 68
288 434 81
212 147 287
13 205 224
473 87 378
291 379 634
84 359 363
416 455 220
279 453 419
199 331 308
147 341 300
53 127 498
332 91 432
242 387 396
45 397 657
175 245 559
87 115 871
169 343 159
409 118 286
207 126 440
243 455 344
363 9 120
181 91 76
68 386 612
416 95 537
239 231 422
9 213 495
99 401 463
225 179 394
128 33 411
243 463 482
77 87 766
92 195 340
75 425 87
93 451 698
155 248 35
167 273 826
216 380 599
335 355 685
96 438 189
438 71 981
465 302 422
97 3 947
377 137 412
411 229 639
403 163 384
275 35 509
75 359 631
470 103 542
245 23 190
313 269 950
83 15 506
275 47 989
228 443 608
369 460 483
424 117 350
239 236 706
304 98 971
7 275 75
211 84 872
117 281 234
63 420 145
44 127 161
223 356 164
245 87 604
256 363 625
89 455 980
257 337 821
259 457 585
311 388 922
139 359 57
241 205 623
249 397 288
115 45 874
117 159 867
177 357 658
473 253 398
1 28 67
283 137 217
333 127 315
231 31 831
18 147 4
113 53 361
46 123 44
245 315 80
147 446 175
416 268 406
211 273 287
477 143 46
317 427 704
277 53 11
131 421 489
335 379 625
235 468 703
447 369 930
85 34 599
353 155 837
235 353 17
391 259 424
386 417 959
41 167 776
145 130 490
277 119 73
353 247 997
247 143 168
478 188 427
283 227 16
86 167 620
13 223 808
281 363 401
293 321 162
212 294 719
91 175 666
373 91 61
167 123 388
33 335 696
248 444 940
469 349 98
289 249 264
311 198 412
99 283 838
29 165 26
153 98 337
188 271 463
405 210 368
43 189 934
299 91 499
357 64 193
199 19 922
473 135 862
457 381 478
209 249 356
69 271 927
88 373 969
249 23 980
407 361 816
379 337 357
228 362 128
235 477 504
66 180 213
111 119 374
79 115 123
415 52 382
117 37 979
457 209 885
429 443 103
49 433 57
467 275 635
461 127 302
72 358 434
168 417 134
403 375 746
181 283 271
119 177 625
153 424 242
28 455 474
263 52 671
381 303 464
187 59 232
205 304 100
18 270 648
454 159 44
331 123 746
119 393 450
179 17 971
397 434 809
279 6 683
431 299 616
225 146 495
441 437 304
475 216 599
57 49 884
20 191 5
473 382 752
32 282 571
376 21 266
123 374 230
452 69 152
13 281 550
219 99 564
1 6 301
191 61 23
441 374 748
159 176 342
94 299 438
451 19 468
454 224 71
113 121 736
44 155 147
85 81 704
233 467 151
315 413 505
447 173 711
343 355 724
25 45 987
3 111 212
1 61 249
1 216 240
65 395 743
75 357 965
299 385 128
454 328 564
237 450 726
477 394 610
323 433 18
221 11 587
54 253 78
12 197 781
171 348 350
121 344 512
261 146 205
172 374 721
328 434 482
182 3 485
65 286 495
403 289 282
97 369 339
79 96 805
264 472 328
287 249 992
61 441 816
207 411 844
397 317 935
319 330 624
233 325 713
337 362 348
258 23 117
401 219 142
285 436 507
309 64 271
356 361 376
19 353 462
319 23 712
317 371 797
35 395 465
242 398 901
257 383 136
284 349 712
176 101 909
17 50 753
376 169 799
75 264 768
61 59 517
387 66 871
377 476 793
175 61 221
113 229 421
163 105 680
93 284 882
175 247 165
249 450 671
11 332 516
89 73 103
443 302 855
73 463 917
316 43 703
171 145 162
157 299 641
423 231 210
155 389 274
389 237 897
241 390 695
203 374 457
40 191 736
286 176 604
203 81 176
447 241 553
336 323 797
311 205 489
67 159 987
27 343 727
206 441 447
178 221 38
104 383 788
175 374 135
1 29 313
274 435 590
317 142 414
217 146 227
358 233 683
16 46 878
234 63 362
77 357 914
57 14 114
117 336 842
285 73 492
344 30 88
366 405 23
213 154 471
54 75 611
387 375 493
377 239 171
317 229 979
130 127 86
71 314 514
443 283 450
323 395 72
1 4 152
282 67 881
239 50 870
421 23 611
357 9 57
303 405 850
58 233 157
246 197 436
26 423 718
315 370 868
304 385 876
472 263 635
153 427 29
75 1 270
111 117 468
371 84 47
159 277 488
373 395 28
195 300 124
41 54 270
75 193 289
157 259 94
419 384 892
16 59 963
205 204 546
417 349 353
1 126 928
355 103 717
399 48 799
243 366 734
130 41 296
285 151 286
162 133 458
477 419 501
14 293 221
467 85 444
289 362 346
103 149 254
269 178 208
137 429 265
317 417 987
3 377 678
427 327 921
77 52 97
123 183 811
193 441 564
133 363 243
442 472 14
175 89 917
318 93 141
385 280 413
229 300 33
403 137 561
3 403 240
177 105 651
350 165 862
73 64 15
313 17 330
266 441 171
206 263 483
91 1 969
61 65 958
231 364 997
475 436 326
41 24 111
114 259 616
235 63 486
401 114 337
344 389 62
81 201 568
217 429 956
404 432 706
87 379 307
69 407 684
343 124 339
283 451 549
119 367 286
83 247 780
445 201 247
439 363 311
415 366 305
21 51 536
67 430 382
389 221 181
240 355 404
299 333 483
227 145 673
281 286 304
400 287 870
121 68 122
255 265 57
337 401 55
403 437 514
165 351 685
151 452 309
447 149 176
423 88 406
476 119 588
371 339 829
87 65 42
101 129 191
195 26 82
257 428 791
205 20 845
259 185 667
391 353 162
151 31 553
434 439 973
361 261 763
212 259 244
171 437 751
40 33 375
57 86 588
466 470 653
354 188 961
141 306 172
131 102 699
21 453 440
143 185 362
315 380 326
132 186 242
223 9 582
253 477 276
369 88 616
203 263 132
71 259 70
201 133 18
341 327 727
329 423 920
8 163 935
399 69 947
259 35 722
11 14 503
71 135 737
335 403 130
389 72 674
73 119 341
39 148 544
215 405 519
278 82 756
91 337 330
27 223 939
461 282 57
391 335 550
335 428 985
257 5 87
91 163 613
51 116 869
127 345 103
212 157 382
199 75 152
201 349 874
196 119 544
293 81 720
13 389 47
240 307 756
245 463 303
431 81 922
145 231 942
391 387 776
229 281 512
393 417 332
464 387 69
435 35 942
33 403 547
229 310 135
71 417 425
161 17 92
403 310 884
321 29 418
344 319 721
10 454 690
365 59 858
217 289 504
365 263 499
208 229 86
223 340 995
149 33 591
103 109 331
275 287 542
45 295 57
200 263 237
437 411 510
189 258 801
79 175 472
25 359 704
61 143 122
433 167 472
11 98 288
317 177 710
319 423 930
356 238 27
3 332 321
106 443 608
73 99 952
151 465 675
90 95 655
218 223 531
293 234 157
449 431 904
126 220 129
129 123 529
333 166 176
165 152 976
257 345 998
235 449 233
253 291 440
421 95 141
211 381 397
240 277 73
353 75 639
284 133 867
279 69 784
237 253 589
9 407 931
61 173 863
97 99 2
363 401 855
44 205 783
236 186 166
83 259 129
327 203 556
172 395 861
303 293 89
51 241 770
111 103 750
92 288 887
3 337 300
110 10 939
110 143 837
405 181 838
301 237 821
279 355 194
221 55 777
307 175 433
325 31 219
463 313 183
447 153 78
461 139 277
17 219 776
219 229 255
111 392 598
433 163 594
329 362 927
115 137 287
431 329 679
173 167 947
342 380 727
101 379 389
69 79 652
291 294 843
185 170 647
143 395 650
363 147 240
360 339 648
305 388 477
295 100 561
421 355 901
321 323 696
409 286 603
439 334 293
141 459 623
118 181 14
311 473 461
434 43 476
192 325 219
133 320 571
157 453 430
264 391 628
90 135 647
377 101 437
148 95 961
146 414 912
399 198 388
365 459 783
225 189 209
5 412 349
291 347 404
255 467 115
55 82 961
283 297 173
3 7 729
369 53 648
122 211 131
314 350 455
209 187 198
1 77 233
367 314 615
150 477 676
287 25 360
31 464 731
14 17 776
397 13 393
97 5 113
87 45 260
473 425 347
445 227 654
343 404 68
443 326 200
85 4 28
277 349 328
270 147 204
251 19 377
416 119 571
127 99 990
295 229 818
110 354 323
364 15 609
430 320 537
371 473 316
94 395 27
347 477 43
296 93 173
67 123 880
307 429 74
232 315 238
375 219 931
228 458 521
5 121 589
26 61 830
266 257 381
375 142 582
148 232 877
409 362 416
283 378 694
177 248 187
209 65 182
361 55 908
76 21 689
422 471 694
165 43 463
398 133 838
