347 7918 204
35 332 784
285 142 128
154 242 448
262 85 664
307 6 302
155 345 599
121 141 366
338 132 715
266 158 336
305 304 123
195 148 348
16 119 813
181 206 791
193 31 857
256 318 812
107 342 532
68 319 964
269 13 349
3 214 296
315 239 220
139 159 432
313 295 503
96 310 682
240 310 943
325 226 348
124 112 319
69 93 103
145 276 405
65 26 796
144 142 442
333 345 419
322 96 133
238 142 374
203 23 50
179 218 688
2 61 696
261 137 651
256 335 104
39 204 522
233 297 254
292 174 654
321 25 508
332 16 750
279 195 202
127 344 50
200 184 195
213 117 278
162 179 208
184 222 169
314 139 675
22 88 570
15 6 410
260 12 534
341 18 80
28 194 632
223 73 61
274 334 41
278 235 236
282 49 938
140 144 409
139 335 466
237 118 784
8 23 169
135 101 75
87 310 426
89 271 899
156 250 202
164 32 736
141 60 487
214 340 620
308 54 231
174 262 369
126 259 534
190 43 336
112 191 445
97 142 851
61 210 99
322 343 447
92 176 154
345 346 203
88 341 772
85 191 748
27 189 784
268 17 232
115 186 371
305 149 545
333 60 632
136 267 891
268 238 17
53 145 59
89 209 800
92 247 99
73 314 773
146 110 122
205 110 205
62 276 334
125 1 7
215 185 728
45 183 81
318 305 761
80 228 129
173 59 439
110 40 870
90 234 181
158 8 862
343 94 197
252 113 908
336 275 590
251 137 703
292 178 568
324 54 824
280 141 614
308 231 729
21 74 949
334 276 46
60 292 617
268 196 405
56 68 767
75 126 324
289 41 756
304 87 551
174 83 207
221 1 678
123 42 757
61 236 122
132 344 490
240 211 675
15 166 711
217 59 962
189 26 247
218 322 448
154 24 653
257 259 177
75 329 8
2 84 346
32 344 219
339 40 304
25 56 340
340 116 644
40 58 152
272 102 908
244 307 668
275 331 204
325 31 945
333 271 777
153 335 315
138 201 494
60 323 401
215 329 376
79 199 772
210 79 881
300 175 388
303 269 702
32 246 758
165 83 593
111 46 571
62 80 202
70 98 78
292 133 263
226 53 413
89 24 920
22 279 822
228 166 456
170 80 202
69 279 515
316 118 931
56 34 97
317 180 416
18 213 310
183 321 669
81 338 189
16 62 179
54 251 41
243 219 17
317 275 739
192 10 108
266 275 435
222 4 540
111 98 296
131 67 327
287 280 308
10 80 741
203 232 7
197 222 923
304 41 308
208 103 444
57 347 598
294 128 635
111 160 979
159 62 232
294 323 178
87 298 53
261 124 291
33 28 473
64 249 290
292 93 104
68 70 304
213 42 969
121 259 95
328 81 113
236 180 110
84 278 746
54 264 112
49 111 218
199 198 711
126 79 39
194 100 408
93 169 419
24 243 4
128 212 975
150 137 653
48 341 43
91 268 504
186 149 13
142 268 938
17 30 905
93 189 991
100 10 654
119 189 775
38 70 949
105 37 702
40 109 453
100 34 165
88 66 652
266 302 265
244 170 879
270 125 165
116 279 960
118 206 991
342 157 36
217 146 839
92 75 55
81 170 713
203 70 788
227 335 10
241 131 722
265 247 808
98 260 312
9 205 720
303 106 600
201 312 563
174 61 624
152 225 796
233 190 104
233 299 550
260 241 82
88 218 441
302 206 282
69 51 151
225 212 433
197 206 239
238 241 420
302 329 903
112 54 401
1 58 499
309 123 636
107 256 814
229 313 375
182 76 330
183 129 278
53 258 300
5 7 207
152 306 362
213 162 395
296 78 913
301 38 667
118 43 514
184 341 50
272 111 503
224 115 575
160 258 714
32 72 781
127 131 977
269 36 151
199 326 990
311 223 971
155 133 312
6 303 599
16 294 814
258 49 412
44 283 971
72 221 482
127 260 136
138 304 860
93 297 393
299 216 890
43 120 985
215 113 836
279 204 691
141 80 950
299 231 63
278 169 473
1 96 239
282 6 709
52 122 229
276 80 692
150 290 283
319 302 913
84 190 285
224 254 469
221 234 249
97 253 720
303 166 964
174 298 498
341 232 889
109 1 873
256 222 527
26 185 11
257 180 937
199 202 370
66 166 886
294 183 56
309 234 417
139 93 160
266 72 643
13 137 989
254 283 265
217 137 890
156 178 961
94 180 491
121 197 431
22 164 251
64 69 673
172 236 866
311 254 95
23 146 927
16 284 534
334 168 912
219 254 177
67 190 713
78 73 17
202 101 151
347 158 778
309 223 796
32 291 570
112 197 691
232 30 724
164 91 766
106 232 733
318 168 499
162 127 855
324 13 359
163 286 17
189 117 381
21 159 232
1 236 479
129 192 967
246 136 431
288 197 893
144 159 530
339 217 294
85 77 247
183 32 349
156 204 581
329 127 502
304 27 682
191 345 440
11 282 404
85 248 903
225 300 424
121 162 732
6 26 907
256 309 432
162 238 174
303 97 107
114 285 8
82 207 168
9 219 709
88 331 688
155 230 462
49 244 965
60 164 615
200 116 776
268 290 685
132 118 101
247 1 963
292 82 943
56 232 111
182 4 349
58 193 719
115 63 933
207 259 93
285 244 385
114 304 153
232 180 543
319 227 901
28 178 922
108 217 56
45 64 123
213 272 836
149 78 493
284 131 8
249 189 865
144 54 995
174 232 286
218 306 523
293 279 530
322 203 719
122 48 923
236 82 306
223 269 768
60 227 246
144 274 611
162 75 444
286 88 692
87 193 624
200 142 559
267 191 783
157 6 860
52 18 381
59 228 60
305 82 289
231 13 322
234 98 18
243 127 165
347 83 668
152 161 890
245 171 824
120 276 336
292 47 25
68 176 276
270 262 77
168 182 995
174 148 847
155 326 274
154 184 131
261 320 365
152 253 88
8 266 627
166 90 444
5 181 530
116 299 642
285 69 734
302 149 63
194 282 90
210 125 979
342 331 874
22 318 607
253 139 346
215 224 226
206 156 69
48 63 273
157 257 400
101 224 486
299 191 278
307 265 901
137 62 95
77 121 655
129 200 50
338 332 623
27 296 180
177 307 537
322 76 313
106 64 137
151 92 626
25 107 531
255 209 440
216 300 126
196 264 488
131 206 667
112 229 254
103 181 860
139 266 219
102 332 285
72 164 136
186 265 514
201 221 853
123 277 118
345 189 877
73 324 223
128 300 947
125 183 87
17 117 443
219 245 425
124 147 704
12 321 560
264 31 299
62 326 494
338 274 169
276 79 384
347 50 464
34 40 226
90 110 919
209 222 443
292 9 929
133 122 183
105 343 140
336 101 56
237 322 622
8 269 446
170 20 502
121 22 963
338 294 552
255 26 796
188 312 747
237 174 206
228 292 305
185 246 852
152 80 381
164 251 667
95 338 537
8 160 217
99 211 380
271 244 564
211 213 632
246 338 132
204 213 336
220 194 668
243 237 167
321 100 707
214 268 912
262 298 530
11 329 353
287 85 216
103 314 51
35 207 501
115 244 99
100 229 536
303 40 817
45 139 825
193 133 864
56 307 216
89 200 288
322 75 586
277 216 942
208 126 239
240 247 406
339 209 785
204 227 353
90 52 993
258 203 187
62 77 337
250 286 969
177 271 488
11 92 193
196 291 265
77 78 70
144 66 347
27 275 692
282 309 873
271 193 943
337 88 602
113 273 380
111 133 176
96 287 721
200 295 835
9 145 105
161 262 374
64 206 80
146 64 676
246 36 472
287 314 647
50 326 988
171 297 214
237 133 758
190 179 52
75 184 127
263 134 331
8 141 17
276 138 808
241 120 174
42 301 502
5 238 815
256 325 744
259 188 572
238 246 93
205 70 465
294 115 199
277 242 970
293 322 675
227 178 198
309 173 142
336 37 971
71 17 403
285 9 159
304 185 810
131 106 352
22 114 980
274 127 639
209 47 635
29 312 411
10 254 238
287 342 451
344 195 737
236 215 600
102 155 877
317 271 853
241 232 782
11 267 91
218 251 371
275 210 932
43 325 465
50 297 443
154 89 607
100 180 841
287 74 414
290 293 23
248 89 247
29 296 806
207 65 787
54 13 327
149 204 382
56 140 314
101 137 352
309 113 873
137 337 485
106 90 369
62 167 328
145 310 811
227 34 202
266 59 246
74 237 758
277 207 911
93 332 13
58 173 628
47 301 715
16 300 86
52 11 296
313 16 548
278 321 105
197 22 97
47 176 816
324 305 36
13 164 356
296 256 617
41 93 187
266 108 871
332 218 775
192 300 285
121 8 317
46 327 359
5 324 851
343 345 920
197 311 388
324 112 528
310 335 285
304 184 557
161 257 383
209 178 659
41 247 30
322 24 447
264 329 712
126 150 547
189 185 129
249 97 682
275 59 948
50 96 412
38 285 611
298 223 612
226 185 219
342 200 849
6 338 256
332 228 692
293 29 276
100 240 744
299 70 484
270 299 933
284 99 780
81 18 544
213 58 165
289 258 597
185 309 831
269 215 796
278 82 624
142 7 304
105 173 268
1 144 361
147 157 627
293 283 209
305 42 785
235 38 209
306 109 624
23 45 386
247 122 375
305 206 196
304 216 35
296 59 104
318 117 148
207 11 741
159 74 857
145 124 127
211 300 52
90 337 790
237 165 375
60 110 705
168 165 520
181 42 2
20 290 259
287 152 411
271 214 580
294 295 528
162 206 824
197 314 483
281 132 469
290 124 322
325 156 741
314 331 821
102 97 256
244 120 365
342 286 973
113 218 296
108 233 538
176 338 732
104 243 223
16 221 538
220 179 712
153 247 878
62 40 673
234 312 842
333 144 872
310 282 85
151 8 294
336 107 362
70 269 855
259 233 441
158 188 510
108 203 242
282 279 470
78 248 289
235 78 499
320 165 849
118 37 437
254 270 525
322 43 903
1 168 746
159 226 70
73 104 672
170 328 246
168 133 588
151 106 241
220 288 124
268 31 823
160 38 569
250 72 644
295 12 471
269 35 346
24 323 595
302 273 902
117 32 309
275 67 144
87 7 840
42 343 536
28 42 445
109 165 168
74 235 826
97 32 345
68 315 899
27 81 614
115 174 695
118 100 209
196 174 612
20 195 425
261 58 829
111 223 856
238 3 265
128 115 456
145 132 473
26 129 628
255 191 114
106 161 589
232 243 510
288 9 767
115 194 252
67 237 583
230 324 57
308 158 262
44 214 202
7 31 921
291 73 27
263 36 778
278 40 237
10 116 456
228 345 324
52 165 713
118 317 355
34 78 131
104 264 812
123 25 896
115 185 296
121 251 547
257 188 733
170 201 972
245 44 514
308 146 668
238 282 714
251 67 1000
196 112 511
8 240 443
127 172 29
331 150 294
211 188 445
28 237 625
129 75 267
109 8 37
140 75 395
111 42 567
72 70 72
277 205 706
311 181 229
77 182 278
51 268 89
328 194 832
198 128 439
2 258 524
56 315 801
62 297 132
45 334 877
318 13 243
233 183 395
311 117 536
302 183 792
111 78 74
163 275 311
121 129 152
302 58 64
49 251 262
127 81 648
245 94 688
343 339 59
173 62 734
330 155 61
195 136 375
190 31 994
335 242 617
202 227 325
112 26 907
54 327 230
72 74 993
199 50 208
273 43 446
340 311 391
115 122 158
264 129 813
27 29 210
162 287 726
295 263 168
93 326 59
291 205 678
318 48 607
69 108 968
260 307 427
76 34 952
333 324 579
82 235 868
327 79 661
65 136 298
238 120 866
188 5 650
126 67 555
32 311 394
228 237 733
85 48 100
215 63 500
128 118 333
188 125 623
45 331 232
347 261 929
204 23 892
345 305 464
345 259 987
267 165 338
160 59 112
45 66 55
214 247 703
179 48 18
109 45 715
41 172 938
315 30 114
298 284 168
189 88 392
35 336 671
125 208 179
267 51 546
316 303 486
318 335 883
59 200 507
285 89 298
205 159 115
12 66 54
119 88 679
342 323 143
1 151 250
322 344 390
175 170 223
121 287 555
15 188 789
158 48 723
52 106 544
197 281 105
228 239 162
275 185 838
229 91 580
340 20 618
228 248 485
285 123 120
236 34 466
258 283 298
302 276 806
173 169 949
320 216 997
174 221 479
202 293 471
178 175 725
25 78 151
77 190 169
16 33 136
192 120 958
154 262 476
66 36 19
104 225 466
37 325 293
196 20 603
57 253 898
63 19 43
274 261 917
243 188 689
337 175 717
136 66 518
121 212 218
33 45 36
114 215 662
170 41 543
211 231 122
324 242 709
122 264 486
302 347 505
289 70 20
35 139 404
15 128 32
37 80 599
256 279 661
159 52 356
77 103 624
67 34 269
219 239 960
7 328 570
100 228 494
228 315 557
241 195 90
278 177 165
91 239 900
168 265 368
134 104 780
22 256 83
109 303 89
236 154 216
45 7 235
41 155 989
200 136 760
65 39 451
159 252 560
203 312 592
169 27 187
199 279 518
256 323 119
58 322 220
19 40 658
209 81 269
182 259 714
305 322 881
192 225 380
279 72 865
3 170 9
328 184 635
131 276 516
100 61 297
257 255 95
230 198 526
210 254 500
244 316 59
177 144 597
334 306 871
125 102 301
311 95 994
291 22 242
45 286 186
330 175 766
123 224 869
228 13 293
50 219 522
56 260 737
74 260 677
200 242 738
48 106 508
95 213 53
1 292 226
115 129 661
22 271 861
25 185 135
313 32 28
270 246 696
279 107 665
174 256 283
179 27 32
197 10 960
57 341 187
194 35 349
169 140 221
270 142 381
310 294 514
179 43 950
1 5 609
79 178 827
36 270 799
66 115 861
223 233 676
312 79 939
104 155 384
200 127 762
153 19 759
306 128 74
67 167 594
330 14 983
136 76 441
155 108 266
141 295 482
190 258 409
83 227 462
28 281 613
113 238 290
65 52 196
329 61 192
177 27 993
193 75 933
127 311 461
2 267 185
186 64 511
166 190 269
253 242 600
220 322 862
327 178 601
335 54 438
345 84 384
202 23 831
56 183 162
317 292 57
267 123 501
226 295 900
162 205 661
191 201 556
29 82 687
263 318 298
165 200 589
101 106 416
45 288 116
221 259 143
302 128 193
213 101 620
118 281 190
132 276 678
115 313 871
181 251 69
323 332 404
280 143 324
344 332 158
11 51 268
23 47 419
142 21 65
72 99 690
270 220 47
213 280 26
110 325 201
87 206 68
14 57 605
238 288 127
285 174 4
187 269 12
27 250 662
70 30 424
19 5 308
318 340 729
292 307 988
37 253 937
261 17 555
292 116 884
20 310 105
135 103 32
320 53 339
90 230 99
72 14 433
251 57 109
4 330 980
289 263 362
189 326 667
340 249 601
6 14 146
161 326 279
140 322 658
49 121 441
96 125 67
129 33 558
339 54 590
52 274 664
229 331 371
185 7 628
286 161 732
38 87 284
312 219 65
95 269 821
20 295 535
90 212 114
100 94 700
145 314 996
242 194 371
33 102 685
251 237 253
337 345 34
56 33 684
176 204 910
81 272 743
181 107 94
131 295 841
211 321 662
3 271 134
107 89 43
190 217 460
68 156 912
306 343 534
187 176 975
88 11 497
212 338 593
283 37 245
93 137 204
17 284 876
121 24 836
6 55 664
22 101 656
270 327 939
37 20 740
302 9 604
218 200 61
24 12 505
114 65 335
165 7 32
34 190 846
112 47 804
321 31 889
37 42 775
102 260 146
107 95 84
243 228 212
201 40 225
47 169 819
198 7 168
100 222 125
90 173 559
5 225 905
31 110 729
220 341 742
42 170 524
74 101 396
172 109 587
174 131 721
297 314 308
310 154 752
197 203 787
260 166 140
25 128 528
140 204 60
210 54 755
125 206 162
268 198 871
92 133 238
315 317 307
232 269 134
220 58 414
65 190 195
115 299 790
314 281 286
1 12 158
65 293 356
41 45 141
283 113 677
181 319 810
68 87 449
63 317 143
322 198 556
341 168 331
159 318 969
192 204 661
150 98 779
23 167 303
27 253 222
244 209 135
160 330 454
72 313 621
267 27 355
105 253 112
161 27 460
173 326 566
223 11 279
345 194 113
322 249 999
132 313 770
191 63 888
186 5 582
77 54 838
65 105 114
49 209 489
326 218 240
289 285 394
324 227 95
197 330 835
339 242 597
314 50 330
28 85 679
8 297 687
68 107 905
155 317 794
109 4 184
190 195 286
241 164 352
244 14 989
285 201 218
287 45 665
342 257 754
223 315 201
215 46 207
235 231 198
45 320 549
288 318 959
258 101 539
317 252 283
40 258 352
332 239 481
179 141 861
195 91 579
251 94 875
125 137 55
259 36 557
269 57 705
144 294 471
38 193 515
213 319 936
169 163 784
333 191 101
96 304 473
263 346 172
231 166 769
16 311 997
319 254 460
336 204 506
332 345 939
73 271 800
136 109 623
150 49 771
88 171 469
46 126 465
169 171 152
60 259 743
1 64 497
205 245 697
71 134 81
206 202 362
344 338 572
226 134 220
20 149 619
71 215 362
77 285 911
128 70 642
160 212 675
260 141 323
190 94 353
52 304 206
237 261 728
239 225 688
42 66 433
260 181 208
257 130 693
108 41 781
200 334 462
220 87 367
302 67 955
61 323 342
182 74 43
284 104 913
311 268 211
253 160 621
229 273 909
101 243 692
144 295 280
183 89 563
43 111 499
180 263 65
12 16 552
93 271 109
114 229 180
103 312 870
242 257 204
239 132 147
170 181 512
1 271 242
64 103 870
15 177 148
234 25 473
322 137 573
161 287 897
71 126 12
312 309 46
39 50 379
203 65 855
34 116 159
18 95 64
131 332 372
110 277 462
12 168 394
211 318 744
226 176 503
235 122 564
70 307 582
53 303 790
119 176 270
156 294 338
189 225 658
286 1 484
81 65 68
262 305 380
201 208 7
184 67 670
27 247 859
252 62 812
62 233 744
90 184 45
315 297 939
111 154 93
182 54 925
264 282 637
143 185 108
8 5 665
230 105 228
295 328 916
345 12 982
106 207 108
188 50 112
324 293 404
24 44 774
185 336 946
160 33 20
84 280 219
283 18 289
249 170 776
47 268 626
131 253 450
72 308 435
258 240 861
92 45 675
246 305 760
165 47 27
163 136 852
74 98 442
79 151 138
310 31 153
252 243 795
255 189 339
48 169 201
143 249 908
257 337 75
8 178 704
245 322 948
243 322 753
278 281 458
214 286 309
104 338 370
19 73 290
17 116 879
244 177 602
63 24 843
262 111 741
115 203 151
227 268 233
319 172 676
146 279 897
319 304 221
194 98 879
192 284 757
94 296 834
121 263 163
259 172 917
221 347 668
109 12 166
121 135 538
162 21 956
224 51 209
269 32 123
78 50 290
328 120 774
76 294 706
121 252 225
225 216 834
14 5 690
91 22 38
156 29 855
71 174 481
310 336 888
196 72 764
336 307 483
293 151 880
6 230 751
322 174 272
240 146 846
190 161 604
295 119 703
291 137 355
194 234 857
39 57 554
336 332 625
281 40 110
254 104 516
306 54 342
298 156 342
224 295 582
83 81 621
125 288 289
280 148 245
307 147 40
6 313 547
200 329 215
257 135 549
101 11 314
136 284 876
317 233 664
53 259 244
255 45 75
51 48 169
141 326 723
219 108 252
30 225 486
38 24 647
43 297 102
228 63 832
230 290 115
26 345 72
124 313 613
11 204 758
302 45 526
283 306 608
93 120 712
128 262 303
22 329 441
95 157 940
160 96 276
88 142 567
262 280 904
51 105 430
89 23 238
168 169 164
100 279 321
32 25 609
53 43 268
65 64 816
159 67 811
100 7 751
119 109 143
19 186 883
129 332 753
256 215 855
61 239 952
77 255 343
146 74 955
338 141 775
184 296 818
323 151 278
254 126 327
170 61 805
34 105 267
299 173 379
223 307 491
11 240 494
223 244 914
270 157 510
272 312 212
9 48 968
78 86 625
57 219 863
89 218 70
41 91 539
202 330 796
101 45 722
180 222 272
52 263 898
85 152 929
272 186 388
262 282 15
50 264 648
281 162 129
153 255 283
214 154 302
78 163 480
27 62 718
1 207 763
277 67 621
278 236 765
325 223 581
20 185 677
259 295 392
230 157 838
192 313 436
228 316 205
72 114 583
31 68 765
58 270 658
156 259 998
303 233 415
336 71 870
332 330 828
319 310 158
266 184 545
268 131 800
216 65 660
236 99 85
31 12 643
140 253 412
8 48 458
197 295 731
139 323 774
252 206 269
18 15 763
172 271 274
101 91 479
321 140 17
226 64 352
121 139 767
184 57 967
284 345 423
79 256 227
334 107 774
329 312 327
168 217 370
153 114 773
317 270 532
46 146 168
262 274 578
98 146 725
299 141 675
253 184 577
341 318 323
227 254 109
251 31 36
313 224 827
93 83 970
20 30 805
144 21 577
230 122 718
112 111 552
119 110 898
217 338 968
55 76 970
204 133 226
263 274 466
112 186 841
314 205 576
236 25 844
199 42 968
234 346 267
5 210 505
79 152 459
79 78 872
324 12 468
306 83 682
90 279 8
110 106 710
188 308 312
193 118 640
40 78 994
91 175 177
335 107 606
276 15 752
241 281 409
48 37 470
243 8 738
259 58 444
16 305 714
132 147 487
305 191 676
46 274 309
86 77 128
101 175 72
226 89 879
315 268 514
346 109 32
254 235 941
169 274 128
340 207 414
180 291 748
113 26 458
89 84 832
288 300 779
35 340 491
92 77 914
104 291 818
18 271 534
74 311 764
162 67 460
332 95 151
21 105 428
30 108 984
295 179 357
340 158 12
136 301 528
37 297 616
81 286 696
223 336 160
20 32 957
106 75 602
287 292 246
139 82 17
66 257 762
278 61 355
272 96 585
191 185 900
1 118 347
47 287 111
161 66 169
33 120 434
141 107 345
226 188 920
341 229 498
264 331 687
199 177 365
305 266 43
183 296 32
225 296 35
347 134 495
99 254 55
15 186 20
341 43 314
47 210 988
280 334 422
291 83 889
137 144 270
195 193 24
128 304 840
31 2 352
339 41 856
297 27 956
65 126 112
272 162 901
201 79 392
130 202 954
86 184 853
301 232 824
127 29 122
310 275 444
70 74 791
171 105 418
179 246 215
327 206 255
41 138 957
235 303 544
71 129 714
302 53 870
74 323 544
87 334 186
79 304 491
234 67 706
198 327 705
206 10 166
108 114 720
331 136 811
235 148 90
242 192 678
217 42 913
321 316 888
292 297 380
12 131 785
211 89 35
256 268 63
27 41 627
199 88 552
130 87 747
296 116 291
219 17 652
191 83 955
87 145 295
193 1 811
93 8 306
109 325 232
195 292 81
13 239 557
12 76 865
146 26 834
151 265 448
295 44 931
34 127 331
144 40 617
19 62 709
326 73 841
27 336 947
335 202 456
37 280 947
127 284 417
267 90 675
128 234 912
46 82 632
242 68 302
76 203 945
51 230 124
1 346 562
128 276 932
26 339 435
56 341 582
99 80 186
49 149 712
212 152 183
164 79 926
19 60 822
53 212 482
325 300 798
207 155 440
269 268 801
265 40 198
63 118 52
86 25 386
304 302 85
328 286 217
139 227 646
324 80 849
201 212 372
230 82 104
346 165 416
206 16 229
233 118 227
221 274 359
122 121 772
272 310 58
66 259 271
122 341 978
297 272 647
332 298 277
211 140 958
32 314 249
10 61 732
6 222 654
54 254 970
171 129 688
68 282 288
301 30 468
72 287 764
53 97 527
308 293 313
338 253 149
80 229 298
11 125 657
266 307 337
173 141 1
260 104 474
175 61 430
189 137 638
187 102 685
136 176 319
238 330 230
39 93 156
176 347 606
119 160 449
280 45 219
224 210 881
10 131 865
302 8 834
139 301 159
65 333 7
51 46 936
81 42 403
83 257 728
176 28 620
276 174 712
85 298 515
69 277 219
318 319 213
290 207 92
232 136 839
65 180 44
121 64 806
313 272 750
20 139 654
296 140 942
269 3 942
120 214 260
275 190 120
36 17 301
106 329 362
134 346 210
13 287 543
15 2 487
68 5 616
336 299 487
342 299 158
303 285 612
219 318 409
28 81 365
191 254 479
178 312 621
227 262 951
150 292 573
125 262 729
208 89 118
143 202 107
227 183 984
289 20 393
236 338 838
24 218 611
292 191 89
212 110 420
95 183 162
312 60 134
137 65 914
84 204 104
102 285 594
303 314 496
269 118 525
23 64 187
22 328 592
145 126 779
209 332 792
151 33 195
35 41 672
13 193 653
257 182 556
226 160 555
22 195 184
161 5 667
131 32 869
246 324 520
38 305 668
171 259 811
268 319 440
337 252 429
47 74 197
153 217 108
237 345 974
172 311 334
14 332 609
322 222 539
257 7 534
234 101 535
52 330 44
323 174 65
59 36 593
211 196 42
303 71 684
127 18 34
23 195 940
149 77 493
89 291 98
332 339 756
20 104 76
338 170 582
140 231 115
257 70 527
66 196 278
108 103 498
5 223 612
26 32 876
176 207 969
166 138 429
180 118 139
153 7 325
211 345 572
305 145 647
194 92 774
211 244 443
315 231 473
279 123 221
212 7 126
70 152 464
220 240 280
157 253 872
108 187 882
98 254 270
196 110 21
39 157 16
44 133 815
320 156 998
14 254 431
136 220 512
242 280 644
253 154 68
165 231 994
185 17 167
306 256 676
45 201 908
242 255 896
304 84 502
182 288 604
322 54 160
88 344 541
335 284 832
97 269 401
85 52 639
89 132 785
282 117 188
174 315 691
332 248 838
201 340 549
320 296 97
292 131 516
157 138 257
57 278 965
183 184 772
258 168 900
328 73 328
99 129 713
331 100 731
100 5 120
6 140 236
234 74 703
286 129 377
168 77 88
50 29 393
100 207 753
292 35 570
229 233 747
301 56 870
335 154 438
264 180 735
15 153 899
283 256 551
193 196 740
328 343 514
170 326 354
179 99 303
75 88 676
16 57 510
85 71 821
301 46 927
103 257 553
148 111 158
176 24 437
117 43 195
252 71 4
1 147 233
282 106 354
141 251 724
10 234 465
84 65 51
245 236 266
178 104 3
89 146 244
36 276 873
203 237 316
200 52 318
152 16 848
225 180 566
160 159 252
217 258 892
142 157 712
311 312 25
289 111 269
4 63 987
153 285 2
141 47 413
305 31 430
52 76 274
8 182 622
56 48 730
53 1 66
117 301 250
62 88 118
49 265 759
115 50 77
299 284 962
25 37 598
7 30 911
299 241 528
84 53 848
144 212 354
79 335 991
126 229 449
257 209 957
184 26 323
24 188 446
55 156 249
36 306 337
275 37 49
30 170 87
187 114 644
152 22 864
52 271 308
283 313 855
204 286 515
262 96 311
216 255 45
103 283 626
303 34 589
176 44 917
126 179 784
166 88 618
238 133 361
216 309 251
21 280 156
5 287 410
222 137 156
8 1 648
17 65 725
275 153 115
100 35 742
217 279 997
346 148 740
289 64 727
278 305 396
158 339 168
118 127 990
344 287 194
72 62 836
324 46 846
336 113 410
197 344 222
60 44 910
307 203 76
280 96 594
117 90 362
154 261 471
7 197 274
236 194 870
305 160 404
22 225 326
317 93 1000
99 308 101
198 241 602
253 104 673
283 267 283
184 198 862
227 31 777
223 16 925
177 339 750
316 337 146
318 174 812
124 311 343
254 287 375
57 40 261
87 39 588
217 165 367
31 178 106
69 65 76
117 172 874
238 72 59
58 43 152
91 48 268
306 289 214
216 236 565
197 291 230
146 343 723
192 156 343
279 53 1
96 46 532
5 302 755
54 60 157
279 327 666
279 269 701
208 257 297
307 346 768
172 307 998
28 54 603
197 223 713
252 227 682
93 130 166
99 67 169
1 228 404
316 269 627
43 236 713
51 90 92
137 257 839
123 232 62
330 301 152
4 257 651
175 145 194
251 202 898
80 320 932
126 121 465
202 119 238
313 167 464
254 190 659
273 341 431
32 262 628
319 87 249
337 278 1000
34 39 648
299 308 264
245 21 450
269 270 164
248 202 600
9 215 873
84 293 855
5 117 367
202 10 376
217 210 465
220 159 104
175 125 195
222 70 216
221 176 822
187 248 838
223 201 262
323 137 163
243 201 676
204 169 790
282 120 72
189 292 89
228 110 737
333 295 335
330 1 498
346 167 903
208 282 219
225 194 529
245 235 770
184 107 190
106 40 23
223 29 187
241 59 397
60 268 92
245 32 238
313 166 2
56 138 907
240 214 687
110 124 115
275 238 260
233 181 837
332 153 672
144 192 156
152 262 178
149 297 854
235 298 605
20 341 505
224 214 382
104 285 433
239 72 510
62 178 256
3 315 573
243 118 980
70 178 112
100 285 881
96 124 909
312 325 833
31 171 490
225 205 389
180 106 123
26 252 10
34 195 427
207 38 403
110 120 922
130 27 148
99 258 237
160 6 803
322 295 691
3 307 514
49 131 357
320 181 88
334 213 37
320 236 501
78 228 469
276 332 107
101 226 196
52 223 522
301 143 457
147 164 338
8 4 850
78 266 700
301 115 962
222 79 345
203 188 365
181 146 261
103 5 816
51 272 582
187 206 2
31 40 43
70 111 155
256 115 208
161 134 114
93 17 19
149 164 464
152 173 44
84 271 873
312 5 244
287 49 367
12 193 364
23 322 551
92 262 134
142 56 410
104 64 639
301 31 893
306 135 480
146 128 649
129 243 917
155 77 605
238 324 104
197 286 301
184 17 990
168 197 490
174 177 568
277 223 253
133 149 987
93 114 278
79 165 829
230 325 707
112 136 578
79 206 651
169 190 267
88 94 734
169 158 418
230 214 529
245 285 972
38 264 34
292 61 6
231 162 117
208 278 706
202 174 668
182 215 608
32 128 772
11 162 449
42 208 54
137 7 396
117 29 196
279 316 928
48 267 1
313 200 470
212 267 8
111 284 40
1 23 69
302 328 908
4 102 208
314 104 573
75 295 25
278 308 511
33 146 580
29 292 131
219 13 695
204 36 387
71 184 550
132 60 674
260 208 971
77 161 41
332 202 548
146 75 572
134 21 273
187 165 126
346 35 386
295 120 585
180 8 234
308 39 502
26 165 698
34 199 670
135 196 902
241 337 769
304 313 966
67 243 31
311 230 222
122 33 928
292 210 166
132 334 300
273 45 102
181 40 323
228 222 564
77 309 284
55 23 824
13 67 525
100 72 694
218 21 145
242 289 96
81 45 309
133 325 49
290 248 464
236 241 514
317 65 382
263 259 511
40 297 55
210 12 724
186 271 25
6 80 70
244 324 964
265 340 67
252 249 296
175 54 833
189 10 541
301 337 974
233 221 948
32 154 882
91 81 3
99 198 913
189 212 735
174 209 995
68 346 386
236 136 146
240 16 245
118 258 775
196 169 298
159 163 104
222 50 919
83 24 202
328 35 379
236 293 634
72 127 425
129 103 152
140 333 868
333 251 917
343 129 25
259 297 912
278 175 188
14 306 337
33 291 105
177 288 214
208 57 959
229 322 72
212 303 520
345 156 835
161 175 337
241 48 697
119 37 905
191 189 277
290 337 93
40 89 581
3 87 619
44 256 567
6 118 328
73 8 354
282 301 467
265 220 715
202 333 247
302 140 224
102 288 865
64 20 840
136 150 875
260 169 436
52 182 599
84 157 524
112 79 150
280 35 642
330 203 838
214 346 401
82 214 269
301 95 467
156 146 549
49 333 519
81 246 714
170 217 61
96 17 987
186 41 519
99 79 863
201 321 901
221 49 394
78 14 143
186 69 578
345 130 642
257 82 585
135 23 112
202 345 692
195 266 285
185 250 561
99 25 912
62 150 791
343 258 451
248 192 813
341 59 500
309 90 204
82 282 40
342 288 474
201 139 483
225 38 604
275 294 56
32 45 967
156 103 785
54 79 127
321 11 877
20 283 321
244 97 343
12 176 407
205 1 755
205 171 789
343 121 855
52 91 457
30 235 827
17 279 948
299 208 125
37 189 770
139 343 416
74 71 922
204 294 14
332 122 572
235 47 903
241 121 883
71 88 553
98 57 623
225 234 955
296 270 499
294 195 232
220 205 468
346 84 386
197 115 475
225 97 3
151 200 556
189 68 434
172 277 843
302 280 28
286 136 123
141 312 735
129 252 165
178 92 699
312 111 247
253 153 778
228 92 300
40 287 972
28 157 987
221 3 118
271 128 885
104 7 528
147 25 8
236 213 129
188 68 201
302 167 814
118 288 594
306 129 581
282 299 569
13 117 479
54 208 467
222 313 817
27 167 937
166 48 240
65 224 301
66 201 823
56 42 808
42 316 715
96 25 361
108 287 954
122 55 174
217 322 248
142 8 148
285 157 614
174 136 610
41 140 258
306 312 472
140 297 662
5 201 176
224 50 151
289 208 853
78 155 826
186 307 299
177 345 309
344 106 665
60 102 916
132 309 270
287 128 211
219 20 917
131 291 95
29 290 536
42 250 190
295 107 78
156 205 20
319 121 424
11 41 888
282 267 869
282 78 104
31 82 461
296 163 908
155 149 409
321 317 704
94 239 953
143 329 721
132 18 627
110 201 496
11 148 961
183 115 347
112 116 353
277 185 844
120 25 354
51 318 833
253 33 985
267 235 408
275 304 70
226 36 86
165 78 145
75 28 814
330 256 264
71 157 57
296 193 228
154 101 630
114 75 483
252 195 839
213 313 242
310 191 455
107 145 535
184 157 691
141 53 868
321 73 390
250 304 202
304 103 523
113 297 118
264 103 674
320 189 451
246 343 880
1 122 513
64 337 769
172 96 310
111 258 947
186 278 192
235 250 669
1 104 52
77 3 614
66 141 846
39 234 728
77 140 857
133 96 128
107 144 883
72 151 770
110 264 594
239 84 363
123 299 747
109 51 775
25 326 888
228 130 238
239 67 778
255 140 919
98 136 132
259 24 326
41 53 527
287 245 248
150 162 583
26 156 163
77 178 938
267 262 766
97 63 224
30 317 312
23 48 291
98 38 224
234 301 525
277 288 698
315 157 324
171 292 386
204 306 769
257 222 246
206 300 429
222 264 54
3 294 101
283 229 366
141 278 344
143 176 635
253 239 956
35 239 295
132 22 226
24 338 527
267 89 14
135 345 853
65 145 533
135 319 116
118 248 352
240 80 620
123 99 604
142 159 650
176 227 933
304 104 81
149 103 352
82 180 782
79 139 107
184 137 762
179 165 979
43 22 61
320 69 260
68 235 895
18 159 111
8 309 153
36 58 285
86 85 638
96 306 259
313 329 64
295 321 24
249 233 381
78 287 26
203 87 168
339 70 325
82 91 175
18 303 948
134 332 289
53 85 902
121 289 808
16 248 389
280 5 656
139 202 617
190 278 563
144 209 389
207 175 976
67 146 366
25 331 192
61 296 872
96 159 435
91 198 215
19 307 130
148 95 125
286 307 887
313 41 945
311 6 490
165 347 950
18 207 31
244 239 663
210 71 854
8 156 392
301 194 840
182 128 628
98 20 416
157 185 457
295 121 32
253 4 959
19 104 483
22 338 726
245 281 869
37 242 377
8 72 882
286 64 256
39 38 54
264 67 631
262 27 295
321 89 703
253 265 11
338 220 775
326 61 62
66 342 42
136 135 341
107 326 946
319 151 474
6 53 808
3 260 713
321 345 797
316 28 89
309 149 269
145 60 991
35 150 245
58 112 115
163 233 415
175 96 870
67 207 698
84 51 367
34 154 198
157 103 799
42 245 395
5 327 853
151 218 904
273 146 483
48 271 41
256 62 511
174 23 77
232 91 732
99 146 375
91 316 116
12 148 901
176 269 947
224 206 836
324 287 918
5 206 438
115 202 25
1 14 980
211 327 6
110 343 639
268 21 957
215 133 809
264 260 958
248 214 524
234 88 907
267 125 656
51 183 799
344 140 446
125 71 48
142 333 801
272 65 786
182 238 839
205 69 945
26 100 454
68 343 77
281 310 360
217 201 751
309 346 283
103 273 787
300 190 826
247 333 18
4 230 116
215 36 483
321 124 865
138 8 381
199 228 4
234 94 641
16 120 667
330 11 916
27 182 277
47 40 96
111 103 759
301 154 444
4 227 759
207 131 16
22 151 206
267 290 561
124 8 801
342 54 438
294 108 135
295 47 677
226 27 282
88 281 883
123 253 3
52 123 853
269 99 236
221 314 102
216 37 500
248 43 702
47 49 268
151 21 458
243 293 509
286 100 148
122 68 399
244 189 5
199 20 12
294 102 318
340 90 518
333 283 767
48 124 366
146 347 351
194 38 77
93 303 269
5 220 842
29 319 405
208 190 204
136 204 840
155 70 835
131 93 640
155 282 867
159 45 722
118 216 663
295 196 462
258 16 270
96 164 524
304 139 342
210 65 813
186 169 124
214 43 31
199 118 264
4 306 769
301 272 946
131 105 929
4 146 160
207 260 262
47 281 52
104 142 451
79 25 287
43 108 168
318 235 395
233 312 490
198 109 205
134 138 572
341 72 905
38 148 207
326 332 91
40 20 476
118 168 484
195 177 661
257 249 963
198 292 738
192 159 321
203 315 499
153 161 742
78 230 519
313 7 674
184 148 230
56 344 543
341 26 19
108 158 780
174 346 126
297 306 121
33 78 793
50 163 46
109 28 261
308 73 849
203 116 408
57 22 183
313 68 745
338 73 168
140 243 748
202 82 437
128 290 661
27 131 884
257 231 727
29 35 563
287 52 749
25 87 244
159 255 701
215 346 719
93 207 370
155 26 175
197 64 356
256 52 914
203 57 768
237 286 615
342 60 366
245 128 186
257 301 179
195 244 321
241 53 575
55 311 149
232 188 801
207 187 72
24 30 19
256 282 78
223 275 171
210 72 674
118 250 538
111 227 183
326 70 968
294 305 665
57 199 281
97 145 224
89 340 785
326 78 135
315 260 872
231 25 137
138 163 889
38 20 565
65 176 529
284 185 810
170 190 511
237 325 83
41 200 901
230 319 676
310 330 690
216 231 58
233 246 929
88 57 277
128 96 206
101 340 423
346 146 487
299 310 457
23 216 630
33 42 651
309 254 100
185 283 337
197 337 31
297 338 765
253 142 512
271 88 722
217 140 355
104 288 317
157 126 395
246 223 119
181 69 24
283 66 721
238 108 968
142 171 994
231 330 777
185 295 854
21 113 815
268 318 441
43 61 286
258 187 334
173 241 684
15 185 918
12 136 579
175 250 375
244 11 541
344 156 200
140 45 800
300 195 628
54 162 671
243 254 212
51 237 342
8 175 920
190 177 95
329 173 894
184 287 873
52 128 283
318 203 97
103 53 753
324 212 301
232 162 197
330 86 127
34 271 266
181 273 198
227 14 436
207 184 882
85 23 781
308 82 721
144 315 440
240 13 823
306 187 75
13 133 553
277 131 605
60 7 925
64 101 233
131 4 906
172 24 405
190 322 940
45 204 989
24 266 110
39 135 746
176 289 946
242 110 201
88 154 821
209 303 475
8 301 470
72 145 604
128 85 380
221 311 422
337 133 963
216 156 509
312 281 353
184 225 906
275 276 918
189 339 590
209 285 781
328 32 105
174 104 388
101 42 427
212 129 183
72 333 183
302 166 220
71 308 958
98 221 824
88 267 605
157 247 750
277 273 497
16 250 297
253 317 515
177 185 272
182 282 461
243 305 936
256 305 618
252 45 40
264 251 493
240 248 109
214 234 442
112 142 95
309 335 104
263 215 896
303 4 404
140 176 691
337 210 506
66 345 217
138 196 580
25 251 615
164 344 796
238 199 904
248 322 585
343 231 166
298 113 142
177 112 783
114 117 476
305 156 80
76 250 117
138 320 272
316 220 72
250 37 189
248 272 863
80 219 537
89 67 606
219 276 86
82 7 212
192 37 740
316 116 116
219 180 586
11 316 441
45 141 402
124 191 479
134 343 248
84 313 811
231 73 419
188 180 486
273 1 763
40 77 539
56 64 754
193 201 882
291 283 474
322 268 373
173 155 354
279 56 764
115 46 802
208 344 417
289 155 297
340 319 241
88 124 884
176 124 359
184 228 721
85 208 777
60 91 180
284 184 770
6 76 565
86 327 107
280 145 341
87 115 620
97 12 636
62 7 144
23 82 123
287 186 676
206 265 56
72 327 773
19 233 613
273 256 923
228 347 603
331 30 953
206 35 572
60 340 686
66 34 984
164 336 11
233 319 154
264 9 590
21 222 576
226 77 561
168 101 788
76 334 27
301 324 655
24 286 933
72 285 520
329 103 274
116 104 655
39 84 523
241 346 568
120 169 934
17 27 476
71 237 982
23 116 400
338 218 845
327 7 396
166 216 636
326 96 96
316 224 111
213 329 580
177 53 46
113 227 280
23 41 420
24 118 758
82 114 123
325 254 414
299 46 305
154 347 79
313 189 693
44 290 722
84 12 496
235 32 669
293 113 927
136 59 524
140 222 23
149 292 948
153 70 537
302 197 280
254 149 231
204 242 212
56 154 142
226 228 102
118 327 356
46 73 525
234 117 724
167 38 33
318 275 828
328 268 448
181 207 559
126 99 857
284 253 940
239 251 639
159 273 548
45 158 745
23 301 63
157 86 853
181 141 345
305 283 493
231 2 37
9 38 370
63 87 188
132 90 650
212 8 923
56 304 389
95 48 844
205 301 313
76 96 743
99 37 418
188 12 570
257 340 864
112 215 383
86 276 188
158 217 499
250 144 440
17 243 316
5 338 117
28 239 357
299 159 415
306 264 290
316 219 876
194 116 910
175 318 665
116 262 641
149 339 58
111 213 62
32 79 911
277 4 394
234 19 511
268 117 999
129 41 918
224 342 803
189 42 343
267 314 286
160 279 819
73 159 484
330 235 148
17 124 323
266 122 368
232 76 801
161 4 467
264 197 80
107 293 377
303 161 661
230 124 34
194 149 491
341 162 144
300 63 376
108 258 819
340 250 437
196 221 129
77 185 735
58 223 421
268 82 717
127 246 683
45 35 969
301 114 814
167 18 901
197 41 87
134 136 737
100 70 10
14 64 497
277 247 705
169 56 804
65 249 642
234 119 308
17 334 513
333 184 571
298 147 15
19 108 410
267 318 805
160 252 96
165 266 651
201 236 647
335 194 332
199 41 782
75 101 857
139 270 43
301 168 682
219 266 378
109 329 352
320 20 52
300 140 164
30 241 446
105 275 479
86 283 40
238 299 983
265 99 963
149 212 42
135 272 911
81 345 988
218 169 196
183 46 287
21 84 281
279 154 776
12 15 526
36 11 65
103 112 107
170 182 425
281 192 361
59 90 715
90 158 181
116 315 649
91 242 807
250 165 684
41 168 381
252 310 647
325 18 239
168 119 423
12 94 115
126 81 431
264 111 447
332 337 592
128 6 820
142 330 914
60 283 491
290 258 104
75 122 971
264 232 541
96 23 943
259 303 34
13 178 468
347 236 735
314 83 658
188 219 933
78 24 825
345 141 960
336 298 731
269 329 568
157 267 68
25 127 651
138 24 809
81 10 629
88 340 740
30 87 829
1 310 393
305 329 435
115 98 925
249 144 645
273 198 310
128 329 150
309 64 695
247 123 671
160 238 988
270 42 573
320 32 890
310 86 180
305 341 714
258 206 4
164 335 631
242 100 239
291 285 509
147 114 238
69 323 478
115 248 856
182 291 789
74 153 198
12 289 634
107 153 991
106 202 468
7 210 262
71 39 105
310 158 697
173 239 653
330 285 795
51 83 227
205 49 181
3 272 597
204 245 929
262 139 450
277 326 59
59 110 51
28 106 115
297 167 804
167 150 590
337 277 689
19 314 484
76 226 943
322 78 170
170 220 746
302 138 546
81 130 175
27 316 869
283 123 544
218 6 256
35 52 382
221 73 285
146 144 38
182 323 985
186 217 244
185 239 510
65 334 62
185 312 415
75 143 666
1 22 472
327 242 412
93 338 906
45 303 811
162 201 448
282 243 441
189 33 349
119 74 662
190 252 25
221 128 303
133 57 52
87 332 495
37 183 283
141 329 516
23 211 673
5 83 193
113 240 497
111 120 995
330 38 751
138 343 787
296 161 124
332 293 211
337 206 850
227 5 148
282 334 361
189 112 636
345 217 855
255 331 224
139 160 64
282 228 123
281 318 451
23 207 727
169 273 293
181 119 386
263 129 311
190 183 692
106 293 279
259 315 230
323 51 33
94 216 796
313 246 86
1 347 686
223 281 348
34 167 851
210 148 750
111 81 721
19 25 640
342 218 381
24 203 181
151 246 652
247 134 296
42 49 683
83 261 607
37 240 954
71 254 934
220 225 279
97 27 831
190 266 592
222 84 26
263 34 172
243 229 107
303 84 540
23 335 951
197 125 798
52 238 884
282 138 656
177 186 17
20 22 102
312 332 229
114 296 547
191 315 474
226 2 619
152 329 191
40 124 601
255 184 49
306 71 985
282 17 896
133 303 832
48 110 44
15 27 782
334 14 648
285 37 688
15 81 516
93 144 110
217 288 825
251 153 500
308 195 583
107 277 806
74 77 848
245 111 699
50 121 370
253 271 717
16 200 998
4 14 486
341 282 651
48 269 920
281 259 372
194 48 85
95 175 687
1 41 304
259 208 758
256 314 260
325 200 324
228 56 429
333 179 697
12 42 232
56 10 857
257 102 45
66 288 536
259 117 662
172 233 700
230 180 204
10 282 730
77 76 858
115 269 402
207 330 347
101 324 194
212 71 855
305 235 24
83 37 294
213 214 971
262 328 531
101 170 418
288 170 523
38 270 3
88 250 411
178 235 443
209 117 663
193 277 295
308 249 316
210 117 638
143 319 592
205 241 234
300 310 517
158 124 390
103 127 55
191 215 365
223 280 541
282 122 129
213 316 207
316 124 387
172 153 303
1 339 579
339 227 982
293 268 666
248 226 694
117 118 600
115 119 704
159 119 34
51 260 308
189 331 642
58 186 836
119 200 164
246 38 442
66 71 355
79 125 280
87 67 294
333 136 50
4 43 378
170 276 130
130 283 592
322 16 775
213 222 847
129 160 291
189 341 931
219 213 745
109 260 634
251 147 858
310 54 363
320 42 276
86 243 878
193 234 678
110 260 75
251 136 131
10 118 808
178 263 985
337 68 100
284 307 514
217 116 414
64 74 522
292 332 571
170 330 428
145 173 979
295 342 60
337 145 798
86 221 569
155 167 22
297 92 713
88 93 950
47 76 418
59 255 660
13 71 956
121 296 613
306 159 668
283 242 943
3 275 758
42 57 29
222 205 657
36 9 176
271 12 730
164 63 267
280 316 961
232 89 776
32 125 700
328 83 132
272 274 800
20 175 671
243 203 613
121 274 84
310 283 414
121 161 802
180 205 173
141 212 938
31 67 66
263 275 733
145 19 123
63 58 653
187 40 828
281 335 919
161 163 578
5 273 955
333 132 811
138 184 651
202 210 306
128 243 112
335 105 982
69 244 214
224 287 381
283 87 614
141 325 242
174 5 292
290 33 94
125 38 55
275 281 906
250 131 148
72 129 541
16 60 995
110 333 248
207 114 607
88 134 796
83 309 74
53 307 272
313 259 380
337 305 61
289 223 176
156 185 354
255 171 757
165 323 714
187 272 911
278 319 918
221 59 200
311 285 660
252 225 200
155 76 805
30 132 869
185 4 876
106 254 248
79 236 486
272 25 604
263 287 580
253 102 678
42 109 774
156 272 414
197 343 904
11 206 117
119 271 199
157 201 978
278 12 506
253 28 9
132 246 692
167 175 212
1 238 998
197 179 935
79 55 748
161 206 419
322 196 620
305 338 229
207 31 706
116 153 61
326 340 53
289 340 162
237 213 319
304 55 676
47 257 777
54 11 482
282 195 261
71 240 987
277 194 895
151 68 588
158 174 731
170 202 713
196 103 804
77 214 120
130 277 807
166 275 129
93 15 646
165 240 244
28 321 710
81 302 904
11 46 926
137 81 423
66 282 632
228 112 239
251 214 210
186 99 936
306 193 282
4 39 849
179 251 317
130 132 949
45 324 816
70 285 811
183 123 890
42 296 403
50 11 291
166 42 813
137 128 778
336 23 505
141 175 317
62 329 836
94 285 120
264 32 106
209 250 47
16 312 796
290 14 535
23 66 745
293 331 176
136 29 182
220 72 337
80 286 637
109 192 92
189 144 221
235 36 166
94 57 394
61 324 847
320 347 595
74 338 959
204 267 753
62 318 96
166 35 252
183 63 649
153 182 94
177 311 660
206 267 330
37 64 508
94 15 36
253 246 878
128 129 735
243 10 544
313 204 877
225 119 395
50 113 403
138 323 844
134 338 180
328 14 547
299 37 767
198 253 287
292 148 264
238 190 997
1 9 474
41 46 524
53 204 900
93 132 777
39 180 881
73 243 622
196 259 985
7 143 401
134 302 346
105 231 299
30 182 468
23 185 194
101 302 869
3 6 144
198 336 329
123 198 495
290 144 96
226 340 722
346 201 870
266 209 902
149 56 222
318 144 985
264 284 116
143 203 198
45 17 831
200 324 886
162 275 596
220 69 126
211 335 193
320 5 604
276 126 295
304 222 668
117 309 62
300 181 288
338 34 47
209 106 979
177 161 491
58 141 721
23 132 165
52 218 636
15 64 712
150 63 819
20 84 570
301 346 359
150 340 598
322 28 363
153 156 224
278 239 859
33 200 746
84 193 876
80 197 121
167 250 968
42 338 709
297 83 44
290 140 643
42 91 708
168 233 418
194 59 599
156 161 546
28 181 457
104 296 300
9 226 60
99 44 361
241 41 868
129 283 158
336 157 238
160 205 495
188 130 693
267 252 316
225 213 921
131 1 808
81 344 175
344 85 71
228 21 636
310 127 954
239 29 158
123 241 991
58 264 896
115 228 256
336 108 572
84 227 69
24 95 846
146 93 409
194 231 463
209 220 289
19 232 695
96 292 786
57 240 191
143 109 620
332 322 869
64 336 627
122 116 997
145 250 968
175 208 263
172 79 892
216 11 557
255 233 132
253 178 517
331 128 68
28 64 697
340 331 275
211 249 712
266 64 697
253 36 926
275 78 956
253 261 399
188 242 921
323 1 937
204 277 257
342 56 366
115 277 808
189 297 736
290 275 13
187 74 39
255 202 763
187 294 552
272 95 709
147 111 943
129 320 781
324 163 193
121 192 48
157 217 110
136 237 843
131 199 985
121 216 736
238 321 851
117 250 225
325 101 977
203 171 510
44 331 797
212 58 998
167 93 547
112 90 945
205 340 614
61 235 520
280 215 73
225 128 57
164 69 291
28 90 178
246 228 824
120 20 262
297 65 426
279 23 169
241 201 730
99 163 683
301 64 395
218 241 615
65 163 186
221 269 375
69 183 825
157 263 767
91 160 541
108 90 471
251 51 268
170 282 606
257 32 437
198 97 796
48 104 492
20 248 601
223 345 650
31 94 974
250 335 284
347 225 920
277 32 584
322 263 558
258 186 179
325 119 870
220 70 87
262 306 220
61 103 23
63 249 838
31 76 730
152 74 527
288 162 761
146 42 535
148 110 221
111 59 338
329 320 384
177 86 807
62 147 94
242 264 346
335 316 408
120 165 793
86 239 344
302 277 811
287 86 822
12 266 731
176 175 156
275 271 999
211 265 887
324 268 170
31 156 381
199 107 362
325 166 712
308 294 880
283 208 928
98 337 4
119 268 992
95 283 247
26 11 715
340 130 447
320 135 838
324 107 421
264 86 344
308 341 231
231 118 88
87 99 8
39 10 150
166 37 394
1 130 6
1 284 584
125 147 786
312 9 340
214 20 791
186 289 811
160 93 992
66 298 151
56 172 780
153 186 442
312 110 721
259 218 850
135 270 769
291 47 986
15 100 254
243 120 667
125 299 349
106 194 325
135 46 479
332 260 828
340 58 665
346 225 58
338 1 988
174 203 896
135 293 512
21 167 854
280 208 139
121 163 208
226 220 152
287 243 596
70 338 746
58 336 424
15 129 794
72 310 599
107 169 555
276 114 731
302 99 104
124 146 681
329 230 156
336 10 726
78 46 683
6 215 367
296 46 496
119 163 512
71 154 899
5 335 11
12 347 636
201 101 42
53 20 992
221 331 112
199 113 921
9 67 231
174 200 846
29 237 616
122 310 219
62 125 882
23 119 349
201 82 468
344 135 368
335 93 948
106 257 734
279 340 212
278 17 514
57 255 157
97 160 812
294 342 911
75 49 474
62 161 548
50 92 509
235 66 169
326 49 789
247 150 929
256 286 602
69 142 543
226 146 625
258 44 804
104 218 72
132 55 112
1 114 175
9 93 792
91 144 971
180 20 503
295 320 719
150 308 70
63 96 210
71 256 140
194 13 999
95 79 876
343 327 188
293 329 3
191 318 64
221 275 598
194 105 643
184 11 678
80 44 243
300 222 477
64 244 655
239 201 985
163 49 398
165 37 476
340 338 197
252 175 948
195 173 123
57 226 309
185 207 140
159 103 410
180 102 31
192 237 200
137 120 114
74 23 62
275 299 799
17 338 381
308 24 146
170 290 166
249 104 117
142 178 860
169 279 467
78 28 755
181 232 204
13 43 506
107 60 397
319 141 602
240 185 45
226 307 960
315 269 719
171 316 721
346 133 3
281 110 427
239 221 448
259 3 692
39 133 964
49 144 858
260 313 394
339 88 594
169 211 675
290 81 571
279 135 431
79 331 817
344 283 423
236 62 831
75 196 881
97 265 543
31 152 719
142 234 428
81 277 910
63 346 175
103 235 142
195 78 771
284 28 355
82 193 492
94 168 988
273 87 554
195 11 874
306 111 817
221 289 906
167 85 495
339 55 836
241 136 973
154 187 144
91 342 203
260 86 851
342 265 310
120 193 588
99 187 692
194 151 354
315 265 594
193 143 239
46 312 577
184 8 141
297 38 17
221 340 286
198 250 486
25 31 261
22 126 139
143 241 427
337 161 709
132 224 185
149 162 11
155 279 601
69 132 629
92 184 646
190 73 289
135 326 790
241 190 961
201 142 52
97 92 606
237 96 27
164 1 318
103 30 896
2 6 974
261 204 298
342 99 159
257 297 50
119 326 523
300 226 468
297 204 632
283 79 364
113 179 338
58 115 894
204 259 346
299 171 465
10 87 672
341 339 891
136 32 607
291 21 173
233 237 343
23 280 694
31 111 155
114 13 426
194 257 560
266 46 85
36 199 917
278 41 142
248 48 991
115 334 325
27 105 822
53 152 893
59 164 331
302 177 565
167 292 199
5 63 835
20 2 169
86 333 380
345 145 806
86 180 767
92 256 421
294 322 585
95 53 990
286 305 741
49 299 122
161 301 998
140 118 50
94 91 132
7 92 848
86 194 286
239 227 294
120 82 568
102 297 554
199 188 576
50 269 856
116 267 619
260 339 118
12 169 963
58 135 774
44 294 674
339 52 347
83 232 595
70 7 389
71 347 889
193 205 763
263 22 463
44 113 569
59 55 619
296 86 910
43 166 583
99 344 809
93 70 252
270 267 500
199 127 700
154 20 732
177 47 833
42 82 151
97 343 191
292 172 20
153 88 401
196 270 17
211 253 304
19 283 304
228 287 427
269 192 78
39 301 406
210 101 54
112 137 280
21 31 381
97 304 388
180 271 995
52 301 110
4 85 14
229 99 879
218 1 71
122 327 66
83 29 77
39 250 442
309 19 509
70 123 244
347 170 455
133 329 383
61 268 991
92 154 288
129 150 663
114 183 355
126 87 482
319 107 22
204 199 535
38 310 394
265 29 743
43 168 62
114 113 59
36 153 557
331 225 48
5 203 764
23 53 124
219 81 803
155 143 152
161 146 456
59 258 458
32 287 291
237 298 31
100 73 343
70 136 555
65 338 739
104 43 434
165 174 978
135 321 856
3 183 5
153 259 762
321 307 741
40 200 969
210 58 537
133 284 330
54 169 188
65 234 218
61 1 872
264 27 519
100 297 719
214 164 288
147 47 810
286 225 862
11 150 436
108 65 260
209 167 438
55 107 596
217 240 622
133 48 810
127 183 662
150 315 705
194 219 729
105 277 858
131 282 387
313 188 990
29 132 301
52 245 439
260 165 19
129 285 196
243 164 715
337 166 88
212 44 436
20 113 723
160 30 167
121 201 522
327 202 84
31 275 963
139 237 798
81 6 881
49 284 358
324 285 779
165 230 366
235 286 333
90 197 922
228 205 176
83 58 377
269 2 310
256 159 124
40 315 672
291 132 77
175 45 161
30 100 164
217 340 427
17 114 208
45 31 501
311 304 171
159 214 637
102 107 942
120 92 40
234 318 842
330 56 237
86 33 893
2 73 169
163 167 802
319 17 447
168 81 615
56 125 91
77 235 343
239 192 180
76 251 494
17 82 773
176 296 698
19 127 854
33 347 436
343 108 498
103 191 495
139 21 639
93 252 268
97 149 308
81 326 569
12 294 657
214 47 236
314 54 106
195 281 768
271 287 187
290 278 535
273 317 712
200 224 920
245 114 390
215 296 256
23 321 641
345 111 614
92 152 589
33 177 663
55 347 898
118 232 948
261 286 641
307 63 207
218 286 559
88 322 916
65 280 428
295 253 183
162 1 421
80 246 559
68 241 993
89 93 436
271 266 519
173 211 575
28 307 364
57 171 24
11 15 758
225 178 512
86 91 589
118 150 236
117 104 481
167 226 217
56 281 12
153 76 883
312 276 219
184 312 693
23 227 327
231 17 264
133 233 429
10 232 21
334 182 442
55 30 706
44 157 484
259 133 504
125 275 672
59 60 96
119 241 714
300 261 683
43 66 311
63 207 304
336 240 760
323 254 389
56 134 99
100 299 902
248 26 35
119 59 489
86 74 619
227 308 93
101 13 571
257 25 471
261 41 161
192 236 247
262 150 29
146 205 531
288 48 82
36 181 957
229 241 162
128 154 327
275 102 180
128 296 17
87 347 498
334 58 33
174 166 141
300 335 233
253 283 540
55 68 879
237 21 560
270 114 467
134 7 254
25 69 809
230 98 590
200 18 827
107 192 130
202 326 419
27 246 734
50 318 401
283 204 595
286 153 847
134 251 827
137 146 452
138 122 62
91 15 747
176 2 724
190 41 470
345 117 399
86 178 17
315 222 736
59 179 992
298 258 83
66 22 443
216 68 339
347 206 598
342 343 848
66 110 897
253 138 190
177 189 988
94 53 85
138 207 264
46 257 985
200 160 536
15 55 779
24 100 738
343 319 180
288 69 253
113 16 276
203 283 660
138 192 114
268 151 532
56 166 651
177 337 538
53 59 569
155 190 610
98 97 956
95 256 420
131 235 283
2 200 135
97 96 144
250 242 258
120 109 468
139 62 755
23 35 930
1 4 443
150 154 847
119 322 123
88 264 387
111 125 145
193 47 247
330 198 245
184 53 547
253 241 629
297 103 281
253 23 551
99 16 798
284 233 195
30 139 155
130 150 614
51 75 352
156 236 903
185 219 114
120 299 924
17 161 562
55 220 734
23 229 581
117 113 606
110 99 381
30 169 354
306 91 500
118 126 506
243 142 727
96 26 122
56 265 929
75 77 544
17 181 61
2 312 510
98 240 407
5 118 737
11 237 926
273 82 588
281 269 125
179 281 812
108 36 756
1 30 730
326 200 437
333 54 789
288 80 725
34 60 189
26 324 742
61 187 475
244 47 916
298 28 722
147 327 262
203 267 241
323 287 596
319 20 886
111 28 756
293 274 14
39 331 872
104 101 192
75 33 694
62 274 877
28 133 515
150 169 755
86 218 926
64 60 188
215 212 237
239 5 608
255 317 377
294 10 617
43 164 185
285 140 320
207 97 797
198 212 24
300 143 952
326 203 99
154 48 101
314 210 562
186 35 880
232 150 7
334 239 327
136 91 931
284 144 934
301 183 472
311 303 744
324 269 174
235 323 924
16 255 728
208 243 144
183 53 935
310 23 371
65 121 359
342 63 841
240 171 574
31 135 782
317 112 588
170 266 422
99 201 48
206 66 627
73 189 482
337 8 770
1 82 971
341 164 788
158 136 714
143 255 389
80 135 750
331 3 779
56 111 53
42 344 575
230 226 210
281 101 491
326 163 219
221 261 451
340 190 606
290 92 776
42 51 289
329 330 403
242 196 447
129 251 624
149 338 276
102 144 949
172 45 4
171 186 226
188 213 61
34 285 570
274 199 953
332 72 707
283 197 329
201 264 537
51 347 16
120 90 804
49 97 658
12 314 257
306 136 39
10 230 269
202 343 427
281 287 185
84 340 390
240 141 288
300 264 688
312 320 820
231 64 104
26 231 690
78 166 676
121 323 812
274 317 660
335 110 221
185 18 90
270 201 736
298 29 815
173 33 681
18 92 825
127 209 533
80 74 386
63 93 191
3 176 286
310 152 171
294 68 402
160 24 377
306 158 971
230 125 545
285 252 516
43 310 749
138 3 446
7 98 163
136 201 91
108 241 63
59 125 394
253 279 625
330 279 875
90 187 937
343 161 883
159 208 449
14 237 650
17 180 516
271 176 509
303 32 263
323 106 781
254 48 451
290 94 574
339 318 899
229 342 64
264 46 986
191 230 952
72 347 415
63 267 777
161 319 427
204 194 803
345 260 585
290 95 340
53 178 784
120 2 787
164 14 879
275 22 500
156 104 850
307 124 933
58 245 472
37 139 430
112 169 515
278 197 834
291 301 304
313 171 667
120 201 589
22 188 297
143 308 736
8 163 281
33 202 916
51 221 132
341 79 815
131 89 188
308 168 58
253 155 220
94 257 702
317 177 13
290 112 335
26 335 517
63 257 267
235 247 405
96 336 500
176 229 162
83 214 413
14 153 219
18 1 827
287 130 329
344 86 127
32 322 456
48 335 900
15 112 991
160 154 823
307 323 389
20 162 876
72 34 246
110 226 975
234 179 759
159 27 514
144 63 371
273 337 607
264 78 464
280 133 741
245 239 240
61 164 633
6 136 633
137 316 38
19 3 289
97 310 611
1 170 510
162 311 434
17 204 659
333 153 921
8 311 30
327 51 384
286 35 694
31 290 911
257 291 518
285 275 311
282 97 434
74 46 34
222 194 399
63 234 97
177 213 270
215 160 510
20 311 332
190 341 301
345 206 411
135 313 546
48 70 676
143 38 388
246 213 327
142 168 648
181 23 696
346 21 749
21 36 809
288 10 41
106 219 399
130 295 792
156 260 824
292 274 751
190 240 435
176 224 890
211 292 800
41 246 363
314 165 941
75 192 456
277 289 512
161 285 992
332 176 752
324 184 947
81 31 218
42 72 500
113 264 878
81 207 49
48 347 204
122 224 485
104 313 654
338 60 854
302 16 391
337 109 82
6 17 474
77 65 293
76 115 168
241 322 98
234 310 505
111 298 604
239 12 95
43 21 516
335 42 299
317 234 131
128 248 648
338 278 901
293 169 700
243 204 220
69 165 642
192 117 736
47 7 960
261 31 504
228 68 509
30 35 224
236 152 464
90 30 352
301 221 79
347 259 581
158 149 972
206 126 766
278 90 6
250 325 355
114 25 784
284 339 504
222 193 528
148 176 804
254 338 740
273 13 718
312 321 678
273 250 855
109 332 452
135 284 877
36 313 637
41 107 695
99 176 678
121 300 268
250 322 366
93 3 496
343 153 247
223 104 845
195 249 167
268 88 338
293 141 440
9 90 717
301 323 361
10 319 832
344 22 231
212 234 50
85 35 695
15 208 492
152 183 292
333 312 667
190 232 673
142 220 386
12 134 179
149 44 126
329 55 446
172 17 88
163 315 593
256 217 557
164 131 423
40 25 471
144 172 127
296 50 45
263 270 255
187 333 367
147 211 412
164 76 827
338 153 363
73 317 629
54 211 50
148 300 96
281 96 643
116 106 626
191 117 265
205 114 695
156 88 524
68 311 696
118 66 658
245 2 471
76 288 27
145 125 601
99 24 980
220 298 576
198 34 981
321 193 496
313 121 329
261 298 500
268 139 52
65 44 469
345 137 681
27 305 112
48 302 750
135 180 156
47 190 153
266 257 491
118 16 49
167 135 481
228 34 909
104 110 833
57 99 807
1 243 48
217 172 114
245 312 205
51 179 614
57 300 210
94 184 850
154 46 441
209 218 235
310 201 355
81 104 384
136 269 952
188 9 316
130 264 434
102 209 708
182 346 725
183 121 487
54 216 263
246 4 754
12 340 316
336 207 532
99 114 637
197 340 187
321 328 90
124 254 787
292 290 775
2 72 184
106 4 504
347 224 401
192 28 141
108 198 107
98 288 721
126 149 647
64 325 158
138 165 476
92 131 313
263 79 907
248 245 859
211 311 142
266 94 366
54 285 513
28 120 2
314 329 77
178 119 734
126 165 85
87 15 672
213 19 681
223 329 750
190 205 530
56 128 918
241 139 7
331 292 167
95 224 354
162 183 436
221 190 822
16 262 604
281 176 443
63 339 850
267 225 903
311 48 280
279 125 976
256 280 606
312 339 477
137 5 331
268 50 612
257 165 19
249 43 203
62 319 469
255 232 632
59 71 497
255 145 618
152 30 287
12 308 158
252 89 487
126 235 439
26 64 966
307 75 138
307 210 155
227 15 635
300 151 694
298 324 232
329 286 351
332 89 670
59 121 554
224 204 268
104 3 869
200 201 829
194 223 174
171 100 410
64 169 559
138 301 28
303 170 920
28 191 716
126 161 293
20 99 19
114 106 909
310 130 214
225 218 348
178 126 394
9 238 625
287 332 179
1 181 203
167 145 287
178 132 425
158 293 752
258 89 315
84 13 201
8 44 703
2 325 560
87 69 877
330 347 837
71 214 7
20 157 493
55 256 107
314 172 359
224 8 882
87 11 303
146 286 96
151 25 984
37 311 726
300 317 159
123 263 735
115 10 305
60 313 433
16 229 849
149 226 774
203 81 267
214 153 108
257 346 743
118 203 519
156 245 179
153 318 641
172 345 218
86 117 215
207 16 691
334 33 412
248 306 657
253 330 650
335 277 126
86 262 907
50 158 717
78 169 987
56 153 84
332 158 544
23 345 997
93 111 388
337 1 719
165 296 465
1 11 771
99 106 429
77 201 591
237 318 593
1 136 944
31 197 870
91 328 513
56 191 732
261 193 880
161 345 778
134 212 284
35 110 987
64 119 275
63 74 561
79 46 720
94 33 283
308 295 702
171 163 926
15 142 900
31 106 281
208 109 17
113 40 310
216 107 8
78 193 445
92 98 258
33 60 794
238 285 706
288 81 568
227 322 208
277 323 50
223 206 427
258 196 521
183 236 267
295 83 341
102 156 489
157 318 512
316 240 798
121 5 111
329 209 462
134 192 639
1 141 600
116 33 191
114 281 664
106 34 10
125 7 663
114 162 160
282 331 209
270 209 223
1 169 865
202 236 884
136 319 516
250 80 474
223 17 756
177 347 769
8 110 672
33 174 90
155 117 111
279 206 760
232 287 564
89 300 747
82 294 371
161 289 609
143 270 191
83 339 176
127 28 663
338 245 459
15 159 46
101 244 630
74 255 537
118 253 260
265 166 994
222 59 880
16 231 76
88 193 52
340 215 535
341 342 50
53 71 544
328 311 658
100 304 871
65 117 39
135 119 221
6 10 794
158 162 675
145 190 841
62 64 582
268 294 159
162 278 975
21 289 523
118 151 486
70 226 504
266 26 49
257 280 154
18 160 512
177 92 233
256 212 751
6 197 462
83 346 116
285 219 565
209 249 161
305 52 496
137 230 759
118 252 776
184 313 979
265 68 89
176 42 661
253 255 560
173 76 553
295 276 383
12 216 335
3 168 53
262 336 959
299 345 215
189 221 567
282 113 519
115 31 42
288 148 633
115 59 982
74 67 268
119 192 806
347 301 329
97 273 876
183 172 802
273 294 85
206 275 272
55 314 439
304 144 750
332 168 877
182 272 315
43 336 61
159 277 601
90 19 265
293 18 68
207 73 841
268 134 775
212 59 322
121 167 803
85 149 986
192 325 69
182 265 907
130 163 694
195 205 235
87 54 1000
220 186 761
5 267 144
36 338 979
49 33 76
125 321 812
79 185 513
184 191 224
202 219 538
114 230 83
158 5 2
6 172 51
63 214 586
284 91 125
164 127 986
164 239 743
289 194 643
142 169 372
88 296 580
210 164 218
85 74 661
150 4 321
203 168 709
149 268 943
161 185 28
331 141 958
158 260 471
253 50 963
254 3 88
170 246 317
136 93 72
69 173 222
96 247 810
160 14 595
163 283 121
331 133 818
227 312 640
19 203 714
89 119 546
295 53 359
76 59 70
189 111 757
257 150 939
155 160 68
85 307 945
84 129 156
229 143 590
248 299 792
310 304 49
330 99 68
321 226 8
188 109 586
265 301 998
1 275 822
102 316 190
93 277 6
76 323 965
54 120 853
121 223 442
147 9 789
303 205 285
51 119 35
61 131 15
12 158 58
175 142 449
212 133 808
178 324 351
153 346 722
302 14 540
309 233 7
148 216 206
1 252 218
166 114 619
157 208 809
232 305 446
15 28 260
296 335 122
84 198 694
258 272 784
46 3 739
215 283 765
58 104 831
223 161 255
189 208 444
96 16 20
105 296 792
334 264 686
234 57 752
24 332 668
268 71 3
100 209 974
56 259 939
214 135 480
75 285 843
115 2 424
99 51 286
296 6 542
266 339 782
104 309 942
200 186 613
268 16 263
223 182 481
46 308 372
240 119 413
253 49 599
80 200 253
216 40 733
10 68 244
315 189 518
346 112 788
28 346 673
44 276 516
69 276 241
99 63 556
71 131 883
293 314 355
55 69 292
62 145 787
76 17 780
92 314 683
300 77 878
30 334 438
16 283 234
209 309 170
328 196 654
264 293 55
123 66 609
270 59 229
176 219 367
263 212 927
265 118 912
6 339 692
16 244 452
100 183 457
71 100 328
17 160 339
284 83 77
218 30 132
299 315 919
251 216 918
271 118 690
264 291 16
136 283 769
315 125 837
344 285 586
271 247 170
86 248 361
175 102 162
257 134 535
23 189 895
48 50 460
52 270 84
215 268 993
311 11 218
12 185 290
40 331 519
59 81 940
303 157 515
291 249 283
244 262 991
278 211 860
163 24 687
70 308 181
105 212 445
167 304 906
104 227 789
299 30 768
63 40 170
306 223 779
163 239 522
68 197 27
242 202 461
86 232 352
256 219 490
27 1 991
205 131 199
197 220 563
191 212 631
106 231 65
261 33 989
272 304 626
347 15 734
172 90 120
174 229 21
346 149 65
198 303 433
20 235 120
176 327 308
90 62 631
109 179 600
312 47 570
172 31 458
315 318 614
11 280 534
50 37 578
256 295 635
293 20 580
168 31 860
345 30 787
203 268 862
121 114 85
26 91 530
144 57 987
236 118 333
240 291 372
15 48 850
345 85 662
323 330 877
102 6 593
250 274 929
212 288 277
49 171 241
57 322 599
118 116 454
226 31 563
231 254 341
63 199 803
174 248 206
1 216 606
55 40 136
191 245 174
8 228 217
32 323 996
8 40 299
320 87 876
252 110 975
93 37 838
202 72 309
321 229 586
202 7 586
52 25 892
323 293 153
97 33 34
132 1 294
207 275 635
135 337 275
63 38 776
117 280 271
217 5 514
183 173 930
268 93 751
7 151 85
180 193 183
6 131 606
9 275 643
26 78 735
126 177 995
186 241 671
231 66 573
85 306 690
252 234 539
59 131 886
232 187 173
272 125 805
35 293 496
229 288 961
151 277 551
132 144 546
207 345 602
38 230 794
218 14 192
16 301 413
233 339 992
74 2 563
123 29 318
296 235 982
188 27 714
155 30 311
214 267 746
154 340 457
51 293 684
3 54 195
248 95 771
344 58 150
175 274 879
238 170 51
193 14 104
194 318 790
132 12 30
26 293 422
137 240 396
302 34 71
251 165 613
182 79 721
246 97 387
265 167 335
136 336 409
7 38 673
270 15 200
47 46 814
192 158 417
294 229 699
75 69 822
249 33 319
145 231 404
275 99 390
135 27 287
240 15 796
252 211 871
81 312 744
300 50 621
113 6 643
227 124 714
176 162 295
132 331 42
63 149 208
324 125 363
14 288 826
208 166 485
14 104 362
243 80 687
83 137 784
264 174 951
317 31 563
227 300 430
53 330 86
191 51 733
235 106 306
256 42 481
75 155 448
101 141 41
261 306 378
171 23 735
64 259 913
192 140 55
218 43 813
19 38 851
241 283 717
5 32 948
318 249 967
75 275 663
223 337 159
16 97 894
29 263 596
79 225 554
327 9 630
68 306 608
216 112 373
117 300 544
246 341 461
295 182 443
332 160 726
92 296 393
326 339 729
337 85 571
228 307 415
32 28 499
141 148 705
319 321 283
91 282 752
138 206 866
340 270 77
181 10 945
155 12 868
153 287 918
291 1 609
138 21 630
333 95 936
216 218 461
166 326 406
296 252 963
115 254 757
171 187 550
302 207 423
317 16 216
173 140 614
18 238 561
318 92 384
143 5 171
332 275 791
300 94 233
264 240 767
235 62 794
21 24 687
243 112 979
223 28 10
36 210 248
347 265 906
10 289 234
244 201 588
59 271 267
272 175 237
279 202 122
173 96 133
52 61 444
99 109 946
314 138 230
254 292 237
218 111 438
135 187 258
95 174 771
154 164 100
9 88 651
306 66 462
151 269 900
13 235 683
134 191 395
304 307 526
237 201 495
260 81 520
326 57 89
85 269 639
284 122 149
301 196 839
64 164 509
223 19 584
185 54 685
43 287 161
268 228 627
81 183 344
286 339 955
146 13 21
282 318 68
297 39 855
179 298 214
146 265 973
63 35 722
26 347 304
333 328 844
181 323 533
189 279 529
210 296 883
287 206 721
171 140 225
218 300 985
324 20 407
109 19 987
69 94 369
111 55 392
2 198 694
2 88 525
223 291 783
148 6 375
130 182 126
119 150 918
1 29 50
281 187 714
1 74 283
255 8 155
17 18 499
189 100 12
71 279 71
234 247 889
73 50 575
271 79 230
243 205 233
162 63 513
133 253 730
290 93 622
175 116 666
125 40 839
336 210 510
249 192 107
103 169 445
87 321 661
115 189 987
120 203 599
228 67 947
205 168 989
141 236 191
146 338 329
147 230 8
161 186 226
69 168 701
296 155 700
3 193 490
111 132 71
290 260 55
331 317 694
229 118 186
55 27 440
293 76 120
103 302 363
17 169 460
262 130 169
329 95 100
184 206 448
123 256 527
3 191 798
170 240 323
254 132 641
340 45 788
44 5 198
185 67 465
86 62 535
100 274 108
182 16 343
260 279 374
98 78 778
319 69 472
195 114 994
118 7 140
90 292 480
106 66 893
39 325 578
40 7 582
140 5 391
113 98 3
125 94 46
175 114 792
139 127 887
95 260 222
211 109 997
21 282 902
259 1 294
90 346 913
54 290 835
136 188 728
111 241 577
36 203 428
159 141 252
217 285 450
304 229 936
105 175 455
167 189 812
252 41 976
191 338 330
33 266 570
176 309 929
52 21 154
112 202 466
145 55 400
49 240 995
302 164 488
95 189 276
9 321 302
61 68 968
310 59 514
345 269 429
61 287 966
180 242 187
68 301 478
200 73 891
116 133 854
186 100 691
130 124 504
331 41 77
229 2 866
295 272 832
186 193 873
146 224 626
213 244 154
187 313 464
213 249 592
125 29 315
322 288 485
146 20 480
87 13 900
101 122 167
72 198 58
122 125 985
45 103 877
46 40 264
317 265 182
254 41 889
160 101 791
244 335 308
294 331 720
139 42 190
49 167 367
226 303 454
152 222 713
116 169 744
39 284 613
329 48 456
66 82 76
167 33 790
7 53 368
95 61 641
284 54 785
304 285 12
34 251 229
182 129 763
35 77 457
192 189 432
115 317 8
148 45 247
184 40 728
81 33 904
142 25 379
10 34 875
94 48 332
212 344 484
230 343 875
316 318 427
268 317 300
179 35 481
154 268 882
49 269 318
57 301 166
212 188 442
3 95 794
167 347 761
161 306 609
230 164 874
199 182 977
28 275 492
98 191 411
197 210 971
342 315 716
28 306 569
220 306 167
206 242 132
70 240 773
87 20 309
174 286 620
249 60 558
203 238 741
56 201 855
127 182 63
19 323 693
299 106 832
208 233 442
214 122 681
235 183 805
291 241 260
190 125 868
230 321 265
177 285 483
302 195 879
30 72 207
62 28 187
60 108 332
1 20 227
136 213 301
10 312 48
271 315 640
31 278 633
138 136 62
289 73 917
29 266 316
133 107 550
214 54 103
15 178 540
146 249 858
5 67 760
122 225 743
166 29 456
104 65 651
174 243 615
161 12 917
154 295 401
296 79 364
338 125 962
42 288 10
324 152 927
137 122 733
100 23 926
89 16 155
103 255 624
83 31 513
321 141 179
307 41 32
216 5 861
342 336 869
161 203 880
324 106 683
339 247 459
192 5 10
272 8 922
294 105 389
167 130 180
58 232 313
329 280 655
200 30 137
257 241 465
210 257 760
114 56 730
86 292 700
162 242 310
52 64 926
291 20 234
119 341 871
279 134 686
276 184 339
133 257 754
111 39 878
28 225 424
92 289 461
168 311 549
83 180 514
239 275 950
284 239 93
81 109 461
327 247 7
178 315 801
300 22 474
192 258 749
93 35 169
243 291 299
245 157 859
246 79 470
98 18 849
256 225 318
330 244 858
291 78 596
126 26 227
118 119 532
18 4 314
321 342 502
276 307 972
41 160 58
130 205 4
311 114 984
120 347 807
145 94 891
54 205 946
188 321 472
1 71 501
291 286 54
273 212 586
252 264 583
59 79 824
121 92 852
328 5 654
303 96 686
36 212 500
303 76 147
302 131 970
293 232 610
244 54 681
206 185 57
84 212 969
7 256 181
157 239 976
260 190 981
107 239 251
115 78 721
170 198 581
29 317 365
346 179 903
323 331 177
193 48 506
275 326 108
318 115 913
210 265 33
63 322 475
269 156 21
129 339 419
24 81 661
300 38 492
185 84 233
280 273 111
281 171 268
20 296 625
59 176 966
144 316 532
8 333 94
180 200 38
141 147 574
330 247 587
133 157 21
133 313 793
165 115 256
1 21 29
58 38 243
93 284 460
187 279 350
227 185 200
32 22 158
330 319 64
71 204 615
234 61 818
22 204 137
161 74 406
318 254 399
183 222 86
336 143 329
214 329 279
3 249 113
264 165 901
186 123 150
320 22 617
247 233 908
94 62 449
65 170 621
295 338 108
295 58 962
297 63 970
249 112 209
278 143 303
241 49 284
279 18 964
276 340 322
24 77 741
231 180 446
42 60 631
61 310 124
328 77 146
238 185 138
9 47 817
58 277 815
154 195 198
316 237 969
102 212 253
194 126 45
166 129 931
9 46 400
73 131 364
266 240 602
23 94 279
215 180 234
150 176 437
44 266 47
304 123 801
164 211 556
345 327 414
144 99 444
290 77 125
128 193 540
96 3 115
274 33 834
136 187 131
130 2 14
283 196 143
316 38 632
3 73 411
199 281 210
143 197 277
166 246 572
31 222 36
6 52 587
131 333 624
176 312 385
67 181 161
221 309 142
18 68 310
271 276 846
251 189 499
226 247 113
24 238 993
284 60 362
8 205 193
3 79 483
329 189 981
105 193 742
315 164 125
6 150 188
58 195 231
34 175 316
26 174 181
304 133 432
72 300 24
24 235 55
10 28 518
68 92 31
187 319 573
104 212 854
136 96 349
269 285 164
70 175 372
42 167 619
173 342 289
286 139 473
282 280 546
130 279 338
251 262 788
186 119 882
17 67 998
140 115 766
12 41 681
94 198 70
198 56 626
215 307 903
207 337 394
209 261 991
77 119 392
88 69 907
97 289 824
344 188 342
200 110 528
325 171 601
249 73 439
1 2 401
218 206 657
99 125 238
214 176 615
192 314 132
119 236 111
312 226 669
272 280 758
222 112 953
29 204 229
193 309 576
160 20 221
94 283 101
206 21 915
221 90 928
167 2 568
232 182 967
81 295 231
138 152 311
302 326 207
90 31 335
318 17 322
9 154 297
298 112 912
255 336 918
158 175 438
108 58 492
68 226 292
181 215 90
198 15 341
106 93 442
64 120 716
338 240 242
9 13 881
253 208 31
81 115 728
281 43 647
310 110 18
15 160 543
59 12 493
226 212 254
207 298 68
325 59 36
161 65 300
340 56 308
73 9 469
255 148 189
103 84 650
15 237 206
87 132 828
76 170 271
198 151 960
92 170 504
27 204 545
54 122 399
136 222 431
77 57 458
192 45 789
158 238 733
145 113 78
330 119 35
251 274 111
2 242 765
223 245 489
62 10 779
212 43 471
82 204 362
44 140 320
14 199 437
321 7 962
38 55 720
147 38 70
151 168 776
317 134 14
270 338 874
302 163 156
31 265 463
245 102 354
185 245 938
168 322 834
184 213 442
165 190 518
3 20 715
266 340 984
25 124 701
199 109 167
78 313 846
224 52 295
54 9 833
320 298 24
97 24 144
337 48 887
261 163 312
66 72 687
106 212 275
172 78 888
160 183 869
101 155 106
162 237 443
13 264 12
121 315 893
339 61 19
111 152 228
322 79 658
221 41 257
339 216 97
31 24 245
258 293 571
208 13 465
177 23 121
250 243 770
153 189 582
163 335 546
143 139 933
79 211 993
15 74 474
285 74 585
6 255 465
175 153 54
168 148 502
132 148 300
236 132 628
295 346 521
181 9 581
250 23 585
89 322 321
234 298 461
320 102 700
47 228 400
189 131 373
233 110 764
125 144 577
303 331 939
276 251 668
40 44 873
5 16 84
235 241 469
69 234 256
130 242 585
204 238 485
204 295 746
287 70 727
207 78 64
110 194 7
314 313 422
299 234 612
164 151 737
70 216 786
298 178 344
302 172 124
126 328 222
2 95 706
152 233 145
342 53 991
269 307 942
152 143 177
154 225 51
13 215 676
75 80 591
3 226 370
261 86 292
289 317 764
49 330 98
37 328 949
343 259 29
200 190 796
20 109 246
35 263 831
129 309 213
152 200 336
226 54 613
175 230 994
123 45 267
50 17 534
104 41 980
147 197 883
231 18 5
286 18 1
286 248 862
313 347 428
160 197 698
183 79 234
100 175 329
226 12 217
237 154 685
238 67 411
321 5 765
53 291 849
41 192 438
343 131 817
265 83 715
35 44 996
151 32 495
37 289 677
227 152 499
12 26 216
331 68 148
321 64 698
76 4 716
83 95 37
78 215 323
121 149 85
10 322 328
182 38 350
258 180 522
128 34 314
257 171 458
244 45 636
225 303 260
120 136 452
253 258 561
321 255 67
1 19 899
149 101 290
43 103 137
232 231 4
207 189 269
78 10 92
128 333 630
265 27 928
4 334 5
183 255 217
160 314 665
164 121 335
335 330 990
110 274 417
162 152 302
267 130 621
95 245 814
237 197 72
207 265 435
134 35 498
73 172 664
279 159 161
257 308 11
28 180 962
339 187 535
225 160 242
293 40 220
13 41 352
216 217 186
41 87 222
261 331 310
19 126 526
118 304 729
204 4 195
59 342 188
320 72 689
52 337 278
77 64 141
319 198 458
128 121 901
93 53 542
137 43 756
184 87 53
26 328 800
140 221 790
332 263 196
167 187 124
141 95 566
153 204 74
324 338 24
214 192 336
199 96 665
55 164 131
71 2 126
164 81 223
329 281 394
318 201 864
240 51 901
276 28 769
225 287 770
140 248 810
118 146 477
218 211 867
173 94 784
278 136 502
221 152 259
103 180 806
164 82 552
55 210 122
43 12 577
54 135 452
187 218 410
202 295 371
116 231 719
22 12 272
145 297 459
197 89 941
178 17 132
253 285 863
174 327 607
231 160 508
249 183 65
229 242 134
33 164 645
271 314 650
190 308 450
107 232 807
45 298 367
138 330 593
301 176 278
251 86 390
157 341 288
252 83 193
102 64 286
134 24 269
41 105 974
202 299 62
23 300 196
114 49 94
55 323 528
19 64 244
36 287 320
341 283 95
143 157 255
249 315 344
308 313 797
334 179 499
272 332 36
7 127 516
203 75 247
43 91 697
55 119 458
270 186 226
171 296 115
292 270 323
34 276 203
266 216 182
132 156 507
95 217 888
29 180 759
77 273 343
321 203 770
137 314 148
143 311 958
268 282 425
320 214 627
120 216 837
120 102 390
113 170 786
163 154 127
315 241 940
233 65 211
85 215 119
3 278 199
158 327 152
304 99 390
295 138 845
217 62 89
271 159 688
21 303 914
159 224 623
205 97 472
172 205 87
77 307 987
35 251 871
220 201 498
126 31 179
295 132 759
5 87 713
312 134 579
311 215 871
95 182 603
341 92 262
243 187 175
197 129 891
101 53 490
215 226 629
40 147 382
109 314 171
10 242 477
43 171 582
91 219 581
196 2 10
112 134 847
73 245 251
310 174 948
233 258 670
197 240 927
114 135 790
65 213 98
92 49 578
148 231 129
79 166 400
11 124 642
134 304 773
255 73 221
199 183 615
120 19 944
183 229 762
185 201 389
96 276 267
277 13 854
51 19 443
206 241 88
5 269 33
101 46 703
326 212 246
189 146 249
78 2 959
211 74 342
50 287 154
62 294 841
240 36 887
128 238 491
211 183 753
157 180 341
279 246 176
55 105 210
25 252 976
179 238 134
144 156 626
152 340 736
238 229 688
272 160 374
47 100 16
241 221 502
244 327 780
14 122 342
184 101 162
255 88 590
130 9 910
58 45 826
304 262 894
188 51 425
140 101 572
210 253 561
124 32 865
123 292 967
262 179 623
259 140 257
105 238 598
115 22 200
32 87 948
30 39 240
15 118 673
213 205 197
344 224 398
93 6 255
160 283 463
244 256 529
22 133 677
176 43 436
156 226 329
289 199 318
206 151 317
219 65 1
286 8 671
98 304 698
299 148 410
317 195 687
209 107 749
308 212 980
197 250 243
178 246 458
155 110 678
226 147 294
145 210 506
345 289 523
158 300 504
226 286 986
141 16 212
151 292 191
244 104 764
186 286 560
11 251 998
158 240 592
33 328 440
319 43 446
334 312 957
71 144 805
42 113 710
156 36 361
215 14 665
1 34 411
149 306 410
41 54 567
212 24 548
288 168 14
335 319 597
333 90 786
210 131 249
164 195 751
321 221 142
252 210 63
339 45 163
341 214 332
60 261 733
257 243 366
47 120 778
260 107 634
88 197 224
90 18 186
253 164 986
69 145 386
49 160 704
294 198 929
129 172 30
215 201 968
15 75 221
134 305 389
135 312 222
326 309 865
333 82 548
18 109 65
257 270 111
141 99 798
54 55 908
210 342 614
61 65 241
53 104 77
283 105 58
157 117 227
259 180 163
50 41 184
233 122 639
256 180 195
235 198 853
232 191 147
226 41 206
278 174 455
29 194 198
208 158 708
40 121 831
322 279 400
234 184 698
103 133 833
256 316 696
7 277 722
328 88 51
316 226 598
213 218 579
125 28 587
261 32 766
295 134 964
39 310 637
104 198 906
298 267 466
313 238 489
280 291 395
168 212 992
180 134 42
207 2 507
116 60 346
233 90 389
122 181 301
209 51 794
266 90 69
129 10 137
309 41 277
81 181 263
192 285 272
210 24 279
186 36 859
101 113 715
296 2 661
246 293 865
78 124 882
5 127 178
188 269 50
152 8 258
219 64 350
308 225 867
193 144 610
133 19 3
178 229 944
9 69 287
87 325 670
226 123 56
3 188 465
222 307 532
205 182 973
156 342 644
248 12 375
156 341 280
184 145 788
179 112 545
324 306 90
314 100 544
159 147 794
342 114 58
312 253 181
18 59 693
166 267 141
101 286 463
123 143 137
342 214 784
256 116 584
327 21 228
334 313 853
340 91 725
286 178 106
171 269 766
227 186 495
220 326 315
153 315 939
6 182 10
50 127 892
267 105 678
159 47 372
219 69 595
57 72 122
310 192 134
197 77 278
253 260 918
14 173 447
137 72 27
115 30 740
309 237 875
24 325 242
140 99 552
196 166 705
285 12 533
36 268 90
1 129 107
318 300 52
59 148 540
239 165 685
30 184 197
338 263 999
142 90 539
237 344 709
192 122 431
241 193 239
303 51 378
324 75 339
55 191 640
76 89 724
103 54 385
59 104 527
150 212 634
237 198 497
17 343 506
126 341 733
159 181 656
99 202 473
342 6 568
329 34 244
16 139 35
120 177 591
119 96 465
133 213 748
2 8 96
19 267 225
254 11 541
228 283 313
308 271 831
115 268 275
223 276 946
38 213 441
210 32 394
269 128 836
232 36 255
332 47 328
135 176 914
326 63 850
99 207 133
302 235 12
289 165 696
153 306 655
49 176 312
195 233 548
89 262 310
31 258 832
287 83 680
22 45 877
196 262 615
321 337 256
44 263 753
341 99 537
72 147 248
153 271 759
325 71 308
141 139 880
69 115 605
326 154 308
193 313 471
275 110 939
7 323 849
330 95 113
116 259 25
178 280 624
86 241 971
23 233 559
261 195 240
287 238 370
33 285 444
345 310 375
47 272 977
56 16 929
270 293 494
249 273 950
233 148 380
107 235 434
310 222 517
274 47 194
324 172 916
81 177 411
43 48 686
218 270 854
208 192 42
296 324 875
325 67 265
69 54 694
148 263 303
31 176 192
219 304 669
195 39 440
281 309 115
26 98 839
89 133 799
58 80 899
246 18 29
11 21 732
272 149 681
278 286 160
79 190 763
226 1 274
13 34 950
194 182 279
262 211 761
258 18 783
262 99 198
38 184 361
176 82 587
331 108 447
108 89 721
151 227 432
224 179 915
329 138 475
209 135 699
272 229 27
219 54 406
67 59 589
313 47 343
177 227 880
301 93 254
21 309 520
156 171 33
124 121 638
81 193 672
79 10 663
94 89 976
169 333 997
250 132 114
311 154 545
81 282 431
126 174 164
300 49 501
82 90 263
105 180 16
100 39 61
194 141 244
239 64 551
281 306 133
95 276 171
181 111 334
301 319 628
35 83 46
251 169 427
30 64 287
23 213 491
78 284 640
53 347 64
169 73 226
63 94 791
289 24 394
231 339 828
173 159 873
347 331 980
200 67 596
129 287 451
190 224 749
160 254 845
176 45 331
341 139 804
328 41 341
297 313 126
155 7 287
141 10 627
8 167 535
218 244 340
96 51 882
194 109 249
17 13 90
21 79 490
179 270 776
46 83 192
200 115 431
211 94 802
285 42 271
236 83 89
4 167 550
195 159 160
283 165 653
333 329 787
139 148 285
134 294 376
205 254 987
303 336 82
16 102 777
46 61 969
215 89 415
208 81 956
57 305 358
131 140 599
188 124 473
142 135 745
62 199 681
206 294 818
178 336 469
124 324 136
111 35 355
115 114 290
263 254 445
161 322 402
189 91 870
117 285 137
230 326 763
155 241 772
110 23 93
26 226 573
115 104 833
107 302 361
91 291 123
75 197 468
152 93 36
24 300 550
274 32 777
138 239 19
321 282 346
52 212 219
319 315 489
84 206 167
240 74 704
166 73 765
33 80 916
177 296 920
114 268 665
281 320 280
77 132 8
210 105 245
63 68 355
263 223 810
161 72 856
265 115 678
272 325 258
120 343 111
208 314 60
77 52 314
57 293 884
72 131 784
164 330 941
335 183 326
295 153 823
23 297 218
201 222 337
130 291 677
16 269 246
48 332 235
295 245 298
59 276 176
35 273 353
32 190 844
195 70 440
221 341 535
339 117 832
214 125 20
62 210 248
171 133 585
101 177 828
263 225 897
281 106 104
52 231 312
87 169 478
37 123 298
217 336 337
277 78 850
198 81 531
51 139 1000
248 185 44
55 53 119
54 176 88
192 226 638
319 269 2
321 208 229
192 84 990
97 320 664
185 319 425
58 109 336
332 181 892
40 122 258
16 26 854
79 71 85
194 254 545
292 193 597
227 187 966
300 184 312
202 88 325
178 60 394
61 157 584
271 239 152
16 24 537
261 184 119
309 80 657
333 252 206
139 106 527
125 140 781
192 93 506
175 152 936
111 44 128
318 253 720
140 191 110
115 24 937
149 177 477
77 274 271
47 333 711
315 43 232
240 18 738
295 343 736
282 102 529
335 294 270
327 252 744
131 194 567
331 138 853
199 122 763
155 250 115
108 25 145
167 229 309
57 308 23
285 10 864
148 224 92
250 313 563
239 258 959
160 138 26
147 263 496
231 305 261
266 316 395
223 225 350
32 48 972
296 112 478
282 251 845
224 54 571
326 260 959
271 80 455
252 342 429
95 159 313
278 10 153
66 268 908
103 55 62
265 5 128
281 233 502
87 154 695
124 68 589
99 249 725
298 287 638
112 188 114
178 313 12
187 192 914
1 148 189
113 247 618
258 301 470
27 112 288
217 70 848
223 68 226
317 322 128
44 86 184
33 319 611
228 323 416
65 30 629
168 73 947
78 177 113
320 91 771
157 16 267
3 205 39
6 85 430
136 244 179
207 305 541
255 172 12
182 327 287
36 145 838
123 298 232
58 230 876
108 66 59
216 17 877
16 171 683
126 330 915
191 62 480
48 320 859
249 162 413
120 194 447
20 82 462
277 156 948
170 19 740
197 266 591
320 326 929
237 221 24
130 185 559
134 74 555
291 150 80
16 112 528
17 90 937
321 244 477
323 246 980
32 294 313
338 82 675
221 115 366
129 216 882
87 300 292
1 133 498
10 286 145
123 205 204
333 133 155
93 28 33
267 53 357
60 122 539
317 238 935
115 245 222
167 258 552
235 19 635
280 41 717
166 172 328
339 7 878
38 223 726
9 64 260
181 165 198
76 88 924
171 326 135
132 96 812
312 282 937
99 34 341
136 273 549
126 38 910
123 166 633
7 110 256
322 95 878
107 271 434
243 5 320
41 230 42
298 295 93
230 163 708
65 75 807
157 218 442
112 91 967
45 223 917
335 122 540
278 132 600
278 335 102
230 297 634
87 171 159
217 193 28
149 284 173
68 140 724
134 282 900
155 200 23
9 203 775
41 52 422
177 63 493
161 246 594
87 272 793
30 31 852
64 97 723
347 324 399
154 328 693
65 28 781
317 33 308
124 196 754
343 26 644
180 202 873
121 87 239
275 149 214
247 251 874
177 97 246
137 205 257
231 214 787
39 124 173
294 127 589
323 71 606
239 1 291
115 192 942
61 91 646
194 21 728
265 176 892
106 109 697
297 124 320
83 141 56
330 114 359
219 346 434
152 341 206
171 284 553
214 221 63
50 131 765
143 135 813
67 106 166
19 189 244
328 121 222
100 302 267
157 196 837
152 106 597
123 144 647
260 138 776
176 262 246
116 146 684
288 65 64
338 53 634
328 256 917
41 256 222
150 15 947
225 233 44
131 142 868
161 45 771
16 53 282
300 241 551
150 248 444
7 152 849
141 143 341
99 316 355
32 24 501
320 219 17
265 140 561
70 34 294
190 339 589
237 58 951
211 51 443
105 9 768
44 313 289
117 321 46
276 283 875
176 282 399
326 168 376
26 116 571
199 134 787
260 298 694
318 137 939
308 326 913
22 69 537
46 286 505
187 223 139
61 37 945
215 48 947
96 229 557
62 112 743
275 121 39
302 327 378
31 17 831
234 258 102
120 27 761
112 192 771
288 119 82
310 105 724
328 8 783
209 96 43
224 266 271
121 104 91
165 189 34
176 102 749
65 97 198
296 143 903
33 13 631
280 205 422
88 84 114
267 146 361
271 264 614
18 22 494
134 69 583
160 122 695
123 339 15
79 300 196
343 273 398
300 203 553
296 257 309
192 302 361
218 87 814
39 181 429
314 184 749
341 37 515
311 160 880
106 325 781
96 253 646
138 71 183
335 133 161
77 329 991
10 237 101
79 45 800
146 78 629
305 271 834
73 293 244
51 203 138
297 115 991
311 333 595
208 328 482
72 92 666
260 314 257
295 235 510
220 238 822
179 242 730
38 136 807
19 299 674
268 264 762
1 166 975
168 189 759
302 54 74
268 102 824
49 135 909
83 242 904
45 211 907
56 53 213
276 41 12
18 24 992
43 109 838
200 310 677
26 117 305
195 127 660
346 168 355
267 129 72
98 10 781
108 324 768
109 212 870
126 110 668
19 236 596
12 30 440
181 113 736
302 308 738
344 145 440
209 84 578
275 30 823
221 144 447
79 133 990
319 332 136
55 221 817
346 206 583
133 245 842
275 156 940
284 2 896
16 156 156
85 221 843
14 138 324
10 124 937
181 243 397
320 310 216
316 110 373
346 125 914
14 345 186
157 17 396
333 15 51
291 122 645
234 210 451
17 195 969
346 50 992
1 37 534
221 212 552
271 61 639
136 243 244
103 42 477
253 22 194
300 347 608
9 20 733
333 17 580
277 259 898
41 272 297
71 188 746
145 283 846
1 261 562
4 340 792
78 104 198
55 297 495
161 73 129
174 317 945
248 125 976
196 254 61
280 308 925
309 329 510
50 334 131
202 240 930
218 12 659
27 101 246
271 104 213
10 251 475
296 55 651
219 221 377
59 312 513
57 120 445
295 129 295
52 325 316
259 132 509
155 215 753
194 262 301
67 123 67
120 185 285
319 314 343
326 106 740
279 109 207
158 195 219
112 332 264
287 279 438
104 339 856
81 296 698
65 238 628
89 25 720
332 306 528
285 22 169
313 241 603
42 198 75
3 114 303
84 261 283
105 81 88
132 66 738
103 244 177
244 153 432
189 141 239
179 17 741
58 5 48
231 103 448
321 33 498
258 218 456
104 302 205
225 317 746
283 187 276
340 59 167
134 29 742
310 314 704
267 254 954
191 280 694
35 177 809
319 12 544
89 268 354
150 12 609
288 304 91
275 154 511
166 125 334
98 106 65
344 5 439
37 160 618
58 187 668
165 105 785
142 291 38
88 311 750
138 105 872
25 18 223
5 183 41
145 59 399
113 27 111
271 102 444
230 243 59
339 176 820
105 259 873
336 177 746
180 278 418
206 95 874
6 149 542
148 293 556
217 238 593
266 311 364
300 17 539
198 219 636
210 333 719
216 57 116
1 153 184
313 55 127
103 145 591
233 93 613
180 44 931
307 97 455
107 109 52
169 99 444
89 61 142
93 46 646
217 204 189
240 271 360
66 230 47
36 52 69
118 101 223
158 269 213
7 147 48
283 318 143
163 12 515
124 345 560
284 294 30
280 305 35
3 160 596
44 343 218
315 115 827
84 139 888
152 174 609
324 237 547
99 296 503
6 264 601
79 297 88
344 214 735
289 323 599
281 201 703
180 329 476
209 191 887
102 305 21
173 260 337
51 187 276
287 217 176
136 86 692
7 33 905
19 179 262
253 185 850
251 52 658
53 138 387
308 316 637
9 306 377
131 344 786
106 319 874
208 23 555
207 111 503
1 177 711
6 21 349
117 88 913
328 100 508
42 306 191
23 19 239
291 188 811
126 167 440
186 315 532
225 297 778
172 187 597
76 70 609
158 196 229
261 68 701
48 225 901
150 2 123
239 270 486
232 142 316
47 194 549
298 120 746
245 136 766
62 123 469
298 142 793
106 157 858
118 209 34
15 70 446
202 305 731
142 343 802
255 89 847
294 232 331
244 26 349
231 258 393
304 141 938
140 181 869
96 91 72
287 76 882
200 4 470
318 80 343
92 286 250
326 197 138
142 314 594
97 143 512
183 277 458
98 28 351
51 159 482
140 229 143
95 131 50
330 10 16
190 37 489
163 185 151
100 182 841
239 106 495
153 83 594
11 35 897
300 194 349
338 329 933
122 237 783
15 79 669
237 189 482
73 53 804
209 13 528
323 203 865
233 337 95
62 29 877
75 133 15
100 224 935
215 192 310
45 38 881
208 266 287
316 74 587
225 18 10
178 344 641
194 114 939
66 54 306
185 274 414
277 198 982
224 113 549
287 210 707
143 154 139
92 113 168
171 64 475
271 133 758
97 83 654
320 34 170
236 332 187
226 116 407
110 34 529
343 78 528
46 267 794
71 269 637
92 122 399
94 98 107
240 124 911
292 79 481
204 83 27
65 321 512
236 200 528
331 91 40
343 6 393
308 116 457
327 94 42
8 219 18
36 237 205
335 75 855
307 319 97
154 226 819
300 345 740
91 252 926
163 135 402
181 289 727
103 290 416
39 264 87
262 269 169
34 248 210
224 237 19
209 61 923
2 9 337
345 336 872
297 341 964
101 56 2
84 67 240
231 161 86
342 89 523
324 274 839
278 303 860
91 222 841
235 306 406
296 120 757
334 89 343
215 66 834
142 51 619
133 165 963
38 319 919
292 214 337
146 80 982
233 283 593
17 244 881
82 171 865
1 3 241
180 234 17
99 274 795
126 40 194
1 317 160
217 73 188
122 148 579
205 224 736
93 325 501
181 45 312
103 168 619
14 63 821
287 151 314
331 299 622
49 275 572
206 299 909
79 200 424
45 197 536
279 101 17
49 139 264
110 300 528
29 57 980
252 244 608
56 257 126
188 96 818
84 15 164
223 319 881
289 163 901
84 201 517
61 5 575
74 44 382
100 69 416
249 5 256
287 336 493
210 174 261
155 64 755
76 310 679
78 281 790
88 78 993
210 310 721
98 9 194
27 116 303
77 169 386
13 225 441
306 242 273
289 44 559
130 219 524
265 252 155
33 222 206
256 104 139
3 82 808
232 297 726
135 192 718
315 219 456
18 85 751
241 269 877
263 250 350
214 274 226
245 103 674
286 25 724
335 279 18
232 316 425
163 347 976
216 51 597
206 320 652
156 78 999
107 98 116
127 285 712
327 192 316
49 266 122
24 223 980
173 263 706
219 110 725
73 103 267
82 179 774
177 300 573
316 174 564
103 136 892
99 17 110
29 30 31
146 6 503
137 216 997
297 258 439
162 88 856
63 70 332
143 191 364
315 84 483
47 25 208
141 13 107
169 81 724
268 333 825
273 233 476
226 17 725
198 334 674
303 26 317
65 345 693
252 289 829
20 59 585
207 268 458
272 82 25
16 310 441
20 252 315
202 94 392
110 166 389
164 2 251
263 343 982
221 197 701
181 303 715
30 249 943
87 261 605
167 272 628
102 89 896
223 63 481
319 82 864
162 55 898
59 43 943
5 178 758
234 20 789
64 100 795
301 123 393
62 104 512
173 113 639
267 236 641
193 55 485
330 287 909
189 51 761
30 33 343
45 83 144
29 6 718
114 62 710
60 27 164
267 23 310
154 61 460
325 45 409
231 310 360
56 6 623
342 262 461
185 214 632
291 68 866
109 138 23
265 71 195
160 274 589
222 242 654
275 155 269
234 14 834
78 186 900
126 14 954
59 329 930
328 181 416
137 35 726
159 221 960
127 291 866
29 244 519
211 137 358
173 332 211
1 171 732
143 242 872
29 103 30
147 293 272
230 110 546
255 250 781
316 154 236
245 325 893
317 12 837
285 93 807
262 292 350
64 16 298
339 205 418
179 78 576
190 285 806
305 9 747
332 139 306
58 217 139
204 107 642
233 170 48
234 42 824
290 23 792
193 179 671
37 259 156
139 11 417
110 181 756
19 224 71
218 105 532
220 287 213
312 330 615
119 18 674
312 92 406
89 49 856
301 191 946
287 4 730
233 334 602
4 295 650
65 177 11
111 323 433
235 262 88
319 65 535
47 211 948
6 261 989
212 98 901
122 203 941
275 193 345
153 95 501
291 160 607
25 62 32
189 260 622
107 104 467
54 25 948
317 152 391
310 280 114
238 85 151
161 124 835
112 252 660
193 347 259
210 143 631
246 103 347
235 287 179
258 248 816
292 223 787
254 299 878
29 148 153
119 48 497
2 85 19
96 141 115
295 92 365
286 54 934
53 339 978
47 48 968
153 229 988
76 86 379
94 17 85
124 197 143
188 34 514
223 188 51
82 252 120
158 182 487
230 193 325
338 225 527
342 219 673
132 204 776
340 210 957
60 119 89
15 201 719
218 149 106
316 29 571
72 314 439
125 110 116
310 42 519
209 82 666
265 335 670
216 341 302
101 322 59
278 29 574
105 289 920
265 270 959
175 343 872
46 85 755
117 243 605
62 204 952
311 274 539
170 216 437
40 196 631
266 61 301
252 43 283
110 86 616
96 78 509
256 243 471
292 319 210
54 298 964
140 34 763
50 202 776
284 302 235
44 310 665
300 115 540
160 89 159
38 11 860
196 305 719
206 77 839
203 220 145
1 76 449
347 274 729
345 306 256
124 56 231
335 220 164
267 198 726
331 48 642
206 205 519
170 311 216
292 181 43
112 214 611
16 189 845
162 286 583
301 165 778
25 186 262
101 187 209
96 289 859
3 92 881
11 64 64
251 301 770
285 204 382
275 133 384
294 49 273
84 270 199
263 214 308
149 209 814
274 112 818
176 32 665
113 249 773
234 340 329
75 160 36
162 135 239
161 86 813
174 329 583
167 213 185
142 93 992
297 90 187
234 3 874
92 198 122
241 213 574
113 279 772
326 147 604
112 236 70
273 156 551
104 283 667
306 265 565
177 102 864
49 257 285
90 76 690
88 7 102
39 194 590
218 198 638
204 116 389
47 275 677
218 10 32
242 287 269
261 227 260
235 83 859
15 302 809
240 5 833
72 298 302
37 207 282
284 27 636
178 181 830
219 170 573
96 61 595
267 1 599
292 119 410
337 280 906
318 58 938
212 302 849
342 180 905
58 298 444
157 291 973
339 347 633
257 217 370
217 10 138
316 35 6
334 167 58
21 292 913
240 77 876
121 94 226
48 343 497
290 119 102
339 223 397
292 328 593
187 276 44
179 313 222
80 266 637
311 322 412
12 277 927
338 114 668
144 161 684
266 14 115
277 5 276
203 90 254
61 199 969
187 234 293
264 100 170
320 110 716
132 107 878
143 184 494
57 108 343
199 263 202
73 261 420
299 329 839
228 336 480
320 37 11
118 75 124
204 167 967
193 311 500
64 184 381
42 126 801
27 175 356
191 270 723
304 43 596
265 325 355
88 173 535
89 223 346
103 56 198
280 251 267
27 256 240
47 343 118
1 313 580
341 146 938
109 235 22
39 67 627
331 249 752
181 281 526
120 46 357
160 133 104
170 63 547
219 145 442
308 52 775
3 247 157
184 212 57
102 252 168
311 105 48
94 271 324
156 195 586
173 226 533
267 227 970
287 214 872
112 288 885
316 202 127
71 67 752
56 233 737
108 37 961
157 79 993
38 329 564
47 198 5
267 142 244
62 320 258
44 172 268
119 106 862
121 257 387
275 233 864
168 28 853
86 301 388
304 330 475
204 77 46
240 255 627
163 137 136
242 268 945
292 70 720
96 257 669
71 93 874
13 153 970
295 217 437
234 99 602
336 72 407
329 222 616
321 222 58
113 47 193
218 28 892
73 334 527
85 245 800
22 347 831
260 328 541
252 270 442
142 105 822
326 40 398
345 76 121
297 252 314
248 327 1000
231 157 575
