590 4559 457
119 149 973
227 1 678
36 72 541
117 584 375
533 491 34
113 210 789
337 71 193
35 387 882
198 521 879
9 197 896
371 48 707
367 515 532
41 208 263
71 463 23
258 101 668
341 369 107
5 580 729
335 321 357
261 27 548
397 505 577
54 323 708
205 379 93
36 481 812
22 511 912
583 513 699
153 37 5
233 259 812
423 51 522
174 277 572
162 421 672
53 161 752
129 156 485
120 334 521
326 419 739
363 229 511
397 259 208
85 118 696
415 369 147
469 463 599
109 94 685
227 501 53
495 351 711
529 481 22
119 150 11
15 25 439
169 191 979
461 196 360
241 333 302
315 291 466
577 11 752
1 290 806
305 25 677
31 280 179
166 114 195
199 133 475
301 36 462
28 136 65
323 453 926
237 171 756
451 149 276
161 263 441
565 521 1
31 283 975
1 490 140
138 443 725
57 171 200
564 143 174
151 231 286
195 30 655
171 106 516
356 536 266
246 199 805
76 499 961
339 381 252
75 399 363
264 76 799
157 584 534
124 15 642
583 373 543
37 237 193
531 287 621
467 141 390
365 436 853
145 170 854
526 318 75
359 129 45
245 355 820
369 531 196
389 473 197
130 363 607
396 99 249
21 151 893
61 459 190
437 481 275
39 273 597
479 68 890
371 441 771
159 243 754
541 196 700
317 409 344
7 293 959
264 185 1
140 122 137
31 418 669
521 373 580
273 285 845
448 31 2
191 91 326
169 89 511
144 281 372
281 486 384
121 250 523
121 398 207
204 6 478
299 366 316
322 419 484
553 261 525
381 579 511
253 287 492
404 341 429
219 391 397
231 251 389
105 209 518
476 481 944
316 453 361
41 1 122
161 3 989
269 103 870
151 450 501
485 463 125
41 97 170
401 289 396
19 129 814
343 119 235
439 501 560
39 190 482
561 451 539
196 551 847
517 361 121
167 145 300
251 475 489
451 53 62
363 272 458
91 541 821
106 274 894
401 192 257
283 255 726
29 573 220
482 445 812
13 428 992
243 93 541
562 271 257
468 20 625
54 188 645
253 547 695
226 176 278
5 287 652
154 507 699
290 127 928
249 363 999
407 301 414
461 491 67
201 86 567
361 63 738
441 59 580
9 107 383
49 461 288
562 235 232
109 431 127
459 513 646
525 213 804
579 241 714
107 386 744
225 451 135
267 93 746
36 545 393
427 83 9
341 129 997
202 101 520
411 261 1000
206 525 375
124 283 419
268 447 425
180 451 559
511 328 496
285 486 779
220 181 820
482 290 28
81 61 916
437 476 693
131 496 599
99 586 975
546 576 664
97 313 368
154 480 781
317 575 948
167 359 776
111 485 143
231 10 481
369 401 689
225 81 287
213 11 661
144 397 45
7 234 841
101 384 707
134 385 544
125 233 635
56 101 329
152 415 534
161 371 1000
31 43 42
69 98 42
197 141 810
191 216 255
131 431 8
129 253 995
421 61 282
27 289 224
352 279 839
337 87 607
486 199 164
61 521 326
548 517 591
96 55 276
559 581 62
25 431 844
331 366 611
133 66 885
159 389 76
174 412 741
134 581 708
186 569 401
403 121 618
319 584 342
119 92 742
49 47 234
339 61 968
527 221 776
101 176 918
298 1 499
487 426 108
113 569 599
70 399 543
551 401 846
217 262 870
261 366 493
356 229 559
62 521 4
456 257 911
271 100 448
411 87 603
516 203 710
407 373 560
511 476 349
51 453 902
345 227 166
231 375 74
265 208 345
581 133 760
379 487 688
143 155 311
266 169 937
307 273 939
283 217 700
253 201 378
139 535 170
101 537 700
15 201 728
312 112 269
405 481 847
96 308 794
293 347 555
302 157 27
373 160 159
531 56 179
217 211 191
261 237 463
183 207 657
505 118 754
548 196 809
511 146 966
203 510 948
434 559 870
513 551 312
61 56 429
47 297 43
578 531 933
155 169 684
571 183 825
254 371 750
529 221 837
313 543 778
42 583 466
401 375 21
559 351 556
115 265 699
424 171 477
61 523 660
15 36 631
287 485 440
431 581 512
231 175 306
377 536 869
28 405 930
30 429 241
531 500 76
479 561 14
154 16 140
186 265 654
1 547 804
574 371 675
151 395 413
74 553 690
450 213 251
17 37 306
343 321 671
564 203 249
196 135 223
237 292 493
561 192 656
238 216 93
509 125 972
71 182 358
267 570 859
361 451 684
28 414 814
227 241 342
141 378 291
552 69 486
495 585 355
201 299 151
207 353 768
19 408 754
57 279 231
21 38 155
373 205 838
10 305 360
155 447 776
581 351 15
8 76 35
196 586 663
342 179 520
426 353 812
547 274 600
26 337 977
113 531 919
376 207 479
562 526 325
183 521 654
455 97 234
581 119 797
497 81 686
505 223 314
397 176 953
121 349 746
335 286 913
33 185 266
111 229 670
85 590 490
205 221 153
511 233 628
369 91 831
367 206 784
173 202 391
93 255 208
377 353 234
9 393 71
183 171 274
294 373 645
200 289 718
311 486 58
579 277 501
431 484 867
539 363 924
492 352 58
94 576 936
171 191 382
328 473 542
445 125 868
11 121 94
201 583 436
336 157 952
214 323 467
344 388 160
142 265 581
181 201 666
313 437 328
333 471 205
252 235 665
436 424 473
4 34 598
191 460 739
179 380 785
431 136 693
216 23 961
261 225 268
531 31 243
12 426 455
381 481 440
346 313 14
21 81 18
33 67 391
305 376 925
395 255 444
193 539 801
251 333 666
155 381 715
144 448 769
18 165 113
106 586 742
516 71 854
16 96 78
206 321 543
481 207 783
8 523 531
305 137 244
159 339 642
65 536 117
216 281 339
390 175 282
266 571 494
281 480 637
33 38 669
14 117 287
388 561 494
296 203 581
149 215 18
31 35 642
531 261 385
297 534 570
537 427 494
59 188 618
588 277 56
471 429 317
282 309 303
173 119 49
105 9 155
339 506 927
581 37 491
553 181 226
53 294 36
141 195 172
23 16 728
296 342 659
521 465 78
369 141 668
81 36 422
1 152 888
471 214 902
252 493 342
1 417 920
351 571 970
404 264 520
571 296 109
511 76 114
191 81 817
575 186 949
313 468 164
336 46 196
231 416 34
346 311 315
434 425 780
587 577 869
33 285 423
364 5 990
31 71 46
389 179 787
91 533 786
4 92 772
232 165 418
361 531 498
323 36 216
16 389 672
427 43 519
39 589 686
37 461 501
469 71 301
26 60 76
25 401 980
427 41 822
501 115 420
389 531 409
461 41 119
518 364 380
74 477 668
371 151 368
40 66 750
143 191 128
108 457 999
185 223 141
291 316 645
533 583 250
111 226 873
178 100 823
60 417 609
381 509 550
461 431 709
228 246 163
132 495 876
28 21 403
71 148 657
199 401 383
386 517 256
191 303 430
309 381 201
109 236 497
569 91 827
123 188 549
222 313 629
553 189 9
581 531 451
144 451 556
46 51 915
184 288 416
1 575 888
235 82 899
475 27 17
211 179 421
371 75 800
531 485 801
361 181 151
1 249 244
579 247 419
547 336 373
7 124 52
264 507 965
245 341 163
472 230 900
31 135 760
260 491 281
97 172 978
137 287 931
47 357 968
411 147 597
171 573 692
175 24 341
116 212 455
171 254 854
68 30 162
95 291 28
11 115 634
99 1 998
203 239 489
169 61 382
331 1 759
374 33 495
337 333 87
383 569 201
335 147 805
163 37 810
483 317 892
586 224 200
61 91 567
11 21 238
430 117 480
97 493 772
409 309 2
2 4 5
56 161 387
31 61 158
213 71 342
98 195 47
171 291 404
251 203 681
585 15 19
131 225 366
301 521 137
257 338 201
311 511 925
81 33 369
86 222 604
91 301 445
255 471 45
41 315 107
182 154 152
501 369 374
579 140 982
465 558 805
379 403 483
71 473 236
106 552 424
389 161 606
115 530 63
1 301 467
62 1 66
392 281 914
99 565 696
429 317 92
336 387 32
183 203 270
224 539 542
381 590 786
15 421 315
421 5 138
157 430 374
225 172 247
338 19 281
177 103 527
533 246 331
409 580 45
517 262 759
567 536 852
548 481 974
251 400 589
261 379 746
105 523 932
115 561 904
364 432 387
283 293 269
305 389 541
447 583 747
396 567 239
521 102 423
205 557 411
242 183 754
20 317 529
191 403 123
532 266 100
310 309 839
181 551 264
424 71 603
261 267 623
495 566 298
203 546 30
515 5 191
57 485 261
349 202 13
141 430 504
412 560 381
541 494 448
190 391 418
29 420 688
45 275 758
169 398 143
87 547 998
160 341 529
107 339 780
30 243 598
425 466 619
11 323 56
148 154 964
483 131 925
497 213 457
283 131 725
249 588 508
42 431 360
81 566 812
169 111 91
126 388 868
303 373 652
311 385 590
305 161 497
181 301 336
78 476 455
543 113 728
213 123 917
261 345 141
524 399 157
371 533 353
245 489 605
407 281 103
471 418 29
109 551 949
521 326 728
420 43 383
260 400 114
19 175 309
281 285 616
572 397 343
445 69 764
76 318 572
529 479 800
192 113 64
349 126 213
305 257 98
141 118 489
309 483 540
183 369 118
449 312 492
83 431 640
11 389 89
27 31 457
536 115 534
245 297 284
181 209 6
459 88 689
578 407 313
66 143 254
79 193 991
125 469 596
71 451 331
533 131 989
165 194 387
157 512 701
188 491 881
223 32 542
580 283 749
529 571 671
416 557 448
39 123 482
552 232 790
284 7 617
493 111 448
574 413 816
273 244 223
291 281 691
537 189 62
14 114 609
383 68 536
263 71 882
517 47 455
570 18 447
401 245 229
187 421 435
311 347 166
587 171 396
37 361 544
117 17 779
27 179 940
61 57 632
81 16 225
403 144 380
193 451 792
577 461 373
127 69 328
193 434 425
151 279 578
523 555 290
337 107 627
495 135 746
487 523 859
107 171 40
277 559 630
138 135 878
261 312 337
213 249 84
437 1 753
445 255 676
9 24 644
331 251 445
361 561 672
49 46 379
255 429 766
175 111 559
401 263 389
225 291 537
142 547 882
127 61 887
511 581 40
15 150 712
335 576 902
524 17 419
119 323 980
391 565 342
109 223 485
258 547 757
63 157 179
113 367 697
544 291 810
87 213 913
49 119 445
45 414 307
528 57 894
241 271 486
352 411 529
473 351 798
181 48 736
317 413 365
384 313 620
53 415 519
412 345 50
182 53 634
146 386 278
119 589 868
192 1 899
135 25 810
70 231 325
105 191 743
145 306 988
459 86 93
546 243 737
381 423 3
151 456 900
109 277 767
30 571 53
426 349 348
243 15 67
237 165 420
549 563 348
555 271 539
351 91 752
43 160 133
442 139 288
32 531 350
128 440 812
20 23 295
343 269 311
259 173 160
387 369 546
350 509 202
191 431 448
491 438 598
325 323 387
532 233 100
39 551 839
9 147 140
285 101 734
163 279 812
355 522 448
553 583 68
141 93 696
147 349 631
83 567 35
61 97 701
3 55 38
501 121 610
301 417 894
77 239 291
441 25 101
122 1 926
449 1 399
571 79 508
81 572 987
361 406 452
207 360 897
569 400 904
81 381 776
521 97 223
413 257 953
49 291 277
3 31 77
265 132 918
225 314 517
165 231 325
258 523 672
58 158 43
278 536 999
389 149 515
521 363 554
415 279 958
423 21 828
459 200 555
65 291 122
17 523 397
485 415 493
261 483 385
437 397 828
294 421 662
21 531 611
419 309 101
363 482 56
76 116 116
43 331 55
475 79 691
196 201 504
351 41 156
329 59 667
565 553 30
536 97 857
168 201 310
187 448 592
351 409 994
95 567 44
541 351 617
118 172 761
415 361 144
521 344 828
198 465 949
529 380 557
75 427 848
515 327 53
509 55 423
435 555 189
443 349 279
373 481 290
306 272 571
1 486 823
356 216 167
521 40 189
198 79 418
5 245 968
13 561 734
33 153 307
544 349 115
492 175 191
201 224 707
257 391 696
541 221 309
23 545 652
437 335 817
436 579 33
499 486 874
523 371 518
491 33 687
146 196 568
145 163 186
461 271 774
413 388 527
264 143 682
151 131 581
371 488 467
233 279 522
73 89 328
341 221 164
109 227 913
176 269 348
281 159 131
494 141 614
534 59 894
496 422 687
241 113 445
303 441 154
151 448 386
536 461 180
371 541 136
276 541 329
231 463 842
512 381 705
197 183 366
507 191 759
355 409 561
73 18 389
534 161 185
230 431 517
225 371 178
467 71 265
476 560 176
481 58 291
571 37 803
174 216 979
291 149 969
185 75 986
304 221 843
271 571 452
193 503 883
272 29 918
224 381 37
237 106 898
301 356 480
339 235 266
120 129 732
416 96 118
571 193 327
357 492 929
42 219 940
296 225 461
548 406 729
1 365 444
65 56 197
160 506 366
221 176 721
584 531 134
45 219 760
507 136 899
331 93 104
174 532 121
60 17 177
67 319 165
69 482 803
73 289 382
161 347 753
125 547 38
15 94 331
47 331 491
31 55 951
489 414 85
266 196 628
473 199 204
579 401 254
481 366 101
60 313 79
581 541 550
55 70 519
191 416 166
64 283 972
313 287 581
161 268 364
64 321 627
231 94 183
197 493 429
438 483 602
255 157 903
390 454 374
282 571 844
334 269 270
135 91 531
317 78 484
2 12 849
334 43 274
114 43 357
363 120 789
203 426 688
73 467 185
129 381 271
343 547 313
81 417 705
230 207 216
119 503 398
197 465 880
325 221 322
507 574 914
101 241 155
589 202 579
581 109 771
257 187 593
211 589 66
161 46 923
427 55 731
353 155 46
131 289 763
471 47 495
407 330 532
107 191 559
478 141 58
479 93 344
213 111 78
227 156 769
456 173 502
49 241 929
164 116 146
37 119 386
151 278 343
531 66 880
118 168 220
355 577 316
578 263 276
424 505 370
159 527 518
185 241 218
249 131 901
551 5 363
76 403 353
2 160 23
352 217 292
128 190 532
437 21 512
317 495 448
285 89 584
191 495 129
356 532 781
238 423 31
487 427 983
4 273 574
280 349 285
226 501 727
531 155 106
204 31 58
74 381 810
255 481 592
121 66 59
37 439 945
169 367 737
453 573 585
339 270 156
279 512 228
87 432 771
219 205 18
270 587 685
111 187 861
107 313 100
37 184 693
407 441 634
50 138 204
286 574 161
302 542 245
101 193 777
419 161 402
223 167 642
70 139 736
281 35 19
257 332 947
471 446 912
393 559 21
364 81 433
415 411 231
173 116 498
171 149 920
345 491 854
516 251 349
407 175 791
97 26 729
220 290 481
245 561 947
212 545 630
3 39 100
457 307 358
549 346 393
224 232 913
441 189 823
43 149 157
217 101 52
271 559 905
13 49 534
120 578 168
106 302 941
10 84 388
131 337 896
333 243 901
534 224 554
125 456 308
141 438 262
301 198 201
93 271 138
523 381 91
427 501 374
269 22 289
31 301 186
366 489 266
104 276 110
527 219 638
362 310 454
157 412 558
142 47 827
261 61 78
439 89 256
328 428 113
126 435 316
169 551 46
201 456 340
7 317 2
331 497 915
79 111 386
47 393 115
301 141 666
13 536 791
195 463 607
438 53 513
43 500 459
73 224 953
161 416 992
557 141 263
272 59 937
23 200 991
581 231 488
159 313 870
23 549 61
127 189 103
26 32 760
387 501 65
276 400 961
465 81 423
218 231 327
281 51 18
525 317 424
357 516 188
558 96 190
479 119 98
456 491 755
283 151 775
109 271 844
75 119 439
481 144 173
460 492 136
21 581 96
63 479 129
471 168 398
531 226 669
46 106 584
10 79 270
447 85 582
389 385 46
351 368 406
548 172 709
58 502 242
37 85 41
151 433 775
412 371 718
127 232 350
75 408 878
531 223 85
103 466 397
127 206 241
393 583 143
161 131 320
321 55 93
279 551 488
443 135 772
311 27 190
168 1 606
47 65 407
93 379 173
155 421 911
108 364 468
442 95 344
559 531 985
239 569 42
6 449 78
409 106 397
135 551 529
231 107 264
309 289 965
261 297 744
75 546 463
391 221 530
573 108 978
559 404 213
265 335 688
132 273 482
517 83 663
440 413 265
125 207 27
5 466 535
445 465 622
4 157 41
30 251 710
480 381 549
161 17 136
90 117 627
69 14 195
40 421 481
1 581 821
30 289 202
410 221 364
453 201 936
232 115 612
20 206 213
237 113 617
376 303 10
590 38 852
403 316 240
109 204 889
589 140 344
425 166 759
226 565 713
127 62 147
147 465 785
349 195 62
368 459 123
1 11 364
15 473 566
151 269 91
45 510 896
123 531 532
94 352 413
4 6 83
259 316 579
51 458 719
313 581 475
309 586 10
117 371 501
271 9 727
179 271 499
370 7 686
262 342 553
153 581 360
106 166 138
55 331 461
122 471 260
109 530 841
151 458 818
251 71 250
441 33 786
498 516 423
184 4 52
127 475 218
385 517 39
511 337 698
81 133 619
371 285 860
431 61 525
319 257 657
178 263 511
96 359 796
421 587 112
16 308 31
199 147 51
90 156 31
29 363 355
473 336 923
301 572 92
532 559 985
321 190 550
199 386 298
75 323 708
68 389 55
395 260 154
355 274 324
22 112 268
377 441 9
221 356 746
526 291 126
30 33 314
306 141 974
187 326 175
22 297 962
432 49 147
320 506 315
183 254 54
466 32 372
193 305 516
361 35 177
141 40 256
489 233 312
89 441 335
96 234 977
79 401 565
445 91 819
545 286 814
173 587 622
121 241 150
193 284 231
589 316 925
219 393 737
446 472 997
236 123 491
325 315 608
357 557 685
167 153 981
71 475 582
393 581 610
509 586 662
503 586 713
416 245 594
531 69 380
326 166 635
12 240 828
271 215 492
1 293 919
499 227 430
52 443 871
210 251 82
247 255 988
265 531 724
433 501 431
477 256 229
422 251 585
235 282 240
151 290 689
517 1 849
223 168 97
451 91 918
218 486 24
213 21 706
313 185 29
79 161 348
206 185 844
506 589 547
449 382 726
4 42 241
439 31 291
289 321 610
489 471 976
369 190 226
284 114 984
220 356 25
431 84 925
395 371 747
426 367 447
343 75 156
41 78 190
1 239 347
293 563 382
495 237 396
213 440 579
253 533 118
301 144 449
80 131 465
533 545 341
186 504 597
41 439 698
553 185 728
74 464 328
191 182 889
59 36 322
156 275 570
244 53 992
561 425 307
387 267 876
39 223 363
58 262 621
25 247 293
271 322 623
543 260 44
309 475 712
443 435 917
421 301 166
46 295 855
290 229 894
23 291 733
418 153 17
398 313 252
204 301 312
275 560 259
30 146 264
112 231 539
163 355 865
474 173 884
484 316 987
151 481 233
451 571 213
352 489 466
336 545 586
546 101 719
115 147 965
522 421 410
437 487 667
351 429 201
453 490 932
521 335 509
4 108 659
1 63 491
259 377 886
209 1 317
586 489 796
230 91 676
399 519 693
576 191 358
97 71 642
359 532 176
321 147 259
13 371 922
68 436 801
449 331 237
23 473 170
131 223 763
526 461 972
119 143 392
1 141 452
227 143 451
473 131 7
505 323 903
322 391 344
417 123 671
391 416 130
221 296 744
441 302 497
154 221 263
31 408 965
316 243 131
507 479 499
498 363 254
243 87 539
117 180 141
541 117 142
527 33 698
77 353 911
435 464 452
571 223 329
103 289 574
51 549 581
41 303 735
364 371 26
218 273 548
553 331 347
53 318 722
206 15 178
434 175 864
559 296 744
124 74 492
521 473 978
206 523 155
365 44 750
481 541 999
461 364 406
581 147 444
249 449 889
145 419 378
227 327 445
265 414 135
355 388 403
171 321 50
401 440 873
532 401 251
77 201 645
185 273 178
1 178 43
557 552 724
301 371 350
351 86 477
97 174 556
531 462 1000
51 215 932
127 160 939
21 233 231
502 69 751
385 361 481
56 411 475
245 226 284
581 148 972
503 111 599
95 21 34
237 235 112
211 357 239
387 243 738
253 119 205
193 261 604
281 41 421
301 415 201
589 293 853
25 83 362
393 413 620
13 247 448
193 535 805
257 411 767
36 123 612
401 101 886
441 285 124
554 363 274
96 251 590
137 387 776
581 378 11
243 501 845
91 409 476
283 538 423
96 104 847
371 535 942
291 251 580
498 461 312
343 533 419
153 214 965
491 112 903
143 336 337
204 469 866
123 355 556
345 32 851
43 521 776
399 287 358
461 381 673
511 355 646
71 137 186
421 271 60
529 261 829
45 381 218
587 54 850
119 413 396
363 325 425
319 465 857
166 589 953
81 72 157
131 479 551
256 337 399
167 335 134
339 359 470
105 541 198
479 451 249
502 277 566
171 585 176
261 347 258
353 547 987
303 254 230
248 11 636
404 405 230
177 341 881
566 561 539
323 81 496
539 42 40
531 271 47
17 389 949
318 120 453
391 387 880
88 191 567
466 147 747
421 449 543
101 395 463
27 315 336
391 401 640
120 515 984
276 151 620
349 417 912
509 429 318
361 291 111
281 326 620
67 366 159
21 537 650
34 165 426
397 361 147
351 421 970
41 180 653
148 304 300
77 359 308
265 475 833
141 336 907
568 296 361
112 235 619
159 280 534
555 274 567
19 391 84
27 558 328
71 181 787
481 69 623
84 339 640
191 147 23
409 337 41
506 125 566
139 504 503
377 17 909
321 452 287
221 258 129
391 541 882
331 486 659
273 475 110
471 346 234
395 388 477
253 314 262
18 239 784
414 309 831
285 471 608
153 194 754
467 325 700
160 472 757
93 471 248
525 236 255
307 214 882
525 492 294
571 33 987
221 209 204
307 231 899
341 401 566
173 234 451
197 343 213
423 361 939
351 133 445
285 500 226
34 62 432
271 488 330
77 345 107
371 359 799
93 193 843
483 371 290
241 272 910
159 560 562
381 11 379
238 576 188
590 558 735
161 191 401
119 333 285
215 423 94
211 363 465
20 311 901
291 12 617
359 11 902
53 62 734
299 375 707
151 236 291
387 317 807
553 116 625
513 251 65
245 551 588
438 5 416
55 422 461
563 122 71
281 510 521
467 241 277
532 550 346
225 349 674
81 441 967
59 93 101
259 55 616
53 99 943
51 507 973
123 27 470
144 158 857
521 527 650
46 7 148
403 521 293
554 61 637
313 57 686
256 466 531
85 237 817
66 27 622
41 340 346
551 381 860
479 584 449
181 307 219
475 130 18
581 297 639
178 445 186
35 195 415
183 166 298
151 462 905
9 59 933
419 123 957
561 419 75
35 81 110
419 251 480
391 71 534
554 556 604
311 90 20
341 62 430
379 109 119
466 211 107
395 61 41
73 122 858
31 403 127
308 401 931
61 528 866
509 391 975
515 321 537
19 279 792
95 199 871
84 407 585
569 93 652
242 531 142
211 427 141
229 95 617
506 170 630
8 20 179
542 481 556
6 190 505
296 245 461
182 201 548
337 295 820
575 475 706
351 253 543
271 401 250
205 449 866
361 428 135
341 164 502
319 390 791
11 10 514
303 351 797
396 455 425
415 11 116
555 542 815
209 327 392
327 321 155
291 421 343
10 273 964
255 273 190
266 404 814
367 17 835
181 575 210
529 26 938
481 507 188
581 405 641
181 31 650
313 448 91
99 111 164
41 63 845
189 341 326
325 5 153
16 365 839
561 226 834
95 315 529
52 208 393
4 56 487
543 471 39
232 530 709
81 409 734
4 79 22
354 416 167
266 566 904
9 279 88
429 95 121
171 26 454
531 24 99
103 523 916
361 207 661
522 362 984
186 46 404
179 399 304
238 482 626
82 519 584
27 149 482
547 191 321
341 329 144
541 399 354
125 308 105
76 256 961
222 252 803
333 465 326
19 20 269
457 397 429
353 494 909
149 136 329
564 421 761
459 271 62
578 451 840
283 453 544
219 225 589
541 231 676
553 131 148
316 358 820
120 291 175
291 379 598
1 321 579
469 371 259
513 377 724
141 20 181
185 27 642
247 498 104
20 377 680
221 42 84
117 249 914
224 331 470
271 566 654
49 77 86
459 99 712
224 146 946
269 209 758
548 378 723
181 1 306
365 77 591
35 150 732
454 471 534
50 120 310
151 368 364
50 64 774
462 203 186
169 152 431
561 568 519
53 287 489
291 581 266
337 349 216
167 221 996
21 231 843
366 159 25
363 207 950
283 517 327
535 209 557
353 464 843
301 311 380
114 249 112
335 485 816
121 281 709
473 414 400
112 187 576
571 318 722
445 155 491
20 100 370
171 289 242
251 284 392
75 471 280
387 358 216
561 403 262
487 451 96
37 80 580
570 528 963
453 167 425
112 553 359
433 508 644
445 551 875
1 66 378
5 251 420
56 523 715
257 351 841
281 175 93
88 402 958
269 274 476
121 524 167
23 342 108
231 539 493
362 441 464
154 126 436
153 371 574
461 123 368
343 551 758
7 324 587
397 65 642
439 143 715
303 403 701
297 441 875
50 383 218
131 423 320
277 417 940
410 194 856
259 20 618
134 362 772
248 221 582
461 345 70
390 421 155
411 431 837
426 221 721
264 446 565
518 527 188
302 356 428
316 401 141
457 100 922
34 67 670
163 507 98
40 135 462
259 149 945
511 31 711
459 451 458
287 351 514
229 561 654
483 505 210
176 361 423
31 361 223
587 61 761
469 347 65
465 203 694
375 397 785
456 521 265
77 71 11
444 472 387
221 490 419
319 467 332
113 455 596
165 577 203
568 259 461
429 505 116
150 136 353
41 139 61
88 535 108
497 587 676
293 519 675
376 46 588
246 483 566
231 501 638
1 16 439
446 505 374
119 57 901
300 509 778
539 216 899
361 431 411
549 451 368
381 399 157
271 333 897
79 486 599
180 20 496
219 31 985
139 131 899
193 291 748
131 244 722
52 58 858
103 275 911
434 531 969
239 153 838
67 259 529
155 223 787
415 419 863
355 541 47
13 357 866
166 276 975
351 274 415
439 305 905
435 125 164
162 333 220
231 396 5
565 1 922
66 207 448
67 258 269
156 434 428
190 267 119
590 569 943
541 513 93
35 537 341
313 221 307
217 41 351
471 551 668
361 399 47
433 60 379
115 134 108
42 497 852
161 65 1
223 283 393
381 35 258
31 505 366
469 97 975
55 497 724
407 463 114
351 393 440
351 77 257
111 476 74
53 95 365
24 581 131
151 177 815
519 36 614
433 239 766
457 207 860
511 393 819
361 563 43
251 201 94
69 286 187
487 509 432
358 540 845
336 361 498
69 545 368
549 3 270
31 567 519
374 461 924
119 431 714
28 215 447
353 311 80
197 288 758
166 51 290
237 501 606
489 173 588
466 205 344
164 109 980
229 417 842
261 131 11
253 149 536
558 521 459
124 177 920
387 436 183
121 1 940
343 368 91
394 129 706
581 141 147
455 60 3
486 123 289
1 107 199
21 431 674
509 582 599
11 173 374
265 308 92
1 157 217
151 506 282
386 266 459
17 18 249
339 275 98
541 575 842
429 283 381
51 309 11
345 391 211
115 203 343
373 427 234
155 350 748
127 524 3
311 13 281
99 456 512
247 209 541
34 105 41
130 337 25
23 131 405
77 135 422
559 347 920
259 271 201
541 574 277
411 1 67
501 118 819
280 101 173
19 565 856
172 230 344
521 96 462
457 203 267
239 568 169
426 153 643
146 13 777
428 241 915
29 331 753
321 193 361
131 201 45
414 295 356
71 24 170
466 541 483
178 107 793
261 95 56
549 53 363
384 375 643
231 441 240
390 129 513
231 351 880
206 409 573
421 272 558
351 539 591
41 261 496
115 438 361
2 8 740
247 34 37
244 267 271
191 357 406
291 34 355
555 353 357
344 414 568
346 399 487
531 99 962
5 403 683
164 422 65
267 421 851
111 237 476
170 460 800
79 281 296
170 79 721
291 503 266
252 159 995
47 240 740
397 120 138
39 111 252
66 218 866
205 326 11
205 552 537
491 91 806
560 213 767
466 566 155
53 282 970
303 333 715
163 91 27
5 465 604
531 221 366
157 399 2
61 571 620
46 551 808
41 375 764
249 525 882
533 1 420
131 355 87
270 483 891
519 318 635
195 122 713
52 292 714
466 237 15
506 365 669
1 38 118
557 275 788
341 330 475
403 501 573
331 427 572
368 49 906
363 121 780
267 580 420
29 61 529
86 388 168
328 241 711
53 276 116
121 541 48
271 307 567
73 460 296
232 404 71
472 329 907
406 461 259
480 506 100
193 197 972
31 565 402
1 235 783
95 145 713
293 526 937
217 301 3
197 517 731
101 476 849
241 302 849
151 422 505
66 353 922
320 391 965
1 5 118
28 427 835
368 356 589
31 447 799
495 93 685
423 241 179
23 571 638
44 90 749
33 89 535
511 150 577
131 241 481
64 178 473
47 513 491
501 481 646
179 239 499
283 409 646
566 256 592
296 241 584
205 47 646
101 349 255
137 463 821
473 171 116
128 365 243
511 115 355
81 17 461
390 579 533
168 35 477
475 477 688
445 201 878
135 236 489
259 264 652
25 141 59
52 109 991
329 67 695
216 417 712
188 77 902
102 578 229
462 101 191
221 245 64
327 432 911
22 75 242
201 111 328
34 286 254
333 219 165
283 485 156
381 403 130
406 578 495
587 271 646
456 139 649
319 53 196
183 356 609
395 77 554
373 178 629
519 252 777
301 161 393
483 172 325
491 309 802
279 186 216
447 237 953
51 305 763
365 398 901
405 341 373
157 96 24
65 241 192
149 18 863
81 59 225
421 545 826
232 441 24
5 501 735
175 173 263
190 279 468
101 163 666
473 121 593
267 506 877
298 155 444
478 527 158
157 127 246
323 411 351
475 286 250
11 446 454
1 205 19
581 151 659
309 151 644
89 350 753
535 89 380
6 46 682
5 581 597
115 159 787
313 407 715
517 6 38
467 382 449
113 343 463
53 301 5
273 585 151
57 41 314
436 587 785
167 590 714
353 161 733
97 333 259
211 581 435
60 81 641
120 255 333
33 46 288
111 121 946
100 366 44
511 391 103
369 289 668
299 83 857
211 168 800
386 457 441
149 67 619
251 91 758
563 132 885
143 189 671
541 46 907
215 45 639
367 447 964
9 1 408
81 105 371
429 586 438
237 433 358
373 181 770
425 331 907
8 26 208
13 15 182
541 277 94
141 225 953
583 409 793
351 185 932
136 541 308
338 455 992
283 554 437
211 338 291
91 196 617
469 41 122
243 556 213
21 459 459
351 493 665
13 63 198
387 443 697
381 513 763
141 473 813
403 119 612
473 25 779
299 141 839
67 234 713
377 515 209
67 374 28
119 583 180
571 565 814
531 96 389
187 548 506
457 434 300
373 555 961
360 81 928
524 45 446
391 467 331
229 581 756
311 581 529
337 391 702
513 161 309
163 571 820
276 399 666
413 224 364
222 323 935
409 11 616
349 302 720
109 179 460
411 119 108
361 227 4
271 457 961
525 406 142
382 141 986
345 472 162
321 546 395
102 531 268
156 413 877
303 386 46
432 72 16
571 199 771
8 459 730
22 401 39
9 263 483
556 100 750
16 30 513
181 101 942
551 139 767
121 221 661
19 362 257
112 130 973
421 53 787
468 188 528
520 419 45
22 29 921
19 301 575
459 231 579
133 451 730
405 431 110
446 397 992
129 546 211
181 199 667
119 440 343
343 21 542
476 457 692
188 299 229
67 469 464
517 520 291
381 130 506
562 537 400
322 166 711
427 237 451
41 531 746
461 300 223
191 236 504
587 1 637
485 481 460
135 70 376
511 459 826
295 446 337
208 195 365
41 409 670
261 211 862
303 569 628
211 571 820
522 233 746
409 49 44
504 331 670
347 435 479
137 349 739
435 211 161
351 306 3
373 321 523
429 289 218
118 356 683
23 578 180
351 458 874
239 509 155
94 199 975
40 527 778
221 474 308
390 542 219
179 49 533
172 401 295
231 143 865
217 537 177
351 25 913
329 570 996
147 324 458
465 541 674
235 583 506
19 517 206
538 271 102
297 526 189
460 238 819
581 586 107
263 191 656
527 172 423
79 404 403
359 93 559
116 451 491
442 546 930
369 539 111
571 328 972
1 483 982
589 24 250
438 501 810
195 399 774
44 72 247
360 261 335
81 301 235
153 233 491
50 158 19
201 79 548
281 201 116
401 381 983
121 129 71
331 99 12
136 511 248
553 337 858
201 461 96
202 210 600
537 551 658
57 277 600
19 421 448
569 45 337
183 323 523
152 51 440
31 407 648
233 159 495
259 181 993
393 549 507
11 20 73
501 516 179
209 509 585
170 589 278
42 238 708
116 160 657
424 371 289
212 526 876
173 345 404
249 372 246
121 562 62
269 96 222
519 65 515
13 521 7
385 269 845
224 421 608
43 403 338
116 97 57
73 561 775
223 221 679
431 201 259
419 48 752
94 201 739
91 26 399
489 420 9
483 431 544
14 450 936
441 57 994
1 378 938
181 228 787
243 43 592
411 70 432
299 37 714
308 557 267
234 259 488
103 383 454
167 541 349
35 59 741
516 305 467
227 388 694
499 477 967
331 280 270
338 274 558
164 358 919
223 297 204
81 533 626
557 548 889
54 542 916
157 502 671
20 387 548
71 14 39
331 314 70
193 471 362
165 159 132
308 425 984
333 59 141
452 401 423
451 301 146
71 415 298
338 539 296
411 41 198
175 277 529
439 394 755
493 443 912
361 341 935
283 469 882
519 441 8
6 367 190
459 423 88
229 241 208
559 261 473
194 241 95
33 55 588
551 228 697
172 231 105
498 106 684
507 431 23
497 219 838
517 441 195
463 211 314
104 110 106
307 431 624
271 381 868
223 243 799
46 64 351
321 31 152
145 410 415
441 563 19
221 183 360
93 565 385
151 245 132
225 494 27
211 467 632
266 392 358
521 464 824
307 584 180
73 363 289
30 36 619
1 481 612
299 327 331
306 229 635
49 441 173
352 259 215
123 219 601
33 87 953
387 558 724
343 385 365
81 121 778
491 4 444
44 435 482
210 316 494
471 173 861
186 526 712
350 2 333
485 373 372
79 1 790
465 229 704
24 390 629
171 392 829
234 275 883
503 289 520
561 337 411
121 164 242
263 270 25
339 370 977
421 273 317
480 490 918
563 160 124
379 423 358
299 111 976
559 1 49
420 586 879
295 257 234
423 277 154
1 115 385
65 443 388
566 243 778
161 533 450
206 443 284
323 391 617
406 456 467
309 99 806
276 571 296
391 388 275
361 312 586
43 275 628
63 569 938
271 112 124
493 531 431
237 27 784
183 251 809
371 26 240
139 184 635
248 131 277
417 481 714
355 87 286
335 276 499
119 177 856
583 293 939
104 565 289
215 79 756
1 2 361
279 369 351
581 493 994
237 477 660
455 421 79
479 155 454
575 49 293
171 590 810
503 228 885
151 517 87
256 51 774
228 585 626
119 166 462
526 61 894
376 264 929
395 194 858
457 559 369
279 351 240
124 485 36
549 263 71
187 445 249
87 101 718
143 321 252
327 71 467
55 514 947
261 176 913
516 47 959
101 211 996
155 57 830
119 312 570
471 101 877
345 548 131
1 305 87
225 19 828
71 445 990
209 111 219
33 51 279
434 105 675
527 579 804
351 433 828
302 176 943
406 256 282
45 479 977
178 442 982
317 2 508
269 276 361
501 73 853
230 61 692
529 486 322
376 21 229
317 437 920
17 15 695
536 266 57
381 521 699
327 579 737
1 19 810
346 501 286
545 505 488
351 172 351
539 126 798
405 588 502
429 589 274
456 441 746
471 375 158
391 462 372
37 111 74
119 117 338
237 347 748
168 171 493
111 161 84
513 526 68
171 241 642
391 45 444
523 255 656
91 127 112
211 81 132
251 105 410
356 33 552
208 139 732
364 508 278
275 145 158
159 471 138
288 361 325
407 361 908
118 221 650
354 50 676
15 500 170
405 437 492
117 50 68
546 456 367
162 37 926
246 171 766
148 315 540
560 81 298
141 68 408
368 15 547
243 147 342
163 581 963
141 357 664
343 57 615
157 181 866
502 287 495
437 32 890
57 438 92
311 233 115
119 326 280
576 185 219
268 309 202
364 474 39
138 307 102
369 563 909
341 11 840
57 5 457
35 148 483
256 384 957
373 530 843
468 288 877
211 113 357
124 145 682
8 71 367
452 337 974
467 451 760
224 449 303
106 415 290
140 120 17
415 491 667
146 471 36
459 533 35
367 519 28
549 507 651
421 321 753
159 1 721
165 319 948
222 496 505
347 495 727
417 561 51
581 123 589
552 169 503
63 283 497
291 506 849
168 313 672
413 41 430
131 155 381
223 586 635
225 587 702
329 473 60
174 206 676
43 183 164
255 31 991
3 116 229
313 462 61
26 256 323
444 178 589
51 501 160
111 29 257
186 451 295
454 500 415
25 98 190
182 297 454
307 287 395
331 87 369
13 45 574
555 137 544
75 337 495
501 7 697
271 502 494
203 51 696
309 267 423
327 72 406
141 297 960
115 157 299
119 473 262
455 457 994
144 46 733
436 28 804
502 335 948
511 441 286
208 128 946
451 75 500
565 169 70
231 110 654
226 426 561
259 83 750
151 426 281
391 531 406
54 86 338
26 86 721
248 391 234
483 545 621
397 475 456
267 257 146
89 144 428
491 317 207
369 101 450
409 451 133
455 64 901
237 421 477
42 71 619
575 351 568
293 359 142
389 241 11
325 533 561
362 56 135
11 166 161
566 120 95
331 311 992
60 495 488
181 411 97
194 201 504
355 463 500
73 153 605
386 135 286
7 518 931
271 232 403
131 563 849
385 407 190
285 416 825
321 301 349
174 244 783
273 525 93
265 532 928
341 43 835
215 369 251
291 401 968
491 210 293
272 431 279
343 173 773
437 269 431
111 536 56
100 429 822
111 211 771
568 207 175
407 32 756
376 185 503
56 211 670
128 343 797
205 32 471
13 21 967
310 33 400
362 23 431
202 63 560
35 115 362
31 44 319
205 99 73
161 551 295
140 495 585
261 390 114
341 561 33
331 89 148
198 430 528
473 88 686
313 278 389
505 181 35
107 577 479
359 369 563
509 227 878
15 503 284
71 82 341
146 521 871
421 521 110
241 167 613
75 126 825
481 441 389
198 361 518
489 27 899
276 150 261
369 315 729
256 21 953
582 543 24
221 567 200
491 241 163
247 466 330
93 356 564
201 243 452
243 261 130
477 407 221
445 273 626
71 541 722
153 351 958
401 311 821
363 420 589
238 147 492
87 440 832
347 191 170
114 309 49
412 520 320
173 361 535
565 27 56
122 570 743
242 487 198
446 1 993
183 283 495
1 333 727
133 196 131
473 246 163
332 329 200
446 585 604
191 261 592
1 77 289
217 305 942
249 397 63
463 245 15
300 225 57
231 583 205
439 81 532
539 175 974
9 553 680
479 89 51
466 203 209
191 377 206
361 453 449
195 544 600
27 171 263
57 191 137
125 322 778
279 41 16
194 23 480
561 173 73
556 17 273
309 60 427
191 573 138
309 9 693
195 304 859
399 523 671
355 104 389
119 491 24
517 23 489
276 284 282
106 317 942
475 373 534
138 223 486
435 387 609
211 306 304
575 152 517
26 46 18
91 217 499
101 113 385
429 479 411
31 160 768
271 533 417
130 202 736
479 102 212
319 426 312
399 554 445
89 79 196
131 176 644
569 300 236
206 149 37
455 295 248
213 527 233
237 257 542
280 541 950
344 459 844
33 173 951
101 441 346
199 310 259
561 555 993
25 113 570
13 22 421
411 120 854
309 368 889
375 186 407
113 259 611
581 198 331
403 25 867
523 447 592
141 211 638
6 541 685
41 189 953
190 447 528
171 513 351
169 324 701
111 165 304
157 113 697
386 490 928
461 555 462
4 68 316
178 290 471
241 269 76
470 435 874
369 211 677
301 183 77
91 58 762
423 545 614
547 405 144
41 356 376
39 101 489
75 1 406
201 212 339
482 380 616
41 201 668
445 521 38
569 321 329
78 197 812
203 41 110
201 53 15
587 269 281
280 378 907
13 17 165
345 323 270
76 211 969
261 377 370
543 495 539
185 31 820
583 27 418
99 471 398
256 354 334
221 413 789
341 141 461
495 234 362
70 481 324
5 10 701
371 135 497
481 223 662
19 360 10
119 511 441
354 344 225
119 310 655
331 391 476
9 566 795
116 437 636
199 13 790
337 109 595
237 367 988
281 461 51
119 126 631
201 5 589
473 249 100
43 545 479
313 261 910
204 344 503
419 116 789
75 277 75
247 263 266
103 237 600
161 177 219
44 409 988
420 9 835
531 133 224
173 197 596
22 71 372
255 397 337
129 235 162
452 81 223
199 3 846
135 372 828
562 473 17
93 314 481
77 321 180
132 406 757
538 548 654
195 492 637
382 561 496
381 311 501
565 123 224
582 32 889
351 56 751
551 586 27
443 237 807
425 259 555
43 171 802
564 289 831
481 239 214
195 279 810
180 496 818
371 481 824
165 35 958
376 476 877
63 590 331
351 143 307
471 511 949
185 29 83
94 336 698
9 463 703
448 470 927
411 211 675
520 437 266
481 266 195
270 341 173
381 367 820
192 537 11
27 97 931
573 501 525
49 53 676
77 446 940
496 101 941
357 547 232
357 345 957
406 481 30
111 325 445
421 161 681
172 473 882
429 113 995
475 517 682
132 277 514
221 61 932
541 386 651
381 185 934
97 466 193
261 146 303
571 73 169
296 301 895
171 270 513
56 266 481
391 497 994
527 553 42
407 225 114
187 431 823
270 229 707
9 74 165
528 305 523
501 75 570
529 367 624
431 541 707
541 263 747
467 45 187
321 317 393
36 87 81
179 307 955
455 580 439
229 268 396
131 74 611
503 521 282
487 83 114
268 425 211
409 126 254
451 259 277
547 381 784
151 257 934
215 1 767
560 346 43
425 465 537
61 205 633
555 359 462
37 197 579
571 238 54
1 381 722
336 367 223
367 241 374
152 479 966
4 221 526
131 127 920
311 316 769
587 409 878
105 465 830
557 31 897
313 205 135
555 57 974
153 281 688
447 261 674
374 238 383
525 541 614
532 68 264
111 348 531
261 475 839
291 115 813
338 272 9
433 271 121
451 179 32
428 468 29
106 207 932
100 294 775
319 253 400
287 1 151
149 257 256
437 501 652
271 220 467
500 296 96
1 553 248
39 83 392
247 139 513
305 62 934
103 317 483
21 399 425
309 163 268
27 89 921
359 94 351
181 383 594
41 114 661
51 543 377
221 187 63
177 204 255
546 531 162
549 351 792
211 345 954
163 338 494
507 461 739
160 121 76
257 78 355
129 27 637
567 571 966
298 569 359
97 185 818
69 86 692
335 179 313
489 555 247
281 446 982
49 489 890
417 531 150
351 505 932
353 526 846
311 11 979
137 551 495
111 261 86
167 329 747
302 187 425
471 381 33
201 537 906
173 203 810
157 17 173
367 571 450
115 384 262
351 468 163
447 263 139
227 271 595
541 24 313
63 59 693
81 161 70
209 139 521
406 566 528
127 21 618
252 131 939
112 110 919
581 26 498
420 18 670
277 216 533
1 585 987
491 459 459
256 121 157
584 491 382
391 228 261
557 508 919
377 529 697
95 37 694
373 138 439
1 173 314
237 51 892
57 507 446
123 21 737
461 457 74
487 291 739
187 541 288
314 41 787
125 86 30
583 247 40
526 183 424
252 265 642
124 333 551
101 23 615
412 509 109
561 1 884
92 31 327
66 441 578
136 313 944
355 354 391
291 152 201
310 326 473
11 475 595
118 61 784
539 180 952
101 311 536
337 385 116
571 321 85
573 321 445
277 117 886
124 237 528
67 71 621
195 77 43
136 462 900
418 56 797
120 458 703
578 341 696
509 441 575
515 163 877
130 323 111
501 120 611
432 469 149
149 279 987
247 438 917
157 186 907
417 441 757
494 327 744
128 581 680
100 340 161
142 347 418
265 315 351
59 88 536
163 481 254
371 573 117
81 207 453
251 495 222
35 103 424
333 486 280
29 69 861
29 39 568
531 471 929
211 309 406
359 213 755
334 252 473
313 495 225
401 576 157
205 195 566
330 381 916
309 286 73
415 565 664
443 113 158
166 321 18
203 381 468
519 344 356
276 371 487
137 507 694
196 161 819
371 286 67
235 276 388
127 192 921
539 506 251
437 429 728
435 31 638
42 54 164
407 269 475
123 485 401
446 315 968
431 29 975
171 221 102
319 121 954
223 217 166
481 281 308
115 436 822
525 353 156
41 152 927
429 366 582
461 161 348
201 4 456
149 41 624
395 569 14
111 433 538
303 471 255
302 373 630
21 207 261
261 224 594
369 83 929
305 235 367
11 178 899
261 185 750
325 96 396
82 3 735
532 27 772
140 531 347
495 353 504
155 255 67
449 542 743
504 361 713
39 23 26
170 499 279
450 165 872
417 266 745
313 201 533
195 11 362
117 237 562
301 280 605
265 245 940
120 391 880
277 213 694
105 391 426
560 209 997
69 101 623
213 1 293
308 479 456
11 317 505
354 396 73
111 183 748
71 211 514
156 478 545
535 66 847
81 531 117
325 71 200
353 174 501
249 191 761
189 371 557
137 382 733
207 320 149
211 355 681
549 503 397
275 37 848
295 225 603
122 321 807
129 461 902
50 162 643
47 141 394
286 13 564
476 249 242
206 186 790
564 54 470
577 60 732
341 230 708
37 501 10
165 152 386
197 567 995
232 521 703
54 177 223
321 584 475
269 49 549
580 266 543
71 105 284
380 124 286
91 321 930
1 536 589
96 441 695
441 393 48
387 31 724
205 415 752
579 341 221
210 431 472
67 511 303
243 405 904
384 474 791
215 37 647
411 351 255
285 339 206
499 539 618
153 241 324
189 418 663
292 484 917
72 365 923
321 201 364
561 399 878
481 262 681
498 500 177
256 340 634
241 539 954
153 497 853
137 501 265
444 375 137
105 557 401
69 131 868
278 435 490
214 15 640
411 373 402
53 545 211
461 341 797
179 177 606
51 346 162
345 51 995
255 85 157
386 453 687
87 541 537
191 451 700
201 509 485
528 565 581
311 389 606
587 443 83
227 260 23
153 481 514
41 202 336
523 403 811
371 439 579
495 273 143
7 356 999
31 66 828
37 52 538
271 351 160
371 401 497
441 529 7
193 298 42
559 476 363
121 143 254
571 553 100
401 109 251
118 276 502
115 556 828
81 239 536
336 348 96
291 125 652
489 410 893
230 352 76
553 55 417
1 461 417
411 297 769
341 281 878
501 261 904
209 547 734
364 211 125
385 130 990
55 296 741
29 251 562
472 559 38
426 481 806
101 576 365
577 180 240
181 468 54
533 128 517
454 383 237
463 350 788
351 530 399
296 277 83
3 501 42
121 381 937
473 411 13
201 71 772
481 126 217
491 521 174
397 539 554
236 320 773
577 51 215
33 121 571
186 381 20
38 65 941
521 273 409
453 94 689
61 275 167
290 387 185
179 104 53
47 136 339
400 447 358
39 214 537
503 281 188
237 340 472
49 113 8
318 564 440
561 147 917
157 74 990
377 13 285
59 43 273
159 418 944
223 201 749
450 334 218
171 465 660
31 551 786
129 549 546
499 289 865
179 336 574
407 292 569
285 420 363
56 71 709
21 335 788
127 414 806
191 306 650
287 376 924
546 435 697
271 576 71
567 289 936
355 315 680
162 67 27
536 279 968
403 201 537
144 213 133
413 349 492
67 556 311
537 581 654
189 181 263
425 146 905
509 185 907
175 179 635
311 426 215
299 219 780
589 345 866
381 156 680
40 573 294
519 555 969
243 459 827
336 389 784
573 209 278
333 309 351
173 405 19
61 233 181
151 351 202
357 531 103
218 328 556
465 381 85
71 95 268
55 268 601
69 303 873
56 192 999
511 559 36
13 501 464
141 229 717
570 583 376
497 328 558
153 330 780
543 544 586
19 553 926
410 513 605
379 175 51
297 459 33
509 345 324
337 189 648
376 496 874
535 241 736
17 119 623
294 305 746
304 401 900
309 369 747
368 449 150
418 157 1000
15 491 107
457 565 810
255 99 149
329 245 724
517 229 895
360 541 179
19 444 979
41 187 998
569 351 71
380 491 817
416 447 123
181 391 748
327 581 212
223 415 400
346 325 809
351 119 23
163 183 481
551 233 24
313 449 510
555 144 613
531 279 385
214 498 28
297 491 112
161 358 668
541 216 550
100 160 823
584 161 30
58 473 477
473 231 998
283 570 161
384 473 52
390 226 63
173 195 999
371 281 718
381 455 194
393 571 748
302 85 1000
111 291 424
31 209 339
416 201 338
217 437 679
61 405 435
311 151 963
359 413 106
47 318 647
399 1 145
446 301 696
307 571 200
38 144 830
45 488 165
515 261 35
359 448 652
332 157 70
71 282 654
331 423 960
57 15 643
382 583 959
251 121 925
121 327 754
586 356 169
541 20 464
211 227 715
171 271 803
263 424 779
506 289 342
213 289 47
136 141 646
469 572 525
571 201 906
306 483 69
175 483 80
135 241 797
411 545 153
46 63 790
493 175 576
489 114 186
377 453 796
161 119 114
89 417 803
128 140 40
561 581 222
339 77 79
409 223 537
235 532 864
541 560 922
137 3 707
125 115 736
101 389 219
42 473 408
403 531 370
35 131 59
401 243 287
255 441 155
86 296 86
305 59 620
215 6 740
499 325 607
245 155 635
259 215 245
526 206 91
163 208 761
589 485 923
578 35 22
317 531 161
97 267 380
411 213 478
347 149 427
431 236 840
338 109 346
298 332 500
562 533 801
215 499 778
441 503 205
33 225 371
265 63 457
461 226 175
229 483 419
234 152 10
521 475 213
275 141 327
463 401 360
357 181 20
362 366 613
31 340 75
369 355 587
386 389 981
301 289 631
31 581 821
319 347 422
135 343 851
341 197 135
385 511 260
82 544 369
467 5 828
180 377 891
384 365 502
166 54 399
521 297 624
439 49 388
197 213 706
262 269 639
91 267 528
195 167 269
179 501 928
171 234 485
326 534 173
566 391 643
551 285 290
271 491 690
561 205 422
81 181 71
183 39 176
261 551 434
153 421 265
559 588 489
8 102 561
303 399 928
376 218 141
248 462 865
347 264 176
551 481 569
23 327 593
141 131 868
123 220 631
31 63 187
114 159 656
581 11 322
260 215 169
589 535 409
527 301 887
481 11 737
504 202 201
366 60 672
163 285 451
181 423 691
287 249 286
367 157 922
339 567 151
431 159 349
491 176 699
267 581 522
589 61 830
567 222 897
229 351 257
533 527 406
40 301 30
431 377 169
1 142 552
515 99 5
583 121 337
479 107 261
228 361 244
53 281 989
567 141 294
323 513 401
448 51 582
406 321 333
19 523 310
2 265 853
55 495 795
19 162 763
411 140 455
473 83 157
517 579 523
311 341 102
409 452 557
39 131 459
449 301 930
552 391 536
97 577 502
211 231 237
271 321 668
51 104 361
1 7 152
113 243 182
74 584 344
580 304 207
463 473 768
485 11 539
346 384 637
211 349 302
201 491 369
179 3 663
45 292 741
321 359 777
571 377 915
127 132 97
48 483 271
81 51 576
104 516 726
14 249 930
5 543 293
13 82 972
1 171 48
397 341 738
63 251 652
292 293 237
223 557 162
541 61 870
5 92 218
495 193 499
7 183 954
569 419 371
241 281 249
147 415 304
327 421 340
47 422 326
19 198 490
486 555 927
137 301 466
257 169 893
80 59 187
405 539 956
433 479 73
503 1 821
451 522 668
387 495 186
551 64 950
331 539 726
107 11 639
144 151 346
577 447 869
331 213 905
46 463 858
329 293 701
206 411 917
138 30 978
97 129 348
357 183 46
319 578 617
233 341 127
421 76 791
571 504 143
115 431 765
270 411 226
577 41 273
378 231 109
467 31 376
167 171 633
51 409 30
56 219 809
109 171 640
344 266 930
374 401 353
51 57 763
58 364 311
161 376 392
50 503 305
561 81 624
211 232 422
315 550 464
267 374 408
149 497 727
19 272 738
415 201 35
81 281 966
565 590 773
161 480 845
161 281 777
161 505 155
281 303 152
137 164 300
275 301 339
336 511 569
559 341 954
163 535 726
103 334 681
331 7 352
325 458 188
123 527 271
381 236 315
67 415 581
306 219 253
200 544 338
291 45 757
321 585 68
38 349 175
341 283 980
43 560 937
561 21 212
221 509 655
156 333 889
47 407 893
519 133 82
4 353 459
119 153 359
285 483 486
13 40 373
532 555 167
33 73 145
394 543 446
491 556 395
5 451 834
161 481 624
183 572 523
211 388 755
104 161 574
517 216 158
362 97 20
492 512 879
21 348 610
324 1 71
400 83 489
499 207 41
373 433 818
489 55 139
337 81 884
359 151 47
341 421 299
61 67 7
105 341 927
67 491 235
16 41 2
15 151 438
21 475 3
43 301 945
323 91 939
221 414 794
307 447 327
522 237 118
445 260 18
275 417 662
541 401 698
427 355 174
443 279 29
117 515 31
85 97 600
311 171 833
5 283 803
506 171 915
548 316 935
62 27 31
582 71 98
497 505 851
81 165 179
345 405 589
73 175 215
71 96 154
126 15 230
165 170 784
271 291 899
17 257 349
334 566 737
301 589 496
321 558 540
241 231 686
437 311 187
30 305 63
161 181 219
201 559 133
4 121 535
145 61 520
466 317 617
211 135 773
89 125 657
565 61 376
421 3 327
374 427 994
129 94 400
475 408 566
119 181 596
387 113 379
225 263 525
489 467 763
481 24 35
435 501 717
215 536 315
25 489 684
229 328 315
416 292 25
422 121 120
251 583 557
429 276 395
283 17 998
587 439 647
194 232 402
553 186 303
551 399 783
471 546 246
268 265 281
194 453 10
533 461 498
1 358 994
151 119 181
578 359 412
99 572 386
511 167 848
491 393 671
18 171 977
93 57 20
150 167 656
171 9 3
396 141 65
391 179 467
54 174 294
319 329 813
247 329 458
564 347 808
79 195 732
335 327 69
261 479 143
449 221 926
471 528 284
521 119 423
296 71 864
43 385 972
159 101 846
451 181 638
160 157 482
117 9 411
29 165 389
58 133 230
81 575 676
535 531 43
7 503 493
172 339 983
553 239 6
71 123 937
451 462 207
175 86 505
354 181 885
391 568 644
590 326 9
171 511 469
566 46 477
91 36 625
19 127 152
554 135 700
119 226 60
415 589 292
227 5 173
213 251 765
566 281 881
173 16 559
165 399 860
211 327 221
444 412 38
151 154 325
54 226 428
330 372 174
485 191 422
84 464 781
111 377 228
535 24 318
47 279 239
332 528 954
425 452 727
93 448 88
433 532 159
326 344 399
549 191 73
1 229 109
535 131 610
363 1 434
339 135 7
133 141 574
373 119 257
237 497 831
243 488 415
415 285 724
420 323 192
520 3 370
282 310 288
362 379 78
7 553 866
179 171 162
443 364 390
556 136 571
532 503 306
147 48 140
365 355 393
476 427 258
295 451 624
17 365 637
358 355 783
1 3 735
113 446 377
261 437 445
373 505 298
509 549 942
361 465 788
196 421 272
181 217 192
357 513 494
75 460 370
361 265 989
35 61 103
520 57 207
451 55 985
151 225 593
149 493 806
471 523 965
111 403 858
526 281 274
60 266 630
20 316 591
178 455 594
307 241 500
161 585 823
223 79 876
489 275 714
561 290 530
136 349 647
547 403 421
243 179 749
101 65 253
211 299 481
282 315 454
489 271 425
444 479 765
99 355 714
579 412 269
280 328 965
473 535 588
101 131 717
140 567 452
118 250 38
391 117 939
341 307 656
221 63 540
61 178 397
277 469 953
560 437 455
153 501 288
366 282 722
83 281 267
111 443 662
237 527 172
156 63 715
473 459 872
290 486 517
431 141 317
279 256 962
505 234 642
55 303 4
567 445 474
121 61 609
144 349 436
67 575 153
576 433 228
555 437 373
49 57 192
271 279 390
121 261 78
53 382 919
380 207 911
191 324 207
276 579 556
467 83 144
339 541 945
17 549 933
101 400 25
396 545 387
560 569 481
508 550 898
311 336 334
576 31 103
52 395 642
247 6 750
32 245 969
19 131 36
191 181 108
11 491 232
517 20 860
64 300 409
39 275 653
39 451 182
97 341 511
301 235 177
139 33 523
85 461 38
437 401 591
447 489 867
385 254 35
127 478 646
399 569 657
85 331 35
287 283 336
419 451 627
203 141 161
431 447 873
508 93 701
151 485 106
241 289 395
31 149 2
324 141 280
195 1 75
87 480 530
440 91 975
521 581 726
123 31 168
23 338 409
414 408 520
438 562 567
578 431 137
11 322 250
147 247 68
417 471 772
558 51 806
519 30 906
237 161 580
582 193 381
569 67 782
455 134 859
25 50 212
4 315 636
99 353 709
317 341 574
311 483 854
174 546 490
43 496 348
426 165 404
50 373 67
395 299 929
126 561 252
46 581 666
267 61 450
206 283 985
285 192 334
97 361 82
142 407 969
51 251 875
284 153 96
205 295 205
151 251 286
261 389 142
385 406 806
502 93 12
563 255 610
546 291 236
451 86 408
241 30 315
73 121 100
193 273 411
129 508 434
321 391 129
63 117 365
122 504 367
71 248 712
461 285 682
177 235 74
395 471 530
295 348 148
363 477 201
341 373 226
81 503 385
327 413 357
1 276 134
309 133 90
111 429 761
484 493 431
352 442 977
9 45 372
344 159 476
467 181 621
459 285 345
295 152 610
545 581 256
107 86 221
235 457 456
586 386 361
210 355 318
7 13 426
586 61 673
285 317 178
325 134 544
254 417 452
49 389 279
556 539 942
387 166 631
147 125 694
209 286 112
539 151 548
74 389 144
297 289 211
231 1 251
10 573 502
67 443 856
91 158 311
469 281 376
361 151 442
23 506 304
357 499 524
9 589 984
49 581 129
85 385 950
202 217 734
519 564 105
325 173 925
267 342 863
66 536 767
65 517 670
401 167 303
569 578 319
401 91 204
333 459 200
222 262 409
514 231 241
393 319 700
529 451 968
346 445 215
344 1 864
5 47 600
207 519 277
442 336 287
581 81 552
265 371 126
154 375 33
361 237 707
402 151 158
5 140 912
521 202 250
51 27 179
147 463 841
503 23 181
111 438 654
425 349 838
182 1 746
217 436 334
471 77 37
520 93 817
22 27 448
393 14 238
251 17 524
17 35 76
39 137 573
427 249 991
111 363 395
533 556 547
411 229 497
97 445 447
17 5 638
414 51 113
583 29 532
291 131 284
370 556 873
361 292 456
2 401 507
401 405 891
351 469 809
255 226 309
431 441 142
233 177 863
291 551 897
467 107 131
291 337 133
86 277 375
511 130 316
429 173 757
311 207 347
315 364 227
413 372 977
186 387 32
54 283 29
179 24 835
481 211 670
511 421 974
467 43 444
530 359 945
11 271 37
185 431 498
544 531 835
111 375 370
155 241 509
317 121 218
316 238 131
457 167 502
371 565 874
341 119 379
496 385 289
153 475 907
420 411 621
256 93 430
309 3 686
451 421 773
561 316 738
11 486 285
126 41 469
8 9 485
337 47 85
423 63 797
557 573 265
301 193 124
101 271 41
131 381 469
229 319 154
376 441 161
375 239 541
275 251 950
166 399 328
482 421 128
151 499 189
4 14 328
159 71 312
349 517 550
527 69 586
201 551 773
1 307 191
289 141 919
209 193 538
3 336 534
56 83 714
485 253 984
559 101 293
91 248 850
535 121 703
93 341 159
572 507 474
113 166 785
221 499 671
301 585 296
11 84 854
525 296 528
537 69 44
535 291 641
241 96 627
57 163 187
467 266 902
141 395 230
261 311 351
124 128 610
162 205 651
229 253 509
448 319 194
385 429 259
110 69 515
237 81 477
400 511 653
195 55 673
151 341 271
567 341 105
429 234 403
95 74 555
76 295 125
8 291 337
287 15 428
335 516 4
141 556 135
309 191 442
178 211 91
255 257 928
506 65 92
248 291 1000
281 207 297
257 11 173
188 215 260
157 429 303
536 37 414
466 285 398
465 237 884
540 325 459
240 269 96
402 171 219
66 481 872
129 119 964
208 360 676
359 63 666
391 281 562
60 578 45
369 229 274
239 502 471
248 394 962
327 73 538
145 37 289
143 271 235
23 48 399
171 399 587
391 236 414
305 159 985
453 318 956
471 65 951
389 571 852
141 407 170
196 553 616
305 373 195
525 561 872
269 547 614
485 510 519
421 9 540
101 41 362
549 545 471
1 477 240
451 131 673
39 296 552
236 86 697
369 517 481
126 377 273
29 429 540
6 534 84
20 28 103
290 79 555
63 329 799
121 451 377
116 242 887
541 81 600
297 482 296
67 169 521
456 451 945
388 384 761
71 6 417
332 11 542
301 444 171
109 255 921
246 201 304
103 518 123
15 78 657
22 543 884
401 27 815
437 573 389
150 91 460
529 201 688
7 430 712
147 113 933
382 197 646
521 31 103
455 191 276
121 119 621
437 411 999
300 339 126
217 401 974
21 75 202
475 441 319
243 71 714
481 41 353
435 81 257
577 288 699
181 231 581
441 369 808
545 307 516
65 293 699
531 411 293
579 577 385
589 303 78
289 173 816
151 587 491
166 219 274
299 305 555
468 387 163
262 206 479
288 106 145
93 31 691
271 145 752
431 531 988
523 341 988
225 479 464
265 299 304
138 547 386
