700 6476 106
7 331 862
21 172 971
633 537 35
641 167 24
187 629 961
291 11 579
36 61 512
165 151 634
554 113 169
214 325 374
669 477 296
605 623 499
249 251 737
561 137 733
283 659 359
376 441 903
655 281 720
164 109 291
695 36 901
505 613 421
439 76 359
225 581 912
659 63 72
284 501 882
146 293 836
510 21 546
197 343 17
204 401 355
85 153 933
630 29 392
589 481 25
496 660 828
279 322 615
397 224 257
92 191 63
587 126 736
561 321 81
289 669 533
509 181 473
25 577 984
511 397 311
425 33 694
71 436 120
209 373 638
121 669 630
141 13 704
470 619 768
48 97 917
33 365 339
45 210 271
85 405 965
332 544 671
521 251 928
22 661 329
236 267 215
133 3 971
347 348 905
149 379 660
199 470 732
631 576 997
477 71 787
173 307 70
575 481 538
421 631 851
169 615 257
649 184 23
617 426 199
200 306 478
421 469 50
641 281 124
557 121 980
149 132 329
151 44 567
669 384 383
554 661 694
673 111 942
461 351 780
1 34 646
521 408 28
269 447 77
469 345 431
211 13 107
96 681 634
581 551 581
46 437 78
561 324 307
421 463 757
295 681 624
633 127 3
505 50 523
156 196 684
665 101 470
77 577 526
573 604 962
117 83 803
141 377 437
57 338 745
477 8 654
175 523 540
53 271 206
666 1 248
301 205 457
485 573 964
648 111 128
125 446 807
483 129 85
218 692 343
341 589 687
556 57 607
549 239 551
240 466 420
511 101 788
68 367 30
393 337 949
53 19 711
1 29 1000
255 341 520
484 376 967
296 227 580
673 33 442
601 597 578
265 615 44
607 236 400
29 263 440
441 253 398
190 674 572
479 201 556
351 585 631
471 644 190
505 643 64
449 509 591
425 63 659
289 437 713
367 613 671
1 673 262
557 572 122
81 126 55
20 641 971
146 511 797
491 181 932
621 85 188
145 585 438
370 358 132
668 5 735
208 626 325
531 289 477
318 439 401
37 561 554
615 37 619
283 638 464
163 246 474
370 501 306
57 247 234
43 449 660
625 317 814
497 41 356
37 649 309
386 582 436
310 355 438
449 561 762
607 470 859
197 195 701
183 692 262
673 604 355
7 493 138
551 461 934
92 469 615
161 62 334
201 497 495
201 612 748
512 331 194
191 626 516
251 554 256
337 183 359
561 329 258
551 519 889
101 619 662
56 157 904
371 661 320
529 101 654
353 423 397
407 456 982
127 461 135
213 155 380
505 17 730
141 48 343
241 498 267
283 571 449
350 25 819
474 104 123
155 495 996
631 212 437
645 223 177
111 381 541
116 633 870
413 269 593
381 596 874
249 256 448
1 77 672
46 458 69
481 132 465
573 41 649
508 337 77
625 615 58
695 565 200
99 407 398
421 171 799
240 301 496
1 42 544
5 647 974
451 660 486
101 393 489
55 149 530
563 679 738
13 531 165
669 575 109
288 211 984
316 239 593
285 511 505
9 525 729
351 101 144
124 346 231
673 617 683
609 225 547
197 510 725
501 573 95
526 329 138
319 361 456
533 332 927
2 202 444
614 42 988
589 551 911
31 309 458
137 190 443
672 372 395
367 549 960
281 445 64
521 239 670
617 538 660
266 519 89
17 289 628
493 630 959
106 473 325
273 669 33
1 209 355
579 37 978
43 684 71
389 413 218
661 29 66
89 114 442
185 342 680
43 88 987
221 571 159
225 667 390
386 421 859
673 371 263
229 309 237
641 588 402
12 14 195
517 655 806
113 69 959
405 41 185
398 616 25
229 517 727
335 113 125
76 691 427
413 533 504
656 577 406
127 351 549
387 453 320
356 354 654
311 529 479
51 383 731
260 663 668
489 567 670
631 401 37
692 367 861
446 605 981
189 397 267
46 641 715
77 400 207
370 359 455
234 402 350
631 77 799
114 261 393
498 277 262
426 328 789
324 477 37
5 134 609
203 493 34
499 594 576
109 445 286
447 205 288
541 555 965
272 96 149
315 349 664
263 305 273
181 221 430
201 413 165
387 65 359
445 84 15
281 471 524
19 109 501
239 147 758
664 285 821
410 153 436
221 238 760
300 356 37
5 213 694
396 629 56
429 688 75
285 245 887
64 75 791
491 316 726
539 608 482
168 478 518
209 577 32
125 165 539
307 691 647
481 190 603
58 334 888
248 419 94
451 99 223
209 214 322
80 561 889
365 547 110
531 43 635
11 307 152
27 63 865
653 589 814
383 485 548
162 190 565
142 4 474
361 315 492
81 575 826
331 631 302
69 205 28
201 325 133
176 81 239
289 151 348
449 564 159
302 618 546
309 596 721
101 253 305
9 588 359
344 323 882
337 684 447
611 581 280
527 327 917
573 71 945
526 116 509
197 19 976
225 266 280
487 679 215
671 594 484
396 197 121
441 326 394
429 527 976
201 267 662
398 1 900
99 518 22
251 347 469
43 457 227
665 63 551
401 332 597
226 700 463
336 561 160
281 511 765
583 545 633
357 19 157
210 512 158
111 25 68
176 412 213
43 113 822
93 1 339
51 355 819
537 262 610
505 428 80
309 459 22
265 506 3
249 555 547
541 114 236
253 285 361
37 83 452
487 134 147
45 415 563
493 621 112
595 286 668
680 477 89
113 485 951
141 129 316
305 666 901
2 281 17
386 251 819
612 106 181
661 523 624
73 337 711
221 351 707
134 477 941
33 305 85
1 400 77
35 289 441
302 688 974
351 104 74
151 431 473
325 559 289
511 651 966
521 694 562
321 394 396
308 170 9
179 469 390
658 361 385
256 101 76
121 561 197
85 657 94
393 241 608
206 550 5
551 507 834
454 158 269
528 306 734
53 155 920
263 388 454
658 381 591
269 41 426
234 380 284
295 302 819
141 452 799
136 183 873
1 321 797
238 435 527
241 633 512
49 211 479
269 645 957
246 473 445
22 505 551
597 461 25
433 102 211
181 281 379
331 529 550
561 434 946
601 466 728
421 480 889
81 410 143
17 241 906
603 625 316
588 376 646
519 273 505
681 55 303
519 259 530
385 92 257
501 582 522
137 181 869
117 212 484
1 236 936
175 301 384
645 401 30
529 673 410
281 645 954
91 471 873
74 344 168
586 485 495
407 351 256
11 463 125
585 131 447
601 596 23
141 435 164
269 453 159
677 561 363
504 301 354
466 569 561
309 467 942
1 573 667
602 193 771
673 141 470
687 161 276
127 81 827
541 445 733
561 145 433
173 250 297
629 441 676
99 622 552
541 417 590
371 366 842
197 133 403
654 565 39
409 681 879
41 520 501
22 421 548
197 529 139
289 176 240
305 276 603
169 1 163
103 96 99
687 480 258
285 158 936
1 36 770
333 149 185
92 182 121
209 155 474
21 306 309
501 43 486
190 696 330
477 9 899
206 511 699
401 690 849
156 336 36
585 96 192
211 615 190
365 41 451
77 45 437
266 659 79
395 258 150
418 218 57
45 379 124
16 477 609
105 491 449
361 101 496
57 323 795
274 577 653
119 541 97
387 589 373
113 105 226
505 641 595
300 516 288
161 551 563
537 251 928
317 176 7
673 293 508
213 522 506
591 212 374
91 442 577
361 527 866
141 557 848
26 81 216
423 43 87
501 631 301
380 421 441
136 66 400
225 486 700
101 155 819
689 216 249
697 169 569
609 181 368
649 324 426
685 96 189
461 659 680
649 541 609
561 535 901
281 468 425
647 36 229
605 55 457
619 11 74
337 474 168
429 452 992
468 13 860
685 117 759
516 181 492
53 41 696
211 430 307
498 293 5
23 195 209
293 386 509
372 633 959
326 553 820
149 587 337
619 486 779
384 561 75
281 73 10
221 317 181
286 521 907
3 638 15
306 269 318
285 93 563
305 602 773
183 524 586
271 11 488
80 499 245
357 312 611
217 659 33
363 405 435
198 522 50
225 331 755
446 81 436
671 109 158
173 441 738
461 245 148
267 678 817
395 109 570
268 634 151
519 609 17
538 631 712
636 557 886
413 625 670
274 581 644
561 253 512
41 275 735
529 225 506
446 17 609
307 211 341
585 659 646
589 521 860
263 420 434
473 533 758
69 670 73
71 396 485
430 309 22
317 407 61
305 456 601
337 512 682
345 409 800
689 694 479
401 419 506
181 352 252
169 86 982
656 120 22
463 134 309
631 244 451
15 537 835
512 329 291
509 65 499
14 221 460
651 245 382
74 456 3
573 561 55
379 219 423
469 465 429
349 239 539
615 113 958
481 225 564
48 201 329
281 451 268
247 647 310
401 626 426
617 99 388
465 120 957
85 411 252
62 489 763
7 192 321
115 476 28
87 1 311
56 29 111
695 359 664
428 14 951
151 259 352
116 126 569
81 519 546
587 253 549
207 661 769
554 357 834
59 377 727
484 302 511
203 289 102
86 485 996
471 411 312
613 249 869
82 515 700
646 413 158
321 687 46
323 501 746
634 21 619
391 201 376
643 533 592
365 659 144
519 136 385
41 1 983
395 611 707
347 507 45
685 354 803
99 427 802
448 688 706
38 245 628
581 645 446
447 167 300
15 417 149
69 497 859
281 475 991
261 379 195
277 391 117
163 359 261
417 225 61
426 141 568
674 169 28
24 87 115
134 316 720
74 237 991
547 238 358
426 551 902
671 694 289
449 225 720
117 209 205
153 201 248
190 666 625
485 659 464
601 690 84
211 149 166
345 665 532
217 349 791
477 510 861
302 617 863
81 273 456
369 526 663
315 657 247
394 426 907
317 57 114
135 401 172
575 582 732
471 613 21
337 5 224
41 339 978
309 325 396
251 311 306
649 56 988
253 7 491
467 617 474
174 260 146
134 421 473
573 286 334
517 230 104
254 61 603
631 203 571
495 509 111
633 597 152
125 595 564
291 333 668
499 284 7
221 218 520
351 263 436
667 169 697
240 483 266
547 21 853
666 633 658
239 225 721
426 265 62
343 452 40
448 469 819
374 632 704
16 493 810
396 311 422
169 449 659
159 191 633
631 659 426
443 285 113
618 371 739
101 269 635
692 584 598
543 693 331
407 187 54
113 281 262
69 695 571
21 128 165
541 37 378
280 602 576
179 374 490
585 63 659
506 637 619
21 57 220
301 193 838
125 630 647
152 137 960
257 561 106
273 336 980
328 189 213
601 651 81
195 655 892
533 641 374
317 141 216
657 113 224
201 303 889
226 1 447
470 151 761
330 226 403
115 113 579
445 309 700
645 276 32
25 1 522
639 631 370
396 496 39
421 211 398
461 413 695
685 440 770
461 170 902
263 647 185
365 117 542
16 206 616
201 141 172
36 185 34
681 169 747
293 669 533
222 617 447
528 154 244
5 505 655
385 689 266
691 281 663
85 691 7
641 347 191
279 309 41
521 429 626
245 641 937
241 51 887
9 167 620
453 81 479
51 550 819
69 81 287
413 91 206
594 240 619
373 141 948
565 603 521
700 1 840
377 659 122
141 103 4
337 365 329
253 31 461
85 382 185
141 637 843
43 140 311
461 370 284
74 699 628
353 571 113
281 6 685
669 29 643
211 371 982
57 403 122
181 286 339
225 540 965
601 297 199
19 133 828
582 101 454
290 337 23
151 423 506
669 231 396
226 145 482
305 693 131
268 565 453
629 659 199
547 113 753
446 297 440
115 537 658
119 551 685
122 256 510
13 133 973
526 525 309
11 590 10
381 142 626
206 435 580
31 233 935
567 649 845
134 244 812
335 177 455
201 29 485
449 97 265
69 610 579
54 121 365
73 121 246
6 217 120
29 583 741
523 619 273
323 519 629
280 148 804
519 85 741
115 617 474
541 535 356
15 57 816
137 551 585
558 512 938
91 537 76
473 417 35
501 533 650
365 645 987
377 549 949
433 414 100
476 1 170
329 232 980
129 71 220
595 233 807
35 344 660
576 664 155
138 171 321
264 529 933
339 93 76
402 285 283
560 113 526
289 554 390
581 273 979
651 379 296
634 613 698
659 695 112
636 561 492
106 454 540
197 456 152
155 83 591
509 377 330
289 149 812
41 158 173
656 491 452
401 681 682
379 251 835
113 426 208
329 169 993
483 336 231
267 113 334
45 145 278
658 460 82
392 687 86
301 331 353
193 368 630
65 573 319
673 379 912
201 287 993
5 156 170
270 637 876
48 565 41
231 456 207
249 373 691
46 301 917
180 205 844
616 86 814
653 683 452
225 91 1
120 223 133
187 533 399
454 596 121
30 101 378
560 195 904
225 142 235
59 285 612
204 151 590
466 581 164
325 348 902
470 415 867
429 575 269
16 483 157
192 285 750
440 295 89
177 451 549
101 473 751
252 81 864
475 123 472
334 446 1000
299 496 268
383 561 683
237 65 964
519 70 477
474 540 551
143 520 943
473 123 76
130 636 811
181 83 535
320 246 78
494 387 282
167 568 721
81 274 109
389 510 763
17 53 45
359 675 886
11 50 553
45 553 722
461 581 984
207 445 549
1 320 327
668 149 495
38 133 228
256 137 590
426 626 494
517 605 285
25 286 481
361 597 452
285 673 563
243 469 567
497 261 833
601 641 835
589 69 22
90 301 596
693 629 843
256 169 569
106 349 356
513 11 491
269 527 933
285 356 563
275 297 824
75 175 30
488 237 615
197 411 239
173 189 772
468 125 826
307 234 592
329 405 365
136 163 774
681 67 35
297 517 256
515 421 677
349 245 375
446 650 256
605 309 621
31 89 217
573 398 716
12 227 771
193 425 212
281 611 772
50 564 828
41 357 797
146 239 958
229 501 341
335 65 873
437 315 882
361 601 602
655 296 16
281 76 113
347 605 132
151 340 671
401 561 199
36 176 886
18 601 391
46 121 534
81 533 553
497 483 379
7 12 65
18 681 583
644 649 598
519 321 470
591 387 716
176 91 52
651 369 355
55 599 418
169 221 104
352 221 532
127 267 938
255 375 701
367 545 820
199 603 694
15 470 523
528 357 757
672 673 171
241 171 248
337 470 567
681 527 928
409 37 476
29 279 692
439 540 714
630 591 384
653 349 427
671 469 854
451 662 274
87 505 303
265 341 664
413 651 782
267 365 690
641 577 96
491 466 236
78 293 997
573 625 899
612 197 948
685 277 88
239 652 650
494 477 993
221 527 472
145 51 244
66 31 605
385 571 76
299 204 735
88 666 826
532 531 994
73 560 748
551 329 466
41 57 586
693 520 259
661 241 92
681 631 697
412 453 91
457 429 220
116 248 590
490 446 638
64 73 219
225 475 203
71 421 875
396 221 64
37 566 133
406 481 754
519 533 710
10 617 992
697 117 377
337 171 970
638 652 113
174 618 925
643 96 257
315 533 987
527 692 34
6 260 458
5 263 157
553 613 638
67 256 484
213 381 510
365 605 963
681 513 838
40 321 524
395 396 981
425 685 222
219 155 704
426 569 26
121 277 99
699 223 222
23 197 951
143 441 603
637 217 251
511 345 633
496 637 596
121 281 622
457 463 564
253 301 865
602 55 503
450 393 705
511 553 45
542 674 810
586 106 793
21 162 615
384 176 522
301 134 107
544 281 654
393 253 953
254 290 205
293 337 610
665 266 586
687 30 545
449 321 123
29 378 189
32 376 607
250 383 956
468 74 230
602 181 538
276 198 454
422 605 11
501 248 460
263 661 146
601 291 304
435 444 741
351 48 503
1 405 74
36 437 65
161 103 664
581 632 604
20 298 706
569 153 739
513 125 797
374 21 137
25 273 133
681 281 913
601 253 314
281 485 266
313 135 307
565 281 900
5 393 253
517 629 448
153 657 649
117 409 562
567 9 175
193 449 78
617 421 240
617 29 339
245 557 183
271 365 50
593 166 276
501 351 532
76 333 221
67 651 508
214 658 921
245 593 357
587 191 26
220 465 584
210 225 228
269 666 802
648 681 681
49 681 391
467 413 285
358 317 827
475 477 139
169 606 59
256 257 230
85 681 934
85 615 648
323 193 91
556 504 305
649 1 630
9 437 473
413 29 827
69 316 599
441 126 833
629 403 820
596 269 287
15 501 636
259 661 726
321 401 374
467 367 184
110 501 460
147 75 123
129 53 359
199 653 382
669 638 386
251 501 842
431 541 510
187 241 586
27 146 65
236 421 150
673 239 886
185 421 538
74 321 11
571 57 789
116 211 916
171 153 504
476 612 263
649 516 615
229 82 587
437 697 337
471 141 330
327 62 404
561 141 179
91 444 890
407 67 72
445 545 822
131 63 458
161 1 65
249 317 676
73 666 119
598 417 730
364 333 279
131 529 391
337 397 562
287 396 662
527 141 624
692 519 162
363 609 147
302 209 275
341 420 511
179 213 833
698 608 614
488 617 22
597 207 66
129 425 74
383 694 302
537 385 345
174 69 76
301 203 677
357 634 874
617 113 633
221 592 751
617 583 394
473 218 440
167 597 970
375 425 90
561 513 955
601 129 112
205 41 598
449 518 136
65 260 443
183 558 524
496 105 481
681 101 892
205 391 657
1 31 346
476 152 895
541 631 185
501 287 650
693 481 318
13 645 437
582 279 264
659 650 63
521 581 851
505 107 364
381 29 400
381 7 446
542 664 702
101 533 672
131 295 282
163 303 199
143 567 783
501 33 817
357 64 484
489 470 288
595 16 610
129 391 476
351 13 787
509 533 421
126 685 437
393 195 280
517 672 629
503 555 797
122 33 603
59 517 892
429 311 482
16 63 123
152 637 124
574 547 358
149 425 419
405 617 32
659 503 57
281 263 141
51 476 658
11 221 566
391 280 675
95 329 717
274 134 372
228 321 882
631 632 978
83 121 177
129 245 536
681 562 834
186 199 570
596 429 703
131 256 97
316 257 587
312 477 444
500 451 359
612 247 246
453 513 922
526 625 691
33 344 77
197 463 78
173 169 384
540 562 675
229 477 255
519 241 418
361 69 938
40 251 704
603 121 880
344 539 89
41 213 273
29 625 721
121 445 564
127 614 412
604 696 435
589 177 59
66 117 420
21 341 222
527 226 914
561 284 777
385 236 168
100 92 160
113 449 872
227 285 620
29 536 387
394 204 553
146 100 645
517 239 128
191 655 312
291 267 639
574 43 191
287 621 923
301 197 90
491 53 427
220 527 629
593 583 715
507 41 897
69 325 974
207 628 529
120 420 48
20 401 820
201 641 362
457 95 119
536 256 323
496 285 914
277 275 152
289 593 45
216 385 128
489 241 340
157 57 593
431 509 859
405 641 402
381 646 988
666 371 380
229 409 882
195 250 476
406 200 495
631 69 225
245 309 598
593 413 504
255 638 57
641 181 46
541 689 244
624 53 338
622 149 954
82 309 22
529 633 736
641 253 354
9 309 175
538 329 328
645 245 608
505 128 276
148 1 72
183 623 815
531 409 96
282 216 535
151 572 431
541 293 409
258 565 52
621 351 167
283 421 877
141 295 538
601 431 814
544 264 813
579 105 8
103 271 328
459 419 714
485 279 833
653 151 184
107 149 890
41 578 363
401 491 71
379 537 351
13 39 450
292 157 376
180 177 299
296 631 834
4 529 618
479 551 695
346 127 878
168 559 476
323 365 568
574 525 165
650 445 664
81 511 57
553 561 426
101 653 511
488 368 682
351 38 386
536 85 621
281 117 391
225 503 615
465 593 961
664 161 513
231 593 657
164 207 625
463 177 632
441 47 45
661 157 502
1 335 547
429 643 142
249 533 732
231 538 639
29 526 982
201 316 980
309 347 743
659 319 165
245 7 321
1 669 426
629 61 375
7 205 274
25 636 233
509 428 219
154 125 686
517 486 474
625 61 644
489 350 732
677 233 583
327 455 455
336 365 748
282 445 80
497 306 132
74 118 282
339 193 68
417 221 56
244 1 381
263 526 47
175 153 109
130 332 294
659 505 476
51 685 658
113 551 627
196 411 591
285 501 340
541 447 905
521 545 49
673 307 761
337 622 722
151 178 469
47 246 81
299 553 959
233 511 860
481 501 23
645 519 16
491 531 855
5 501 580
645 505 88
505 541 803
645 1 580
25 309 79
7 137 797
202 257 370
330 51 848
489 21 191
361 535 222
563 266 279
1 523 154
659 463 413
211 445 424
112 549 194
669 303 462
21 275 472
529 71 876
525 370 238
339 601 280
285 609 712
305 223 423
205 376 738
69 210 543
77 287 89
117 201 429
498 569 407
691 144 191
449 261 45
329 5 273
150 81 486
128 306 865
266 463 56
194 615 842
304 542 886
568 649 619
351 129 114
354 129 188
596 47 845
178 668 52
599 211 956
41 511 994
299 355 155
151 614 780
414 666 285
337 585 12
189 257 464
139 546 631
377 571 792
477 179 134
408 565 705
141 686 493
651 285 250
373 463 234
176 516 174
105 121 207
519 57 455
1 693 465
61 617 287
277 330 413
645 601 311
217 645 136
487 205 554
73 131 763
241 15 824
371 487 854
66 122 793
175 639 397
524 302 294
81 619 63
385 86 124
465 198 90
201 212 490
19 636 658
567 497 762
32 329 990
255 225 78
271 627 813
318 51 159
693 221 331
633 449 100
91 429 686
611 641 505
117 449 43
533 309 762
98 81 163
61 153 135
229 365 663
289 66 335
156 410 280
205 648 863
79 127 446
573 521 442
112 517 508
501 673 788
192 431 93
101 153 502
547 696 520
486 489 582
188 57 993
643 211 630
621 449 634
401 31 813
642 253 388
356 571 760
504 621 558
39 476 320
293 139 372
614 421 282
103 581 611
127 610 176
656 105 122
323 595 967
477 626 73
136 237 274
561 643 276
549 71 463
513 680 813
687 512 57
680 585 854
618 435 152
280 308 858
575 257 435
645 103 643
381 64 630
209 383 62
479 215 414
17 209 430
66 510 614
58 211 520
4 110 466
411 429 18
463 621 540
76 332 898
100 241 178
491 73 404
591 521 643
1 17 317
351 289 207
247 537 43
33 62 791
589 35 973
166 461 69
681 501 594
218 639 869
173 557 114
569 631 803
521 221 67
617 365 976
181 176 571
348 692 32
33 13 755
523 306 234
519 492 463
460 421 458
569 447 888
155 221 473
107 204 255
117 288 312
447 577 381
625 197 589
176 101 814
385 1 814
29 376 614
561 583 850
129 231 630
423 189 139
549 626 628
197 193 920
57 1 842
81 269 956
571 526 653
130 339 906
23 408 244
161 51 45
499 345 370
321 155 189
169 532 909
172 611 39
118 651 823
4 20 328
422 121 605
185 397 809
25 351 370
580 673 815
693 589 642
9 65 543
396 341 596
116 673 974
291 260 324
13 85 21
619 29 583
309 73 765
563 304 643
9 386 151
25 653 454
456 69 789
229 601 389
383 676 271
488 358 581
274 374 278
247 666 319
289 673 256
645 647 383
541 451 335
53 56 554
438 565 971
610 569 104
229 652 218
169 99 841
532 586 86
9 96 485
281 244 952
246 601 862
89 57 793
477 295 736
169 325 37
451 676 222
401 300 458
141 281 714
186 644 545
29 51 289
644 421 733
438 151 707
477 385 382
242 246 531
429 1 160
67 506 742
25 157 995
214 517 514
211 441 808
44 554 814
85 33 313
69 449 217
218 461 955
261 558 946
415 501 190
231 631 811
600 525 369
516 478 480
239 400 149
289 455 572
351 68 204
594 547 521
569 167 688
441 281 72
176 96 43
206 209 920
685 523 946
9 500 312
160 351 127
143 633 719
6 176 3
244 574 949
83 525 298
213 699 451
682 331 591
525 477 280
624 529 679
46 152 214
137 585 511
369 451 125
217 576 638
465 401 912
205 570 523
320 519 283
282 417 53
381 85 584
56 101 992
71 261 707
561 379 416
536 182 214
333 261 86
201 509 48
375 109 809
496 1 933
281 543 783
1 441 747
227 630 277
221 381 22
331 352 496
141 581 301
51 89 631
381 309 622
56 1 569
386 457 886
638 321 223
617 14 549
675 358 445
645 526 976
442 351 702
279 425 136
491 66 787
45 305 124
680 324 307
581 477 487
671 677 315
350 472 550
669 497 709
15 216 73
163 217 667
58 298 713
690 67 947
169 245 54
41 509 35
23 291 494
316 493 475
276 601 253
161 596 890
559 204 178
17 673 868
5 685 171
501 456 547
617 321 861
511 80 207
169 694 961
53 409 873
33 685 462
626 565 670
333 359 763
144 378 906
253 501 987
127 305 380
249 246 307
571 279 677
599 215 193
456 301 16
337 473 187
411 561 3
669 33 329
95 436 239
409 460 717
97 402 547
528 133 82
614 527 452
158 497 778
328 674 913
655 125 418
596 208 929
173 85 545
81 161 68
311 601 439
305 50 846
421 381 528
57 153 864
272 638 943
377 389 246
535 305 808
176 681 951
41 71 821
521 497 457
621 121 887
359 533 842
35 449 958
225 583 19
451 169 56
332 301 445
121 333 798
9 541 622
669 441 688
53 633 805
275 597 212
283 120 113
125 81 356
321 281 370
610 601 849
113 576 78
91 105 196
112 212 538
385 486 607
435 666 56
332 450 404
621 365 780
491 343 385
401 106 897
266 611 287
151 498 120
149 219 783
576 589 298
154 183 767
23 81 244
173 11 888
401 695 60
1 393 747
473 441 26
279 337 820
242 473 83
49 662 244
575 587 758
361 386 182
596 651 640
325 433 698
421 697 847
51 26 74
80 445 957
33 575 356
697 393 282
617 156 830
531 311 627
267 341 149
345 471 638
35 334 132
131 165 899
183 610 956
383 606 899
325 479 652
176 437 363
254 116 671
309 231 893
303 638 894
235 253 69
60 221 971
309 388 599
493 300 369
612 87 609
461 601 199
281 381 138
676 629 782
201 253 191
649 659 263
653 470 690
133 447 373
337 276 240
86 204 957
478 359 159
321 527 71
261 577 557
91 283 618
421 217 833
225 426 621
233 193 560
516 447 509
655 532 846
510 130 342
441 121 654
687 521 859
425 255 703
308 454 657
407 481 241
456 625 935
221 613 667
257 22 73
309 537 419
113 665 85
660 479 273
261 229 752
665 124 891
443 400 131
612 39 764
644 533 337
213 651 119
457 205 35
151 594 724
193 32 179
509 227 248
382 384 236
295 371 680
361 411 639
258 65 851
367 217 572
83 221 981
141 441 601
141 375 991
501 503 181
136 401 701
661 477 871
399 431 675
351 237 301
177 125 875
676 112 598
483 56 187
311 85 366
161 258 833
401 519 397
540 663 368
181 680 307
562 379 923
693 256 306
374 566 352
33 609 463
224 392 397
29 7 256
501 676 798
500 111 15
204 337 744
57 503 188
167 189 147
99 466 336
25 427 254
415 590 496
364 559 934
143 579 180
507 548 89
305 681 929
461 321 693
575 249 98
400 589 649
352 583 631
253 296 472
262 375 3
1 232 505
41 139 456
475 521 511
557 8 282
23 455 689
637 112 225
382 421 88
323 319 364
288 409 618
419 565 81
90 636 89
679 125 145
211 616 436
407 501 594
106 634 317
183 309 188
588 141 45
12 402 772
451 261 76
621 393 92
265 305 630
10 36 642
211 423 61
121 626 937
299 325 927
17 23 546
148 260 93
347 636 227
425 434 42
401 601 818
155 645 712
501 566 215
49 301 90
165 137 991
156 141 180
255 71 31
235 490 438
185 409 196
41 183 910
327 51 514
522 485 831
687 517 908
61 351 860
301 101 158
167 69 184
613 1 685
405 141 921
37 55 72
175 411 327
356 183 81
112 565 829
379 101 366
263 362 466
378 3 357
596 333 638
301 261 866
467 646 671
513 506 173
257 505 275
530 445 565
647 559 137
151 344 906
497 319 217
555 127 720
409 607 532
311 333 745
451 297 818
203 276 993
17 288 189
655 531 233
201 307 321
417 589 548
297 461 439
251 245 399
301 421 76
633 244 516
649 336 854
121 338 147
167 356 9
649 77 715
561 638 694
533 130 49
121 438 859
420 401 56
201 241 324
405 160 202
520 293 231
349 495 524
669 637 903
605 57 314
225 23 980
688 676 141
66 236 99
211 373 653
323 638 965
549 281 832
241 389 140
517 381 42
541 680 704
629 518 580
352 534 959
451 645 536
277 669 964
601 272 789
287 418 729
626 43 948
420 365 807
413 137 262
511 564 564
382 557 877
184 220 139
501 650 695
687 583 659
411 531 389
260 362 273
116 301 88
85 120 674
527 381 22
196 41 561
429 281 997
113 541 612
211 379 254
221 151 605
489 455 15
413 125 998
215 177 98
69 321 92
569 85 396
391 137 629
300 83 987
461 183 774
265 666 234
124 471 669
296 14 591
311 51 637
357 497 87
261 421 393
277 361 732
669 495 777
113 160 473
236 620 335
414 592 54
5 1 23
373 609 124
334 403 140
673 123 597
1 505 834
415 675 421
603 319 889
147 143 940
481 601 504
441 533 905
661 567 192
475 608 57
261 197 203
187 695 277
681 21 812
497 67 560
458 21 889
190 189 788
61 393 120
83 243 466
29 129 620
491 685 429
14 46 148
55 281 161
197 111 296
603 141 829
225 85 528
633 117 704
441 109 368
666 616 255
376 1 99
115 191 138
211 36 532
611 497 643
246 129 461
232 471 950
438 440 964
673 229 43
33 429 253
339 569 361
636 381 95
556 696 396
335 666 445
36 275 571
89 197 483
485 433 50
61 294 423
82 57 639
135 461 804
485 263 915
421 328 142
384 81 145
57 521 490
41 686 671
232 448 130
664 679 293
321 45 53
431 577 928
381 491 638
379 385 604
526 483 615
510 456 745
144 1 692
129 182 870
245 377 691
4 377 425
357 333 354
251 407 506
183 235 739
275 201 976
351 459 952
20 39 973
575 239 522
536 649 152
629 566 578
425 310 424
1 23 810
251 45 487
427 172 621
107 542 218
91 621 440
593 570 216
277 113 627
73 327 474
244 255 289
373 97 496
669 71 257
509 301 314
457 596 175
686 449 831
601 245 634
389 540 951
97 196 214
275 397 113
401 351 856
335 47 274
201 411 681
314 144 176
181 161 955
491 333 103
557 265 890
118 119 272
16 179 80
285 21 744
307 553 133
259 421 385
603 437 204
356 421 26
16 497 206
28 58 774
23 28 101
315 538 460
489 434 557
286 302 662
145 526 917
398 526 682
490 454 578
611 533 471
188 232 75
533 65 833
253 99 87
33 603 517
239 677 833
255 553 43
51 631 515
224 624 560
583 495 240
257 199 653
456 681 842
333 214 129
604 537 807
451 60 362
610 264 808
1 449 13
344 546 639
171 451 922
625 337 428
309 466 838
312 387 343
329 502 567
39 42 349
393 323 126
441 221 465
8 22 810
503 365 71
295 269 753
573 617 756
249 57 780
74 401 573
103 172 195
609 16 38
295 121 741
339 409 368
461 520 493
37 616 957
281 146 963
444 251 522
437 526 317
693 81 399
613 677 593
160 489 666
117 612 53
521 344 860
586 601 684
601 255 536
111 71 315
351 380 534
602 36 38
382 416 67
605 563 786
625 366 421
451 371 19
573 636 574
1 423 791
280 395 221
642 291 994
175 419 56
345 61 521
454 229 299
8 694 560
109 274 148
543 412 299
355 147 506
15 189 207
1 91 756
19 238 801
213 205 135
121 312 572
184 514 899
617 273 647
214 337 794
623 487 960
379 519 805
1 249 245
589 597 469
375 481 254
137 581 778
21 9 323
11 601 578
565 666 905
21 221 864
554 221 34
45 202 271
495 505 135
685 273 870
1 49 47
197 29 784
501 257 18
53 484 739
555 3 531
256 387 103
610 131 597
433 528 833
29 335 443
196 39 743
81 91 684
645 481 143
699 201 12
517 172 903
406 401 516
693 658 964
561 109 844
526 601 792
351 99 901
679 501 67
187 575 534
647 49 397
214 349 33
370 169 890
400 319 215
296 382 490
618 260 614
325 61 790
334 22 921
533 377 131
575 199 449
275 365 885
180 533 204
339 161 473
1 153 171
146 416 507
679 456 878
151 682 134
485 662 243
637 538 813
281 293 321
190 268 923
506 329 906
296 401 578
70 571 229
653 139 203
100 253 218
361 89 692
641 309 234
191 34 667
569 274 846
449 653 413
11 91 282
313 37 812
1 417 769
569 681 886
641 346 197
516 457 895
664 381 541
551 65 973
27 417 314
115 259 645
413 686 278
221 121 921
589 1 603
435 301 516
624 75 23
14 204 899
451 607 187
365 269 764
334 444 637
590 181 930
379 292 656
477 287 124
25 491 889
519 129 266
211 323 86
511 151 383
113 697 885
3 105 714
89 673 173
333 346 599
228 230 505
161 407 963
302 161 380
161 201 287
401 45 987
691 457 436
193 169 511
513 365 325
222 335 340
193 321 695
161 673 613
669 9 866
677 609 718
512 99 938
693 538 617
159 245 46
649 368 424
319 515 614
24 197 617
76 379 769
575 683 694
22 382 683
486 559 203
236 636 331
501 330 927
173 543 570
146 246 748
37 208 196
637 604 505
154 213 317
58 265 49
81 507 674
491 529 869
526 282 993
589 285 251
283 169 805
211 355 995
341 183 867
295 349 426
265 9 218
193 101 949
135 652 397
375 191 749
146 622 249
397 471 648
689 359 552
623 85 648
409 350 102
81 568 506
171 331 505
481 456 855
676 647 333
545 616 113
25 457 226
559 615 749
163 313 433
83 354 599
335 97 6
601 421 911
557 333 803
57 481 847
376 101 446
457 484 282
366 302 885
403 433 210
42 353 935
607 148 849
692 687 752
484 220 883
216 521 162
1 636 245
489 509 917
271 205 586
497 49 674
4 5 184
667 325 659
26 390 726
377 337 33
424 136 133
113 417 630
616 393 684
1 159 582
255 393 123
3 392 47
15 479 375
28 441 370
358 428 112
6 151 229
541 623 762
5 34 250
141 681 804
541 469 770
691 106 460
196 30 699
80 170 322
103 680 130
381 561 84
33 138 377
121 437 661
559 687 920
365 339 521
113 674 959
631 394 301
143 291 673
229 33 749
281 379 279
210 531 912
501 382 365
217 223 394
239 477 310
449 151 536
449 351 481
189 136 650
325 415 12
686 351 170
329 241 908
554 141 739
642 575 581
48 505 140
641 183 422
330 512 558
14 178 131
501 89 185
411 205 71
176 127 676
321 121 334
1 9 651
165 197 214
89 179 325
1 501 64
46 155 702
156 597 510
258 638 560
441 582 554
149 117 958
62 293 643
193 281 220
677 111 120
672 416 456
510 381 43
301 551 874
671 442 968
533 549 356
170 218 414
469 349 382
587 411 117
350 271 280
294 421 316
579 633 249
433 435 984
165 78 713
49 611 621
561 159 407
117 641 635
503 325 344
665 71 85
641 561 607
563 57 262
602 375 781
505 373 848
497 620 50
411 639 895
535 473 522
239 601 128
201 637 433
543 651 897
37 211 613
461 565 888
99 319 60
681 53 262
232 127 874
405 505 777
304 498 168
388 190 246
561 377 120
519 83 92
525 481 137
292 418 376
323 265 266
453 309 83
19 96 727
159 85 358
22 185 743
501 225 343
386 351 11
14 673 907
175 283 105
516 89 597
126 609 147
577 229 52
501 433 257
166 541 651
411 458 656
141 195 928
694 266 199
125 341 784
481 381 355
181 26 598
40 491 692
273 1 379
21 103 612
443 335 925
161 109 752
47 271 53
161 231 61
643 224 41
61 561 389
645 389 87
133 407 451
289 125 424
239 567 474
193 344 422
153 184 779
409 656 139
43 49 173
529 1 9
267 149 355
273 266 244
396 326 818
186 694 799
154 296 972
359 239 928
629 673 654
347 267 145
296 330 822
660 586 376
461 24 344
38 501 898
197 597 321
204 36 919
149 645 653
591 201 989
289 137 501
284 223 488
687 533 209
225 181 767
421 433 119
101 441 907
49 254 753
43 153 875
425 1 146
198 341 52
571 525 779
523 407 954
101 519 790
421 163 417
207 211 975
56 561 947
193 646 702
376 50 102
281 683 368
113 201 289
589 181 537
259 155 773
365 697 578
69 133 760
225 569 508
644 169 608
645 517 98
526 695 294
199 414 107
223 673 780
601 541 986
618 29 502
5 178 631
136 477 482
365 614 894
528 385 221
341 424 688
317 333 52
537 526 835
446 258 840
81 5 322
486 204 208
697 291 589
519 684 708
201 293 928
475 363 943
475 321 156
95 474 393
260 136 600
313 16 94
325 172 170
89 401 70
657 36 80
57 621 123
662 29 669
685 517 833
92 637 957
171 493 151
401 253 136
25 316 202
7 285 271
171 641 759
593 403 211
101 29 604
1 612 190
561 481 599
83 273 988
327 355 120
541 191 897
675 449 342
645 162 289
180 498 269
231 617 361
17 169 995
349 515 843
251 116 118
239 698 141
345 241 121
341 611 752
30 98 487
153 358 875
325 589 985
101 228 171
457 417 554
569 313 620
458 621 171
365 91 595
107 286 607
551 405 690
313 185 685
489 539 661
65 305 260
36 90 153
246 169 88
175 559 882
353 365 890
249 176 646
569 611 684
337 669 203
276 76 579
494 253 656
45 575 299
521 243 799
116 505 360
141 212 927
397 389 674
423 87 10
291 428 22
1 92 159
629 51 10
275 407 830
531 232 277
209 421 637
681 339 701
438 15 849
101 466 556
428 89 957
207 309 769
535 189 56
43 106 228
253 57 512
473 686 49
176 629 409
126 547 511
373 251 873
631 369 655
686 53 580
241 541 859
365 566 748
573 458 739
1 561 784
541 251 118
656 151 654
635 31 101
505 435 82
345 407 214
698 321 963
575 337 660
256 217 93
425 621 669
561 176 493
281 696 329
421 677 490
22 603 715
493 359 274
467 225 322
249 281 213
669 156 300
56 543 672
57 84 421
33 289 784
699 205 754
629 40 507
239 197 238
23 541 646
125 85 404
700 501 332
173 509 6
406 577 921
693 597 918
15 149 527
312 635 923
97 173 503
147 581 662
421 186 364
601 477 582
305 609 884
63 463 839
526 99 697
19 246 526
381 238 622
201 616 710
562 647 435
237 41 451
33 96 861
315 309 662
13 476 459
71 582 85
155 151 803
281 481 415
125 537 128
481 78 290
1 647 543
127 565 144
425 580 43
658 241 402
253 213 171
47 189 795
11 637 213
666 611 343
81 113 550
21 451 381
241 667 294
213 78 550
251 524 668
29 416 545
576 1 39
147 531 232
449 384 985
341 201 149
33 526 634
409 67 2
122 381 663
37 45 204
171 291 59
106 641 404
611 429 105
591 133 882
661 397 144
329 141 382
330 601 690
288 187 937
601 149 469
401 425 196
141 275 125
465 626 267
18 648 766
254 379 847
65 657 314
337 379 945
149 231 980
361 596 522
323 437 144
371 166 466
115 93 642
261 693 91
152 209 116
449 591 503
17 64 714
253 196 198
614 335 193
21 403 965
446 614 564
341 621 971
102 349 810
197 421 616
539 655 219
201 169 876
631 26 414
631 257 50
65 245 561
459 629 762
209 121 477
261 330 306
613 288 619
204 501 611
115 64 358
193 370 895
358 570 607
226 559 38
141 461 934
87 111 524
63 215 879
275 456 59
45 61 412
84 281 297
99 613 445
8 165 174
344 653 214
651 521 683
235 96 203
357 286 284
127 177 351
545 239 14
56 315 555
481 189 475
188 681 189
37 292 817
300 357 551
165 180 207
163 99 12
669 211 741
31 69 227
1 6 931
165 456 299
169 597 371
561 189 285
575 573 669
206 221 96
78 130 710
155 185 774
57 361 593
209 226 423
113 387 606
567 145 937
351 479 122
545 661 92
149 25 908
303 611 860
577 16 582
546 491 863
271 413 635
365 343 105
301 281 948
181 361 330
593 80 928
187 199 959
497 76 712
197 281 457
676 253 86
631 15 473
389 225 397
311 92 155
140 302 443
373 685 938
639 577 750
329 1 820
599 91 387
646 227 954
313 169 156
236 477 229
53 174 297
16 274 760
306 105 288
343 77 706
351 381 670
485 512 960
59 477 539
176 305 957
689 381 235
498 491 322
396 51 254
453 583 493
537 606 316
345 473 797
542 570 306
116 224 35
97 586 248
397 267 408
111 490 36
153 501 804
577 427 106
264 509 183
666 289 99
356 373 129
373 596 544
679 281 769
159 125 237
510 253 238
411 691 12
6 24 896
545 524 515
316 127 676
313 107 148
301 293 338
681 442 55
694 307 235
474 71 605
197 405 539
162 551 792
191 671 807
271 465 122
607 166 551
590 513 287
357 69 67
666 447 90
113 114 438
20 38 129
543 547 399
440 275 418
696 313 815
216 81 956
5 73 950
351 30 967
91 320 661
140 501 625
669 406 251
101 237 342
351 145 82
297 449 567
340 60 279
113 301 315
624 471 160
346 441 847
29 185 387
57 141 662
109 673 560
336 463 983
125 366 997
118 261 704
277 91 43
526 436 21
197 541 476
421 594 320
58 114 544
521 665 933
425 43 79
81 211 727
134 342 970
131 501 846
669 598 389
337 355 790
341 514 374
393 11 139
1 457 145
516 581 165
65 409 667
583 91 942
153 11 871
371 521 42
273 673 514
350 366 68
113 33 204
73 261 768
33 225 577
481 671 908
391 1 343
441 111 144
364 201 763
455 201 314
669 601 509
525 689 665
71 565 625
351 687 19
281 27 828
115 176 486
69 251 584
181 358 600
169 36 551
582 183 403
45 333 114
9 441 541
85 134 2
236 239 623
251 491 562
661 51 407
593 673 172
280 310 604
449 314 745
47 543 673
127 345 367
163 687 751
249 221 988
246 248 229
466 558 801
92 91 250
401 64 761
64 242 110
1 106 558
308 487 806
193 229 563
351 559 451
393 160 818
121 505 595
306 358 217
379 545 239
571 105 760
591 389 181
534 463 230
673 61 853
329 426 42
666 166 700
547 613 373
601 296 954
117 533 267
99 660 80
467 683 136
141 105 739
481 473 346
449 421 591
593 283 217
461 69 97
31 343 153
421 595 487
686 232 706
262 637 692
31 433 394
513 301 46
542 298 105
227 471 521
566 608 75
225 133 764
628 410 857
688 457 950
558 206 504
225 359 6
549 201 533
177 183 788
217 21 198
89 422 875
245 481 327
329 134 413
653 133 637
471 517 606
195 281 33
307 506 483
316 365 243
93 482 233
251 447 133
372 101 271
157 631 510
599 681 842
36 398 188
561 49 150
77 167 670
489 589 171
61 94 151
225 543 256
304 157 833
199 385 849
470 301 783
57 393 867
197 329 971
451 36 43
681 266 825
613 306 524
187 599 677
421 181 815
477 151 68
92 437 431
41 576 100
72 498 944
50 456 999
486 573 157
76 71 955
168 462 517
543 437 157
657 177 179
257 645 23
106 445 58
345 71 874
565 173 292
96 505 41
101 66 478
361 557 545
141 698 424
493 641 393
589 61 632
673 631 88
328 641 876
409 239 505
1 537 755
281 385 753
233 29 528
501 686 352
99 511 572
367 533 927
213 435 42
379 351 980
128 149 348
603 546 100
482 15 587
184 189 456
449 101 668
61 44 651
197 129 119
265 135 146
631 101 233
97 222 594
431 355 752
297 157 727
101 425 438
225 338 959
581 489 252
673 18 846
690 11 27
255 376 954
477 369 168
413 195 825
239 421 604
449 116 564
526 505 664
666 201 323
661 23 270
241 221 752
225 211 542
151 169 355
68 213 188
101 666 903
635 320 531
197 51 585
443 365 334
79 415 686
350 27 333
653 226 287
648 250 235
441 502 970
41 299 487
350 43 891
4 19 962
117 373 972
41 341 568
327 415 510
145 29 162
213 487 271
98 1 752
71 638 365
589 465 423
409 581 864
281 601 287
31 41 505
341 457 728
529 11 906
150 451 887
66 591 735
136 564 304
151 531 298
81 405 603
161 267 151
3 21 633
393 426 778
445 129 172
445 345 197
111 371 912
388 645 665
318 238 401
561 539 645
474 297 740
416 241 924
58 225 609
670 425 401
101 443 317
439 491 700
36 129 649
179 659 556
281 603 927
430 412 972
527 515 555
267 326 566
314 470 6
321 117 504
106 617 340
389 275 999
130 448 551
477 291 722
675 390 970
182 668 718
251 545 172
651 167 692
585 127 60
601 188 939
473 341 555
218 201 855
298 686 302
101 546 52
213 246 624
203 480 658
463 351 181
405 93 613
647 351 183
533 41 763
541 399 986
652 521 421
633 605 317
189 501 968
331 43 672
50 204 81
1 351 333
309 233 508
435 537 575
1 85 953
197 589 522
676 371 887
421 331 545
469 281 907
64 606 527
463 365 903
16 417 494
371 421 781
458 491 599
92 400 16
230 386 920
108 229 951
491 351 510
345 181 718
493 11 418
151 296 915
277 557 419
441 543 65
148 409 717
467 402 305
6 461 470
484 459 16
172 493 277
491 177 225
2 386 390
549 282 749
161 591 971
422 581 333
301 447 889
171 401 603
231 176 886
560 593 556
269 568 123
617 36 803
254 584 775
217 37 857
691 533 15
677 465 619
351 189 194
2 222 965
201 645 714
153 181 130
345 118 844
161 174 451
676 491 958
157 183 235
477 454 168
97 225 86
25 163 654
120 670 71
375 337 711
260 465 867
218 369 413
535 672 495
149 613 297
373 379 619
29 641 367
227 435 796
3 429 538
699 257 591
109 557 10
159 462 266
533 354 715
99 477 940
555 161 369
18 141 826
606 177 560
361 25 513
281 448 282
491 605 323
298 553 963
358 149 840
392 191 51
181 247 680
154 675 152
593 201 731
519 25 268
169 669 554
697 441 361
124 498 394
157 420 90
357 516 639
531 188 521
663 66 477
191 126 733
127 489 295
601 493 16
234 236 940
57 635 487
250 664 643
251 300 18
151 273 164
161 445 15
103 101 785
617 313 449
426 411 199
333 669 225
72 262 312
328 81 86
247 621 566
195 407 498
141 276 748
91 597 851
274 369 511
269 601 552
113 327 90
45 64 819
533 589 119
421 155 713
221 143 102
57 139 959
126 266 199
609 1 895
330 132 514
111 507 160
183 196 342
334 370 54
113 676 788
40 68 562
110 281 56
546 438 395
67 640 605
34 577 716
127 196 392
54 557 132
680 491 728
351 333 628
113 521 960
246 31 61
575 67 396
169 196 194
109 1 741
176 354 744
641 188 910
361 73 63
26 348 610
469 646 566
647 596 568
556 356 474
142 50 970
341 225 472
276 262 591
23 61 81
137 141 393
29 565 645
481 229 223
129 469 300
337 691 702
443 246 907
37 336 630
374 480 217
325 241 367
596 21 141
291 612 781
1 282 589
522 301 650
489 541 493
389 435 948
337 533 950
161 553 380
318 302 656
425 197 995
75 141 383
473 601 792
491 461 2
301 694 105
94 129 960
201 114 304
81 481 846
256 354 99
161 556 407
509 512 672
442 508 633
601 8 12
221 559 4
181 401 399
197 431 319
3 347 74
412 521 265
546 617 828
369 386 731
617 679 759
45 352 423
267 505 805
284 529 182
34 561 48
493 505 254
125 167 339
165 311 138
533 123 575
386 65 269
83 627 149
176 261 194
101 661 808
645 216 807
606 428 505
449 171 165
156 347 910
481 685 60
681 106 288
151 485 553
526 548 453
71 251 560
57 421 645
253 173 187
189 4 637
1 134 159
661 41 172
108 200 305
101 305 156
506 113 39
421 109 21
626 551 869
117 439 392
29 444 774
605 252 830
399 88 383
442 187 65
225 373 982
106 551 895
233 217 13
623 406 24
398 469 594
477 439 485
330 315 264
4 160 315
65 72 278
421 183 699
319 250 28
227 504 183
153 521 38
191 76 791
504 619 253
81 331 180
148 505 533
231 392 338
413 141 32
446 317 21
57 550 134
106 339 197
699 601 396
385 260 340
105 317 261
331 454 616
9 106 572
109 653 28
555 691 23
484 201 437
692 319 14
441 461 273
114 352 701
157 355 785
205 51 969
105 393 989
401 326 93
111 211 140
307 332 863
391 620 776
685 549 262
23 417 223
565 145 297
1 605 65
587 257 723
145 371 571
653 73 920
678 197 612
71 651 582
653 206 235
549 295 975
669 37 998
211 659 673
423 351 491
558 561 791
109 201 277
54 494 225
425 677 976
677 687 995
371 555 448
124 41 79
425 674 150
201 678 749
406 145 894
146 30 996
441 61 504
673 391 764
441 351 446
65 429 86
214 688 397
401 643 393
680 517 234
661 301 883
486 201 956
535 245 579
126 521 976
498 653 103
91 341 919
557 17 932
71 318 861
505 337 620
1 127 847
441 40 727
470 25 685
313 325 678
173 477 602
9 159 96
573 177 399
270 561 884
619 483 497
365 205 203
361 617 714
351 294 6
518 571 26
541 359 672
79 659 931
522 393 107
456 627 582
26 588 63
439 283 651
365 631 54
361 655 70
161 171 664
494 569 512
110 241 919
641 3 810
257 85 392
170 1 619
45 229 320
611 621 656
586 493 75
166 681 820
71 391 215
566 530 719
251 281 903
127 228 481
307 53 205
601 126 610
112 481 323
193 601 922
666 379 845
164 204 607
550 230 164
198 541 168
197 652 24
638 429 650
519 581 271
449 306 169
63 545 931
657 625 579
15 431 436
441 181 144
416 260 631
565 476 503
114 313 890
541 371 215
351 665 808
337 9 727
55 631 156
665 368 979
65 633 672
490 211 135
566 439 541
491 35 165
81 61 593
173 365 426
253 681 30
225 61 63
430 529 467
183 272 124
607 326 891
680 497 840
358 253 372
140 593 763
201 407 752
373 566 436
311 588 512
1 591 143
325 635 441
491 153 173
575 334 20
653 83 86
252 360 360
401 474 743
15 416 609
457 23 572
658 166 692
56 17 730
295 32 641
317 401 682
1 239 202
558 251 318
281 414 616
247 587 240
609 401 927
529 201 353
170 309 633
55 95 575
293 133 535
126 407 392
157 417 834
371 671 288
489 120 623
45 439 930
457 419 385
24 27 455
464 654 750
249 571 422
290 673 3
281 456 152
638 653 482
287 516 290
249 340 584
201 617 724
225 433 218
57 240 550
31 617 934
52 553 685
197 485 99
223 451 222
85 91 165
139 631 679
312 581 762
451 1 185
397 524 764
1 601 387
320 393 238
491 125 619
550 678 875
109 186 804
591 421 756
266 146 710
636 571 832
534 443 773
211 1 750
511 377 750
175 469 460
693 107 203
647 207 846
257 261 313
188 198 186
221 440 860
51 211 103
531 29 649
526 326 488
489 651 148
41 129 300
321 9 946
641 169 711
147 598 781
225 559 544
21 43 641
235 437 787
402 1 755
691 25 979
435 499 406
416 249 882
249 521 522
94 345 884
261 424 985
654 697 510
512 237 782
561 426 934
341 599 539
29 31 141
126 127 785
551 441 910
181 193 638
96 155 830
355 557 561
677 119 633
475 511 578
37 188 908
265 81 979
29 225 416
550 509 158
349 449 255
499 57 43
285 29 800
576 302 596
468 477 200
21 491 330
69 362 867
80 559 717
307 1 566
226 127 977
361 391 898
204 638 89
481 694 894
610 35 122
593 169 682
696 266 249
101 123 390
427 426 209
587 99 220
125 22 683
294 480 601
113 569 59
191 511 145
76 676 716
281 541 385
89 461 110
417 517 611
309 547 965
409 630 169
502 628 751
591 157 941
505 356 509
395 576 61
607 245 124
143 563 822
225 102 443
629 81 817
137 461 333
165 253 314
14 15 960
138 491 220
463 689 445
137 499 475
21 210 625
533 351 882
423 325 197
517 12 854
577 637 992
389 426 19
648 141 818
667 81 666
527 627 227
501 603 206
691 190 861
372 426 906
54 302 885
295 251 668
541 647 466
515 405 188
355 634 505
501 278 130
146 156 952
260 413 605
629 202 173
421 481 742
617 482 139
105 581 372
9 451 714
85 421 134
659 313 322
203 159 539
255 666 663
295 61 121
349 411 288
276 417 567
179 675 685
4 10 82
641 99 288
101 477 30
481 451 578
587 580 561
531 91 371
596 524 236
331 365 538
133 381 105
611 445 990
32 361 47
142 616 828
569 81 883
401 694 275
445 209 675
575 253 510
233 522 105
91 541 887
155 589 739
498 607 404
19 393 787
423 578 866
457 406 365
477 518 915
95 567 881
653 417 361
379 432 599
610 276 899
535 490 300
276 34 668
193 117 941
497 57 221
521 501 887
321 197 464
39 653 245
5 677 150
50 311 834
659 449 662
493 241 795
675 133 264
75 263 607
547 605 776
405 251 831
597 224 8
359 253 885
477 21 212
643 1 292
381 578 573
573 166 564
615 99 393
142 540 83
3 200 236
575 141 345
52 221 115
200 89 621
361 125 835
385 621 942
181 295 46
627 293 961
221 651 523
631 568 442
185 321 778
124 214 270
281 421 467
629 633 845
63 74 330
653 209 941
1 65 633
505 412 314
301 275 517
505 157 118
257 611 333
316 353 175
225 309 78
159 449 925
16 55 672
401 246 190
298 69 987
329 301 164
106 631 568
576 133 135
337 425 840
273 255 781
246 533 485
550 325 216
379 581 727
571 1 869
573 43 543
469 324 358
301 65 501
669 496 495
478 617 171
105 131 890
659 401 840
162 681 131
91 363 938
649 351 662
281 96 20
1 221 965
566 185 734
140 626 130
96 158 793
627 680 885
505 637 955
372 1 427
543 131 289
685 76 405
573 85 846
96 401 967
567 183 339
525 99 323
151 187 651
565 225 601
335 356 126
647 238 383
441 169 747
573 119 861
73 610 575
277 240 739
20 52 390
251 100 328
29 365 386
545 258 479
586 29 260
467 45 641
421 7 112
657 415 9
211 576 429
619 298 200
186 673 198
205 201 573
111 603 939
27 186 71
413 545 376
486 491 682
29 189 623
691 477 140
109 301 332
201 254 752
666 657 337
471 695 43
301 659 39
41 401 706
275 513 258
395 617 902
569 620 683
379 303 848
245 255 400
23 529 396
521 435 562
647 545 773
526 221 9
476 265 204
85 337 888
541 456 597
497 666 988
507 327 350
524 371 878
681 1 296
51 331 19
195 376 476
586 21 61
669 541 423
153 9 519
401 194 579
153 533 188
456 566 1
140 573 109
6 530 245
473 646 660
28 228 851
512 37 735
335 37 901
441 186 889
67 112 157
632 351 108
693 121 134
251 423 472
17 526 539
264 358 605
1 70 591
446 112 623
245 137 415
239 462 312
671 133 497
231 289 727
169 460 939
391 501 336
612 96 328
161 53 457
581 221 287
521 603 66
233 629 664
258 658 338
25 343 584
169 257 522
661 673 756
281 573 177
99 432 242
141 489 466
233 610 830
137 457 261
677 371 997
358 528 411
67 411 679
441 179 721
561 105 427
353 201 199
269 363 550
611 357 988
86 305 225
349 493 302
383 61 875
343 426 724
303 671 17
2 3 495
539 141 873
266 523 155
607 29 1
470 245 65
554 358 542
649 602 197
265 1 187
498 63 209
117 659 96
361 295 286
199 304 527
458 164 780
53 179 356
369 637 326
393 345 708
393 157 30
93 657 140
371 268 650
281 139 888
253 483 515
306 617 172
53 309 401
583 521 171
559 111 813
449 271 556
561 177 254
151 381 82
29 557 213
601 386 333
516 549 862
17 551 837
513 163 33
46 425 155
666 572 955
57 565 685
327 680 715
411 577 615
603 371 478
51 301 105
605 613 370
505 502 257
43 483 697
105 621 132
505 239 906
316 1 793
228 371 648
1 167 611
162 291 418
111 609 575
249 162 876
621 183 631
10 474 981
104 513 832
487 250 825
9 681 954
479 57 510
349 446 719
585 613 827
173 323 694
161 11 841
486 541 704
631 1 66
157 588 40
163 301 682
503 389 321
64 645 439
397 126 302
681 307 612
392 417 827
409 529 713
689 88 56
491 361 752
501 244 789
584 377 891
171 408 685
509 178 294
145 555 135
238 31 187
489 463 68
613 184 527
257 196 693
113 63 517
342 548 737
281 501 523
541 8 767
463 368 918
56 584 243
318 659 135
321 679 759
561 316 794
501 376 48
319 365 469
141 540 385
253 433 396
77 589 696
92 442 483
249 501 506
22 40 453
589 23 565
221 501 860
197 312 113
444 481 343
671 485 964
641 567 838
321 563 494
31 607 722
1 550 876
261 394 118
43 67 106
341 253 18
309 341 104
281 397 536
688 377 206
420 501 685
409 233 125
537 341 635
89 256 741
326 555 640
470 244 414
531 61 810
161 301 554
268 65 773
113 218 539
260 317 166
219 96 430
1 625 942
419 522 782
156 389 753
391 41 2
690 141 373
481 593 596
456 513 345
1 241 66
167 611 842
19 89 657
304 609 393
49 188 324
501 451 574
349 389 805
336 337 335
621 35 89
441 160 248
171 501 649
310 241 905
41 264 984
281 326 22
225 56 119
286 546 596
271 539 173
508 441 981
59 169 749
573 220 943
63 536 136
406 345 913
337 101 968
277 169 775
295 545 547
517 261 828
393 699 181
290 83 94
303 553 256
148 393 107
95 443 923
505 612 733
377 410 934
5 401 716
285 85 868
440 660 462
652 484 393
506 97 362
523 378 974
1 18 683
21 495 120
55 88 15
663 49 537
261 445 376
571 437 53
281 129 700
421 517 449
25 59 462
631 265 140
85 315 960
135 155 435
421 621 219
131 659 696
245 553 897
11 104 543
669 361 928
178 223 102
527 699 206
433 316 682
659 161 388
631 96 872
171 287 93
589 333 479
401 221 474
651 85 622
369 481 501
379 481 240
329 21 374
461 177 968
261 224 532
554 674 295
185 452 679
439 593 892
617 246 487
621 439 512
113 166 972
81 326 594
677 77 424
609 14 254
673 139 73
246 463 375
571 3 629
73 111 566
630 1 607
469 165 580
373 246 936
373 521 877
419 549 31
607 595 117
493 337 261
321 659 981
43 278 798
391 64 610
421 470 301
693 423 605
505 477 798
337 291 689
413 351 764
321 696 318
621 113 738
197 26 473
64 323 62
337 201 84
358 271 625
383 109 756
53 149 867
351 277 223
395 351 995
333 377 945
596 193 429
697 50 75
508 700 49
35 486 267
393 376 73
250 328 143
663 417 355
117 613 289
168 513 772
81 501 989
349 497 277
379 601 269
219 295 210
561 421 680
109 309 770
101 563 385
673 330 233
596 173 47
596 317 714
351 523 354
372 271 104
65 87 557
477 589 442
442 363 488
499 533 462
134 582 64
222 287 602
631 31 718
421 423 385
29 41 224
113 591 33
657 275 601
187 335 483
61 301 863
346 185 792
295 673 861
569 119 406
105 245 72
320 696 995
43 533 482
172 439 682
1 125 306
357 645 637
489 11 894
69 547 300
63 254 286
207 1 28
118 500 272
151 372 921
671 259 957
392 448 16
201 633 489
525 36 152
550 130 316
8 240 658
406 536 751
163 633 771
107 108 364
475 644 471
319 697 441
493 71 304
663 283 977
497 173 951
441 201 213
581 389 883
65 546 973
437 661 484
673 420 858
201 271 772
453 30 165
189 617 338
421 127 974
241 22 471
99 153 661
301 201 865
663 169 981
173 608 809
128 453 214
266 171 579
505 455 498
585 596 928
245 305 895
267 280 277
337 131 625
28 141 569
668 32 861
323 161 838
141 21 153
185 451 561
652 57 520
661 499 878
421 269 242
127 491 918
365 401 848
631 201 896
301 525 587
245 211 459
485 488 167
696 206 90
49 570 615
121 154 350
57 582 142
26 34 477
485 351 736
301 477 476
516 15 291
76 226 494
193 141 177
1 48 47
96 358 785
421 205 713
607 47 448
376 2 350
313 546 825
126 589 852
241 78 946
40 597 48
417 101 364
1 646 717
99 586 744
384 71 935
303 519 473
375 279 246
590 158 96
471 410 553
233 453 113
529 617 298
405 294 687
37 161 571
25 213 614
281 461 355
189 9 148
198 327 348
456 410 628
240 246 787
59 356 894
471 519 566
41 605 841
237 245 841
481 409 785
141 261 356
255 501 225
23 477 998
75 383 665
106 111 813
146 501 119
189 464 876
85 527 295
289 415 312
326 365 904
485 361 309
309 513 729
695 129 527
409 189 571
261 322 783
1 541 635
379 271 565
121 471 949
151 10 867
351 17 631
385 197 111
52 132 887
129 381 805
322 313 126
146 5 4
293 383 155
209 278 923
325 576 734
231 243 139
204 189 363
611 541 2
345 321 765
571 25 107
20 663 668
1 2 286
49 501 844
73 587 474
469 573 554
416 601 267
274 481 171
112 391 116
190 597 464
307 13 910
445 33 469
209 69 503
605 29 568
469 197 475
205 591 147
71 181 343
124 236 445
123 469 594
381 305 696
561 295 503
225 441 968
690 497 749
275 179 875
1 7 591
285 353 160
449 547 821
677 26 693
525 451 128
167 564 313
265 475 855
239 85 732
569 174 704
393 568 152
323 59 709
673 288 840
137 455 22
36 271 315
231 457 724
309 521 727
529 513 247
71 177 937
224 421 97
649 629 484
403 145 558
56 358 625
319 316 92
299 525 574
84 86 306
609 393 592
43 395 753
165 477 313
49 547 700
73 45 243
615 517 276
176 271 379
493 283 409
584 95 986
631 480 700
172 595 368
351 486 994
1 26 555
177 551 61
421 597 957
551 272 582
321 421 624
526 236 679
423 656 663
387 165 677
267 23 991
641 639 726
266 26 775
13 156 523
621 481 118
31 371 730
36 116 446
489 413 920
599 406 308
83 1 184
387 582 516
360 401 903
253 540 289
605 253 896
485 401 72
1 553 188
126 306 506
428 680 255
66 421 275
555 547 792
461 225 886
663 676 59
458 345 512
685 111 730
431 159 360
71 351 59
393 176 368
261 605 207
286 141 935
401 211 892
102 1 480
261 185 190
531 93 578
227 299 534
109 21 781
1 76 792
226 21 712
31 149 948
605 680 185
575 431 349
693 689 590
301 121 82
135 526 231
431 325 618
575 261 341
314 605 860
478 652 714
196 478 985
191 227 956
349 21 340
165 177 859
225 613 105
603 99 14
459 75 678
681 589 32
132 317 862
49 601 402
469 621 72
401 623 551
170 509 76
157 467 843
694 26 323
521 645 612
549 301 845
421 156 480
133 264 190
1 80 869
227 395 935
421 65 328
343 101 172
613 337 690
377 203 135
603 312 851
111 406 898
333 245 629
519 546 962
561 370 458
50 97 760
498 545 143
51 209 638
393 420 199
47 225 961
235 595 84
545 487 743
65 679 434
251 81 620
51 110 994
335 79 445
543 676 765
89 589 102
16 124 744
29 288 719
641 626 12
677 309 230
582 597 539
561 376 453
478 631 504
265 231 518
269 121 819
355 428 863
699 371 481
11 539 104
189 121 102
413 299 100
497 421 875
511 569 526
517 61 280
473 468 480
234 205 259
69 393 995
145 76 414
101 135 226
337 394 247
1 37 335
24 85 555
481 151 133
666 153 114
527 201 227
117 501 618
206 505 66
465 383 937
389 533 935
247 477 846
561 239 693
244 393 13
56 433 150
85 49 895
285 249 361
539 457 867
386 73 123
171 409 65
471 177 518
207 436 595
413 643 729
481 71 720
263 498 595
626 601 855
70 223 642
575 624 408
21 513 747
433 50 268
405 621 244
76 637 741
473 196 360
317 395 518
524 61 455
627 189 538
617 445 734
187 557 931
116 145 123
183 364 281
317 85 844
201 383 812
386 80 135
121 607 408
586 509 592
373 322 323
250 539 904
55 151 472
261 561 445
48 450 190
109 654 390
601 687 701
9 393 874
59 78 997
95 36 311
547 249 1000
443 554 506
17 21 388
121 349 701
197 347 894
589 301 370
501 11 913
343 698 465
111 359 492
365 197 182
626 7 836
678 465 98
55 270 952
101 31 35
676 526 665
141 591 215
546 317 518
574 345 429
34 559 691
420 249 50
457 347 641
305 189 37
191 174 326
36 66 592
301 239 217
91 197 111
624 156 499
512 3 487
539 697 475
141 533 937
71 541 922
359 536 397
283 21 553
176 155 247
81 37 478
246 86 942
79 71 277
59 607 987
321 417 532
114 277 902
69 1 194
617 501 365
545 526 433
1 407 823
592 481 374
51 190 556
13 293 4
221 353 688
311 189 17
549 219 1000
69 399 283
71 241 809
610 121 410
106 265 681
254 437 309
19 154 596
686 21 234
15 578 300
308 557 229
55 643 362
508 671 791
97 115 743
373 102 511
673 193 813
611 472 147
197 526 765
691 651 537
305 520 382
326 492 749
421 277 268
379 313 366
573 64 77
463 106 529
687 125 114
231 659 944
31 195 969
605 417 36
556 575 851
227 57 542
251 383 11
547 585 625
337 236 272
475 359 700
105 364 319
166 408 235
121 45 210
277 643 469
113 341 580
61 554 783
116 453 480
602 204 221
481 513 746
45 252 709
161 251 360
92 324 811
158 451 668
1 579 707
506 1 537
278 305 380
553 226 823
511 635 161
348 406 912
309 96 565
193 521 793
331 433 334
71 453 164
22 25 414
181 371 655
684 256 827
350 49 502
554 617 779
425 515 934
150 191 344
373 255 486
323 337 462
205 252 273
421 289 297
220 526 340
132 413 907
475 531 487
146 537 281
428 337 653
214 205 719
57 509 148
641 89 948
181 151 886
497 581 775
597 365 353
124 596 312
91 191 574
221 466 230
483 694 845
425 455 18
361 51 651
273 501 182
324 1 136
93 351 605
439 101 781
75 426 292
191 653 784
602 474 294
78 661 123
345 433 123
695 469 486
687 553 332
323 463 418
91 29 495
347 189 141
65 91 427
52 166 817
345 37 632
301 533 545
533 421 299
622 526 352
1 123 378
167 307 862
509 49 879
585 645 451
541 46 264
649 197 537
260 669 199
262 289 415
468 197 717
651 217 811
289 513 483
246 491 248
557 189 181
358 201 473
93 369 491
23 316 764
91 351 434
489 681 39
331 530 636
491 101 360
555 407 885
308 438 979
139 237 904
35 585 373
436 114 132
541 161 178
71 393 118
505 23 420
551 475 558
486 597 260
23 323 567
69 477 640
207 329 255
421 689 960
23 100 534
421 25 217
651 127 42
2 43 175
475 673 761
89 1 131
697 456 876
503 85 864
333 456 374
533 236 498
48 314 427
195 330 450
103 107 299
19 233 443
230 141 101
577 183 882
547 377 711
629 525 891
32 602 284
249 362 7
169 176 531
1 234 188
13 363 110
159 581 417
363 401 516
525 225 960
109 461 506
101 13 420
456 183 969
146 150 112
503 683 816
361 259 298
325 6 597
15 298 377
335 21 782
356 526 499
29 142 547
503 91 326
127 477 148
171 414 930
420 426 166
193 513 226
639 121 695
204 581 998
2 60 494
265 121 678
401 347 961
16 364 561
271 526 34
609 471 424
221 87 447
272 465 444
151 119 840
331 581 233
15 411 576
297 526 674
383 44 424
105 144 277
317 421 202
309 94 95
106 525 548
76 421 894
250 459 933
577 351 511
493 127 410
422 187 155
234 648 62
9 13 25
681 48 262
629 185 133
196 85 382
256 21 716
601 128 991
234 316 288
547 473 664
440 561 326
77 572 693
351 456 860
336 116 90
529 22 101
417 379 775
5 33 697
632 189 404
148 279 444
407 573 615
501 3 407
12 451 79
305 497 546
211 141 300
371 529 244
498 614 279
1 426 636
163 663 499
345 226 644
449 646 882
456 637 17
481 129 972
685 651 805
365 533 367
74 331 547
403 217 769
521 535 218
601 492 831
151 601 707
56 665 636
439 694 572
6 467 921
436 477 925
234 419 673
281 225 913
267 312 968
213 559 310
271 351 760
7 661 482
157 604 92
68 663 446
501 491 794
598 213 140
35 349 577
491 312 412
82 102 261
631 309 764
162 196 276
327 363 675
162 400 178
105 71 551
454 643 348
405 56 14
180 566 938
455 246 613
301 384 88
509 405 145
101 421 84
381 125 777
237 261 157
569 521 174
421 237 544
547 177 998
261 337 959
134 26 569
206 335 365
293 85 291
596 273 482
246 561 778
353 141 472
389 48 582
393 281 357
582 413 167
477 393 476
408 387 395
556 101 434
646 659 431
500 630 78
151 117 771
641 139 640
359 1 125
116 249 94
577 97 334
1 181 420
141 516 483
142 302 618
115 141 899
694 1 522
95 273 176
61 645 381
629 1 539
151 7 425
587 635 167
412 337 815
211 573 517
261 608 175
90 413 311
253 626 859
11 32 980
97 217 925
141 241 874
661 505 49
50 252 828
304 406 949
15 399 606
481 221 910
23 159 665
21 71 419
323 381 543
659 259 180
141 253 233
113 256 722
591 213 180
1 384 913
1 120 246
409 468 595
331 251 183
3 221 979
551 305 9
401 309 873
40 244 281
95 416 992
461 671 761
281 232 109
355 590 516
537 426 205
429 219 109
202 305 874
586 587 487
61 534 397
435 11 496
276 23 996
90 401 751
281 329 288
30 99 86
89 357 523
121 127 44
119 506 506
203 183 974
99 377 709
386 260 470
609 541 650
139 458 146
619 529 780
133 317 318
396 337 458
491 186 67
386 405 777
93 489 657
459 81 645
249 105 326
162 571 249
1 439 380
341 138 403
176 31 235
93 447 87
621 645 835
381 608 127
465 113 788
657 309 269
416 366 713
376 485 381
501 680 888
426 669 801
183 92 341
376 600 638
601 605 251
649 325 643
241 531 42
309 512 829
169 261 880
196 551 885
657 169 716
225 311 228
521 281 539
337 341 978
55 601 294
113 579 708
315 473 112
476 415 272
668 322 229
30 281 895
613 467 259
151 29 667
164 233 676
369 601 256
616 635 281
441 477 646
673 509 517
289 393 649
356 9 597
252 372 476
183 491 886
103 204 368
46 136 736
161 587 853
181 433 358
372 530 209
240 249 250
586 330 777
316 71 444
598 288 600
51 423 468
618 187 937
136 287 565
351 31 313
25 697 472
247 32 388
409 7 147
407 313 798
221 585 227
545 631 797
403 380 3
115 335 665
431 473 252
386 476 49
561 669 652
325 424 351
517 423 753
218 618 477
101 561 736
530 271 497
146 85 613
470 12 519
295 71 186
671 626 70
29 643 149
329 457 69
61 101 298
223 225 763
337 603 42
635 115 301
276 294 374
542 81 695
61 676 358
88 61 258
197 513 82
586 430 956
25 661 36
581 656 985
1 189 196
435 673 18
161 645 786
601 438 473
171 426 865
45 22 546
367 673 778
214 350 223
83 659 74
13 91 642
499 3 35
211 147 677
32 35 451
617 685 50
243 25 943
188 443 328
121 341 73
675 13 358
161 468 769
121 166 775
33 137 437
365 509 721
579 635 617
225 132 497
544 258 237
263 197 148
311 525 698
551 540 651
127 271 115
343 649 867
168 117 352
57 601 652
471 267 43
413 682 817
689 491 698
649 601 828
463 669 483
56 505 788
317 501 343
456 373 924
372 608 988
337 466 242
636 161 42
54 281 751
661 376 397
121 176 347
211 131 723
68 49 740
273 31 288
241 400 256
167 412 770
475 562 699
669 549 834
185 117 160
365 1 994
549 77 551
664 675 720
83 481 149
354 696 171
281 568 322
617 308 292
317 543 411
158 157 576
331 409 180
350 109 570
605 15 798
276 669 401
119 649 795
397 561 305
47 506 294
571 657 482
261 29 793
601 371 720
74 577 418
685 211 221
653 625 609
61 217 94
44 263 82
145 579 123
151 375 495
575 57 855
691 466 947
51 609 856
516 604 981
417 467 327
374 575 812
180 203 225
331 393 559
121 361 791
1 551 44
29 361 987
74 223 884
493 255 21
661 103 610
484 369 890
338 596 264
141 181 939
200 591 721
481 201 866
476 203 714
41 481 561
621 223 626
585 270 765
271 421 377
589 101 880
650 393 595
195 127 549
617 434 568
525 596 841
526 103 603
287 325 344
449 471 245
207 589 76
386 502 769
59 87 262
671 82 162
561 95 536
257 36 66
37 368 395
351 388 519
629 41 700
71 220 335
86 20 891
421 671 358
615 421 495
57 681 143
491 309 513
369 391 505
231 616 596
393 121 503
581 318 593
516 533 332
161 667 262
400 568 1
184 151 789
489 169 129
113 270 358
673 298 352
31 123 535
491 539 351
133 402 721
561 185 917
225 453 617
286 686 542
118 167 537
533 534 216
368 399 756
661 681 192
136 540 864
517 462 967
433 178 618
157 561 340
400 433 977
184 571 681
91 397 157
533 681 170
461 592 684
381 300 342
173 59 690
626 642 411
526 281 266
91 389 215
22 30 615
386 82 801
351 186 200
379 81 291
477 94 184
567 66 408
452 149 324
451 116 427
661 141 219
418 657 87
289 547 596
269 323 687
337 421 205
366 601 848
85 517 105
139 267 939
601 227 635
161 225 428
491 201 492
688 19 217
29 529 39
51 341 833
212 254 433
665 219 895
609 259 591
11 201 152
386 197 342
187 120 200
273 337 700
401 545 397
519 229 956
232 587 87
597 583 496
24 54 680
365 137 948
613 343 27
593 241 612
213 347 482
293 610 231
332 534 711
49 429 174
381 597 312
211 593 109
223 155 231
25 93 403
513 472 532
547 367 927
501 27 745
113 221 729
265 691 630
29 411 386
661 243 173
241 211 835
13 168 718
613 606 162
471 499 950
58 596 530
346 631 542
437 50 4
433 561 361
132 274 854
341 585 784
584 684 955
486 645 504
194 195 331
448 49 935
161 537 862
219 561 394
565 587 766
381 677 521
444 140 813
14 16 255
409 111 502
539 121 966
161 461 685
189 596 524
311 169 536
135 231 866
129 150 433
265 391 596
258 353 398
65 629 967
561 267 291
697 552 849
421 471 215
51 9 619
120 557 538
191 1 971
241 577 843
561 609 985
629 415 984
479 307 131
383 389 492
344 55 798
579 429 833
157 185 7
481 395 745
333 293 936
141 658 77
165 49 235
317 223 369
379 371 605
303 441 85
31 468 264
301 620 837
666 665 398
531 621 531
369 291 197
76 621 960
69 387 30
374 677 332
148 249 612
151 593 535
178 624 14
581 152 733
377 321 915
171 41 418
249 211 69
561 389 217
391 45 244
426 25 929
87 54 532
141 613 381
161 326 466
666 569 987
10 116 572
24 148 439
117 25 294
212 685 897
20 111 462
141 348 510
538 171 46
298 251 177
595 645 718
527 13 342
293 137 98
49 23 344
305 566 362
8 82 635
60 161 537
331 141 63
396 461 111
475 55 616
241 81 70
688 196 561
491 145 752
542 661 20
283 515 699
141 81 715
197 503 504
90 419 135
416 457 207
261 45 719
317 442 641
393 691 71
55 503 985
260 624 742
291 460 145
231 301 907
237 386 218
631 461 475
33 456 695
421 141 860
526 581 984
125 2 976
2 4 750
311 195 162
211 695 276
389 553 720
531 641 19
177 226 765
167 609 488
581 177 266
379 643 101
261 437 558
477 421 400
239 580 433
196 601 566
223 401 241
617 149 181
421 36 407
673 201 270
197 298 510
242 428 456
201 261 675
637 1 175
343 326 715
496 228 956
647 393 192
667 575 464
169 392 649
326 625 789
553 591 699
83 645 227
606 357 607
294 1 859
159 264 583
431 407 499
337 484 404
589 458 472
237 287 192
10 625 935
381 533 471
552 229 650
581 625 17
541 81 899
155 183 711
291 500 191
78 93 635
567 41 251
306 101 266
114 335 2
541 73 829
16 351 616
433 271 841
278 481 744
99 191 791
99 489 403
608 431 754
615 64 310
148 315 803
251 1 379
473 453 360
691 241 173
75 77 321
401 429 53
9 641 12
469 415 137
592 393 848
306 542 668
341 526 208
337 281 517
166 13 521
456 561 83
301 489 84
664 509 279
597 384 800
317 257 309
441 329 912
297 655 187
518 134 184
61 233 7
183 569 748
281 99 457
651 609 345
575 443 698
222 597 910
81 411 979
125 205 591
569 341 3
141 327 408
206 657 630
153 65 72
221 678 650
664 273 15
281 576 694
591 323 622
650 71 576
463 420 116
199 547 943
156 372 650
99 255 867
1 634 995
253 54 396
441 275 995
113 77 842
305 437 718
593 485 288
107 82 126
301 511 43
317 29 275
267 533 290
413 394 628
73 194 437
303 65 119
487 253 496
651 603 349
123 51 581
317 425 777
502 614 226
49 156 132
260 503 55
597 259 682
408 27 157
345 491 529
541 160 940
461 651 873
154 530 830
110 540 417
327 357 605
672 641 744
645 291 56
682 400 902
576 585 612
249 525 466
142 1 253
176 525 436
334 556 997
189 651 265
211 201 244
620 260 540
587 233 719
393 421 199
606 78 555
687 184 47
476 616 556
568 29 593
266 697 728
269 35 271
1 638 231
537 351 787
307 191 705
600 78 999
292 512 49
536 361 359
335 353 786
649 117 732
136 235 819
417 343 472
397 29 215
145 639 50
629 541 355
267 531 501
321 641 911
29 577 545
316 461 325
22 94 607
36 496 386
429 482 197
221 409 741
161 516 402
25 43 373
547 19 617
491 109 859
657 246 364
451 527 195
15 206 51
101 373 780
204 493 165
565 85 417
106 225 566
426 281 525
392 85 562
375 457 795
596 36 313
672 99 880
495 680 6
151 491 72
360 189 273
102 301 765
448 361 630
362 176 641
641 685 397
53 577 447
466 617 771
618 213 600
495 461 553
345 431 334
571 183 681
386 511 252
526 105 163
491 421 671
526 69 583
271 65 556
171 274 964
457 637 895
677 329 728
133 387 582
80 520 782
469 105 934
593 177 613
463 169 482
45 560 726
200 1 245
501 443 9
469 435 27
341 169 722
387 444 847
481 234 969
575 275 224
395 671 774
413 578 161
259 301 448
557 489 56
596 625 867
357 589 909
215 309 722
286 237 873
376 415 932
521 649 873
41 253 235
271 253 461
213 551 749
127 313 791
19 269 47
76 262 330
169 561 220
382 485 161
435 541 534
104 316 239
597 209 913
242 645 250
337 463 493
331 391 500
561 229 271
17 267 77
26 137 315
335 184 93
249 463 408
271 633 660
451 145 377
379 547 106
105 173 888
680 407 296
156 593 310
407 269 563
176 406 398
316 107 175
351 134 304
407 661 133
246 425 718
563 218 85
227 694 97
429 29 782
304 268 900
231 441 512
460 492 813
1 358 889
305 169 53
525 37 901
201 206 305
397 501 849
461 243 648
421 526 363
421 511 145
563 131 704
169 317 753
245 473 617
166 284 947
639 686 837
349 101 82
509 681 431
492 361 138
428 201 242
323 401 301
413 1 366
71 175 878
441 56 423
545 640 460
331 566 84
1 99 245
396 81 441
680 361 979
73 616 15
273 505 374
587 167 138
113 381 95
477 529 650
533 645 681
33 80 82
268 267 163
611 81 263
86 501 843
601 648 249
103 551 724
591 101 318
201 375 690
51 149 983
11 443 754
344 155 363
73 449 654
181 370 263
625 148 988
249 51 679
233 77 944
337 263 808
631 668 729
366 695 471
635 695 96
153 340 51
681 244 53
381 177 884
309 457 57
49 309 514
7 117 813
539 315 617
253 533 457
111 107 610
625 649 343
47 654 428
373 271 231
449 296 417
471 176 282
281 405 302
253 1 235
626 337 436
525 219 406
635 129 564
266 699 29
681 652 881
166 625 891
343 375 724
345 589 468
121 601 528
45 659 901
109 596 332
331 617 267
81 645 638
561 540 919
109 306 622
176 536 191
421 149 20
25 609 712
33 1 226
433 323 31
651 391 725
463 386 351
222 259 751
297 359 17
53 625 435
25 282 185
289 1 476
435 311 827
567 26 54
199 537 174
65 238 979
114 601 847
521 327 558
301 211 494
184 91 955
446 147 845
414 453 601
658 435 808
521 442 10
491 396 700
381 99 947
690 618 126
631 372 721
225 511 359
187 221 225
302 257 649
393 461 731
143 671 669
401 366 60
251 211 498
323 201 171
260 488 242
589 65 105
29 59 753
362 601 183
541 401 6
22 641 4
561 545 691
431 29 828
617 370 612
385 521 813
257 596 633
583 606 163
21 394 327
613 405 923
545 229 315
573 57 755
525 32 602
89 134 1000
203 302 182
331 666 443
182 67 943
1 469 992
393 651 501
177 13 585
453 301 255
301 651 713
66 321 729
263 283 619
329 318 320
258 432 54
473 511 8
305 181 181
113 504 543
41 643 339
5 79 214
33 341 584
225 1 659
400 442 868
136 657 464
301 351 927
143 131 511
201 393 169
251 591 483
50 69 625
457 5 603
124 143 994
301 35 732
61 693 632
16 93 545
437 580 592
233 1 722
446 69 145
392 402 71
477 53 289
473 1 394
141 63 68
673 689 772
487 688 906
113 149 1
83 141 13
601 489 212
230 401 44
332 512 367
646 398 130
557 694 572
77 187 768
605 456 955
605 174 534
487 576 489
397 161 732
425 347 639
29 21 620
65 413 231
19 438 253
687 257 582
214 529 47
11 487 886
320 391 390
285 266 136
232 249 660
127 281 701
61 187 546
421 6 166
386 525 150
1 491 240
50 110 622
1 199 705
141 651 722
180 610 505
595 73 264
421 351 336
259 489 547
358 435 696
201 672 228
219 101 233
486 540 294
245 181 745
436 58 392
139 503 234
404 269 516
7 171 293
664 585 457
205 610 881
640 574 162
53 365 259
245 319 851
75 123 817
678 179 14
140 217 667
640 36 887
697 225 449
101 611 319
10 358 878
61 639 690
541 13 287
196 210 395
498 421 886
190 331 931
311 321 864
589 367 504
453 191 832
10 247 902
205 503 639
37 631 758
334 386 405
577 599 959
45 393 795
541 576 358
601 345 261
152 503 865
187 431 335
677 61 922
320 337 148
200 517 61
531 389 386
288 640 212
590 490 864
190 485 408
253 44 108
153 323 20
523 447 719
469 513 418
512 409 126
48 597 497
631 351 665
157 175 506
305 201 886
354 21 724
601 661 728
501 329 311
696 237 834
267 25 777
605 470 914
217 1 591
211 437 844
326 323 94
491 291 251
218 196 748
266 377 772
411 661 411
467 460 99
353 249 496
519 526 577
14 44 49
665 1 414
272 10 718
71 301 882
337 609 838
542 169 96
319 413 24
689 467 405
152 421 461
305 184 96
262 681 69
519 261 154
111 17 487
74 212 433
286 1 133
353 354 796
313 141 887
307 337 765
521 481 15
510 111 109
556 477 311
681 341 691
63 648 760
480 71 916
251 253 906
11 45 430
633 90 260
617 493 416
197 461 950
268 57 21
105 186 255
85 183 308
361 659 99
121 247 730
171 413 758
95 517 628
37 366 513
129 172 786
689 437 454
273 43 690
661 187 645
1 485 133
491 615 86
41 631 48
680 509 988
57 245 332
149 629 366
571 671 881
455 495 541
177 413 277
393 521 451
661 521 712
106 114 283
453 183 885
596 547 492
393 122 854
551 79 452
271 120 417
176 492 319
463 145 509
369 106 878
457 40 569
64 309 763
661 573 909
251 381 184
242 595 16
69 261 668
21 265 415
649 183 115
213 31 547
547 287 111
337 445 976
517 176 781
113 253 447
201 199 868
154 111 857
520 154 107
71 510 296
271 447 657
257 141 38
345 641 247
567 211 826
508 445 184
653 365 200
150 308 274
521 246 999
477 381 529
551 316 686
518 547 895
201 451 969
449 596 903
563 559 366
76 216 502
176 473 65
51 69 301
365 484 791
184 420 318
69 569 476
29 631 92
47 516 564
45 458 929
113 693 772
550 276 64
353 694 307
616 253 988
433 241 935
125 447 974
303 491 159
100 622 354
513 321 39
553 649 113
175 619 194
476 381 477
116 579 255
113 342 934
490 96 660
16 360 273
317 504 318
636 440 266
533 631 472
440 579 308
609 155 125
166 234 146
584 619 830
435 147 540
688 97 616
314 202 804
1 8 397
267 37 424
131 201 593
585 531 827
143 561 927
223 357 649
608 217 638
245 425 37
25 193 758
587 537 288
153 372 776
507 510 116
253 671 67
194 597 649
622 309 56
501 129 498
71 441 306
44 11 604
21 401 689
265 577 580
225 547 711
661 621 675
25 169 907
121 134 758
315 477 303
189 221 666
1 442 204
86 449 341
657 537 279
126 573 110
509 121 106
631 281 864
528 61 200
521 491 330
220 280 132
13 186 829
301 625 889
433 595 371
104 76 99
266 531 412
420 337 436
373 645 612
31 47 431
229 78 163
211 53 221
79 164 315
645 662 624
190 320 233
476 231 364
235 61 910
253 455 532
221 625 154
147 626 501
544 421 281
533 557 613
610 699 712
279 699 301
218 93 852
288 39 807
21 31 934
261 209 619
548 309 743
517 197 204
501 125 730
90 141 706
156 675 771
307 632 140
600 452 210
253 675 366
12 471 600
91 377 894
212 63 225
247 185 479
407 311 796
156 224 640
203 341 141
653 157 795
390 479 84
343 369 801
477 403 393
693 151 389
574 81 583
283 110 473
159 650 847
24 449 712
11 35 297
288 194 64
656 72 496
226 136 619
421 352 657
148 454 816
353 621 530
301 501 290
365 379 370
33 547 357
56 581 305
461 477 451
65 561 387
456 101 943
519 1 238
541 102 803
382 401 245
237 637 541
647 181 171
197 275 57
177 325 582
213 369 427
316 537 233
578 337 492
239 253 92
302 441 426
231 351 712
413 471 433
698 561 717
264 173 478
246 61 3
37 275 557
269 582 339
410 554 669
621 371 129
350 33 443
61 71 775
240 688 394
156 81 889
677 27 261
103 591 332
86 589 796
341 503 152
461 404 2
169 316 726
213 547 150
474 237 336
101 551 178
301 349 625
357 62 341
661 589 600
319 187 369
512 317 620
653 317 95
585 353 775
601 310 550
621 535 883
508 617 119
559 461 578
85 441 579
304 399 311
640 33 797
491 379 126
464 653 777
695 694 425
605 54 621
306 71 291
12 404 989
299 477 808
1 261 987
629 311 926
192 241 34
125 325 376
291 571 531
497 373 486
56 453 959
87 141 241
433 337 651
193 265 85
545 477 1000
657 539 461
51 395 374
309 696 516
387 501 648
92 526 463
272 211 231
449 437 263
445 113 733
665 435 406
363 57 281
36 167 37
627 564 941
606 16 274
197 171 960
533 167 873
201 289 649
232 341 981
177 529 889
521 112 316
389 550 504
651 87 265
91 18 319
1 11 715
5 197 640
11 589 654
258 479 355
363 113 182
519 221 952
421 452 291
643 216 617
571 569 222
92 140 311
406 596 883
673 325 503
561 505 584
43 311 156
200 312 574
652 626 699
81 448 347
359 555 342
111 666 17
478 43 97
271 149 789
385 493 667
58 17 417
89 99 780
99 573 60
45 169 978
321 339 840
106 211 228
241 239 194
305 67 266
38 441 559
631 552 398
629 105 483
216 505 645
41 463 726
152 157 840
508 66 768
589 337 641
27 147 144
472 653 501
485 599 639
195 241 680
220 181 426
165 583 373
315 21 121
124 617 187
151 21 319
373 8 649
357 465 834
203 670 204
619 601 477
1 595 529
412 645 193
181 276 931
421 286 459
574 505 349
293 1 658
285 365 102
101 341 240
189 355 172
118 125 571
601 583 585
661 294 11
393 641 513
683 346 617
225 169 142
247 197 555
577 238 343
485 185 430
181 501 720
309 666 969
597 669 36
165 393 386
551 165 212
392 25 31
491 655 407
23 552 102
153 15 67
173 297 973
667 293 508
617 649 687
285 317 680
253 551 955
71 621 323
