755 6658 436
549 751 622
383 384 105
316 338 681
38 501 563
40 526 528
59 417 980
592 74 537
667 386 778
103 374 874
397 563 960
116 726 584
571 406 548
120 380 197
440 496 985
344 341 848
162 188 778
277 691 344
274 423 329
28 48 570
146 236 41
339 405 203
130 146 17
301 466 94
209 730 549
7 23 901
244 310 873
155 224 844
47 660 848
391 721 853
281 463 985
23 555 50
702 652 254
258 348 584
320 701 869
79 341 394
56 260 558
51 272 727
374 38 105
119 606 203
689 110 48
736 376 92
228 153 743
671 73 382
96 267 360
632 614 231
483 593 242
676 668 707
490 206 203
456 450 393
458 510 232
566 343 664
464 621 484
292 41 271
40 303 886
550 524 469
361 296 863
201 233 466
11 717 168
663 380 438
146 572 270
536 261 53
447 8 752
136 521 355
516 588 421
342 458 165
642 648 888
700 221 6
261 258 856
706 535 9
488 741 996
616 579 518
15 191 528
438 312 203
35 137 270
72 742 676
741 323 495
616 607 851
29 237 70
452 534 861
712 276 714
648 563 268
466 178 393
656 37 777
161 81 499
676 700 742
241 120 190
63 594 615
131 129 650
59 383 262
126 475 822
100 126 808
451 246 804
26 600 599
575 740 434
326 592 47
224 157 22
716 647 663
576 626 518
207 406 700
709 358 158
130 136 521
119 750 466
190 232 294
163 525 34
494 372 13
99 319 373
448 743 220
455 95 944
676 277 335
591 451 885
678 493 316
706 524 542
303 614 533
26 636 370
67 581 482
92 499 616
198 658 277
660 241 193
579 340 982
443 656 804
74 43 858
548 96 371
183 355 597
46 342 768
660 144 787
158 654 398
376 627 275
63 501 861
24 147 906
266 600 521
7 389 441
645 708 823
223 366 440
753 206 234
341 291 624
545 208 536
246 269 859
688 316 290
277 442 548
129 590 354
456 353 994
12 34 6
170 196 361
272 681 71
366 484 282
249 631 129
394 330 133
586 441 21
230 569 568
252 111 69
555 25 305
27 686 374
77 141 359
750 74 756
161 479 231
385 701 137
32 61 940
49 50 920
42 656 467
49 82 902
337 286 256
707 516 66
103 184 974
231 216 865
36 605 973
231 396 924
265 651 882
61 278 161
51 219 611
628 713 667
643 6 977
174 92 28
572 433 169
314 205 661
579 142 566
331 343 842
75 458 144
661 454 41
196 94 867
635 487 555
627 716 341
339 41 895
110 170 600
484 466 564
546 607 399
241 68 325
669 55 917
156 391 543
3 6 416
493 75 179
576 445 334
712 641 264
158 95 605
479 666 726
724 546 825
301 722 953
268 296 361
248 637 70
449 101 724
191 310 194
23 697 666
299 495 555
456 31 604
521 312 925
430 239 231
106 526 982
581 153 781
97 96 552
455 42 273
206 121 883
366 323 600
654 331 716
482 651 349
126 419 656
1 518 161
181 361 736
721 306 141
571 398 833
752 506 641
662 754 272
130 231 603
621 648 260
546 266 868
356 540 224
481 29 375
655 342 484
301 348 303
495 250 414
690 487 874
346 551 107
35 68 86
292 639 73
382 463 958
367 556 410
739 540 305
224 494 660
697 291 585
320 479 9
290 631 138
279 755 56
607 46 360
283 397 839
121 596 31
245 697 660
127 409 380
318 63 243
601 477 566
432 650 409
401 374 284
18 670 439
33 493 172
73 665 268
668 402 920
9 96 156
377 339 340
636 118 212
588 748 522
662 610 724
437 49 496
728 369 231
170 398 814
178 565 381
361 706 187
414 615 395
45 31 946
589 199 96
355 30 741
563 478 505
23 622 665
75 723 687
656 562 51
71 409 364
199 262 625
449 686 500
233 26 641
12 241 197
200 22 250
666 367 454
46 439 675
451 349 256
33 29 55
276 216 710
479 726 61
116 315 132
66 185 817
395 52 767
245 367 305
176 209 818
275 637 529
391 576 242
106 173 274
72 529 43
733 464 514
172 362 141
113 657 526
329 666 912
416 204 626
361 498 884
711 736 353
337 385 388
283 741 937
501 581 868
736 50 215
346 589 641
237 273 817
169 314 861
582 55 689
587 296 794
520 227 809
83 453 990
351 156 626
391 121 107
316 246 212
355 440 620
373 106 639
17 581 119
512 62 777
324 356 896
559 585 598
747 250 785
581 739 416
281 605 235
713 729 291
291 586 144
181 26 339
181 481 544
641 551 883
236 661 532
86 708 521
664 349 448
18 1 362
15 273 894
686 501 899
44 319 311
99 691 604
122 648 211
111 182 221
167 75 326
594 122 219
176 511 575
425 551 937
490 447 463
26 166 842
364 171 949
317 499 46
611 656 547
411 282 18
328 385 141
687 358 311
146 621 256
653 574 336
421 572 15
160 743 728
716 596 311
185 459 977
317 731 486
389 645 685
98 378 653
141 58 320
197 489 320
14 219 688
88 128 872
605 52 772
637 483 263
420 494 80
45 476 679
447 511 477
160 322 552
215 483 650
448 166 703
748 706 53
196 74 319
547 330 545
589 41 388
672 473 24
306 258 926
363 650 380
291 649 277
591 751 92
180 410 767
470 452 964
744 646 463
240 576 916
241 379 563
81 285 547
754 741 480
282 538 548
323 660 678
481 705 979
594 348 437
248 70 180
120 127 497
208 46 713
651 56 644
121 715 367
706 248 391
616 291 38
531 196 543
46 573 371
488 348 299
290 135 448
174 523 207
569 545 797
641 648 461
66 751 576
113 334 187
255 45 156
152 565 335
615 155 564
669 223 2
746 710 536
478 133 223
146 40 312
284 618 41
51 31 17
551 275 644
85 524 482
396 702 162
78 496 998
76 265 982
191 106 678
401 675 770
209 300 87
573 115 440
251 216 716
711 45 658
662 670 712
543 723 831
396 746 365
131 691 380
140 61 107
114 200 243
477 84 493
83 135 460
43 169 836
455 355 94
261 31 4
716 96 188
277 514 503
299 89 632
586 512 485
71 121 319
101 135 806
137 440 388
551 387 962
366 232 420
719 175 599
141 575 626
751 399 675
140 399 180
145 111 105
116 376 319
531 676 273
201 470 435
336 97 948
544 750 682
728 125 345
284 505 216
223 367 155
81 527 794
49 657 684
252 251 573
693 356 784
549 350 332
742 128 190
412 84 488
218 241 338
391 522 966
55 534 833
356 721 626
346 408 611
438 454 430
461 716 555
411 716 232
183 466 141
619 690 801
55 2 551
415 452 937
236 376 905
23 291 35
588 91 799
537 533 765
284 230 426
308 361 265
749 121 284
456 746 120
347 544 948
706 350 914
72 258 782
578 45 25
59 515 823
449 555 143
286 311 647
281 568 412
267 517 786
636 633 669
270 677 480
571 223 727
314 300 250
601 444 482
505 344 101
9 360 643
126 615 308
116 233 495
14 88 724
282 136 152
481 423 558
681 284 655
370 369 748
264 591 833
239 375 456
340 377 553
538 286 59
599 118 555
388 584 301
361 332 53
470 691 263
371 727 417
303 551 556
572 562 981
539 285 739
741 618 198
191 339 627
553 464 402
60 741 941
134 706 91
100 158 774
363 505 515
376 565 832
32 153 16
319 198 304
18 251 703
256 90 874
411 27 284
282 71 701
256 129 752
98 525 467
575 78 896
730 70 859
516 165 800
392 629 254
349 621 258
336 7 56
301 565 19
171 231 191
431 349 592
553 170 849
175 381 572
689 635 793
251 728 828
481 24 520
91 706 885
683 671 458
406 736 255
490 551 257
209 322 747
370 334 280
7 416 712
349 333 695
125 587 287
717 615 247
241 374 601
385 71 9
186 376 344
228 125 252
418 86 504
463 103 182
219 532 281
589 56 795
126 599 686
259 336 623
18 57 742
722 746 800
733 561 266
366 416 791
13 110 426
649 225 460
660 151 325
544 671 972
695 227 368
116 317 489
501 1 759
350 540 873
753 15 785
46 599 716
376 610 123
33 338 184
47 400 14
62 505 412
216 233 285
366 390 774
481 544 555
392 398 258
312 374 135
426 236 659
711 394 781
300 212 366
138 476 161
134 684 421
737 430 318
251 577 246
504 525 152
589 157 214
226 122 644
314 638 150
317 129 818
42 726 27
354 166 925
651 647 666
106 551 612
608 445 354
316 476 640
605 539 997
8 37 522
563 307 924
146 602 996
126 358 818
711 47 134
712 508 662
454 202 692
738 627 116
557 168 722
548 345 517
426 633 49
468 58 929
351 642 677
9 521 326
393 737 42
1 192 375
286 336 23
154 717 371
99 73 257
149 257 894
159 484 329
554 41 776
726 145 323
475 482 98
23 24 783
216 592 412
690 582 824
37 486 137
97 298 713
5 62 457
153 169 248
186 541 993
221 701 338
684 671 268
370 517 988
3 342 600
438 306 25
227 564 726
574 99 929
471 744 201
345 110 845
142 324 714
563 519 655
367 661 854
610 425 692
441 577 865
559 454 813
359 58 473
244 583 760
743 365 264
88 144 647
502 27 341
415 703 658
216 37 233
233 101 255
281 40 469
243 606 933
159 481 875
265 411 585
510 272 735
288 57 297
231 211 529
661 676 705
437 176 187
66 128 330
16 393 778
129 157 389
511 85 432
737 327 942
280 142 191
174 404 527
623 651 510
370 4 380
199 403 433
456 299 413
194 418 159
459 227 51
64 624 913
113 283 436
251 492 884
693 454 952
722 384 617
326 446 193
536 52 720
16 41 989
706 605 292
126 466 571
508 68 120
384 198 949
421 489 626
197 160 827
380 707 851
241 441 438
260 266 594
715 475 182
522 148 317
615 430 530
661 474 610
447 528 982
539 435 212
445 705 436
557 441 653
208 521 945
572 657 913
738 516 961
285 271 26
738 101 521
107 14 503
696 113 32
717 612 886
254 743 910
574 663 863
258 746 83
321 455 225
543 648 756
406 647 697
314 568 573
406 451 440
500 566 59
155 681 939
206 531 417
300 606 157
47 726 326
601 419 407
396 67 617
331 206 462
637 750 504
426 414 153
188 576 877
4 28 201
106 283 707
49 264 373
638 566 464
254 300 492
412 554 300
298 307 314
517 541 126
601 360 125
295 559 333
131 716 74
490 331 318
603 353 983
103 381 888
191 569 696
584 195 544
87 99 166
222 378 354
26 637 469
127 91 73
620 171 947
203 537 161
746 126 844
586 80 829
641 628 239
664 359 15
385 494 860
578 750 721
66 126 721
308 15 154
71 404 499
445 627 214
58 326 268
40 683 660
9 62 876
618 381 390
99 103 866
97 189 362
337 610 649
166 376 321
91 271 642
649 638 358
94 114 592
585 702 1
246 327 184
266 496 682
32 366 701
448 16 632
471 124 798
364 231 161
22 621 764
198 704 555
581 159 861
47 705 978
41 65 787
116 380 583
444 34 928
691 8 981
93 483 193
741 267 44
423 628 742
458 622 271
16 29 188
741 466 291
19 585 812
500 513 92
25 534 214
725 294 983
128 472 717
741 91 560
455 207 883
92 634 899
300 305 773
718 734 263
192 543 307
380 568 575
187 145 250
76 320 259
333 296 226
591 151 550
47 192 761
347 25 509
147 486 839
709 535 491
443 123 16
550 744 266
621 461 749
697 571 986
224 106 558
366 645 469
496 256 924
288 636 284
482 179 675
697 623 651
176 127 83
439 629 765
133 269 113
24 1 413
226 255 412
651 527 420
17 370 766
433 213 979
681 570 13
42 561 117
27 506 994
82 416 871
726 24 3
85 133 944
165 192 722
1 207 243
706 306 653
699 1 409
160 169 977
273 245 882
213 421 487
271 301 761
31 7 22
148 708 437
356 331 743
398 690 247
703 742 746
440 489 879
619 341 101
38 124 547
238 424 455
606 605 745
589 286 81
729 608 199
537 1 731
47 303 188
681 590 26
490 8 282
245 39 516
339 653 357
382 478 69
144 465 139
701 743 61
654 139 160
307 726 994
364 82 417
690 705 925
53 29 911
6 331 391
742 367 223
501 643 647
215 566 925
21 246 27
165 195 651
338 403 274
131 206 560
91 151 813
437 414 485
400 8 390
326 631 768
108 524 304
121 236 345
670 201 795
272 278 660
519 713 109
84 681 61
146 377 512
313 456 136
76 631 144
28 519 559
71 365 251
368 601 93
16 26 110
569 618 36
246 70 13
500 528 265
25 631 124
320 327 708
233 289 963
683 112 202
360 273 885
525 87 915
213 629 256
206 582 435
187 720 314
749 329 851
389 71 948
202 256 359
23 101 35
91 460 723
730 565 668
181 279 849
249 191 642
5 660 597
71 171 190
655 471 161
268 409 124
616 57 728
432 446 577
168 73 135
391 186 383
388 407 645
287 540 39
459 79 239
12 701 227
511 617 785
236 56 169
418 580 478
726 321 769
631 344 940
98 259 722
156 725 705
1 328 607
720 15 313
749 615 567
44 128 370
356 656 730
276 416 460
646 71 998
261 180 217
81 378 516
150 112 891
365 138 40
556 370 992
681 141 758
634 44 627
636 1 918
472 124 667
493 494 117
129 470 479
6 126 334
328 109 220
694 358 893
736 43 341
407 394 724
97 318 505
733 256 543
31 696 268
214 47 131
80 412 245
194 703 837
436 138 638
521 246 870
433 281 671
498 273 64
690 521 152
455 535 629
721 416 839
322 445 192
677 452 982
280 8 163
179 718 169
419 194 392
730 646 825
291 316 249
548 303 223
622 170 825
261 583 166
606 400 35
505 83 256
306 612 108
69 626 504
389 435 469
221 735 578
67 493 356
104 399 854
309 515 936
82 265 255
639 581 210
215 525 276
111 364 780
9 94 172
238 21 766
276 472 739
156 532 855
536 380 3
407 468 790
697 66 74
433 71 767
21 248 111
531 226 146
583 499 327
35 226 962
507 461 910
496 696 834
596 411 268
297 426 316
715 490 723
26 514 548
371 48 350
396 445 382
269 192 659
211 416 150
177 678 896
751 598 950
225 513 557
360 530 982
298 492 798
710 480 84
288 207 512
210 715 415
221 257 504
256 337 280
31 18 17
320 666 528
113 427 580
123 601 906
605 735 261
260 697 354
750 185 624
31 161 590
160 343 610
291 86 569
541 194 812
161 6 695
1 154 790
553 651 42
537 551 868
109 595 547
286 556 830
521 283 161
275 221 723
60 144 578
111 486 265
698 125 324
420 698 655
391 605 26
386 454 659
745 563 517
76 1 192
262 302 359
354 281 954
396 341 372
40 115 553
409 497 74
275 418 697
566 698 622
749 210 910
374 330 35
286 244 664
488 112 356
126 300 256
142 598 989
101 139 916
294 720 971
113 148 160
262 679 442
75 242 814
149 734 248
6 22 181
150 466 525
702 484 38
179 621 432
370 504 234
536 425 25
570 94 120
199 423 747
495 186 688
609 417 228
85 65 541
589 176 234
219 491 463
51 533 732
547 212 914
124 740 329
518 724 932
733 366 890
125 27 284
130 666 82
376 355 879
487 694 33
635 459 85
616 645 424
448 483 330
746 351 134
743 403 766
577 625 392
369 413 500
30 93 67
492 641 646
686 619 714
541 220 667
339 8 118
111 621 1000
435 101 658
591 268 240
718 48 906
106 313 926
474 197 563
34 238 808
606 156 367
1 325 19
266 330 939
313 463 444
749 306 957
748 473 384
312 255 565
171 301 54
354 741 734
190 489 8
554 694 470
45 77 48
319 666 475
5 439 52
656 76 220
94 264 113
166 347 478
103 232 53
253 461 403
71 338 368
178 601 213
551 635 603
56 23 735
71 651 693
311 367 472
121 122 520
119 563 670
176 120 501
126 388 185
22 111 39
340 7 950
436 490 733
319 409 537
295 220 64
311 340 970
583 477 371
156 339 568
185 573 9
731 406 390
521 508 241
57 138 895
91 195 254
376 650 883
371 81 382
449 493 715
358 347 752
211 177 437
731 106 775
489 696 755
656 1 825
606 316 108
13 15 704
105 552 305
736 651 661
324 608 636
163 57 535
560 311 18
82 426 563
66 415 828
311 30 187
101 265 608
331 618 474
393 567 116
547 271 89
302 35 111
12 658 803
150 747 194
451 173 891
720 197 881
593 366 94
492 300 144
543 554 719
641 208 941
456 681 561
354 626 945
706 325 251
432 216 890
737 12 27
99 435 799
13 558 395
393 335 979
219 416 288
443 612 140
46 677 858
236 201 550
163 751 450
81 332 774
406 519 371
697 645 466
171 656 247
582 34 23
66 285 871
419 470 700
477 537 901
684 461 300
255 395 407
553 172 746
501 426 519
371 294 13
453 76 54
365 680 992
43 346 597
281 456 200
143 625 622
662 10 725
649 531 629
674 254 816
111 399 433
71 221 915
195 525 375
285 693 60
488 746 958
11 698 446
679 494 804
4 116 664
531 457 582
126 186 935
416 466 258
113 638 536
491 665 287
224 270 806
525 419 849
656 441 678
62 170 535
741 383 771
32 114 646
466 666 773
291 736 126
380 455 378
491 317 652
22 477 355
431 72 318
384 604 781
323 498 134
221 341 961
259 406 988
755 186 377
1 26 311
323 677 183
257 693 112
281 668 490
249 31 951
30 677 9
276 491 355
691 157 735
570 264 891
719 401 378
301 266 38
642 8 230
389 640 29
116 306 343
626 401 277
667 496 311
196 588 801
67 166 749
90 546 565
556 536 908
626 151 692
361 323 838
327 215 588
284 440 225
463 187 798
32 624 684
115 279 546
468 386 906
550 732 976
211 492 863
11 394 763
205 454 312
597 266 616
361 183 266
402 526 879
75 248 95
360 590 565
596 712 460
355 34 383
670 737 703
481 301 222
36 106 508
721 59 793
725 186 983
7 415 362
671 111 644
707 491 238
241 212 536
378 175 690
208 314 720
577 667 754
102 572 983
678 707 678
646 699 827
455 732 45
296 219 787
541 630 709
546 135 993
253 242 7
180 39 808
585 731 51
558 433 372
266 569 799
181 366 223
461 116 712
108 456 817
694 580 729
146 482 990
443 491 684
561 171 265
675 309 746
534 655 490
211 701 628
5 168 815
266 495 818
493 471 526
381 76 513
36 76 921
465 67 976
555 506 316
83 286 260
114 409 609
151 69 303
60 313 646
271 677 899
591 473 105
380 306 653
544 578 843
496 21 294
477 717 807
138 186 379
504 252 708
124 269 944
411 138 983
98 1 855
501 230 87
542 194 920
158 539 118
171 387 65
420 664 218
77 167 432
516 616 303
470 397 52
126 689 518
104 750 95
551 623 587
266 739 493
261 546 973
237 37 396
644 471 688
411 719 202
385 685 766
241 582 413
562 122 963
694 426 816
9 608 332
445 586 307
132 166 67
123 1 474
127 721 456
140 677 616
507 589 181
376 266 742
46 123 611
496 698 896
58 203 228
281 527 593
226 382 161
156 566 720
219 101 983
456 706 696
491 745 602
541 597 589
281 143 485
313 296 818
640 50 489
739 68 766
90 336 648
7 151 605
639 345 216
15 48 578
415 357 487
381 284 533
46 260 286
26 94 206
492 25 862
198 346 306
181 321 253
41 19 509
651 271 142
601 619 477
726 110 969
61 39 899
546 181 703
720 378 586
624 183 301
401 202 802
138 514 664
577 44 586
257 510 984
383 446 746
635 69 756
415 401 837
25 196 747
499 380 589
125 449 753
636 134 465
6 42 387
181 44 941
117 339 349
97 135 343
261 726 930
467 24 284
261 529 895
125 686 494
251 62 553
40 745 850
81 70 916
621 741 191
302 673 406
515 378 769
521 310 786
495 411 539
131 676 5
451 37 517
326 354 492
84 454 806
340 538 342
211 21 216
445 507 883
506 46 309
511 321 373
644 462 789
635 237 315
654 486 110
664 304 39
220 435 526
453 666 83
52 593 323
5 232 476
38 755 74
151 662 574
198 345 307
62 75 573
393 453 395
528 742 519
285 234 513
224 446 528
186 691 717
531 104 268
121 506 296
155 376 567
586 208 7
1 35 490
741 674 439
358 534 471
316 551 6
62 416 196
185 111 702
536 169 83
41 345 347
309 611 508
541 81 146
114 301 432
276 728 798
632 354 66
643 416 541
80 132 645
336 260 147
463 265 478
272 96 626
220 481 303
698 747 778
106 182 739
11 65 500
641 30 381
197 291 450
749 442 996
421 733 927
137 172 453
464 735 331
496 281 591
291 701 850
47 566 293
565 745 800
681 207 773
116 33 867
738 530 553
642 16 54
188 466 996
634 426 982
254 337 651
496 119 61
189 100 192
49 353 385
250 514 541
36 746 876
376 241 948
193 17 565
525 498 514
347 547 857
392 307 976
171 452 515
101 24 695
744 305 819
148 242 791
216 413 332
648 402 374
556 391 641
555 70 995
563 20 979
1 49 849
75 631 375
231 641 88
461 131 491
588 709 924
661 219 380
116 270 189
377 727 416
689 100 720
31 709 507
643 214 606
482 116 759
371 588 956
347 432 879
718 491 620
386 102 224
181 164 363
55 88 282
64 213 431
201 634 22
201 249 376
707 238 717
546 491 644
586 261 36
699 649 761
501 258 123
161 90 207
488 486 621
612 186 351
185 552 818
156 467 218
666 576 817
58 110 522
211 724 686
467 546 495
96 331 263
577 434 581
326 584 636
514 51 321
701 110 586
236 80 720
689 343 368
355 214 267
754 661 553
647 720 688
184 392 979
263 367 507
617 683 763
76 176 845
690 174 434
559 521 517
269 42 158
741 689 740
311 342 444
635 81 580
41 114 144
61 432 890
63 72 769
117 170 996
152 463 590
397 677 894
134 229 487
163 453 395
12 209 497
488 383 556
1 420 259
181 171 80
405 423 614
80 65 164
465 86 114
69 496 782
321 310 784
400 56 584
448 350 796
396 243 756
379 531 290
534 201 320
15 140 195
109 642 602
51 429 10
21 531 210
692 369 903
158 490 737
211 49 626
373 75 900
42 467 410
577 66 916
171 625 698
338 530 754
494 710 993
455 136 698
281 115 866
600 11 365
36 646 811
678 178 289
205 707 978
45 594 318
465 178 244
320 332 640
108 690 401
15 52 357
307 281 14
405 529 219
713 601 322
36 286 623
151 340 104
61 153 378
344 450 303
304 263 104
284 252 19
353 296 682
201 600 881
559 376 968
366 330 419
31 165 156
279 50 485
527 373 930
346 477 647
79 531 811
267 461 463
151 284 305
233 751 190
478 551 385
736 501 487
214 329 908
414 188 608
164 88 696
187 492 130
249 202 455
306 480 949
741 654 504
247 412 886
373 681 624
169 313 195
42 139 309
321 596 420
396 190 432
141 476 764
489 741 969
160 232 329
466 71 75
655 176 596
213 291 559
351 538 194
676 37 904
635 197 866
466 753 369
402 703 199
610 730 683
470 234 838
194 706 460
295 31 112
715 445 777
61 506 908
11 28 661
536 197 893
696 122 448
31 128 354
374 329 439
704 598 725
28 397 896
211 184 837
83 123 534
63 20 735
460 494 210
88 682 171
721 94 760
22 656 202
306 447 883
168 629 403
84 286 899
10 639 515
196 575 48
605 669 730
391 208 71
151 463 678
722 601 91
324 476 286
465 208 501
76 38 641
704 444 796
226 709 328
541 619 85
678 752 223
532 535 685
582 635 852
344 460 658
530 41 932
200 409 692
401 722 178
612 121 377
482 368 443
51 482 852
46 673 526
7 136 121
110 176 25
678 185 142
577 624 111
66 537 311
701 512 701
31 137 133
75 520 804
202 34 67
197 510 409
704 251 621
395 526 880
261 235 93
371 663 965
437 46 877
704 136 877
102 564 211
190 237 87
421 1 686
556 342 112
523 691 942
266 565 281
523 393 824
86 564 883
81 333 42
431 556 859
29 54 126
386 287 870
410 315 396
288 577 871
71 421 815
343 721 793
505 679 188
201 309 236
341 429 228
261 157 842
243 340 734
314 608 853
268 416 619
626 550 908
431 374 904
51 59 971
21 341 172
707 122 161
114 415 527
90 33 594
418 156 896
156 406 991
689 606 687
33 506 221
39 134 552
560 206 848
183 555 318
712 563 677
4 71 273
710 504 20
120 367 10
532 98 334
416 669 21
153 365 871
174 476 416
69 684 501
24 701 555
226 116 569
495 597 189
376 584 254
416 478 56
408 393 846
170 423 829
345 350 504
372 281 58
632 696 810
305 438 372
187 349 563
731 463 860
721 353 346
107 315 309
170 711 12
161 485 60
209 491 139
316 94 648
486 404 135
9 29 373
147 663 844
21 625 529
69 702 707
305 477 389
109 406 437
385 344 289
591 584 423
119 397 425
652 292 283
391 300 388
29 316 731
312 80 129
611 225 943
479 391 111
96 151 374
597 730 998
181 290 263
166 649 431
129 316 403
499 453 449
320 205 761
168 216 965
76 561 955
55 662 625
561 447 861
89 309 404
736 422 569
661 700 564
178 634 987
711 420 347
700 568 323
498 509 910
300 322 68
476 278 926
268 354 576
343 462 813
506 75 464
32 289 138
660 130 600
301 211 170
340 100 861
753 267 293
72 243 867
84 576 871
426 76 159
306 318 470
91 51 294
281 171 204
674 473 888
329 533 404
260 86 206
341 611 74
591 2 172
348 382 706
741 529 324
646 64 191
176 650 792
525 597 809
186 458 524
211 566 884
242 523 359
339 221 565
635 433 688
492 586 706
153 219 144
512 565 887
65 306 393
687 141 467
709 351 587
488 518 349
11 21 744
663 751 869
369 403 17
256 43 144
486 420 120
109 622 396
81 157 618
605 48 313
37 346 120
256 648 608
330 341 172
321 500 644
79 743 477
485 701 494
81 533 606
316 298 153
280 686 251
370 703 59
51 714 878
574 718 554
462 724 42
159 752 778
278 432 231
569 573 616
1 624 540
75 211 84
300 196 351
542 486 824
278 166 173
566 746 551
150 129 450
224 717 241
536 385 139
83 118 915
309 356 820
330 205 986
77 98 608
304 486 604
301 536 876
221 353 221
145 488 364
111 428 923
196 449 223
722 350 78
262 109 685
97 261 551
13 69 785
341 451 392
656 694 725
330 258 515
5 461 517
286 256 698
604 301 192
343 390 283
313 101 740
615 151 346
412 684 593
91 210 149
185 707 624
43 106 181
626 59 839
535 396 550
746 474 851
595 74 669
626 552 478
709 587 484
89 26 996
64 676 893
755 464 353
595 710 673
333 542 647
274 589 305
102 69 944
121 476 646
264 479 805
631 537 663
327 369 204
662 491 371
374 400 585
253 204 42
536 618 142
161 735 623
47 283 762
736 410 333
559 616 952
13 368 718
144 447 178
413 56 131
229 570 969
37 70 786
448 240 556
618 740 430
116 605 219
200 312 229
1 262 746
304 420 16
587 42 859
232 503 531
26 61 924
674 114 972
38 66 286
121 305 64
541 270 800
461 561 205
465 139 185
530 141 52
358 388 337
697 736 390
637 186 316
187 553 358
635 108 40
61 97 252
548 429 301
376 635 232
732 136 321
516 267 579
695 658 205
386 371 686
31 446 990
135 501 877
113 507 196
647 111 663
738 499 396
444 304 77
490 161 48
532 80 634
7 270 246
682 605 197
91 629 786
88 744 795
408 414 643
671 590 362
313 372 243
16 303 516
674 191 360
330 680 94
680 472 818
26 81 200
581 369 897
6 636 279
36 340 210
545 626 200
221 377 340
328 335 704
413 36 410
624 641 968
256 139 560
414 637 592
174 411 739
453 416 67
238 416 781
541 260 24
130 411 206
136 304 229
570 188 47
350 251 659
281 244 966
206 616 93
726 7 620
559 632 659
168 61 168
298 421 794
574 444 846
176 189 231
296 212 966
164 188 55
533 513 510
401 117 679
314 396 979
221 134 928
377 525 217
536 216 382
397 263 978
394 164 865
141 72 830
474 286 608
734 520 82
183 641 242
125 164 502
106 535 556
363 671 251
637 649 26
568 238 312
169 396 542
686 632 341
371 486 713
489 224 70
550 735 742
573 145 522
71 155 213
11 182 290
274 581 380
241 651 324
363 723 829
412 119 883
36 44 781
506 181 105
406 709 982
735 531 587
336 742 193
249 15 212
603 526 858
460 331 685
480 730 783
543 320 621
562 206 601
162 348 14
506 24 710
731 616 339
500 241 244
60 185 823
732 110 686
520 70 343
558 71 6
481 126 497
185 371 932
51 176 347
10 661 126
346 486 683
35 80 926
373 341 167
349 408 885
246 748 838
265 258 868
684 667 975
21 721 979
138 405 759
188 528 242
451 721 213
545 267 885
511 300 87
266 415 404
186 102 466
1 643 390
661 17 348
153 601 596
266 738 46
369 434 940
184 300 548
218 158 283
321 17 604
404 718 947
371 244 858
98 217 231
527 406 521
163 434 734
41 66 411
512 488 226
196 118 376
682 458 260
279 356 758
51 70 842
749 468 262
435 218 281
4 491 1
621 731 165
567 656 251
303 95 109
653 81 139
496 44 877
29 421 753
317 56 628
386 483 659
41 337 609
415 505 96
281 122 708
326 132 906
121 297 966
126 161 65
645 656 692
606 698 249
555 91 133
627 621 712
81 105 102
416 278 598
605 311 468
330 715 202
725 80 217
178 451 281
114 684 988
204 671 986
661 246 690
388 402 826
51 295 149
345 358 73
148 383 851
413 63 670
1 116 841
282 469 687
436 309 862
51 462 339
612 289 982
482 626 92
659 199 360
505 682 111
753 161 639
331 386 866
104 152 775
137 654 717
185 16 71
191 526 398
277 134 952
591 11 87
521 230 598
308 244 899
83 236 246
33 35 690
43 283 708
624 221 705
650 219 743
633 217 493
139 178 313
299 133 144
614 668 769
399 136 72
311 40 542
139 214 772
116 614 331
338 535 895
521 286 999
206 738 225
187 231 662
636 81 334
342 325 880
139 294 503
721 291 509
202 626 406
628 740 854
733 216 943
554 266 337
607 107 796
628 41 120
86 142 669
610 616 93
106 133 189
486 159 546
211 366 812
611 474 692
358 417 435
171 634 292
689 729 256
340 321 881
511 441 588
173 227 827
7 67 221
731 456 633
596 71 338
363 719 743
487 472 436
101 472 735
219 271 882
448 666 274
109 20 212
145 242 717
228 391 757
230 245 930
124 647 166
514 172 787
682 113 663
321 648 145
308 185 901
43 425 921
432 742 811
460 155 350
448 711 411
469 341 771
633 247 838
703 642 376
466 11 501
702 723 539
369 99 794
126 260 592
25 27 990
450 201 483
628 304 263
93 582 689
581 74 993
16 94 201
527 41 122
410 316 508
28 740 52
301 622 359
326 341 992
523 308 830
235 270 404
66 18 13
130 256 894
621 490 518
628 196 168
13 135 183
255 614 157
240 545 936
385 321 721
350 535 834
166 85 90
262 374 34
411 622 60
182 366 923
244 145 475
546 475 20
68 403 423
104 291 665
375 329 383
314 326 11
557 563 945
649 311 680
455 213 372
570 26 585
272 746 645
746 429 169
120 546 579
59 332 624
406 625 508
445 686 780
506 218 742
542 466 364
86 130 960
616 339 320
626 6 689
226 149 65
429 481 501
310 21 972
491 50 321
86 173 181
611 588 790
207 321 166
643 148 616
543 356 473
268 421 962
363 103 766
557 151 695
203 631 939
100 568 442
190 574 728
234 205 472
400 286 985
106 494 68
751 396 887
78 202 926
195 605 738
636 442 767
120 227 19
572 150 520
621 413 907
735 658 604
6 679 857
428 276 807
651 475 105
139 329 447
627 511 188
43 334 742
670 46 20
359 402 63
41 132 707
596 348 743
347 528 366
666 456 902
716 480 787
467 296 27
12 216 1
116 87 365
656 509 800
54 129 250
161 111 128
137 190 828
726 620 170
206 543 989
618 328 979
502 71 209
532 453 796
494 579 89
7 559 896
256 600 356
27 29 11
744 466 412
491 671 208
329 506 42
581 424 731
44 103 17
303 566 810
53 736 838
389 659 947
546 472 308
536 506 865
626 566 660
551 458 223
709 750 167
637 101 507
320 269 256
724 620 348
187 657 618
443 597 982
91 624 427
647 664 805
303 184 49
709 34 110
365 466 256
326 681 213
600 692 520
615 235 491
268 339 127
283 496 385
391 233 186
119 689 344
575 568 814
67 556 187
281 418 378
425 280 405
135 371 431
535 643 822
310 136 359
166 175 771
119 607 512
660 350 711
639 505 301
21 379 113
367 634 2
91 41 636
663 691 493
254 431 153
393 22 457
617 73 282
547 713 341
174 188 811
561 6 210
557 342 844
558 27 157
201 675 942
671 152 810
321 266 859
241 605 304
280 421 49
177 567 486
545 673 910
1 747 694
642 581 895
541 411 949
363 76 371
300 220 197
602 96 411
460 451 288
534 357 832
367 214 976
377 749 808
576 489 254
152 734 373
171 282 288
718 289 309
246 609 708
186 211 345
416 690 780
15 461 382
430 436 517
646 87 804
402 615 803
309 231 916
555 599 684
718 562 259
456 715 795
571 461 211
277 434 976
6 207 893
641 546 239
245 393 214
670 609 856
262 445 910
232 178 249
581 68 894
149 485 977
231 566 168
747 9 306
111 117 167
51 488 35
112 125 745
354 232 166
6 203 275
477 306 257
156 703 608
1 13 495
491 421 27
282 495 300
141 14 29
91 30 239
442 226 806
648 49 856
66 381 909
386 262 269
707 574 755
671 122 723
46 446 675
306 753 339
117 297 35
411 37 651
740 122 881
594 472 876
308 441 575
435 286 715
420 112 204
629 112 642
417 213 217
523 148 519
191 571 963
579 630 796
619 152 649
139 648 1000
246 353 827
419 29 385
570 522 56
752 423 117
476 681 873
2 479 803
550 357 875
80 596 209
34 588 646
76 592 240
180 296 567
145 168 296
734 339 374
107 318 658
536 727 818
36 166 110
598 126 996
173 541 323
451 33 64
441 723 136
306 233 170
231 552 426
704 577 756
437 721 446
213 686 894
364 136 821
616 250 271
90 619 603
448 516 924
151 524 416
367 731 860
60 176 417
16 351 622
296 526 244
504 745 566
266 509 840
353 752 405
124 329 749
364 255 490
470 464 771
270 570 440
120 356 309
94 243 337
190 161 70
311 711 756
576 443 547
580 555 625
547 601 531
331 588 411
107 416 437
677 379 478
481 174 137
544 106 887
298 500 754
429 205 410
270 387 338
531 701 360
289 741 889
480 641 995
548 275 663
513 368 999
346 375 570
423 712 838
347 611 428
606 369 960
73 251 512
660 728 751
115 733 835
736 414 223
482 538 526
64 14 542
180 724 229
606 559 932
311 656 128
261 490 321
746 96 813
56 5 394
374 31 169
699 321 728
749 245 581
411 679 386
165 293 527
451 287 990
631 383 767
443 335 943
1 58 381
711 335 222
3 18 586
205 523 267
607 484 105
278 254 860
93 276 538
310 16 918
657 421 320
206 360 650
4 548 80
143 520 947
139 174 113
592 160 89
699 83 919
716 724 127
291 602 985
682 518 731
261 307 731
673 260 928
551 259 534
331 279 254
409 416 569
658 274 409
15 204 413
706 539 710
17 86 760
153 377 671
338 286 595
527 678 844
561 125 548
701 196 28
622 608 486
240 393 908
741 696 292
526 629 559
486 359 888
499 384 866
348 677 475
174 695 192
100 496 381
577 134 394
463 435 325
214 705 975
509 554 126
73 164 589
312 450 315
272 456 698
441 740 632
89 731 788
241 751 331
278 484 510
721 11 523
489 171 404
532 328 788
655 157 702
478 450 823
399 227 187
528 659 475
501 151 296
344 521 800
145 90 814
167 15 405
492 496 613
670 471 902
365 489 216
85 76 465
462 137 462
671 352 808
327 92 546
239 52 127
551 9 113
134 364 128
171 736 202
590 376 25
638 282 714
586 440 788
376 403 792
278 91 653
679 261 299
433 641 629
457 61 477
189 338 992
156 389 47
733 270 245
281 81 568
592 199 325
481 315 957
249 395 601
641 736 803
53 651 38
680 605 574
111 432 456
340 563 206
606 22 670
226 381 953
646 452 121
636 516 923
477 9 18
109 476 483
553 8 595
54 523 964
526 740 553
517 657 755
48 379 589
558 725 234
30 175 944
715 47 117
430 259 492
161 270 769
94 286 967
683 628 73
212 425 794
588 141 592
171 433 580
126 706 187
741 753 6
398 419 76
51 361 443
738 43 637
465 187 605
463 1 236
189 707 668
60 80 98
534 490 33
718 432 856
458 292 81
306 348 81
9 83 289
701 715 839
507 41 772
301 77 410
257 592 134
753 401 714
82 108 217
303 7 972
25 85 452
131 540 683
114 631 754
74 25 417
730 622 788
215 371 123
380 46 699
602 607 947
424 366 603
740 73 958
149 308 870
100 691 857
206 486 270
81 479 788
340 492 808
522 668 988
141 483 349
692 316 195
364 731 491
116 577 741
281 492 161
331 336 134
393 681 784
166 751 814
711 206 209
303 80 807
387 703 454
588 456 313
42 513 466
467 549 923
615 419 990
598 218 400
206 367 57
258 616 772
461 671 35
392 612 129
584 436 380
107 143 988
588 646 698
675 444 625
206 16 186
58 139 432
418 239 540
61 287 268
91 15 657
650 490 96
449 298 497
32 55 36
482 476 3
624 747 417
496 670 538
529 352 659
195 647 620
702 476 940
1 659 330
672 189 747
441 331 340
180 28 697
206 113 698
439 34 543
29 267 789
212 455 249
258 737 152
271 551 458
4 398 403
56 84 758
369 698 270
484 626 50
726 13 130
495 557 29
434 636 217
299 41 596
519 446 331
536 241 902
142 337 178
453 748 912
303 745 941
31 89 923
411 77 989
449 194 589
544 351 392
303 691 675
228 697 746
461 513 289
288 530 353
225 407 703
706 547 675
311 519 260
521 216 798
66 455 414
375 251 41
673 500 731
572 557 455
89 716 879
54 37 384
541 631 342
391 218 145
106 626 926
92 454 850
3 12 256
735 155 56
696 622 442
494 648 917
2 3 128
150 16 482
169 510 288
163 67 276
192 316 561
226 96 55
583 190 724
556 614 172
27 151 237
737 1 1
725 506 770
243 620 961
369 455 349
456 68 453
4 171 386
324 704 183
121 713 511
246 732 354
336 527 893
315 58 931
541 230 792
696 276 976
152 528 535
539 383 778
209 223 33
561 39 593
454 166 594
23 473 74
138 619 107
331 416 332
378 536 956
402 723 864
360 521 271
534 82 738
741 463 538
3 80 233
391 356 269
290 712 87
53 211 484
175 580 339
15 626 349
630 523 968
223 379 536
481 129 931
706 237 838
436 474 175
216 382 483
491 233 625
228 356 442
436 270 437
711 379 98
541 222 718
691 219 919
224 722 18
486 373 466
690 104 830
467 372 292
475 503 715
185 352 111
259 744 143
101 291 243
233 461 288
63 229 830
514 617 531
304 447 857
145 386 856
550 341 636
546 568 353
615 408 372
299 575 282
426 443 720
273 243 189
741 543 78
606 327 88
227 326 837
93 437 314
519 101 37
467 748 925
696 162 19
138 12 175
471 536 774
576 478 130
310 372 29
226 581 661
1 739 589
496 541 403
469 536 456
726 311 442
276 605 661
46 469 133
55 721 857
292 418 168
384 206 583
196 609 411
45 179 854
548 156 798
700 81 498
51 566 247
222 291 594
213 241 847
353 193 486
441 402 39
285 157 481
426 755 827
142 499 356
238 723 812
203 127 568
237 336 672
613 170 508
281 113 269
181 437 548
167 213 417
153 361 10
754 562 174
536 1 713
605 428 924
744 607 559
93 458 109
387 592 819
226 271 923
109 696 464
281 609 128
743 11 243
345 408 164
133 58 332
515 209 344
496 605 348
227 491 950
285 437 589
175 632 981
593 601 457
217 326 834
63 361 509
1 111 916
314 176 344
497 228 767
724 478 897
112 397 249
161 518 658
581 586 475
66 324 93
518 587 928
341 581 159
269 621 339
31 640 436
275 436 966
588 621 210
37 71 577
652 602 866
522 286 273
649 26 399
337 164 988
258 750 805
395 629 634
666 188 713
480 561 54
16 740 972
284 648 886
33 110 167
414 351 678
289 657 303
146 556 782
412 357 299
333 516 336
389 382 619
214 103 626
61 213 422
305 66 926
304 734 197
221 144 161
306 504 63
599 65 97
93 369 917
181 289 779
422 612 469
317 701 336
189 29 116
134 355 559
131 692 612
117 521 598
542 678 831
431 89 184
333 373 573
216 118 759
97 517 570
356 12 245
567 743 739
296 476 666
139 457 268
439 720 991
386 701 694
606 538 81
23 401 598
360 588 32
672 494 227
50 398 284
57 119 276
399 415 38
226 121 356
641 288 628
294 344 532
406 569 970
736 540 774
536 41 820
399 172 385
627 710 855
437 263 629
665 707 208
411 327 897
247 380 662
170 39 39
281 177 870
559 481 55
62 426 291
622 71 247
434 461 763
706 703 427
435 683 208
416 339 827
599 741 734
161 614 267
167 239 773
272 481 845
73 134 662
426 705 210
299 576 767
359 345 380
3 555 514
446 58 224
426 410 179
489 372 319
250 561 605
36 134 960
716 7 751
318 476 811
310 141 831
317 576 184
737 400 346
29 377 319
572 414 163
564 631 408
617 411 641
26 608 647
610 235 181
61 261 419
341 116 197
216 725 862
443 435 934
166 320 824
516 519 428
106 110 514
641 157 900
23 46 296
331 115 497
318 492 65
291 414 332
564 163 660
309 651 682
281 1 927
401 645 768
300 546 483
703 366 229
636 672 15
37 47 993
441 147 321
692 56 237
33 370 226
361 59 226
676 335 282
23 130 598
606 231 752
224 112 814
95 501 58
280 87 517
734 505 620
597 481 227
145 166 87
72 162 663
58 499 386
636 116 612
1 161 990
70 726 466
165 231 366
722 609 711
698 651 963
206 646 590
406 56 333
471 366 407
256 621 246
17 376 126
231 61 68
634 436 695
620 376 358
253 320 527
189 485 680
87 49 335
542 587 234
354 39 818
23 60 103
192 335 3
337 281 928
29 31 113
402 142 670
302 551 182
731 515 38
630 661 968
121 461 174
616 677 611
696 687 503
47 134 605
11 594 321
718 441 544
2 638 938
357 29 539
35 234 984
566 713 619
91 520 159
647 156 630
196 236 158
241 220 611
748 520 50
56 145 105
661 175 34
191 284 850
277 96 434
233 122 567
661 680 81
43 578 582
26 76 101
101 755 538
316 289 556
611 282 70
349 605 654
246 527 550
492 57 349
183 193 692
303 86 320
391 646 328
696 299 556
95 211 840
558 604 393
596 434 94
573 381 700
76 216 881
718 478 458
496 40 519
634 133 996
51 152 985
416 147 54
296 265 355
271 436 580
370 469 73
452 584 935
373 214 282
385 294 89
64 716 693
546 404 577
436 1 1
724 661 515
351 195 88
306 526 105
739 596 99
143 476 731
106 462 239
521 279 270
451 369 723
129 177 595
199 264 177
31 84 656
521 436 588
282 506 46
510 261 328
514 753 764
73 712 361
581 692 85
616 129 184
434 478 125
57 181 937
409 57 65
722 627 75
83 239 101
450 463 657
736 400 171
741 336 328
553 271 544
96 680 975
647 416 527
50 608 594
452 531 936
241 159 634
392 89 813
395 482 616
654 554 210
456 513 859
446 608 804
182 261 229
136 318 869
131 158 604
507 352 744
246 88 875
571 246 582
476 351 395
539 261 951
546 592 397
436 745 905
611 103 789
344 124 573
162 157 416
233 614 292
153 272 979
179 359 883
71 67 59
312 440 34
506 421 585
526 234 33
712 426 317
681 481 302
83 451 159
47 291 674
259 480 825
329 191 939
650 144 430
228 281 335
245 457 333
88 208 162
650 231 830
176 660 985
53 222 666
505 492 827
69 414 318
610 503 665
63 601 430
620 286 412
341 167 52
689 95 615
53 475 272
641 423 386
216 492 921
255 171 790
143 349 950
27 356 98
327 454 486
50 324 173
482 406 18
361 107 868
138 702 345
708 618 800
446 606 389
105 147 416
701 723 465
156 310 885
211 353 565
126 172 297
645 425 509
195 319 973
167 251 815
410 548 487
228 354 685
43 53 512
728 77 81
450 738 798
660 614 151
379 713 757
457 449 895
116 680 244
208 266 517
304 51 408
523 400 87
96 691 56
623 669 453
208 100 892
185 453 563
208 429 457
244 447 956
1 20 692
548 206 936
91 285 898
41 350 298
299 141 638
589 488 298
506 548 874
58 524 181
16 151 549
246 31 902
316 353 1000
701 693 146
572 21 149
398 345 42
711 196 493
13 149 748
579 387 656
344 451 911
95 741 719
130 31 542
303 467 952
742 152 726
391 330 957
642 176 407
314 732 735
564 532 882
646 682 48
655 688 240
361 166 568
382 598 438
250 254 69
679 569 545
124 548 225
386 532 703
304 562 702
523 700 962
621 419 243
11 51 204
640 52 444
511 89 250
492 267 85
296 384 828
145 717 322
648 151 773
471 507 818
361 471 400
567 731 270
685 138 3
253 508 720
193 319 501
271 16 808
133 356 86
41 61 712
564 450 786
326 308 209
663 532 993
365 607 31
536 623 601
262 696 776
236 250 291
428 351 39
416 450 166
145 71 415
723 535 63
345 31 590
744 22 116
108 323 139
428 576 11
745 45 844
681 655 674
361 71 676
307 272 272
581 541 944
346 378 241
176 226 817
711 498 978
77 673 466
381 108 684
559 188 686
711 716 88
95 165 36
492 653 101
176 61 565
696 402 535
394 626 30
552 271 346
397 150 441
490 501 203
95 496 761
740 247 97
11 581 934
373 733 773
179 459 56
218 132 743
496 243 753
49 133 977
60 74 636
122 31 879
545 47 349
67 596 276
675 187 198
573 455 680
163 150 901
109 697 504
458 385 607
564 731 947
521 217 319
137 311 505
106 156 110
656 290 93
474 467 395
594 346 299
293 468 970
286 231 867
531 271 770
392 738 799
632 735 431
305 392 81
320 484 875
70 273 621
415 550 423
592 606 127
618 126 497
111 229 8
519 321 901
443 569 572
628 460 128
180 228 411
452 749 243
36 29 602
456 411 752
295 700 743
740 241 597
166 216 603
611 248 232
689 501 856
386 540 587
615 427 656
390 86 946
54 23 255
11 416 297
366 327 232
719 27 829
161 461 587
418 286 916
96 211 863
247 330 484
406 61 942
342 86 971
205 259 74
364 48 514
105 498 488
441 17 545
293 726 357
410 620 724
456 57 476
731 291 388
221 308 461
241 752 362
230 641 143
186 51 323
573 272 800
407 646 51
107 735 555
376 455 861
214 93 226
478 194 563
746 649 899
281 318 429
56 688 986
174 237 94
597 63 285
247 623 108
704 157 113
136 61 201
421 536 560
342 266 302
716 616 57
671 746 52
221 517 185
456 726 236
694 41 814
526 47 143
586 124 701
542 718 688
330 519 355
741 491 151
436 419 810
548 491 862
34 683 627
369 531 60
266 456 610
73 193 817
155 523 896
530 186 230
45 6 10
234 353 345
596 124 743
599 328 569
116 556 857
78 41 708
144 380 460
586 237 444
121 340 809
211 409 152
87 451 155
543 545 509
749 318 482
518 583 586
571 308 324
453 292 96
211 111 905
237 449 346
421 26 194
671 326 328
39 189 812
691 138 441
203 287 601
279 21 600
323 530 802
383 641 199
428 231 689
66 172 608
287 271 904
53 330 701
51 433 217
111 491 554
216 516 565
727 51 931
605 313 750
208 95 706
259 115 611
537 118 30
712 260 509
380 256 954
656 112 195
219 500 571
311 554 182
199 140 527
95 431 272
696 358 257
100 355 446
136 500 523
91 345 635
6 218 949
268 178 517
61 451 414
321 272 30
331 161 428
148 733 475
417 529 170
383 345 400
50 212 806
567 611 675
556 388 173
68 13 773
650 402 978
54 1 999
137 685 568
551 221 831
326 6 34
20 21 252
475 564 212
224 186 698
421 141 33
74 752 469
744 59 867
1 86 969
401 366 39
200 608 424
271 440 814
505 544 508
574 411 837
213 178 110
158 248 520
352 551 65
91 308 227
547 545 488
97 233 531
164 476 222
506 736 303
212 461 269
255 1 244
17 531 708
364 441 623
101 744 20
157 85 704
109 591 621
622 176 686
84 672 382
256 95 101
332 683 575
158 479 603
435 61 659
555 427 105
481 592 312
543 669 387
156 715 582
406 379 705
255 292 813
731 631 760
418 501 519
1 596 709
449 370 422
423 602 877
741 460 912
33 422 553
208 236 42
723 670 893
355 202 223
86 472 588
154 619 909
6 742 749
711 748 176
345 748 485
566 485 985
315 193 119
13 14 564
551 209 931
671 66 510
391 540 892
408 735 414
44 526 261
755 321 722
475 305 113
439 661 789
246 222 186
727 163 303
374 393 792
249 606 997
406 499 272
556 710 565
96 364 469
362 301 510
362 127 332
3 263 902
664 521 961
189 26 350
89 375 374
382 552 567
261 531 188
646 109 241
341 720 275
664 581 268
151 571 484
157 180 300
719 64 837
281 551 648
341 166 296
691 300 552
466 63 364
553 7 156
728 445 695
136 507 48
235 10 437
256 153 352
511 42 575
187 476 863
545 627 35
430 257 178
211 424 980
245 446 769
281 601 654
616 506 219
33 703 434
197 631 847
131 221 586
446 548 495
697 486 703
693 645 832
118 397 11
621 598 798
425 320 889
149 280 467
647 363 65
311 516 135
259 389 253
483 743 647
375 83 527
257 454 270
13 145 686
5 106 638
431 581 296
134 633 933
211 694 224
429 524 143
71 564 301
613 584 701
699 377 529
709 372 512
225 476 16
368 316 97
560 87 714
646 723 859
619 638 217
367 56 927
351 304 452
250 523 384
447 98 152
170 316 401
726 454 749
443 544 669
642 532 778
150 94 52
635 271 301
634 679 234
698 610 211
350 471 999
132 198 837
596 146 133
179 713 62
110 147 578
403 692 352
504 189 880
383 391 800
495 582 870
175 131 643
336 207 466
311 718 805
271 187 163
701 141 45
591 715 769
51 156 272
287 357 880
193 144 787
45 666 134
183 741 608
296 126 995
681 718 852
74 611 385
12 631 495
11 66 478
370 614 775
12 584 82
590 656 266
553 581 797
10 227 261
585 146 280
591 181 746
396 309 8
461 616 44
260 556 578
11 539 229
477 298 459
277 581 890
510 167 744
743 572 731
19 481 653
132 396 142
103 223 688
51 591 184
573 520 287
136 447 728
547 726 78
385 63 728
41 553 2
601 106 26
369 594 368
377 160 757
724 610 886
161 581 496
171 25 516
511 693 861
45 320 240
256 656 491
221 54 195
307 449 350
86 335 662
61 576 137
226 610 751
431 401 488
601 39 963
47 591 716
314 192 709
463 626 99
540 226 953
89 740 426
656 360 100
733 646 725
449 276 624
496 631 946
58 365 387
372 40 951
221 727 777
468 729 711
562 319 286
733 522 91
646 454 594
260 649 287
680 101 241
516 550 873
620 136 219
617 1 776
96 436 854
581 16 275
6 251 857
626 690 635
423 121 40
402 7 187
235 387 431
54 191 830
166 6 197
492 651 31
336 262 326
145 137 725
276 192 159
259 738 23
390 29 257
227 323 617
534 633 226
171 601 199
678 363 782
592 218 310
391 603 49
616 293 903
574 8 496
36 750 658
93 123 647
132 738 848
163 630 443
345 734 458
653 228 340
556 102 448
31 26 771
462 234 614
389 745 877
38 98 546
700 251 156
696 1 978
263 425 555
56 752 211
547 232 42
726 251 769
491 640 576
363 592 756
266 471 210
238 322 975
472 216 467
1 16 631
67 95 727
570 238 652
323 578 807
666 480 352
606 2 780
637 310 521
697 146 65
680 37 117
433 282 461
171 676 768
419 247 822
136 526 268
297 713 993
427 132 458
398 209 156
586 249 256
370 303 473
255 666 464
540 515 475
304 326 264
114 464 619
117 168 323
152 158 583
327 654 143
66 260 591
5 235 918
317 401 251
71 6 821
552 489 388
226 555 400
427 517 78
269 518 838
478 308 870
299 411 251
1 2 931
46 15 164
685 67 930
418 549 895
711 384 731
182 664 953
726 699 846
197 346 767
509 368 877
16 191 401
279 1 344
496 619 237
250 2 88
323 102 349
10 345 413
364 514 312
56 434 938
741 706 797
616 181 386
458 447 502
461 200 875
415 476 980
527 450 332
291 245 769
547 481 991
37 671 167
109 636 288
334 261 967
169 281 345
660 462 839
367 597 355
395 264 666
125 670 96
595 176 394
211 281 199
257 581 783
26 321 251
263 32 49
49 494 982
162 394 914
266 81 285
368 697 78
605 93 251
195 715 778
371 266 441
353 429 63
2 262 836
496 614 676
102 570 968
244 266 298
211 5 251
215 494 381
502 399 87
522 300 3
486 402 672
159 597 348
335 246 974
591 40 516
654 79 994
572 252 673
662 76 526
297 96 109
341 191 3
57 342 678
684 615 205
111 260 587
495 101 210
591 391 564
222 184 734
407 196 327
551 301 354
87 499 1
123 285 925
531 554 911
720 127 128
261 171 93
218 426 428
641 737 15
346 278 142
559 599 603
647 513 670
126 472 700
294 274 665
67 541 854
64 283 783
626 510 774
117 577 176
93 131 210
131 516 781
165 286 370
147 673 246
17 261 546
522 104 784
657 679 404
46 658 794
461 11 602
79 113 565
551 571 64
392 589 243
312 48 649
63 449 196
607 152 990
192 658 607
507 447 348
720 381 83
13 39 296
749 483 42
485 557 226
558 9 163
526 398 102
601 680 888
641 661 672
305 480 555
192 139 717
416 591 737
515 169 849
465 14 430
521 24 136
78 661 565
701 387 443
409 621 400
95 150 15
352 432 441
726 690 646
35 394 191
646 527 765
583 609 861
241 171 282
397 406 892
350 491 932
738 378 233
19 43 481
54 688 560
715 93 520
276 422 539
391 348 808
284 390 450
680 59 406
663 472 719
205 75 254
653 202 673
196 271 503
566 48 787
321 402 995
586 420 542
471 523 844
210 136 230
377 693 324
273 727 405
687 482 214
136 253 717
720 537 664
694 437 227
61 426 517
31 656 633
6 31 64
212 39 723
401 237 509
337 655 497
745 659 95
412 440 308
584 585 75
611 454 772
557 306 534
261 661 654
211 280 684
405 422 106
606 396 765
129 579 124
221 506 197
733 199 540
325 511 282
446 261 886
318 416 679
669 421 709
173 418 212
558 387 956
731 104 358
524 156 565
534 76 269
140 709 989
524 271 413
415 589 664
90 166 24
609 511 62
511 589 721
181 692 529
35 327 923
561 111 263
681 33 239
296 151 149
14 258 948
491 241 340
56 566 161
571 293 109
716 638 313
488 224 212
567 402 527
324 339 418
86 98 135
183 450 610
460 236 409
634 610 542
307 401 448
109 172 638
398 130 370
643 81 679
578 710 498
161 481 527
147 645 316
688 709 818
414 694 704
96 721 369
58 102 419
220 454 596
743 501 202
310 340 113
66 292 256
123 415 497
134 187 377
671 591 601
126 85 835
456 236 420
267 361 280
741 216 921
351 350 639
236 23 148
286 306 355
391 45 875
491 228 376
476 128 744
631 301 364
30 173 818
502 221 558
1 12 418
362 173 922
427 131 673
41 701 600
680 696 879
321 222 556
736 164 392
6 17 559
451 213 721
301 710 681
146 620 640
161 544 201
460 455 859
287 632 413
46 81 994
242 668 533
161 590 557
206 602 609
746 376 432
578 247 462
250 317 72
140 71 60
261 351 393
357 244 739
336 502 450
676 544 226
531 646 191
421 138 840
562 646 508
337 99 429
180 26 63
279 301 946
302 722 519
719 366 904
411 712 638
192 95 672
66 443 648
661 568 622
150 176 94
331 281 705
416 296 664
329 694 284
185 286 801
349 409 7
521 469 956
481 656 398
296 550 723
507 719 740
336 603 388
187 210 836
694 740 358
311 615 563
325 586 19
360 741 791
246 38 501
172 676 470
174 333 233
547 228 527
736 347 612
401 654 809
343 236 291
396 400 841
481 698 70
418 280 654
490 152 850
121 188 626
327 331 89
197 668 172
99 220 479
289 603 463
196 421 583
62 476 157
680 196 692
642 386 628
241 46 760
412 552 369
9 362 545
740 244 433
475 698 728
346 21 851
632 635 323
438 536 306
273 347 887
467 225 866
355 486 334
451 405 504
401 604 397
474 706 626
567 42 368
396 412 887
584 652 499
116 44 455
299 1 828
140 138 638
377 488 968
228 628 543
236 46 75
349 523 350
180 106 487
168 6 966
147 453 24
34 627 376
627 355 214
440 221 98
754 611 505
18 71 857
81 581 329
61 86 99
86 278 441
163 1 324
316 652 840
602 56 618
653 729 354
125 592 297
662 454 433
343 500 376
572 507 247
541 70 763
459 528 641
129 698 780
543 56 387
714 331 967
164 548 117
172 549 229
460 44 12
242 132 393
529 754 292
640 181 259
697 351 511
71 1 372
72 460 199
320 689 202
528 78 89
312 441 193
132 376 750
119 539 492
649 706 463
121 309 149
684 321 226
65 81 288
84 494 614
381 236 407
209 572 298
619 327 576
270 551 126
611 526 118
555 403 317
677 731 382
736 148 142
154 366 664
613 324 198
4 7 287
614 42 474
591 358 460
170 215 638
58 154 865
489 125 893
149 356 209
361 108 982
122 142 226
96 62 133
499 498 16
657 376 500
343 493 309
149 504 637
21 340 272
672 27 358
584 545 83
545 451 578
24 72 711
171 658 78
202 341 312
591 731 192
145 289 551
713 401 746
635 479 40
604 190 944
344 35 111
668 69 766
527 277 454
431 666 561
251 656 832
527 146 439
401 156 283
649 454 472
399 153 90
24 650 141
517 342 378
263 389 677
521 290 719
34 518 389
293 692 649
241 101 573
86 325 639
633 228 568
630 171 996
177 81 788
192 332 505
498 60 614
419 96 400
706 20 521
738 31 785
53 260 416
291 336 826
644 691 459
351 705 156
399 734 236
276 697 108
26 60 766
276 476 648
357 286 913
685 540 443
683 331 200
176 471 424
528 678 142
203 90 684
231 302 879
423 112 612
456 106 611
316 654 64
666 525 723
203 255 89
31 409 265
639 323 518
563 431 118
41 308 629
160 195 490
509 371 257
26 15 817
79 227 317
345 747 497
101 700 748
226 64 618
426 456 640
241 591 678
714 672 767
573 141 853
173 441 153
173 745 225
359 176 657
338 590 207
181 208 133
686 305 796
361 488 480
687 520 915
60 652 131
640 251 490
198 576 190
181 689 850
523 41 813
87 531 938
306 141 501
329 671 551
461 425 15
251 9 771
534 666 601
381 485 712
641 146 405
166 66 259
726 187 362
146 226 156
541 92 661
9 629 395
565 466 219
126 718 852
584 504 578
194 64 206
499 417 352
478 377 971
294 326 3
185 415 577
644 647 348
136 111 540
736 621 1
385 663 363
70 73 980
392 98 714
521 393 171
140 26 74
1 652 280
136 731 195
186 56 510
371 706 919
713 276 548
166 247 835
456 546 725
9 315 473
307 351 447
592 521 953
150 472 417
408 355 773
5 649 866
193 516 394
641 585 22
491 553 101
582 677 682
152 569 862
412 620 933
61 154 253
549 524 82
569 529 565
125 167 700
481 81 561
136 220 620
535 556 692
416 666 716
595 292 463
16 213 635
378 130 764
406 202 296
91 176 890
432 394 216
301 613 381
606 731 551
430 577 257
62 554 343
476 518 404
66 346 979
411 108 345
30 461 388
54 343 99
613 209 148
241 604 837
25 433 605
230 486 275
71 99 418
571 563 815
321 157 788
347 161 943
406 556 69
150 711 974
368 721 736
591 246 543
261 538 770
468 716 853
563 654 696
70 425 248
608 639 778
556 579 856
200 442 424
668 499 387
491 390 788
223 350 340
482 496 39
40 477 532
11 305 818
574 737 563
181 556 309
714 286 246
62 274 66
198 122 766
136 661 537
40 396 62
51 169 111
446 666 163
529 414 695
96 112 699
708 493 397
80 627 142
204 471 971
586 263 46
97 416 382
153 146 432
335 355 377
251 561 971
357 261 267
29 64 536
33 488 578
7 215 448
379 27 715
557 471 206
361 534 601
712 234 63
256 277 461
333 708 234
184 447 572
672 504 427
327 459 221
143 16 353
350 156 147
278 460 503
58 487 807
440 500 520
705 149 787
414 31 411
123 615 848
583 661 367
609 623 533
727 15 723
182 633 38
541 120 93
461 754 444
136 293 780
527 608 299
155 259 595
22 603 346
266 299 69
731 710 779
330 140 98
381 560 52
240 296 188
132 77 85
561 488 83
578 214 707
639 117 427
336 430 660
53 428 786
59 454 422
626 317 502
323 736 704
670 683 47
347 686 842
366 443 474
437 405 557
671 387 801
571 730 813
259 368 369
527 726 937
521 684 974
61 216 798
365 146 560
241 658 952
273 151 89
209 651 203
402 316 407
346 246 278
133 256 340
724 159 270
457 126 215
136 328 424
7 347 434
557 484 683
100 272 22
260 310 481
175 511 964
11 64 560
50 246 269
133 681 261
541 546 618
307 410 973
349 46 850
46 290 239
142 668 976
88 200 658
744 590 614
235 747 198
10 316 205
109 493 72
86 236 819
260 329 983
61 639 413
440 76 451
499 335 581
417 38 280
645 476 952
11 732 25
282 95 849
347 509 808
516 295 448
542 471 52
600 231 941
320 721 852
688 590 845
373 22 817
266 441 160
181 509 524
716 496 233
339 641 261
627 361 537
552 660 672
76 232 757
192 599 393
566 708 217
531 183 832
741 444 372
232 110 141
399 630 536
441 621 146
256 362 736
101 316 802
696 133 298
559 1 625
73 371 20
715 81 733
530 371 310
135 17 696
387 748 913
234 309 468
475 441 681
623 378 411
576 319 606
706 4 881
226 715 937
151 152 244
342 501 38
165 100 584
119 706 466
335 717 869
416 517 178
115 251 192
519 742 334
603 178 831
659 543 638
49 390 630
268 166 10
676 376 520
27 510 378
484 14 119
1 11 6
128 72 348
310 661 806
571 321 20
700 688 999
205 230 531
25 287 39
556 541 167
176 335 429
420 732 403
163 396 610
641 20 870
301 740 137
52 551 638
534 170 409
26 116 223
626 214 50
241 723 313
55 211 126
461 440 892
303 646 462
745 6 200
368 688 995
31 279 17
473 719 922
77 506 209
523 67 99
673 258 414
526 78 288
532 556 370
667 569 40
109 443 701
256 93 950
297 363 281
450 346 231
530 350 528
288 541 772
286 411 403
484 496 617
100 226 557
188 64 777
686 178 139
406 646 86
175 353 352
13 81 105
592 400 73
600 736 356
69 547 829
663 306 282
594 324 300
393 140 630
206 51 432
92 49 326
161 173 232
351 147 786
36 71 680
77 465 716
506 556 806
431 36 389
164 676 257
630 580 769
246 721 481
411 161 312
326 745 276
616 121 447
311 317 954
12 33 233
340 635 905
106 669 123
311 680 971
50 174 810
550 522 987
211 605 347
311 380 168
359 433 790
21 371 815
515 725 129
444 736 330
446 491 855
303 333 728
671 551 791
116 518 982
657 269 476
155 421 676
378 399 893
141 698 715
6 268 559
14 236 408
331 130 288
68 179 155
43 211 159
683 286 449
486 90 826
48 623 983
651 51 52
422 440 515
706 436 734
629 398 908
371 539 443
31 407 516
151 44 215
643 332 999
510 611 579
105 454 825
469 299 291
173 426 290
203 617 578
62 486 943
581 328 413
466 203 55
19 489 217
581 236 233
582 149 892
121 646 664
730 719 995
383 372 877
264 696 652
427 580 425
500 211 228
35 109 706
11 473 368
722 254 320
571 264 467
80 482 66
720 391 488
137 401 38
236 60 29
359 507 371
4 542 203
596 207 214
569 611 894
201 111 504
29 171 867
692 83 281
31 421 791
87 160 719
75 268 915
605 426 834
48 569 711
322 143 199
183 420 813
605 50 925
379 50 662
24 110 936
345 626 55
471 40 183
608 732 927
478 678 70
177 168 751
138 198 173
486 339 613
39 117 364
85 536 840
182 706 895
85 337 780
443 524 961
596 380 442
330 388 837
729 601 912
47 45 77
408 90 405
376 571 476
608 683 30
25 540 793
106 260 552
575 99 643
283 241 220
363 611 596
99 381 683
101 507 660
365 561 859
415 213 830
343 476 844
659 205 648
467 146 316
496 708 712
596 671 908
662 470 907
713 521 415
331 715 70
13 232 993
394 689 799
319 159 443
493 716 450
252 634 746
66 513 8
308 26 969
73 367 770
396 313 29
411 747 606
36 341 281
667 557 149
197 370 43
527 689 826
641 526 697
371 711 91
620 553 403
190 596 940
341 146 545
63 289 667
226 272 214
605 61 161
129 61 95
31 210 860
177 325 675
443 262 963
631 711 209
256 121 716
492 421 235
198 171 737
185 751 12
558 311 474
198 586 837
21 636 177
216 326 349
543 405 317
268 631 283
542 456 315
721 676 310
607 184 912
256 346 248
206 466 599
492 726 620
43 281 383
196 433 981
224 491 930
471 666 150
685 446 884
72 174 206
446 376 62
686 216 354
146 637 425
302 618 283
363 91 259
317 60 900
463 304 99
346 133 133
701 456 642
114 585 279
646 398 386
50 64 975
404 281 103
754 287 674
191 546 661
201 91 398
556 152 210
155 240 871
743 627 596
76 670 804
255 616 5
46 454 489
254 428 583
74 71 753
676 129 102
197 591 321
64 696 855
335 41 234
419 292 986
374 123 50
167 626 442
117 376 405
242 308 926
296 35 138
106 680 640
743 689 822
104 696 409
487 287 162
26 301 136
103 502 700
84 416 487
171 336 371
722 348 438
241 343 224
302 591 967
81 106 765
138 104 789
202 733 448
6 361 832
1 5 454
488 582 199
369 78 821
450 409 798
693 378 594
300 722 765
268 537 856
410 682 433
743 497 679
566 377 925
85 303 979
21 30 720
494 275 462
304 355 814
581 344 100
654 582 485
441 164 296
398 522 368
569 50 920
532 39 596
2 200 173
555 614 340
261 696 516
641 688 330
523 279 235
443 146 873
531 398 234
66 17 823
131 754 55
226 71 800
512 652 415
244 741 9
689 63 451
58 4 323
668 33 999
303 506 946
253 557 123
461 654 217
66 350 522
694 453 941
408 602 899
309 328 232
503 243 544
390 271 391
385 15 861
143 686 831
41 581 47
3 628 719
142 172 134
204 146 944
15 460 821
608 386 337
648 51 633
245 144 864
497 678 376
138 51 36
464 352 527
616 310 970
431 405 413
392 286 696
416 493 720
612 734 415
749 371 383
111 404 740
88 217 119
188 285 442
350 232 161
166 744 230
397 401 978
546 146 483
606 633 375
536 262 7
264 168 91
281 31 698
208 607 417
188 531 791
346 369 124
666 602 108
1 391 659
461 630 641
197 218 861
149 666 984
348 142 926
727 349 680
342 51 647
46 529 640
192 446 731
336 201 501
299 471 809
549 382 292
292 565 327
567 427 140
420 605 341
227 531 138
61 204 93
470 271 52
292 110 623
386 462 314
735 323 285
578 685 965
86 541 467
41 135 886
621 698 696
460 116 41
181 369 269
228 523 524
117 43 240
245 16 240
481 572 538
567 23 36
501 233 4
568 269 295
407 674 597
314 686 385
451 103 791
272 741 205
91 74 728
338 164 382
338 241 688
359 656 652
266 731 552
175 341 682
319 669 697
476 677 244
554 454 908
140 156 253
504 391 941
197 199 5
430 621 33
107 602 978
21 134 506
425 545 995
69 723 307
528 162 529
571 134 419
576 496 486
527 556 357
377 444 196
479 547 812
358 732 591
236 291 794
682 276 791
466 27 807
523 701 757
646 549 363
671 194 327
131 491 129
35 107 23
27 52 794
156 506 587
643 88 13
64 337 447
576 70 130
254 100 264
385 3 399
362 558 626
705 253 815
535 114 826
326 725 981
146 299 691
4 152 326
641 401 751
298 243 117
373 432 697
626 451 617
667 299 301
581 526 137
676 299 816
408 101 183
126 65 477
722 728 90
464 270 228
540 742 990
483 1 330
151 235 449
621 516 134
631 191 91
383 407 271
474 466 811
581 53 774
511 457 169
555 76 529
668 461 124
583 739 875
91 356 824
37 631 443
186 486 467
152 506 435
386 516 864
301 442 703
601 317 922
281 185 231
357 598 385
472 411 237
586 137 563
116 36 978
407 596 927
746 521 867
394 184 97
284 366 536
436 140 480
620 331 413
325 691 183
294 146 68
436 434 631
45 388 390
730 159 967
1 92 564
191 646 616
296 456 956
46 690 861
74 418 632
66 71 583
721 626 268
612 372 98
391 114 959
267 51 822
589 42 906
534 114 90
506 440 353
562 338 261
449 175 513
390 170 128
381 282 780
612 391 999
202 49 316
578 680 450
286 449 277
328 169 169
106 741 676
618 270 206
253 571 182
343 289 891
185 197 333
246 535 361
159 641 555
615 261 626
400 214 490
225 526 55
311 454 215
569 150 681
273 652 407
23 74 461
103 159 302
744 357 175
516 121 642
201 66 668
242 580 748
13 79 219
592 477 621
31 63 615
336 247 592
314 716 620
605 741 665
390 488 623
1 687 521
354 593 865
528 520 151
81 349 536
282 713 564
76 81 683
485 166 958
183 395 22
209 240 323
678 716 962
341 699 844
296 431 46
409 191 668
75 441 292
92 611 930
731 341 63
483 66 289
163 749 935
147 381 926
296 457 951
191 659 19
211 28 487
71 118 272
392 149 223
426 730 327
137 81 15
79 386 838
59 461 544
535 741 894
181 729 961
333 476 350
663 432 83
2 566 672
171 394 583
96 275 188
391 291 739
743 591 340
640 341 217
216 22 723
455 467 765
239 360 557
505 26 146
271 198 836
681 1 821
534 750 916
211 240 352
578 95 791
72 192 997
591 316 16
552 661 932
413 589 100
591 596 823
374 263 550
276 359 468
45 530 559
566 589 808
144 103 811
697 122 116
596 688 87
291 390 535
632 656 535
690 656 710
207 335 540
451 34 844
91 337 479
82 11 662
384 216 153
173 696 131
646 666 638
731 439 923
468 486 765
646 267 305
461 191 514
679 480 804
414 111 482
535 241 420
67 379 339
156 95 935
374 336 935
531 302 519
357 581 660
448 245 134
143 375 795
151 723 728
628 734 193
231 692 475
326 706 687
491 452 124
641 112 344
189 213 334
514 519 180
414 518 403
168 411 321
617 652 700
421 181 988
605 160 895
496 431 221
677 531 517
323 26 52
285 344 940
38 629 21
511 160 358
626 741 657
24 294 174
648 296 855
329 324 200
286 406 233
703 620 737
566 32 508
435 303 577
407 293 7
24 168 948
5 711 515
242 516 908
192 533 158
543 328 475
47 448 777
6 181 269
283 590 618
176 69 530
206 306 104
453 70 390
746 713 209
234 94 119
432 224 588
164 572 168
462 359 228
189 558 883
438 412 208
113 746 466
621 583 174
271 697 552
102 584 584
406 342 490
289 433 752
429 640 557
468 621 274
405 116 508
229 321 822
251 353 821
671 79 528
597 608 220
617 619 432
298 394 258
265 269 907
427 626 528
461 551 618
184 393 25
172 41 663
494 587 18
651 449 100
521 541 38
152 688 299
671 649 907
395 324 550
581 539 810
281 614 205
358 649 759
355 350 576
619 296 111
260 491 781
675 7 739
210 681 88
361 574 507
213 315 954
151 585 688
723 159 188
520 277 296
63 653 493
671 100 806
714 21 265
557 275 878
23 47 31
57 666 210
307 650 416
76 171 82
293 67 191
475 594 174
9 45 886
481 550 498
583 135 743
254 413 297
431 116 657
389 626 320
436 375 169
36 354 418
524 518 857
751 130 760
33 526 572
88 688 525
432 211 129
10 229 539
290 489 312
368 605 467
406 172 645
17 136 504
226 546 288
5 206 731
554 120 882
472 641 890
101 385 269
76 121 77
62 427 858
146 643 268
253 487 182
543 360 303
15 518 946
222 176 706
268 287 757
336 167 932
526 698 952
425 233 169
22 254 440
438 109 87
48 488 599
200 481 701
478 404 985
112 480 360
7 91 67
308 376 408
198 347 620
495 559 923
549 210 766
8 252 782
488 575 205
278 320 690
235 241 977
555 676 396
330 316 274
470 386 802
314 209 532
681 518 492
608 601 387
174 407 214
168 656 178
228 1 510
109 477 679
53 276 659
159 207 791
463 686 73
19 115 23
101 616 793
79 116 91
635 321 471
310 528 708
56 71 775
381 462 14
75 622 165
499 521 48
630 157 78
13 682 399
328 342 350
166 106 811
143 566 816
133 344 145
624 184 112
7 676 894
9 681 353
626 76 498
252 31 193
343 631 133
211 704 492
684 633 617
214 634 914
72 676 666
20 37 12
666 351 83
56 41 278
556 87 750
674 493 844
15 116 501
267 601 785
489 640 439
510 462 658
151 394 855
337 739 992
59 518 33
721 349 153
579 680 773
609 270 349
752 358 691
752 501 821
151 184 351
711 243 338
538 110 138
413 188 474
555 660 707
364 291 456
717 613 846
61 143 308
152 69 902
483 744 61
293 125 615
102 600 796
80 296 399
574 67 622
371 325 953
265 176 177
81 482 715
546 268 401
125 707 152
61 33 832
43 114 408
741 286 96
516 243 488
148 194 331
299 395 80
607 243 476
196 482 432
241 114 422
553 666 526
256 322 550
270 679 280
325 3 746
45 171 704
485 408 282
187 753 126
659 319 573
701 179 674
712 235 400
576 596 558
706 504 314
401 294 165
111 619 323
253 69 5
356 76 118
80 383 920
730 97 741
33 525 129
549 137 316
45 386 493
307 181 868
454 679 177
318 400 1
14 444 624
699 77 919
336 48 683
603 319 523
307 552 883
477 512 824
190 305 452
61 27 186
51 100 708
675 707 719
434 166 210
681 434 916
140 513 521
686 416 245
373 426 830
212 93 195
236 38 50
221 158 182
571 631 558
367 15 34
47 417 544
736 234 458
701 438 114
260 466 266
503 330 4
726 315 49
592 428 106
68 120 946
117 87 121
49 56 820
711 654 645
461 577 137
360 417 43
61 270 823
236 299 566
448 325 852
339 317 660
231 189 92
69 396 174
131 410 459
551 676 532
13 19 463
433 536 907
328 620 300
522 356 143
755 46 448
11 295 839
283 116 830
337 206 619
112 689 701
76 431 406
727 47 39
476 539 577
724 46 100
715 491 288
608 491 455
246 295 255
516 7 982
242 681 827
515 611 490
570 170 581
476 520 556
421 445 911
5 456 431
161 698 340
281 436 32
187 53 715
504 614 841
176 413 92
712 661 494
33 342 207
341 162 657
376 687 994
331 611 46
47 425 831
716 751 773
166 304 195
596 556 269
363 494 270
591 278 371
275 511 946
549 309 509
55 78 694
156 541 807
295 281 84
61 2 42
409 633 403
100 325 307
477 146 59
495 728 633
7 732 264
256 436 275
754 264 139
559 494 532
226 504 857
746 234 482
41 116 972
436 622 428
674 704 736
162 465 920
534 647 138
558 665 399
378 586 694
590 461 607
101 221 870
731 2 389
257 32 470
691 597 116
146 627 583
111 350 241
51 291 773
257 561 120
634 622 378
719 200 815
255 475 44
195 10 719
741 563 166
376 161 229
580 597 867
470 607 849
288 661 583
689 172 750
734 728 423
50 411 536
679 739 341
397 644 360
437 391 900
284 326 293
197 383 175
365 185 548
478 263 265
92 416 425
441 716 39
402 413 333
288 151 307
655 319 537
441 477 717
369 721 68
301 685 346
175 407 18
588 498 494
626 364 54
31 710 529
741 440 784
735 79 44
125 186 485
751 279 109
72 289 66
577 57 205
298 59 767
376 407 619
620 311 515
630 666 777
304 621 736
110 306 341
328 106 414
402 27 15
401 663 807
751 88 985
173 109 275
685 501 968
447 211 586
466 122 974
424 64 599
403 152 319
543 508 977
641 745 252
563 356 86
191 637 876
608 451 315
109 745 11
180 495 72
302 506 395
76 333 553
286 632 250
707 701 476
398 145 853
651 597 40
174 592 574
371 321 42
643 712 864
261 611 915
390 470 128
684 526 145
64 358 369
76 666 654
694 215 85
134 600 956
541 251 268
691 417 797
37 393 590
53 640 245
441 666 153
117 233 391
359 411 562
318 493 591
362 386 781
253 215 170
322 396 263
412 646 297
606 258 467
651 541 20
155 236 47
622 430 778
253 755 36
643 341 742
349 715 180
178 255 717
164 751 496
467 46 659
437 475 155
507 388 750
542 462 88
454 66 90
649 221 395
137 151 985
525 642 870
144 691 220
356 513 754
296 332 116
57 474 491
194 353 411
210 46 725
421 530 426
687 145 309
513 423 470
22 186 761
653 328 455
26 36 510
67 180 906
713 230 608
566 243 618
685 467 390
469 431 727
313 10 69
731 445 543
320 85 447
406 672 778
344 527 92
7 636 432
271 654 444
366 649 176
303 145 600
306 524 198
411 652 102
450 384 863
3 76 954
96 101 689
267 115 574
653 335 807
62 31 478
51 324 753
646 61 356
206 11 886
646 201 930
644 636 446
388 576 800
516 42 984
371 648 333
247 366 153
61 409 874
564 406 336
310 181 84
129 412 906
106 188 330
251 441 639
613 22 723
341 18 681
246 186 940
361 475 976
208 182 294
468 231 954
311 391 951
655 343 81
578 37 686
250 743 300
559 196 414
392 630 964
336 672 868
413 147 314
596 226 553
527 324 445
364 494 419
118 611 633
441 466 813
53 117 613
188 255 276
347 30 341
86 658 769
609 695 754
644 210 74
110 364 552
675 505 519
475 733 767
306 312 21
312 588 423
354 612 749
283 347 612
428 271 686
386 146 408
124 461 108
683 131 807
323 518 622
169 201 20
711 406 51
114 554 521
687 652 225
642 303 877
32 131 812
706 540 278
381 202 731
721 161 327
466 396 662
389 75 819
486 716 769
717 155 427
422 692 98
239 381 142
96 13 366
141 718 553
8 233 141
339 451 252
743 585 808
519 749 425
466 747 375
8 426 662
448 163 279
281 483 836
305 309 894
417 232 161
97 100 666
260 495 852
236 512 825
138 177 899
203 411 445
67 265 777
271 346 560
741 326 298
246 711 56
191 725 655
601 108 366
539 44 845
741 351 670
616 433 598
16 289 537
396 262 272
443 385 752
341 501 716
283 229 725
338 99 179
12 648 334
371 548 930
6 38 624
645 357 611
310 693 392
313 426 453
246 340 651
91 360 639
427 303 251
163 466 221
686 46 791
358 199 456
640 675 403
609 555 44
194 465 248
414 755 34
91 450 662
314 370 774
263 457 75
323 286 873
37 326 53
86 604 267
597 207 426
465 28 865
9 483 343
86 341 404
214 398 595
314 15 803
114 469 623
56 176 982
121 139 489
715 444 585
259 313 845
175 713 725
281 236 703
49 716 618
127 421 714
693 725 222
382 35 840
483 493 476
676 654 860
238 221 58
169 678 248
36 673 322
409 78 668
592 641 920
213 171 812
660 7 152
140 605 704
37 390 970
1 381 973
89 230 361
288 274 118
474 225 253
416 470 624
517 656 689
116 16 938
539 339 431
13 22 35
411 454 64
558 106 669
206 271 617
399 75 469
301 543 377
256 141 96
285 101 599
118 21 648
191 176 717
393 435 694
431 276 224
227 716 714
262 467 103
557 311 559
135 224 234
676 272 854
678 714 244
151 475 262
489 367 326
356 70 235
156 265 350
475 577 534
366 67 727
178 538 415
74 176 533
290 708 187
410 483 58
738 684 875
103 277 829
26 229 175
636 475 767
61 523 837
419 483 369
731 528 207
308 386 918
211 611 24
102 70 731
474 320 815
510 126 620
571 147 510
306 713 7
679 445 281
55 76 859
127 251 327
463 518 609
336 498 334
451 735 42
455 206 979
385 506 360
571 539 18
725 343 11
313 117 518
320 430 879
588 21 645
720 152 816
45 290 341
26 508 817
678 406 226
409 519 35
694 386 372
9 220 950
268 534 305
321 488 909
318 526 761
445 155 682
4 429 586
360 529 89
148 181 792
532 368 976
79 118 261
436 404 259
267 425 118
471 218 244
120 69 458
692 228 430
372 202 14
321 352 239
741 254 703
341 143 182
60 178 775
241 358 465
329 601 802
71 222 632
229 430 939
57 7 149
694 627 60
101 709 413
313 638 473
15 183 298
240 320 231
249 321 441
254 105 591
682 370 875
641 78 112
448 136 761
605 404 350
386 531 628
38 119 186
241 276 239
693 518 695
493 517 598
451 164 223
91 163 396
1 25 87
558 249 841
457 536 237
29 488 149
711 157 392
252 700 392
403 732 713
503 416 759
99 511 176
56 129 10
551 76 509
390 650 752
665 506 62
303 371 723
174 129 338
731 622 99
363 214 314
153 626 715
420 113 232
406 325 440
689 659 289
704 677 583
711 98 908
103 333 629
215 741 928
65 502 487
227 319 419
34 495 384
486 331 936
81 191 242
37 227 24
264 563 316
214 84 809
196 403 866
673 689 663
548 474 133
328 171 358
17 32 626
7 451 943
135 302 286
431 321 894
136 426 103
458 293 66
84 338 840
356 498 729
651 325 322
82 27 563
161 171 864
560 121 149
12 540 467
686 390 289
751 384 103
459 1 505
58 269 208
157 716 538
632 426 231
461 238 598
327 276 193
84 96 727
431 191 445
604 234 998
212 576 704
645 460 517
12 684 711
1 671 460
462 153 45
103 625 810
450 211 407
369 6 91
601 687 653
476 728 505
285 692 680
141 510 425
15 90 508
4 41 431
505 658 270
463 747 65
91 71 825
178 105 356
444 285 101
525 619 43
221 245 605
537 29 491
316 741 407
609 673 558
554 314 43
122 249 379
693 146 686
471 721 247
390 692 339
166 398 584
634 425 253
378 606 646
418 426 942
153 96 84
35 143 679
241 210 996
616 302 758
601 514 786
482 325 900
380 640 52
428 559 345
507 99 40
166 281 266
157 373 46
401 376 645
427 586 593
583 672 325
162 519 475
616 364 264
30 118 865
734 328 613
388 292 843
579 2 839
78 110 963
259 404 235
239 51 49
557 76 534
198 708 339
419 17 523
199 515 542
601 233 174
165 227 495
381 194 540
513 437 926
343 399 67
601 253 643
13 526 724
57 439 155
605 344 42
676 188 729
255 303 448
115 713 982
291 228 724
560 258 722
18 716 775
298 395 816
57 187 591
269 170 574
200 245 192
331 645 645
407 513 828
293 288 772
595 696 606
44 567 178
221 244 535
38 210 857
164 726 377
326 514 861
594 437 286
529 76 855
405 369 676
421 671 933
416 76 601
7 9 996
270 57 948
484 316 166
26 511 346
40 397 638
536 257 756
386 96 455
447 229 592
654 502 808
104 438 793
696 589 903
523 425 975
455 116 253
639 679 343
275 450 572
311 550 78
110 637 426
416 441 965
586 736 544
557 653 865
238 536 288
606 224 694
449 64 456
719 159 714
564 220 358
639 23 527
568 338 155
572 162 58
536 416 899
133 691 484
81 400 647
444 432 182
202 496 656
377 276 24
150 463 974
527 87 203
118 703 49
393 689 92
454 532 197
374 432 757
32 343 222
648 258 586
187 411 120
754 106 435
559 471 871
316 54 515
613 686 935
152 378 495
580 435 231
660 255 645
446 537 421
183 92 876
10 214 157
46 203 897
585 430 868
305 625 54
401 434 682
6 238 287
303 127 378
393 605 766
578 683 970
691 317 693
614 501 697
88 205 134
448 39 73
38 40 221
6 65 241
152 290 220
712 542 383
415 117 455
211 364 461
342 50 543
626 162 205
376 126 379
140 81 218
131 654 598
297 726 342
376 423 239
646 110 307
413 457 887
595 146 105
146 272 138
517 181 807
101 142 519
541 358 654
621 329 640
596 645 387
6 726 890
142 397 76
391 315 166
547 497 255
401 746 484
241 357 102
556 721 458
447 582 875
521 221 330
281 335 877
166 407 900
646 327 136
204 686 131
701 751 682
426 702 975
402 286 110
233 36 613
289 512 19
313 521 635
46 26 62
18 128 115
278 119 964
83 212 871
358 86 871
154 656 956
566 681 192
266 595 256
54 159 513
643 542 610
1 519 585
75 706 757
154 73 766
691 302 211
694 178 820
686 76 578
12 474 793
703 309 439
311 16 859
726 16 335
648 106 754
399 97 300
384 291 730
606 513 325
48 403 114
18 391 831
500 687 516
233 187 185
583 614 789
135 508 285
475 442 957
274 445 721
399 291 802
67 129 792
326 602 566
12 260 173
162 288 591
586 470 60
31 651 671
328 517 719
714 501 632
171 337 118
55 87 286
621 96 485
332 257 538
616 619 665
433 649 223
459 367 844
446 711 279
423 441 18
392 426 335
269 9 291
463 617 688
741 442 228
218 543 324
129 669 669
168 105 906
651 426 368
651 46 989
512 357 29
750 507 922
141 552 534
503 379 347
722 617 911
258 372 866
216 471 594
501 627 510
249 432 313
139 517 212
248 230 212
753 210 749
2 616 152
4 275 539
601 223 173
245 603 627
462 641 469
684 293 21
642 339 554
146 63 625
200 646 190
526 556 285
346 584 760
407 476 156
304 458 697
169 244 815
283 369 958
343 253 383
706 253 11
61 433 529
177 551 948
624 638 735
127 273 854
416 481 715
98 282 991
341 46 543
524 252 384
136 398 964
270 365 639
19 544 686
545 166 866
392 704 261
116 602 82
448 49 665
101 531 86
355 653 889
166 69 56
499 610 6
306 575 761
9 296 309
458 666 838
106 446 400
426 505 749
717 401 661
196 86 364
666 607 481
380 273 330
47 429 51
124 136 988
531 120 662
77 304 334
1 8 278
6 242 932
740 368 918
733 403 414
259 417 156
301 347 944
245 4 934
644 163 226
349 469 88
636 726 203
90 137 518
616 740 812
634 471 46
350 84 997
667 396 691
211 201 959
501 569 619
347 176 207
544 46 356
531 230 817
516 394 283
352 197 133
575 229 950
131 186 561
544 306 538
481 638 684
293 707 997
360 1 374
154 259 94
557 715 472
641 547 948
68 162 531
727 664 731
409 529 837
238 169 236
86 267 870
280 358 14
119 693 336
310 97 940
557 230 431
340 496 510
139 378 718
518 744 961
741 406 539
429 724 655
670 454 940
343 382 128
699 727 115
633 560 947
120 214 223
60 104 137
295 149 501
480 523 600
309 145 710
227 618 711
95 596 571
25 719 330
136 166 728
429 72 925
601 411 420
151 680 424
405 465 221
152 1 58
605 736 397
197 62 746
265 95 339
640 235 916
234 41 788
173 69 839
37 210 766
528 721 10
712 96 897
681 699 784
46 103 772
410 98 499
187 91 840
521 506 959
308 422 549
188 123 311
272 231 805
542 436 372
668 739 856
136 516 343
148 399 83
263 687 702
589 429 496
361 433 149
58 731 632
722 666 733
398 346 665
411 698 15
111 123 463
489 453 303
256 541 701
98 96 841
470 570 637
236 331 463
131 596 268
3 4 718
372 136 141
215 600 962
545 736 492
598 393 627
251 46 429
231 513 745
156 62 109
552 80 150
257 486 913
469 34 611
253 649 120
531 351 602
674 718 185
446 183 675
280 473 14
373 584 499
154 196 240
233 78 812
466 442 77
676 262 761
728 235 500
542 604 720
722 56 816
281 52 551
626 319 906
701 208 773
517 183 38
344 339 177
514 566 860
515 140 304
457 92 609
272 482 930
121 28 308
80 237 495
405 111 425
394 716 304
395 206 737
436 575 511
97 160 630
734 497 462
720 331 366
551 241 42
379 539 604
251 626 399
547 707 317
354 146 917
139 102 762
40 647 662
271 638 52
185 484 931
631 336 692
241 610 75
201 186 841
634 56 550
559 157 659
511 11 347
412 379 558
243 730 656
515 210 9
239 387 978
69 691 581
725 480 971
542 331 506
336 38 376
116 335 75
277 27 333
187 626 135
418 146 583
707 147 440
214 619 478
480 619 392
605 11 514
477 619 209
396 612 466
107 335 608
121 21 127
239 543 171
390 215 441
31 601 320
499 543 417
67 221 9
1 724 844
312 401 239
261 368 652
437 206 224
449 67 761
604 556 831
175 597 746
35 424 634
573 312 558
1 357 50
35 467 186
309 281 224
239 463 447
96 260 258
545 31 408
120 333 634
502 387 151
191 651 845
607 463 42
506 78 61
735 87 325
318 511 609
345 221 917
64 543 861
41 247 880
309 140 398
373 532 246
3 10 621
684 520 873
725 673 67
723 66 884
178 281 6
12 582 117
704 94 270
31 705 82
567 728 128
87 748 173
436 125 121
198 453 626
650 1 755
467 572 865
706 7 255
11 385 775
533 383 115
503 334 997
65 573 320
407 138 910
446 282 581
115 285 404
313 195 437
265 741 287
111 543 30
228 116 14
168 676 648
247 646 813
74 481 146
569 753 60
635 229 892
281 326 244
542 152 450
336 632 116
131 746 535
454 482 711
661 573 343
419 511 98
706 146 995
367 211 988
476 81 934
351 551 886
117 466 479
584 690 393
164 1 950
109 721 744
604 436 370
604 5 750
22 685 491
204 620 168
2 225 304
241 130 296
711 557 922
357 229 331
520 410 449
506 356 955
38 16 684
326 749 784
443 376 37
661 488 874
596 288 296
164 330 563
531 372 667
163 183 643
84 704 346
111 119 359
427 200 414
670 633 81
541 624 728
221 541 913
38 606 279
565 557 23
308 746 932
466 216 282
479 552 7
351 85 987
321 45 652
351 161 144
616 53 801
13 484 148
121 361 492
586 621 787
665 98 977
219 461 515
278 358 67
491 749 950
425 487 73
28 222 716
327 156 263
256 515 159
368 30 457
321 392 306
435 244 947
