143 6807 3
101 80 517
130 50 674
81 45 204
4 92 343
56 107 55
132 114 61
108 16 516
79 142 549
12 110 320
18 79 701
60 1 51
22 45 296
105 30 853
123 86 267
118 20 403
27 51 468
21 93 529
89 17 59
128 113 389
133 79 961
87 72 94
82 129 28
124 50 92
105 19 205
68 2 739
131 135 668
75 102 333
67 65 353
124 46 643
39 123 21
53 125 745
66 78 697
69 141 862
124 116 624
118 113 97
143 28 317
18 67 503
49 62 631
103 138 25
50 89 510
46 79 553
133 99 923
38 123 828
61 78 28
140 61 304
83 100 484
14 117 487
110 53 651
56 64 758
67 116 805
23 91 558
14 20 126
54 70 918
48 72 616
35 62 100
130 116 14
16 90 394
95 15 727
125 20 291
118 31 463
119 93 194
89 85 246
101 35 891
30 113 445
67 23 146
141 6 965
124 31 207
6 130 487
40 98 822
103 120 195
54 27 714
138 101 432
54 3 396
133 129 831
16 1 994
25 94 246
135 101 325
82 38 920
59 1 145
112 79 424
136 116 271
127 89 526
6 79 309
78 41 12
141 51 167
35 40 169
5 129 500
72 92 771
111 119 821
74 52 609
66 59 354
118 24 539
40 119 994
111 101 272
38 4 984
35 126 289
83 13 318
23 127 93
76 121 586
62 133 943
94 118 999
117 105 49
28 51 954
97 112 454
15 99 683
105 69 175
56 5 551
106 37 201
34 87 407
48 71 343
14 64 318
100 136 217
71 119 36
29 37 575
83 95 838
25 136 285
129 93 89
133 76 185
102 1 55
114 62 444
84 103 371
66 123 516
18 49 162
93 40 913
69 73 302
43 129 573
66 6 855
32 81 988
1 68 361
110 98 315
11 122 571
89 113 928
85 27 551
109 35 890
122 129 896
27 96 372
37 53 279
71 114 611
123 130 779
131 14 303
24 23 576
72 109 930
44 42 729
68 139 112
117 130 48
3 73 210
133 142 621
109 66 769
89 83 469
77 65 565
118 133 305
124 43 656
79 29 424
65 34 558
18 141 637
77 17 71
91 40 909
20 28 29
101 141 118
43 63 952
37 24 288
135 66 841
8 139 778
92 104 843
118 104 525
19 113 825
14 10 473
64 103 636
24 108 78
55 98 702
139 77 239
89 38 115
80 45 388
11 130 263
45 62 879
129 127 850
57 40 338
3 131 594
32 112 414
97 20 442
76 56 620
80 87 620
28 15 575
60 97 687
39 133 390
115 22 752
42 78 981
67 96 656
103 41 135
118 136 924
40 78 166
142 21 251
56 135 143
109 77 788
70 89 105
19 28 245
11 67 501
10 133 365
143 53 399
67 75 354
111 58 10
34 64 916
42 79 775
94 34 360
63 26 929
85 54 330
111 105 55
53 126 828
9 95 964
115 33 799
16 10 257
70 59 439
2 52 386
38 50 63
6 102 969
131 56 471
69 131 713
92 37 19
143 125 677
79 87 467
130 126 833
67 90 950
62 40 174
23 39 609
2 121 1000
115 131 181
89 102 730
43 12 847
13 45 589
98 142 429
36 11 170
31 40 290
139 93 30
35 112 630
130 53 510
96 65 913
90 61 819
22 128 527
11 9 322
114 5 100
84 34 17
136 51 800
123 3 467
48 93 52
127 22 145
55 73 17
136 18 373
79 69 602
62 31 866
67 121 188
49 105 490
132 141 459
16 54 389
55 121 205
62 52 98
34 42 408
32 2 968
118 63 950
111 41 114
28 92 519
108 68 432
99 117 342
35 13 62
136 15 865
7 129 129
19 78 125
119 49 851
133 111 809
7 130 206
97 72 654
113 82 525
137 1 373
41 7 621
105 112 482
95 31 647
1 57 727
113 100 803
136 32 9
67 139 455
96 15 328
134 128 355
108 56 993
122 118 467
47 100 744
56 93 716
142 113 194
1 108 676
63 143 685
29 114 184
49 5 930
61 79 998
33 131 286
57 99 203
78 86 834
117 65 133
34 52 155
15 116 329
5 117 588
116 19 483
24 55 238
25 92 772
99 1 919
48 105 294
41 12 15
53 99 928
56 84 633
95 124 678
26 89 69
74 137 799
40 97 972
45 98 663
75 14 553
45 58 715
95 47 75
73 25 935
54 59 589
22 51 261
61 7 826
55 65 426
54 1 134
103 60 816
130 76 864
12 116 405
57 126 330
110 18 605
27 111 41
38 15 223
122 120 892
67 44 679
100 79 113
103 78 376
64 5 544
94 100 729
46 131 935
2 94 39
63 54 45
97 96 124
10 54 949
29 12 724
83 49 837
10 113 103
19 137 247
96 129 227
51 57 837
70 17 515
66 14 981
2 135 502
143 57 420
87 110 3
90 23 418
65 142 649
17 74 104
67 56 66
41 9 400
60 119 639
112 132 989
42 6 874
82 80 508
13 76 951
32 92 466
72 24 265
39 6 702
35 139 777
7 102 231
118 90 820
64 54 722
33 102 949
27 109 143
52 126 424
128 27 33
78 105 230
90 92 948
120 106 217
49 43 580
1 80 157
134 139 399
100 125 353
109 26 165
105 16 59
143 64 815
19 77 450
116 90 694
118 76 426
49 54 601
79 84 165
75 132 94
119 68 285
116 66 758
4 95 778
59 85 183
142 125 719
60 105 921
61 34 201
61 19 259
143 142 219
138 77 957
113 55 320
71 53 706
38 84 996
123 23 643
34 46 75
116 131 390
71 42 920
52 56 474
90 10 173
31 5 124
53 27 246
133 126 110
128 5 859
45 41 987
121 26 776
75 78 512
87 7 643
78 134 782
49 51 620
107 103 288
48 58 377
7 31 407
13 139 209
102 58 287
91 37 614
99 100 423
91 45 709
10 89 959
140 38 631
16 9 598
140 72 512
118 125 536
132 11 36
43 67 719
125 107 935
133 61 535
58 11 357
12 38 438
125 105 803
52 45 645
40 127 534
53 58 437
33 140 67
48 126 502
70 73 696
90 106 711
70 28 106
131 124 404
93 57 152
125 75 218
86 127 874
40 70 484
4 115 994
51 29 706
98 63 559
109 125 383
103 57 212
117 95 989
70 112 888
134 85 938
135 30 734
103 61 438
53 57 750
50 116 939
61 127 303
66 16 1000
48 138 298
128 129 466
25 36 579
46 37 495
143 118 166
100 109 844
25 9 396
60 56 485
32 138 976
131 13 759
56 133 554
137 9 511
42 138 782
120 62 538
132 74 81
73 57 943
105 101 614
42 1 163
141 136 344
34 69 265
135 127 765
3 66 9
77 140 932
130 93 49
48 54 998
80 64 871
46 8 717
100 15 404
77 68 307
122 141 294
87 53 990
141 118 194
143 27 403
56 89 738
38 117 83
89 128 788
19 21 579
129 44 614
20 15 384
1 35 639
37 85 107
142 87 723
40 126 159
30 40 464
126 25 820
107 79 122
127 30 64
130 84 305
69 56 45
29 126 956
92 24 781
118 34 264
14 4 536
18 27 285
17 7 666
38 114 178
119 128 568
136 77 429
34 115 820
60 114 28
43 74 838
124 65 885
24 78 498
1 97 351
73 79 345
136 1 312
131 64 239
109 56 451
46 44 894
56 116 652
91 53 657
17 36 677
74 59 379
75 31 894
112 15 266
61 56 555
44 98 516
129 115 517
130 110 267
1 111 59
49 73 155
119 4 152
46 118 695
12 128 789
46 114 864
43 115 486
141 14 837
120 53 358
127 6 904
50 136 938
123 119 314
120 35 747
118 8 280
133 8 150
46 123 756
87 125 929
12 62 3
7 143 802
36 121 453
128 121 523
74 29 241
74 99 812
130 25 903
1 105 782
39 72 490
95 126 425
38 8 660
109 60 676
110 66 446
132 22 239
50 72 385
75 63 364
61 122 714
13 84 692
88 133 505
123 93 832
59 78 22
78 80 44
132 12 400
58 122 973
112 13 97
91 62 381
5 34 501
65 140 906
112 31 851
108 66 686
66 54 228
47 6 791
21 61 37
89 2 480
99 21 159
111 22 949
79 64 34
85 15 103
12 14 342
120 61 544
85 47 920
57 47 127
39 70 160
106 56 622
143 128 471
142 22 964
67 52 646
15 108 788
100 124 270
125 19 178
62 67 661
124 102 292
134 67 562
46 122 547
104 101 840
55 37 819
104 128 16
139 56 397
23 25 714
7 114 754
107 8 50
68 134 245
62 54 906
109 111 208
65 88 886
45 83 275
7 103 822
84 72 582
128 125 969
23 122 692
126 8 725
44 134 960
34 29 929
19 75 468
83 38 614
7 86 99
68 76 728
30 53 521
117 113 810
46 2 304
33 72 156
42 99 865
123 129 644
122 31 974
19 132 322
33 22 740
81 66 174
25 2 94
40 67 313
17 31 281
6 68 317
33 17 448
87 42 659
94 39 735
21 81 316
24 80 854
60 69 774
140 93 770
71 95 941
42 118 179
76 4 20
45 135 902
43 111 335
64 59 433
125 133 560
15 51 570
16 48 903
85 133 714
47 109 641
11 59 898
65 118 167
14 125 289
89 69 484
50 78 666
122 113 968
60 10 590
42 4 417
6 71 523
34 117 950
106 33 404
114 10 421
17 47 984
17 134 706
114 34 52
82 104 738
127 79 221
65 14 513
51 135 813
42 136 703
109 28 206
51 83 44
10 102 405
23 104 445
85 51 210
5 77 985
108 99 771
29 123 636
73 2 213
37 122 938
99 45 985
100 44 910
10 9 237
95 30 538
94 10 531
49 37 147
70 45 149
109 78 177
7 84 756
54 73 244
100 77 953
118 30 248
59 122 761
37 9 554
10 71 113
101 142 309
136 135 533
85 5 631
83 92 924
19 56 84
90 135 573
37 143 457
52 63 480
75 58 690
104 66 830
92 81 783
54 107 253
50 86 20
114 95 189
91 92 762
7 60 833
38 56 660
49 31 333
13 133 520
60 47 836
1 132 276
19 23 221
15 102 821
131 76 539
102 67 846
90 46 996
73 116 484
67 32 244
143 3 677
32 124 583
103 121 707
123 135 934
55 83 583
106 24 767
78 127 962
121 64 222
63 87 147
26 25 29
91 42 603
11 119 144
134 138 471
120 30 931
25 47 852
15 129 821
27 98 317
12 69 309
33 62 324
143 34 522
69 50 46
38 26 86
36 105 736
58 70 153
100 119 265
26 73 956
83 107 963
37 88 717
116 63 582
56 70 741
134 45 95
67 6 764
89 13 381
58 14 695
112 8 657
6 88 366
45 131 18
72 128 535
12 123 637
48 108 647
16 111 353
91 135 482
67 53 487
45 42 408
51 87 9
12 129 91
61 137 753
118 29 863
13 3 283
4 112 158
92 114 489
114 123 28
134 94 98
96 89 479
72 31 104
40 16 797
26 112 920
26 136 740
9 62 809
33 90 221
97 77 23
60 100 326
93 105 320
44 14 40
10 119 31
103 102 327
56 6 963
52 128 985
57 56 135
117 63 526
16 61 842
74 10 890
35 118 882
10 42 638
23 108 237
115 112 138
103 83 958
44 45 599
115 60 870
69 48 481
66 19 856
94 97 170
29 80 206
95 88 756
87 9 855
39 59 654
33 3 450
127 114 537
143 106 189
121 126 985
108 126 378
67 141 244
98 106 838
97 113 994
92 109 681
66 103 753
121 27 833
109 115 117
47 122 962
58 1 25
21 26 486
71 56 334
21 46 45
63 76 796
71 143 447
61 113 613
57 105 763
64 45 854
12 140 2
122 87 651
97 45 864
36 138 935
21 82 508
38 98 186
36 139 205
73 100 766
88 103 383
92 112 657
138 67 885
17 43 297
131 126 548
84 21 506
86 97 471
92 45 636
75 43 727
117 12 893
69 81 982
8 67 741
67 35 522
60 18 107
38 29 775
111 46 373
111 33 654
44 73 458
16 136 995
139 22 367
38 85 291
24 124 924
118 115 755
29 136 736
3 68 857
123 8 349
51 11 681
21 116 643
115 10 238
51 88 451
3 26 996
94 11 777
94 139 781
130 54 441
45 28 797
137 31 157
5 139 7
118 85 527
70 5 669
97 51 904
70 87 423
76 100 79
51 46 309
13 92 999
21 62 364
54 5 748
87 54 304
18 133 576
133 68 253
85 34 305
111 5 724
86 54 763
133 12 187
103 29 499
53 65 686
78 119 617
1 2 271
99 139 701
98 93 546
17 64 176
92 58 579
117 55 618
131 138 872
76 79 160
63 45 180
143 14 866
10 72 857
80 110 354
47 102 106
47 63 676
142 108 334
39 77 208
29 113 688
88 82 513
79 121 27
92 70 677
134 122 158
25 97 894
9 67 232
132 40 834
34 15 929
21 96 187
94 33 543
136 34 297
86 52 444
86 40 670
34 43 809
61 87 988
43 143 23
14 137 621
33 13 967
47 120 263
96 52 596
36 135 746
14 71 906
62 14 945
120 93 741
97 131 699
35 8 19
87 112 280
10 33 916
46 66 990
49 40 610
37 31 369
51 90 316
47 101 62
89 88 785
43 57 82
56 46 234
74 50 807
39 127 23
106 31 5
41 40 360
101 44 325
94 45 44
5 58 440
97 63 897
51 67 174
28 111 157
87 78 995
25 101 921
104 51 929
118 73 731
143 139 790
107 58 883
103 136 300
131 54 952
131 121 819
81 7 656
90 108 610
85 128 516
55 13 486
94 115 41
84 102 910
94 8 422
63 66 861
1 21 133
120 12 499
98 73 511
17 133 678
17 45 451
46 105 157
127 139 922
94 132 604
13 61 253
28 136 843
63 20 103
86 55 821
53 106 915
99 118 158
124 10 547
40 109 442
117 88 808
48 67 353
80 94 909
140 125 797
32 49 566
64 33 151
124 78 648
85 39 123
63 60 150
30 131 179
5 89 863
82 140 675
87 74 615
67 117 283
72 49 477
14 28 815
110 9 995
78 68 505
115 103 416
19 43 84
53 112 202
77 23 17
13 24 956
5 94 800
33 75 348
34 113 772
61 10 874
133 7 222
42 56 397
89 75 172
74 131 576
78 79 787
75 129 555
15 36 526
27 11 852
49 131 483
143 130 303
137 45 578
69 57 410
121 5 855
127 142 477
26 1 891
134 120 855
12 44 709
53 96 301
44 56 364
26 81 261
8 129 18
93 52 791
128 96 666
52 106 991
34 103 75
39 87 410
105 121 868
78 35 933
70 142 420
114 94 416
11 45 50
79 71 795
7 138 583
137 28 775
29 120 173
74 127 621
23 83 147
29 23 67
13 66 986
89 3 190
102 2 200
128 142 283
91 6 263
123 75 436
81 63 671
51 113 924
8 40 135
16 127 571
62 43 608
56 98 299
89 34 813
8 79 45
131 84 915
128 109 439
61 129 475
108 50 9
3 27 583
57 83 529
14 61 597
135 41 442
142 24 947
113 143 259
22 116 522
88 78 583
127 34 999
62 7 11
55 105 524
27 67 843
16 70 292
106 47 277
55 11 180
122 25 838
33 23 458
136 24 225
116 81 297
142 71 707
125 129 880
50 43 808
44 115 209
110 100 369
70 79 543
73 92 334
117 36 697
116 119 877
57 76 604
85 32 890
124 63 329
100 105 523
43 23 696
58 120 544
20 86 498
120 126 852
26 39 518
44 55 710
16 6 937
77 56 237
19 35 724
3 40 598
13 67 997
13 59 181
93 112 652
82 79 152
65 131 458
8 19 991
83 106 925
125 99 381
74 89 176
59 10 983
94 99 450
37 41 479
140 120 317
118 16 888
20 29 847
61 20 666
143 100 489
111 143 590
107 35 842
45 79 126
55 132 534
17 24 870
58 91 660
79 16 973
122 57 269
133 139 317
140 137 931
88 102 633
130 22 953
132 13 39
62 111 165
44 19 560
119 5 766
119 52 359
2 140 309
66 1 690
40 19 81
125 26 123
62 98 423
19 47 533
49 138 803
64 25 807
83 128 5
63 19 316
67 104 568
116 55 51
120 100 5
72 86 85
57 38 68
92 34 795
28 33 42
35 10 160
87 134 302
75 54 665
77 126 873
62 36 864
70 32 17
54 90 768
111 117 635
18 104 925
111 85 131
74 114 550
65 113 888
107 118 454
116 35 413
57 10 878
142 85 6
28 71 918
66 26 210
8 89 992
43 134 930
19 25 994
79 17 487
70 129 502
41 59 823
71 84 731
121 35 978
123 105 59
27 47 660
20 131 913
28 132 719
44 35 887
11 61 271
141 104 36
7 19 749
11 79 806
55 67 895
124 133 796
39 75 253
39 80 920
14 40 739
26 111 511
11 109 940
124 70 613
105 79 612
37 77 367
50 140 928
16 59 23
92 59 137
89 48 897
100 1 918
84 120 637
29 100 581
40 17 611
59 90 942
139 132 172
107 59 841
97 118 167
64 141 469
38 129 395
131 31 611
67 15 3
24 57 134
113 109 40
63 119 255
78 64 828
44 82 899
140 100 472
111 126 436
124 132 879
45 102 896
133 27 268
93 125 6
88 91 352
90 58 757
61 111 353
132 51 217
98 68 918
75 74 706
48 61 861
46 15 757
12 15 718
111 59 181
75 92 377
107 126 668
78 110 759
131 28 291
109 126 705
100 48 651
138 65 97
63 106 869
46 53 826
41 81 814
25 33 739
117 62 411
23 73 211
26 53 376
97 9 645
53 83 682
87 15 124
9 131 367
92 6 755
7 21 269
34 107 89
22 23 857
11 66 435
25 35 862
69 58 174
119 61 733
121 134 255
133 50 546
104 110 238
132 57 574
35 141 503
87 77 881
19 95 813
47 42 637
27 81 345
139 12 60
2 123 766
118 82 500
49 70 26
138 119 914
106 104 397
60 45 380
16 13 35
131 42 54
110 68 138
7 113 669
126 37 624
133 141 935
22 64 502
81 118 714
73 48 599
124 98 105
102 78 441
95 100 369
56 11 782
35 18 444
18 139 763
73 134 353
32 105 60
28 99 657
100 49 781
126 92 955
28 130 405
66 35 809
18 4 827
77 40 94
116 62 808
23 95 184
138 92 805
9 88 294
58 54 492
111 25 243
107 90 435
56 90 577
11 33 339
59 71 974
1 63 338
30 80 829
21 15 934
70 10 400
134 58 630
3 37 658
32 120 113
107 102 539
75 93 162
112 91 273
70 44 445
20 124 596
100 141 89
133 106 421
111 97 544
40 94 652
119 32 902
138 90 920
18 85 610
70 114 660
17 118 582
118 121 798
80 56 119
81 42 2
122 64 51
22 57 593
101 110 61
2 111 405
73 129 549
6 38 829
29 28 628
68 102 487
16 91 113
5 122 206
111 138 775
2 53 725
79 39 811
123 87 538
128 59 533
91 77 116
106 136 873
11 112 958
116 47 507
92 57 318
129 34 401
127 68 440
92 3 453
106 42 550
27 100 789
113 132 148
81 128 334
121 89 35
139 71 523
26 88 665
17 44 779
128 88 261
75 11 515
122 83 614
78 60 332
120 143 852
80 47 629
93 46 716
79 122 412
81 141 315
134 28 544
111 32 806
124 134 380
136 82 465
74 115 631
113 137 848
86 109 627
6 94 784
135 114 976
107 133 471
27 88 83
10 108 517
21 95 230
87 136 67
111 122 59
96 62 779
42 3 416
104 136 972
34 88 823
133 77 443
35 106 376
26 33 767
54 26 819
140 56 114
55 30 990
2 107 231
37 56 936
1 83 944
68 141 846
11 42 975
67 71 730
110 58 589
140 11 493
104 45 291
32 54 11
109 73 82
7 48 955
5 32 238
105 71 692
128 9 898
97 80 654
63 61 512
45 141 318
143 112 6
96 14 386
101 38 119
82 137 169
69 121 169
47 86 535
89 134 384
30 59 356
30 143 298
111 82 147
130 132 334
104 117 804
72 8 119
129 59 49
39 21 973
141 137 533
66 5 947
67 82 653
119 85 499
12 100 154
124 40 843
12 35 603
101 97 979
120 123 962
35 131 943
24 111 933
140 105 515
102 143 558
30 142 222
25 79 870
42 19 439
38 3 389
70 95 504
127 44 964
89 37 565
94 4 120
14 130 960
7 63 681
4 46 31
135 98 244
90 53 921
137 57 125
66 134 750
33 47 828
59 68 242
73 68 47
66 136 25
133 24 817
90 44 33
100 11 782
32 73 337
36 21 787
7 38 20
4 101 301
122 126 847
78 118 559
78 14 321
112 89 992
4 10 643
129 109 585
100 89 924
111 121 370
12 47 265
113 12 504
43 66 635
104 79 337
76 124 534
40 95 781
53 133 797
79 10 169
119 142 214
35 72 827
99 140 538
75 97 881
52 141 557
86 11 518
51 1 853
135 39 119
93 97 231
99 70 512
4 82 280
33 127 250
102 5 694
26 56 263
7 36 466
13 115 791
23 134 524
77 90 158
106 140 397
1 142 843
24 105 741
32 52 665
142 130 577
119 88 681
54 51 662
135 65 904
76 42 932
68 31 161
86 45 307
139 50 551
36 81 729
79 141 97
34 27 894
4 23 477
69 117 282
25 76 263
45 34 452
30 100 32
92 143 731
132 127 183
64 100 88
62 142 372
2 87 674
110 86 352
12 143 932
44 124 747
133 103 937
98 108 63
45 116 298
3 69 148
82 43 257
115 90 478
133 32 84
1 27 222
87 101 163
84 27 110
29 55 955
100 39 858
29 31 832
118 2 373
143 1 326
114 89 361
105 127 216
26 82 342
95 110 686
21 40 599
76 41 193
25 60 405
85 108 289
76 2 58
95 35 59
107 117 937
61 126 751
85 67 184
134 55 104
109 1 665
79 65 569
14 36 936
48 115 593
75 40 884
20 36 113
2 69 947
99 92 894
116 53 169
143 77 105
118 116 209
13 5 68
115 30 748
19 72 127
55 21 670
92 97 680
142 129 190
99 114 186
49 84 673
61 73 119
5 118 564
113 49 861
91 11 626
71 43 217
55 8 721
61 97 78
135 47 815
71 75 427
59 115 862
27 71 30
41 20 765
96 47 369
11 105 49
86 56 278
59 28 57
85 46 999
54 93 805
111 50 568
39 42 7
88 30 205
53 93 469
83 98 391
69 52 113
46 42 86
14 32 463
102 57 818
7 68 671
28 3 724
110 75 112
35 79 639
122 133 481
110 125 710
54 143 204
130 71 348
74 3 26
13 8 204
113 79 903
122 115 985
39 111 56
27 52 832
101 102 218
105 102 393
118 96 965
82 52 170
85 107 643
119 98 890
62 15 870
95 60 130
109 83 157
35 99 920
101 45 808
34 4 996
141 16 215
31 102 687
136 47 949
137 58 416
11 80 907
36 106 321
19 140 227
66 102 123
26 19 920
50 57 594
58 16 309
100 127 664
90 142 483
39 103 730
3 19 295
88 107 914
20 19 929
83 68 333
113 105 63
38 27 676
22 55 47
79 88 962
7 92 663
73 45 119
15 66 868
48 62 391
83 67 665
72 14 365
95 11 52
108 41 81
66 76 864
97 137 978
78 140 523
56 14 894
19 122 267
65 128 663
35 123 514
2 98 589
139 33 733
19 111 939
37 116 675
28 93 115
46 33 213
124 110 62
34 2 405
17 41 249
104 105 961
3 18 10
125 8 56
105 129 601
132 64 649
40 47 768
125 77 173
8 69 518
59 138 772
79 131 731
46 108 426
64 81 925
88 106 263
102 83 488
34 116 384
124 81 619
120 43 719
40 38 768
133 69 790
112 50 69
18 63 145
32 126 841
21 118 498
36 59 230
57 20 617
12 107 140
134 40 721
99 64 424
20 128 780
38 107 395
75 64 754
53 69 801
115 23 586
62 53 63
76 51 821
136 94 423
121 114 160
76 115 323
104 70 200
9 134 496
40 10 232
139 43 428
75 103 302
5 20 790
90 96 17
97 120 691
124 3 829
119 21 760
121 96 948
91 61 890
125 71 696
131 89 423
124 42 194
136 76 367
127 99 853
10 77 506
112 124 336
116 5 602
60 20 681
127 69 897
101 81 130
93 72 556
134 60 96
114 69 939
25 71 759
123 95 550
16 22 44
132 100 590
40 45 471
13 39 963
10 37 515
40 1 989
117 53 20
57 4 538
69 97 760
68 106 442
110 56 811
142 116 573
62 71 843
82 45 384
83 91 158
90 143 775
139 1 200
71 45 328
138 99 556
15 79 65
129 2 357
77 94 339
68 42 380
74 54 106
40 22 461
33 118 68
19 130 911
1 141 847
86 23 778
7 59 872
120 14 103
19 102 854
74 48 827
2 35 51
22 72 990
7 3 715
26 86 285
28 9 744
102 128 138
137 102 296
133 83 346
77 34 492
2 22 61
92 1 137
111 11 662
1 81 30
87 133 988
139 80 758
21 112 544
9 15 309
40 55 905
105 97 166
135 86 568
62 61 305
87 21 270
84 111 340
60 130 248
48 66 627
111 130 304
100 22 975
44 52 928
105 14 465
94 79 272
19 97 264
107 121 550
38 100 909
67 81 656
55 3 12
66 73 459
120 34 166
11 133 625
94 88 843
20 39 888
119 122 709
91 33 713
142 16 794
95 22 307
92 8 890
122 66 105
108 70 81
116 98 251
70 120 47
87 60 443
21 141 308
69 22 824
37 105 636
42 129 557
117 92 899
14 2 510
54 100 420
30 68 21
125 137 53
107 30 455
9 126 241
94 124 950
83 63 976
113 31 879
8 63 425
95 48 939
46 77 696
143 80 765
83 69 316
96 51 547
11 135 226
65 122 495
111 115 15
53 20 244
63 22 360
14 129 577
127 110 814
97 27 211
77 96 894
30 60 124
128 1 381
53 64 908
118 49 533
77 80 245
116 42 222
66 58 826
135 105 282
124 139 995
132 115 448
32 123 307
16 134 601
90 45 50
80 119 378
92 67 854
26 52 91
59 104 756
23 41 13
22 101 839
102 32 12
79 101 715
28 106 911
9 54 4
100 137 398
88 33 555
50 103 492
116 133 665
11 137 59
138 27 53
6 86 308
38 1 37
85 143 251
136 67 250
42 108 304
79 1 566
141 78 291
87 114 735
73 13 607
47 84 691
70 13 896
36 4 736
80 100 871
40 100 935
43 122 545
22 80 185
27 74 709
22 126 730
53 68 618
136 17 409
118 108 247
100 121 891
30 114 613
53 124 601
123 111 324
100 122 125
34 100 219
12 135 741
136 85 377
80 12 514
120 131 520
32 69 98
19 107 536
40 53 346
74 41 114
133 66 993
92 79 969
135 53 214
127 46 437
1 84 974
29 44 993
33 36 796
54 20 54
80 34 43
24 40 2
89 24 211
56 97 218
57 36 113
111 38 725
66 8 358
23 12 471
4 17 343
12 75 856
13 29 156
37 102 558
56 125 498
44 36 585
124 130 72
1 113 455
74 38 5
86 89 61
114 23 865
1 61 777
137 8 855
78 30 315
97 104 933
132 123 350
79 44 3
6 126 680
97 5 183
3 120 234
3 6 428
14 17 237
125 81 820
75 137 974
42 102 509
45 107 314
47 21 973
59 52 358
93 87 869
50 75 573
15 32 548
1 91 470
53 3 348
25 112 724
88 5 230
133 71 311
56 21 258
61 75 379
11 62 37
17 20 778
82 74 580
48 104 94
5 75 318
113 78 273
59 118 250
40 141 120
133 140 622
31 51 732
75 127 208
60 136 903
11 78 332
75 25 349
106 134 342
58 89 855
134 33 471
133 35 782
32 39 9
32 58 432
25 65 589
71 85 109
83 82 268
105 34 56
96 124 139
128 97 342
143 23 493
87 94 893
17 30 240
14 88 745
12 64 520
53 22 49
26 43 245
33 1 766
109 42 981
120 46 181
27 33 9
87 35 855
54 118 990
53 5 83
41 88 271
113 67 940
39 5 818
94 58 256
1 120 54
68 114 858
71 19 742
13 81 14
110 93 487
72 102 509
3 49 698
10 13 141
44 122 959
48 65 24
28 21 907
130 82 632
88 58 5
122 85 721
98 117 128
40 80 561
1 24 843
27 68 136
9 45 698
79 41 593
62 92 951
109 33 905
36 136 5
122 80 185
143 115 603
16 69 778
125 72 561
80 70 990
47 52 768
29 69 562
143 84 325
15 91 514
63 92 272
119 83 241
31 1 437
62 85 543
25 105 641
90 18 93
105 67 14
64 23 381
109 76 513
59 55 58
97 68 165
44 105 418
45 27 49
117 21 146
64 72 887
31 111 80
1 94 228
133 128 170
60 140 994
115 39 665
58 131 440
90 37 584
44 7 729
122 27 122
93 10 296
24 143 703
22 50 232
114 36 285
60 120 31
54 23 88
91 98 501
21 122 610
85 66 441
1 78 384
115 66 15
116 18 924
137 63 733
96 42 379
82 124 673
100 45 247
75 10 214
67 79 576
96 68 200
133 2 186
108 59 207
10 3 61
18 21 682
125 76 962
102 104 114
79 134 934
51 61 384
113 96 577
43 92 31
106 126 101
2 38 511
53 48 167
116 95 816
12 87 694
45 29 54
24 66 69
21 131 11
98 125 919
57 84 400
137 56 631
140 85 544
124 52 582
32 108 847
115 95 295
125 131 598
55 136 116
23 35 675
64 112 991
65 125 556
46 133 348
43 95 953
31 36 363
125 11 443
121 92 820
17 100 707
106 5 872
69 62 752
74 1 927
74 58 632
65 40 294
133 49 73
8 22 659
132 50 991
85 125 650
86 14 422
136 68 227
65 4 857
120 26 97
41 128 690
85 74 358
89 78 358
29 117 823
82 89 101
14 33 533
74 117 84
73 14 453
33 40 99
140 42 960
98 8 302
141 3 22
5 1 562
75 114 549
57 121 147
58 133 33
136 7 755
100 91 680
141 41 439
122 132 633
66 105 926
91 118 51
122 67 279
20 52 441
78 123 945
39 25 368
129 64 91
14 21 57
28 107 904
133 72 179
31 91 255
138 83 782
36 86 81
142 75 617
5 8 991
30 69 585
67 120 158
25 127 344
107 132 659
23 93 847
43 58 132
110 137 476
88 59 113
45 118 904
36 23 788
57 100 761
54 80 285
33 74 937
68 34 173
89 118 805
84 70 635
23 106 224
13 23 949
66 30 614
70 100 649
11 48 298
83 137 59
18 16 244
24 53 13
111 51 32
23 142 585
25 20 836
31 76 640
73 58 192
131 52 227
30 110 813
52 140 197
80 79 475
54 99 295
87 45 525
51 2 287
34 48 587
22 122 625
138 38 130
123 118 954
117 122 359
127 119 323
112 134 974
100 58 650
46 20 471
71 23 755
140 10 266
23 18 333
123 40 779
23 7 666
68 131 331
3 35 846
37 103 799
42 60 857
89 40 209
58 64 241
91 12 374
74 102 316
83 42 891
50 131 189
122 2 52
47 72 205
82 19 970
96 22 154
68 22 206
26 31 623
130 18 997
73 136 462
123 1 435
93 73 535
65 123 300
111 34 947
107 114 264
125 54 784
99 6 581
126 73 309
8 131 689
48 128 593
22 11 40
91 139 852
111 74 590
45 114 453
42 119 325
102 53 756
60 131 537
75 16 814
50 20 91
54 135 539
56 81 38
53 139 482
12 61 439
125 122 858
112 118 743
37 108 121
110 60 19
23 30 323
40 72 647
96 23 784
100 82 82
14 67 462
140 30 812
80 120 852
142 109 266
115 64 499
134 126 652
51 125 321
99 110 385
109 112 108
97 53 301
104 120 809
114 21 9
29 71 794
143 33 105
142 92 217
48 122 122
49 44 47
94 98 760
82 41 434
92 124 626
13 63 953
134 54 135
106 22 997
60 83 987
67 2 383
58 95 303
131 22 113
96 66 794
34 6 445
7 105 824
79 103 950
124 84 511
87 92 344
1 53 795
138 122 597
21 23 216
32 66 295
116 60 712
96 56 615
111 88 592
141 61 677
12 18 670
126 1 557
79 34 964
52 94 40
117 72 926
126 14 398
30 2 656
8 1 167
24 71 373
143 4 255
60 77 452
122 17 811
114 100 933
118 142 310
109 67 444
56 8 284
1 71 425
118 11 350
112 66 39
34 125 544
71 76 918
51 103 826
27 93 422
88 100 947
30 71 116
19 79 822
67 24 244
85 117 305
38 65 792
23 17 877
131 61 815
3 112 423
128 79 820
3 75 21
66 45 599
29 124 754
7 73 815
74 95 965
98 5 267
32 50 346
45 76 936
90 137 843
110 89 119
109 45 723
62 16 857
99 113 396
56 132 127
21 60 861
112 9 459
99 77 33
104 40 402
104 69 922
142 122 268
107 67 647
25 125 358
47 138 891
42 55 164
104 53 611
135 14 350
125 1 777
21 104 392
116 141 853
122 26 76
19 65 538
45 89 427
127 47 418
54 79 516
92 46 381
118 28 688
44 117 420
41 95 703
117 1 595
130 78 667
79 32 797
2 54 79
120 125 576
107 42 486
86 2 766
24 22 759
143 59 195
89 47 411
27 46 393
13 72 439
17 52 166
94 18 369
44 66 181
1 64 269
71 26 579
1 77 984
5 9 76
117 110 441
122 16 243
1 45 172
12 99 815
39 68 799
118 83 994
112 128 827
75 118 994
81 46 225
109 89 645
124 57 616
25 12 795
70 134 114
20 66 705
119 64 439
131 78 748
98 12 692
74 22 543
129 49 558
50 107 460
27 129 468
134 51 148
56 22 944
107 96 694
75 87 610
86 68 141
34 99 870
3 59 725
13 101 509
109 21 194
55 56 277
131 5 365
111 90 330
122 78 512
81 12 946
59 67 570
72 98 816
127 102 544
95 132 9
58 105 29
121 47 138
40 13 555
34 135 829
20 142 653
116 54 61
111 139 252
59 38 782
110 141 357
48 137 224
28 6 76
59 93 964
19 74 48
82 53 791
97 129 365
77 63 375
36 45 228
20 127 283
66 127 996
103 142 579
143 29 109
52 49 841
105 137 698
60 129 402
119 25 655
2 36 735
125 92 680
118 19 685
69 14 455
141 107 367
95 111 722
95 46 621
100 25 832
67 101 576
62 5 399
121 124 712
69 67 90
71 13 508
15 33 588
126 135 880
111 40 317
11 41 846
45 26 909
32 17 755
52 116 635
51 81 669
33 35 271
40 27 681
1 9 323
19 24 731
5 133 159
105 82 458
118 132 693
74 61 433
24 56 838
108 45 372
65 141 153
67 28 282
84 26 119
1 106 517
113 107 339
12 58 97
133 119 844
36 53 966
47 143 745
101 28 766
138 118 746
37 118 806
33 128 732
34 110 827
42 132 851
8 44 577
72 4 350
26 130 638
78 101 57
28 27 136
88 96 854
140 115 450
95 122 71
24 76 491
39 2 334
66 114 134
75 53 340
115 27 628
133 114 370
136 11 860
24 120 140
6 49 858
2 92 99
65 31 502
37 93 486
25 5 724
120 19 621
31 108 55
128 118 7
28 105 2
48 4 139
85 36 842
105 110 447
101 134 808
100 62 737
35 37 795
40 102 957
13 25 370
59 22 214
120 28 583
28 64 815
133 55 467
65 37 870
8 47 888
45 4 754
77 48 94
82 40 649
43 116 580
12 50 531
54 36 364
25 90 562
96 3 103
14 31 912
66 70 185
97 135 764
4 35 833
27 83 718
107 80 747
40 118 233
86 1 700
142 27 89
51 110 345
119 110 418
106 92 843
119 90 635
100 65 573
79 66 792
115 12 595
100 96 605
28 117 414
124 61 693
89 107 574
57 135 761
12 67 267
27 15 379
120 50 143
95 42 88
115 97 433
71 66 689
139 86 59
141 77 5
39 105 98
37 112 223
81 102 547
9 98 244
104 71 336
46 12 450
113 139 620
68 105 31
113 45 181
1 89 635
132 136 895
35 14 750
6 101 267
104 142 18
34 58 713
48 23 721
38 54 110
83 19 119
81 93 819
127 87 275
3 113 520
70 130 607
116 2 406
11 89 755
110 142 210
73 84 610
8 27 783
29 67 623
6 135 108
48 75 902
97 66 471
27 72 316
77 58 417
67 60 840
14 87 987
33 117 5
62 60 951
31 13 490
127 103 111
45 74 926
114 82 778
76 34 822
139 45 910
51 38 430
19 48 696
13 48 403
132 15 305
143 136 402
1 65 585
113 129 468
83 75 463
35 114 227
90 133 155
119 2 802
93 108 783
24 9 934
128 19 127
12 141 322
84 105 779
142 67 691
119 139 375
38 121 771
7 89 620
101 2 298
18 102 67
3 78 429
136 53 622
54 81 847
34 142 325
83 56 248
24 127 464
110 114 184
13 98 448
132 14 319
27 105 420
108 3 351
24 84 216
2 18 72
23 118 378
62 107 653
53 123 322
21 91 122
2 113 928
36 56 505
105 122 443
28 42 160
6 41 315
137 24 722
47 70 3
58 36 805
19 101 512
30 81 403
16 73 146
127 54 809
50 10 219
48 44 69
49 71 947
14 136 538
111 98 58
111 36 203
55 64 408
30 1 121
19 32 742
24 48 864
77 7 254
71 98 181
95 127 509
53 118 516
22 73 68
71 38 553
110 10 594
128 78 730
134 133 798
132 101 894
58 96 25
17 60 930
128 131 162
52 42 592
121 116 518
69 140 820
54 123 982
81 107 880
63 62 766
65 137 655
127 143 990
90 39 560
137 66 884
81 112 25
105 118 115
94 82 247
123 136 306
18 92 287
125 27 809
45 51 536
93 61 913
119 92 312
52 142 418
6 25 995
130 51 664
84 112 710
17 103 148
110 29 405
10 7 525
14 1 173
71 78 649
55 122 129
13 51 967
131 105 109
66 143 748
58 23 41
71 22 814
64 114 211
3 67 363
129 87 901
115 8 733
109 20 120
83 40 132
25 118 600
97 18 138
120 81 847
84 35 784
104 47 166
140 121 785
66 124 95
44 97 792
112 23 949
130 56 853
51 117 151
68 12 316
76 127 880
76 119 781
105 91 498
114 140 9
88 40 220
84 118 648
62 134 801
131 10 666
116 27 705
13 14 376
113 9 428
84 36 294
114 84 480
97 79 530
84 126 161
100 86 600
137 68 750
33 116 12
37 100 256
58 101 452
54 45 534
119 54 413
131 112 494
111 142 324
121 28 437
109 137 319
66 34 403
90 87 276
118 140 852
97 58 343
139 122 287
27 78 484
69 111 486
22 90 159
106 15 228
10 82 861
27 113 621
50 28 346
12 92 714
132 36 797
114 80 27
5 40 281
82 87 52
140 17 548
98 25 915
118 51 903
85 80 216
93 42 307
91 99 844
115 142 606
99 101 299
138 110 489
135 139 1
45 56 44
111 60 207
35 129 259
14 123 733
38 72 140
27 14 768
43 55 838
92 130 765
63 46 71
102 113 906
94 12 609
141 111 993
132 18 508
79 26 27
99 65 568
80 104 260
13 74 908
19 10 296
60 16 145
137 44 35
25 53 114
121 53 931
85 31 914
140 37 381
39 40 72
78 36 204
115 89 250
101 31 130
23 44 925
139 59 269
21 74 435
118 126 671
48 114 273
76 87 510
125 52 273
45 16 259
32 34 883
63 113 531
114 98 711
134 34 240
103 101 630
125 67 476
19 143 538
8 71 113
128 43 940
34 121 805
48 129 654
57 111 822
30 31 529
43 29 208
16 31 970
22 62 200
38 122 716
71 82 795
105 6 454
101 107 948
57 58 85
27 39 232
74 67 353
70 3 84
36 103 787
124 77 966
39 88 142
125 9 243
107 71 249
119 27 205
41 75 202
50 34 749
33 142 593
141 97 812
67 95 784
50 14 860
122 90 523
129 71 747
35 52 273
89 25 90
18 6 975
97 36 253
88 138 295
41 1 25
72 89 312
44 43 396
4 73 689
91 110 521
30 125 333
36 71 155
81 138 883
56 122 712
27 66 896
75 52 691
138 100 697
135 60 715
137 79 414
97 64 970
109 24 114
78 63 450
40 85 27
1 50 380
53 11 41
86 118 472
34 8 718
54 67 511
52 85 601
47 31 240
41 18 153
139 114 750
62 72 973
141 9 699
104 43 539
66 53 842
100 90 326
51 37 614
108 101 263
140 86 86
104 65 875
15 59 532
82 8 618
114 56 302
133 59 576
56 78 806
5 16 363
110 23 252
120 22 519
51 12 566
96 60 435
106 46 645
105 54 514
52 7 53
82 109 569
133 74 399
90 93 942
140 18 224
118 110 115
38 86 312
55 17 365
76 16 25
85 116 836
27 7 795
95 49 952
1 17 246
6 45 964
78 137 826
19 70 237
2 4 368
89 136 299
116 14 784
134 22 255
2 44 296
42 35 629
54 4 311
9 46 563
46 73 389
93 95 252
80 51 867
11 7 210
25 16 705
71 97 886
122 82 134
129 58 161
45 39 848
39 121 741
63 39 911
47 45 210
80 111 336
31 134 45
6 119 679
77 123 932
71 52 892
40 129 788
79 27 476
90 8 681
103 12 567
90 74 989
1 36 239
47 37 176
111 81 98
131 1 239
13 96 279
118 66 715
105 99 408
7 104 832
115 36 35
100 142 528
142 134 655
38 23 237
129 132 771
96 122 321
20 35 738
33 76 208
36 129 362
40 140 529
127 81 661
112 126 318
137 23 844
76 53 309
73 121 668
86 95 176
104 41 858
105 4 818
88 99 550
139 142 137
104 134 668
31 116 788
98 42 31
92 105 758
79 22 897
65 105 945
74 93 644
138 58 810
16 12 641
2 136 296
141 37 994
52 89 98
42 27 112
131 102 814
61 70 827
87 67 894
92 52 477
84 22 557
36 34 796
14 77 250
49 80 36
41 130 750
33 84 346
21 44 979
81 73 409
90 86 859
121 16 611
116 143 584
2 24 874
49 130 191
24 82 738
3 93 912
32 44 525
84 104 55
26 36 538
22 12 823
91 84 396
34 17 3
43 36 879
47 39 645
7 109 220
96 7 195
56 91 713
1 7 705
48 45 958
66 18 419
20 6 161
128 67 710
70 105 782
106 29 779
135 69 547
24 122 265
111 45 643
130 88 611
4 9 794
76 78 311
13 93 98
53 21 635
43 88 90
44 130 748
45 96 537
78 32 879
8 83 227
98 131 52
120 130 485
27 60 423
30 64 519
90 94 141
63 50 116
28 47 465
114 40 706
69 139 284
104 91 648
4 51 767
130 1 752
7 55 336
34 98 771
98 96 998
106 99 943
30 76 74
26 133 763
94 24 5
115 58 186
104 74 915
15 68 452
54 56 556
86 88 921
17 109 805
74 36 682
89 43 568
26 92 557
61 71 556
31 61 434
43 90 364
27 110 819
42 37 402
26 102 265
143 73 988
128 42 936
67 130 75
111 100 215
2 59 105
137 135 60
99 8 172
57 127 839
72 73 522
105 136 832
85 135 82
128 64 533
50 83 861
65 110 491
13 127 283
53 51 780
104 114 409
25 133 441
69 40 264
13 87 513
119 9 685
133 75 681
26 105 862
46 48 216
60 82 748
62 64 1000
32 83 301
52 60 937
113 60 785
43 133 347
110 4 710
95 130 865
60 61 2
48 52 281
143 132 396
31 9 633
89 23 349
16 35 907
119 117 660
9 73 988
10 1 125
100 10 204
105 75 438
71 63 2
92 71 976
79 53 153
81 52 542
32 61 471
58 126 321
95 62 571
126 129 787
37 68 658
23 47 753
139 40 53
107 134 784
94 16 36
34 56 418
82 62 934
79 4 682
81 72 196
105 126 938
28 72 676
135 28 634
9 56 566
143 89 872
83 113 581
141 89 279
25 106 94
63 67 281
96 12 245
91 49 7
55 45 570
57 12 400
98 80 650
133 37 308
95 7 723
22 60 966
53 19 310
51 69 960
39 16 759
101 34 229
11 88 366
25 61 363
30 8 498
29 77 172
20 64 50
28 114 785
59 116 756
64 51 979
112 45 408
76 39 805
60 85 146
94 47 272
131 39 701
45 128 737
13 104 929
69 38 165
122 112 390
23 132 306
56 123 99
118 64 643
43 108 101
3 132 378
82 138 342
121 42 324
133 113 484
89 32 1000
85 79 17
7 110 110
99 51 372
5 63 552
113 87 845
120 39 774
28 140 149
107 32 276
110 63 427
55 87 13
12 124 718
128 122 980
109 122 277
110 46 988
54 57 1000
96 1 183
121 81 499
23 31 897
13 12 349
6 118 487
111 92 796
62 8 600
133 120 796
135 118 466
107 122 935
89 133 831
66 37 536
38 53 842
76 86 342
61 44 34
96 5 551
9 64 230
6 136 991
105 64 344
103 49 784
133 51 241
8 26 213
22 39 756
126 17 771
105 88 219
140 142 622
96 139 999
29 8 131
20 23 395
139 57 775
103 48 158
112 38 823
76 92 732
73 96 752
33 41 576
66 142 579
65 89 259
140 1 293
138 66 55
107 109 418
98 60 154
131 19 665
123 80 897
63 134 641
107 70 377
129 117 891
81 82 819
85 48 227
47 129 118
126 140 529
11 63 261
8 122 17
29 131 855
29 1 628
20 96 131
81 68 617
123 124 290
85 101 37
39 71 511
40 117 396
27 82 958
133 135 712
9 99 359
62 135 517
8 91 779
109 133 180
77 102 730
18 40 381
132 61 336
11 96 826
78 69 564
90 31 405
143 67 171
105 106 137
86 121 552
80 37 539
80 118 865
115 25 589
78 77 128
66 23 420
79 130 193
30 62 299
30 86 108
124 56 579
141 46 128
37 124 136
109 102 9
48 64 602
4 67 992
103 3 411
83 6 587
14 74 651
64 49 506
96 125 828
19 141 615
37 58 256
23 105 52
130 72 842
8 114 434
11 49 774
57 75 904
53 52 79
124 105 316
57 90 437
30 139 724
103 125 980
69 91 161
61 47 382
129 83 97
20 31 317
125 58 565
58 128 568
42 85 387
4 113 750
106 55 790
53 31 4
117 80 703
77 122 65
129 67 658
56 1 173
4 1 237
109 32 263
60 34 921
123 115 66
111 49 782
19 57 148
15 16 110
81 38 744
124 140 690
13 30 577
15 10 422
107 23 811
115 84 58
124 117 23
76 54 657
102 142 728
116 120 426
127 67 602
100 129 745
48 21 355
39 84 766
66 68 241
44 20 890
24 96 641
71 140 42
64 130 112
24 14 868
56 23 861
123 90 125
33 79 23
96 126 504
25 139 307
141 48 340
92 15 891
43 15 862
49 66 840
56 68 434
125 78 973
89 108 180
33 66 216
45 31 236
28 100 5
40 142 82
115 1 575
98 23 799
137 133 905
118 114 89
6 13 20
140 136 298
126 99 195
110 64 982
87 1 675
46 22 476
72 45 803
134 71 18
64 92 142
61 107 903
30 112 395
42 54 559
16 109 749
33 48 848
93 126 900
111 20 125
93 44 513
26 143 24
142 78 379
142 4 416
103 53 205
26 131 16
28 53 891
85 77 322
72 122 440
128 73 639
9 118 529
52 102 459
43 39 181
89 15 32
100 31 257
131 139 271
94 9 588
7 99 766
69 37 730
51 105 207
55 91 589
93 143 734
143 35 730
112 83 22
130 103 101
41 48 124
23 84 391
139 81 736
109 116 297
7 57 231
130 42 868
59 121 259
114 67 832
19 34 420
30 43 587
107 11 247
125 139 425
65 64 991
91 20 766
34 109 184
134 143 713
12 95 254
138 14 329
13 54 256
8 86 774
9 133 570
125 132 890
14 122 18
112 27 239
122 32 660
56 31 961
66 21 409
116 115 376
30 25 955
123 126 28
112 67 132
98 77 83
74 113 263
17 78 675
53 113 928
70 24 167
21 22 541
69 31 377
139 32 799
4 37 835
45 88 61
58 119 161
62 1 671
20 143 793
124 107 726
20 27 748
43 100 574
117 76 865
71 33 845
135 95 372
52 28 829
69 15 532
39 66 133
70 131 898
22 138 300
106 111 308
134 116 222
68 100 421
28 26 237
34 138 345
104 129 459
141 62 988
95 37 731
105 35 183
46 84 284
29 142 600
72 136 322
84 122 52
39 53 950
78 93 163
114 19 792
16 107 626
33 123 891
98 11 524
28 24 665
104 38 636
67 132 494
73 111 264
53 105 456
15 55 256
115 40 578
3 5 401
143 105 192
57 119 663
119 99 345
26 83 654
62 86 244
128 34 665
140 139 94
61 33 427
72 18 992
111 47 837
116 40 474
66 62 176
79 62 362
120 64 27
26 87 560
130 69 303
137 138 760
44 113 675
79 98 536
67 70 241
35 122 446
97 109 837
10 121 256
79 56 884
38 19 859
78 85 308
120 136 475
27 89 26
1 110 948
91 13 779
75 88 28
3 116 945
120 110 16
24 130 405
135 92 738
137 81 814
99 83 135
29 60 710
22 75 328
107 27 75
51 36 635
68 138 225
12 31 131
72 88 446
138 78 721
103 42 772
11 12 868
95 96 702
53 56 740
82 134 792
32 42 284
1 93 905
23 32 121
5 86 635
111 68 911
116 105 228
93 85 541
97 34 200
2 41 755
74 125 24
4 114 326
109 36 857
21 65 177
142 81 310
23 9 627
127 72 31
79 43 750
140 68 315
116 82 411
36 93 372
29 14 381
7 56 245
11 2 780
60 106 912
131 82 470
25 66 928
80 133 664
82 112 107
69 47 392
48 78 493
43 18 416
28 79 189
59 76 84
77 92 734
82 95 335
131 118 715
136 75 16
51 40 325
111 124 654
28 82 729
41 28 328
116 99 531
97 41 22
30 56 443
16 26 411
104 100 586
47 112 8
18 120 841
48 99 725
27 19 374
15 105 669
80 126 115
140 80 118
21 4 594
64 84 699
135 37 333
84 48 438
50 109 36
56 13 198
65 90 253
63 94 722
28 78 158
38 46 599
117 60 684
141 23 734
58 140 587
83 35 762
116 106 306
124 115 138
70 4 724
32 40 799
47 68 346
114 131 91
122 137 102
104 42 624
42 30 23
140 116 523
58 2 643
12 108 798
86 43 170
73 133 913
93 92 492
140 21 661
33 126 932
75 9 807
116 26 564
132 25 320
65 98 954
33 7 885
95 79 465
112 60 492
120 83 960
49 96 854
9 61 957
59 5 756
108 115 125
119 31 937
49 60 603
26 69 233
102 8 167
23 111 250
68 25 758
44 119 230
89 124 533
136 130 849
65 112 570
83 132 877
75 80 614
80 14 713
128 69 132
17 132 291
78 6 381
115 107 471
12 84 449
86 4 295
119 41 347
14 19 124
72 90 376
30 52 227
85 141 273
39 62 570
38 120 190
47 30 867
14 46 510
76 12 191
16 21 933
47 11 11
13 53 393
118 55 302
92 17 203
56 62 734
20 87 588
9 105 731
41 98 538
123 55 862
80 10 803
135 27 314
100 93 54
49 137 681
120 82 765
110 19 587
84 140 487
86 91 440
58 38 871
30 74 461
119 109 305
85 86 636
127 131 416
88 141 152
95 85 35
2 130 662
17 91 818
100 23 156
111 67 469
1 6 802
12 60 719
24 117 541
121 20 909
141 15 143
60 127 399
140 134 346
131 47 90
111 93 409
23 55 390
139 66 367
35 117 958
3 34 261
134 24 700
7 45 103
8 16 950
12 30 94
42 65 555
129 74 156
40 131 922
6 109 851
52 18 66
13 38 852
47 115 406
22 108 906
6 29 727
129 140 380
54 137 324
95 105 520
123 73 148
94 89 216
22 4 840
114 22 932
114 44 929
65 134 120
60 92 489
93 141 587
14 63 85
90 2 491
12 34 247
109 108 555
9 117 927
18 76 348
23 78 694
56 32 654
138 126 800
38 66 740
35 34 938
101 73 327
79 3 593
18 121 838
64 102 432
29 49 790
63 136 425
79 81 519
55 53 374
58 52 480
91 116 398
133 138 702
123 83 808
50 67 355
55 20 856
18 137 225
42 122 122
78 38 49
59 27 19
37 120 550
117 139 60
36 72 437
18 22 426
28 34 64
1 124 939
101 15 628
2 141 82
131 62 273
98 134 202
77 43 920
142 37 708
81 83 654
56 63 977
1 15 751
24 114 23
129 118 459
76 84 794
142 96 175
79 99 437
138 86 245
134 92 115
3 20 893
78 21 78
90 66 419
1 34 836
67 124 375
75 56 562
118 103 567
55 68 417
121 74 99
64 82 395
138 37 857
98 49 789
5 36 440
81 65 427
136 78 301
8 45 713
77 64 241
116 48 270
124 64 147
46 50 719
111 131 598
35 65 64
39 124 183
50 52 310
20 108 892
137 12 517
104 14 248
72 6 565
118 134 584
35 77 623
62 59 717
101 95 816
143 60 834
119 94 949
89 125 239
58 19 535
107 78 447
125 12 922
72 15 530
57 14 105
12 37 187
40 44 995
52 1 475
72 42 625
39 56 1000
3 114 124
86 113 343
106 100 396
50 105 160
107 52 439
39 138 379
66 117 264
97 103 882
40 110 536
39 17 567
3 21 458
130 138 430
77 11 279
31 33 844
22 15 85
63 10 248
24 88 534
102 21 528
8 14 945
59 56 150
23 80 722
64 113 275
120 31 814
59 31 92
70 71 619
133 4 311
49 50 852
72 126 573
63 114 291
57 117 246
26 35 296
31 50 179
82 139 584
95 18 236
61 115 96
13 111 310
6 114 65
37 107 786
122 71 638
115 141 620
106 137 824
136 65 957
42 64 226
80 9 205
40 138 46
94 111 288
7 108 473
142 106 58
122 15 755
97 100 179
18 75 251
85 120 842
49 27 642
115 121 46
77 89 364
49 45 488
23 61 369
14 22 10
93 58 600
28 81 673
80 93 282
118 10 414
89 122 315
96 117 693
93 109 907
11 39 935
61 3 204
65 12 771
21 59 159
74 78 591
36 35 420
23 76 319
26 68 661
48 127 407
23 99 699
71 20 210
94 59 83
84 37 31
89 36 633
63 122 558
138 18 900
90 125 77
52 23 765
1 37 69
18 54 482
26 5 479
27 24 658
9 21 469
98 31 921
16 97 638
82 117 577
88 122 59
92 110 503
143 123 633
73 34 973
135 83 917
129 84 223
110 59 297
68 122 390
128 14 780
86 71 259
45 117 423
39 8 975
141 131 142
38 96 809
112 137 877
109 14 244
18 118 597
131 123 190
10 132 928
53 119 245
6 51 950
17 128 614
95 140 534
106 101 799
36 95 145
58 135 548
129 88 907
72 118 947
96 137 525
102 51 52
79 23 106
117 125 289
66 4 460
65 66 15
1 13 961
82 119 344
12 70 878
91 36 692
131 94 91
38 21 607
100 19 729
106 40 439
132 138 317
78 115 446
36 12 907
49 117 63
78 111 236
100 131 508
125 23 671
83 7 695
83 31 241
26 128 776
6 21 90
12 111 575
40 108 769
50 122 945
29 64 542
86 141 679
122 12 67
126 128 267
5 18 805
50 129 572
15 113 237
107 60 525
61 6 762
132 103 415
87 115 863
96 50 283
26 141 264
74 15 509
26 32 987
14 41 88
57 66 168
63 139 300
12 26 716
54 111 757
79 139 89
20 45 248
123 10 258
29 134 420
131 130 897
6 113 459
136 12 638
8 119 469
84 44 494
5 7 490
23 113 907
86 53 78
54 108 887
125 55 241
5 125 104
36 18 434
6 15 109
114 15 323
112 51 757
100 4 353
27 62 5
11 82 829
99 25 212
105 12 425
95 2 416
62 20 895
121 50 563
37 98 349
119 101 802
73 76 976
81 132 467
11 38 616
65 22 819
79 58 220
133 84 621
38 39 190
129 89 894
93 101 874
67 118 194
20 94 352
1 121 331
111 8 100
52 9 981
74 9 353
137 139 963
19 106 135
89 142 570
32 96 44
45 110 898
98 140 177
21 80 298
7 116 126
12 121 387
43 105 913
93 30 284
42 33 188
106 21 333
67 106 108
11 81 306
104 109 185
18 56 493
46 1 133
110 67 825
141 83 509
102 111 884
104 32 868
53 74 913
99 62 310
84 87 437
33 133 862
95 89 390
84 135 232
74 73 428
115 45 174
49 81 927
124 127 208
34 59 710
97 132 792
15 128 421
21 132 475
79 9 288
125 136 36
61 29 401
99 89 474
57 68 261
93 136 857
85 12 763
69 10 770
91 51 668
82 37 432
88 36 605
88 74 675
38 5 257
46 83 968
116 46 449
106 27 706
12 19 728
47 91 111
101 121 626
108 141 553
37 43 459
34 78 879
64 134 112
127 83 699
77 101 268
16 82 516
16 98 591
105 77 359
43 40 224
2 112 174
83 15 22
9 104 888
112 102 49
29 48 837
19 51 511
64 57 312
106 123 139
113 111 381
31 11 739
75 62 152
127 92 734
131 104 187
5 91 757
47 65 176
127 97 271
86 112 208
56 50 406
97 89 256
131 24 451
72 23 899
9 66 158
143 50 972
139 83 46
98 4 910
61 45 654
90 13 123
12 78 988
45 30 958
51 131 721
133 81 807
24 44 757
15 71 774
34 123 141
65 68 221
58 25 610
74 5 545
124 137 979
82 61 833
116 65 685
124 27 735
125 95 709
49 110 93
29 102 496
40 143 719
64 140 966
77 118 328
8 73 863
137 60 112
99 20 169
53 128 991
99 142 808
20 9 214
119 67 814
3 14 902
76 90 445
124 71 472
66 120 716
141 56 655
11 19 385
114 39 364
67 47 974
113 13 832
61 66 717
59 97 618
87 119 956
18 26 199
10 8 55
120 111 158
66 51 64
140 46 515
62 136 723
113 80 703
2 12 575
77 45 136
80 4 578
9 102 411
124 108 342
24 6 53
5 48 520
25 31 471
28 98 618
107 111 524
49 99 213
133 67 69
43 24 806
4 58 961
17 81 54
70 125 612
7 13 402
50 73 228
80 67 910
55 101 631
118 44 914
30 122 995
138 113 669
10 47 259
18 111 48
25 67 322
90 29 125
138 108 703
27 101 930
84 28 113
83 136 231
33 43 598
84 67 647
28 8 606
29 46 260
137 86 672
83 74 900
19 117 554
4 104 885
78 29 605
88 76 38
46 115 248
142 59 734
6 123 507
89 126 251
9 7 46
123 7 432
60 57 910
18 57 225
36 42 557
32 125 671
129 110 685
40 28 9
98 20 141
74 134 335
44 62 787
137 130 406
36 61 877
62 89 216
140 102 241
12 71 647
85 109 666
139 116 345
126 124 266
31 117 638
72 5 606
43 20 478
39 91 946
45 122 563
11 13 312
67 100 758
86 34 369
78 67 120
40 50 338
47 16 96
82 101 605
60 68 173
131 99 335
31 97 292
107 53 478
15 103 103
46 130 137
13 94 431
66 22 485
47 22 634
67 108 392
121 41 591
122 143 820
27 130 424
75 119 929
100 139 381
6 132 864
134 30 193
96 4 494
127 93 355
78 114 81
83 79 671
45 24 22
101 1 823
71 141 707
21 128 159
108 140 95
66 130 93
28 30 145
111 140 963
79 52 750
7 70 679
54 31 470
9 17 501
97 133 290
44 126 502
60 44 956
84 139 360
141 24 244
138 104 611
75 81 20
86 96 71
132 117 154
120 59 470
11 84 506
113 37 904
44 38 324
131 87 329
19 36 692
56 33 450
84 141 198
119 143 709
2 56 952
90 85 273
33 132 522
76 99 544
56 17 460
74 37 422
121 23 947
47 139 2
1 138 849
92 86 69
72 43 223
137 55 522
56 58 238
4 102 72
69 1 651
12 109 88
28 37 517
136 92 728
46 26 937
79 36 286
100 20 312
34 102 508
14 60 115
123 122 164
91 9 528
90 88 53
85 130 692
56 65 427
105 103 880
120 16 208
43 107 659
82 133 11
3 95 318
100 13 379
27 77 554
122 99 545
22 123 740
12 45 994
22 3 196
108 137 753
140 103 928
133 38 351
88 85 274
71 47 317
14 23 80
6 80 629
128 114 441
120 119 233
41 72 867
94 126 343
78 100 54
31 43 191
27 117 411
40 103 39
30 9 242
5 14 16
51 77 96
49 85 485
91 19 440
94 117 695
109 117 613
84 113 162
63 73 41
29 66 21
4 41 148
99 132 327
127 29 349
59 95 387
94 30 116
67 103 421
74 118 451
79 91 770
111 44 360
1 127 125
69 102 205
73 115 416
103 9 196
27 102 819
94 37 964
36 104 274
38 48 240
137 13 748
68 9 215
12 24 713
96 83 401
19 81 663
128 7 785
76 129 530
33 65 955
21 5 218
11 128 760
75 76 812
76 27 107
110 76 914
125 28 789
55 49 654
12 48 943
37 134 864
10 44 916
20 40 288
7 18 187
57 133 157
135 80 601
66 42 634
129 62 652
32 36 112
115 26 96
128 23 822
31 27 816
94 65 198
13 79 805
118 7 706
74 109 404
74 31 894
40 56 823
63 42 898
67 42 397
22 102 288
122 60 274
132 79 365
107 31 379
110 69 680
131 85 624
9 86 112
120 128 608
114 1 973
67 38 628
129 66 985
94 43 737
94 141 144
127 43 48
138 127 120
1 28 582
8 132 561
51 65 819
7 40 80
72 68 847
10 5 444
78 92 809
133 14 200
51 82 206
40 4 227
140 96 831
92 44 180
107 105 656
84 117 134
51 52 61
24 65 447
16 110 545
106 13 726
46 39 520
108 34 334
80 42 175
118 119 702
110 82 786
96 134 585
84 63 396
56 118 752
24 93 566
68 70 240
104 16 93
108 111 724
129 1 319
21 124 413
110 79 964
130 105 900
67 41 555
21 135 2
105 87 515
48 102 654
137 34 989
42 101 868
20 74 658
119 24 273
106 121 190
69 18 501
19 89 826
38 75 233
68 116 891
106 86 718
117 102 21
77 113 696
37 36 618
127 64 408
37 128 678
13 28 523
42 26 778
83 93 878
124 104 781
2 29 571
14 121 890
59 79 807
23 5 105
134 93 570
56 94 83
89 105 353
40 52 24
96 41 346
41 34 545
72 101 449
138 23 759
129 56 685
113 38 61
12 55 800
132 39 497
26 23 610
107 94 310
18 15 635
20 67 275
105 74 357
50 62 61
1 107 725
15 65 34
81 34 824
62 23 940
24 129 716
24 35 759
73 114 788
108 63 918
79 96 295
100 123 103
11 139 659
35 31 171
37 137 224
70 118 401
74 84 53
135 4 477
37 62 782
100 35 487
36 10 976
94 78 801
138 45 626
54 114 213
101 112 884
101 122 231
1 70 628
15 40 82
63 72 419
136 35 901
106 34 699
121 102 894
34 33 81
77 116 95
4 28 137
76 98 823
71 88 640
98 19 143
115 69 540
108 110 816
124 13 548
43 27 302
112 20 793
34 91 734
41 125 148
39 102 259
39 136 191
91 41 137
58 42 951
66 89 417
41 139 197
66 107 107
27 23 776
22 61 622
15 115 894
126 12 43
70 20 6
40 34 486
143 76 639
48 51 799
80 57 785
78 73 956
14 103 969
59 141 107
17 86 387
10 27 303
4 33 283
97 33 659
9 120 583
134 86 164
15 111 320
104 122 779
11 99 260
54 68 808
143 96 990
54 109 79
30 57 76
38 63 286
69 45 561
103 108 2
134 12 448
104 63 602
58 130 755
130 68 672
39 126 636
111 129 584
114 108 772
72 53 944
56 121 212
86 119 595
38 93 776
2 85 68
81 88 700
72 112 747
76 108 878
59 96 867
87 65 660
66 98 773
130 38 143
129 37 844
5 55 997
49 93 220
82 65 652
21 33 113
84 2 788
52 38 96
55 141 156
46 47 572
1 43 391
75 94 666
18 30 343
3 41 216
37 7 134
92 88 512
131 12 265
122 103 998
109 15 353
37 19 546
63 65 934
48 81 145
26 134 66
140 73 109
45 124 640
100 128 339
57 89 64
98 88 827
45 106 14
132 131 661
105 52 694
54 141 376
91 111 357
33 89 711
115 14 132
50 60 810
24 126 288
57 134 809
71 123 401
59 101 606
141 139 219
61 18 679
31 79 943
90 70 93
64 109 705
32 43 531
68 85 4
76 69 408
7 97 195
48 1 935
39 99 631
29 30 648
95 103 209
71 91 405
40 76 544
14 134 358
62 58 486
122 62 94
42 14 681
113 57 32
141 63 120
125 59 505
29 59 689
60 15 763
14 139 220
89 92 625
67 115 144
2 20 716
100 51 137
137 132 392
44 31 775
30 75 560
9 27 764
59 132 898
143 44 490
32 16 543
112 12 969
89 29 229
54 133 463
68 89 332
86 120 667
119 140 362
98 26 80
15 64 311
1 133 585
29 86 14
34 130 23
91 108 456
33 121 228
120 48 846
74 142 262
8 70 479
17 28 98
131 101 947
108 65 250
60 71 368
117 4 684
134 90 981
2 128 96
84 6 998
37 111 263
135 121 919
101 48 993
100 107 962
64 76 31
87 48 757
57 96 697
3 60 273
11 5 612
42 89 123
10 111 317
38 42 108
32 29 462
73 20 192
23 69 215
122 108 237
49 10 204
52 127 793
84 43 290
66 99 295
130 114 433
46 31 139
3 64 426
69 118 564
12 53 4
42 133 67
79 30 390
89 140 403
131 95 356
7 120 207
130 91 957
138 73 1
21 25 888
20 32 977
58 49 544
112 58 596
34 71 918
77 82 815
4 13 135
56 41 821
84 92 272
69 4 559
130 37 784
34 75 340
135 7 15
142 126 366
13 34 459
55 9 410
89 63 366
140 57 96
70 64 535
53 63 552
40 137 326
73 64 549
127 82 695
7 115 968
83 47 51
15 94 476
138 115 526
68 14 865
30 51 501
126 76 761
10 38 602
6 95 348
74 18 388
9 12 683
137 136 321
103 25 27
22 103 976
16 38 665
89 91 280
86 59 8
10 66 738
110 115 413
113 69 483
137 51 414
21 35 418
143 45 859
140 16 139
19 138 94
75 20 525
82 30 806
49 114 357
37 32 682
111 30 789
132 120 681
24 97 499
71 100 650
114 102 610
116 111 314
20 79 483
118 124 531
54 140 37
16 99 132
46 134 814
40 71 945
102 141 296
141 120 688
9 143 626
36 118 602
92 27 415
73 119 928
62 28 516
42 8 933
119 36 958
106 110 92
21 27 443
10 95 497
93 133 419
2 82 676
20 26 491
40 60 837
27 120 293
9 26 339
117 30 760
111 76 922
74 92 358
113 39 175
69 136 175
110 38 852
30 50 205
15 77 256
86 143 491
103 63 957
72 135 542
71 83 841
41 73 279
127 12 978
86 66 304
81 109 173
17 54 167
130 45 450
32 127 101
79 125 258
81 70 131
59 117 979
40 122 36
33 67 535
28 65 97
14 76 539
142 2 424
141 90 853
55 100 655
122 6 465
131 92 439
86 93 641
123 79 154
26 6 293
49 92 228
142 54 699
91 24 966
44 86 96
87 3 519
46 55 505
110 133 189
128 90 484
25 54 249
66 113 440
127 109 591
35 137 915
90 91 256
68 101 849
117 13 56
57 67 481
84 69 555
63 93 339
16 56 321
64 18 810
84 30 232
91 113 212
47 140 285
120 89 268
99 40 492
14 118 457
93 12 678
124 142 87
31 129 886
20 42 190
10 104 357
47 88 593
39 119 249
27 63 954
64 61 19
49 30 186
80 48 389
52 118 798
70 136 617
2 137 231
39 64 46
93 131 512
45 142 251
55 51 507
7 141 155
10 128 961
47 90 814
35 63 383
23 120 956
109 38 888
64 47 188
77 75 369
133 130 963
37 72 124
120 10 254
34 37 196
42 18 342
40 2 588
74 64 515
93 107 93
33 99 714
5 124 994
119 79 590
7 121 404
31 18 925
72 57 672
99 5 389
68 44 208
69 55 810
106 84 400
110 52 228
115 18 100
25 40 478
143 133 672
24 135 666
136 129 783
47 118 159
40 58 282
4 87 367
78 126 631
122 18 137
67 10 652
131 71 740
83 126 883
56 28 800
106 107 804
69 61 657
112 74 615
67 22 345
54 89 376
101 100 23
114 41 154
131 75 160
62 143 596
55 58 483
43 98 89
126 7 421
89 6 614
117 41 39
71 54 528
139 85 933
139 9 111
3 134 875
140 92 775
16 89 747
12 79 566
40 42 148
110 48 55
64 24 583
117 89 118
5 105 47
38 115 476
9 78 589
41 136 409
18 8 892
18 108 859
8 51 472
87 6 315
122 33 552
133 94 599
53 47 532
63 44 982
101 113 970
103 68 223
8 17 617
63 109 65
28 133 71
94 21 791
60 125 554
128 62 577
128 130 835
93 4 794
71 101 64
14 37 259
110 77 821
40 136 718
114 58 711
52 5 869
107 86 915
97 49 916
127 120 898
61 28 308
1 119 592
105 120 954
31 87 458
37 131 970
56 10 463
17 51 85
65 9 866
94 85 253
17 121 404
118 120 1
130 12 588
4 30 599
27 75 27
84 99 533
118 102 634
9 122 4
120 13 796
78 15 435
134 27 799
77 62 384
51 109 551
101 89 935
79 140 667
53 42 705
51 21 735
74 76 176
7 142 883
56 82 292
44 53 94
26 4 240
21 10 731
35 27 218
94 66 147
77 12 879
4 47 549
126 38 176
80 109 181
130 20 630
39 118 20
1 12 743
84 137 85
40 37 459
101 133 856
59 69 450
138 20 774
61 139 598
39 36 916
73 31 548
112 56 507
138 89 729
1 67 287
93 102 893
137 67 867
141 109 160
130 90 361
115 79 841
109 134 690
141 98 175
91 78 434
63 34 573
95 45 716
70 119 184
130 141 865
121 129 750
52 98 264
1 49 850
126 115 320
119 59 898
86 87 679
10 45 846
15 120 135
87 38 443
131 55 872
46 143 389
44 106 334
71 117 791
28 127 693
61 92 216
129 85 325
71 94 362
54 77 456
42 77 158
43 87 806
12 82 992
102 87 369
72 12 962
21 17 922
27 104 590
89 132 167
84 65 523
104 140 190
96 46 483
66 111 719
131 44 183
74 16 241
12 17 333
7 91 898
69 74 243
14 93 885
102 129 40
92 40 496
115 100 364
119 62 562
111 63 542
100 133 449
102 116 990
101 127 676
123 98 908
29 53 177
82 126 463
11 57 879
37 127 643
87 89 305
101 137 993
6 75 799
116 103 599
38 143 550
58 113 113
136 48 281
85 110 406
110 28 54
37 75 809
51 124 634
49 115 824
107 33 945
97 110 955
120 88 954
70 50 931
107 77 415
135 77 219
25 14 19
17 82 538
135 100 78
107 68 99
108 80 812
44 87 760
111 118 906
98 14 241
26 40 194
103 100 119
91 43 522
21 67 699
14 89 751
66 56 118
83 17 120
84 29 282
142 56 367
2 81 666
59 42 808
25 49 667
18 143 526
64 94 275
90 48 643
121 98 404
112 120 904
105 133 430
13 60 147
53 59 501
71 115 256
94 121 35
26 30 584
108 58 718
81 131 147
92 107 357
65 32 776
29 36 243
54 121 552
28 68 347
50 35 740
72 111 904
128 70 853
23 101 772
97 35 932
62 104 562
49 79 273
61 102 46
34 24 374
51 108 858
61 58 265
87 96 174
1 98 448
54 29 959
50 9 903
133 108 714
123 116 634
112 138 459
18 51 796
16 3 164
141 22 980
105 45 100
57 63 556
106 14 672
90 14 581
9 59 462
57 130 354
134 88 494
61 89 848
1 73 274
67 5 603
12 6 87
110 131 852
5 41 521
75 84 278
85 1 248
63 85 516
117 120 975
139 23 930
19 73 218
139 104 946
62 74 333
12 119 905
7 14 136
33 57 682
122 75 606
124 19 811
139 31 771
51 35 133
42 31 906
93 11 761
141 140 922
117 79 7
36 66 314
24 58 418
61 50 396
97 10 988
7 137 954
113 62 382
107 17 979
10 34 460
90 102 949
66 7 945
52 133 293
80 59 553
84 127 415
97 119 748
4 131 959
3 122 290
79 7 139
92 122 365
46 109 954
81 44 122
48 135 101
130 107 356
139 37 595
62 132 626
25 22 505
50 118 808
67 73 25
135 50 651
6 53 461
120 79 907
66 17 632
72 94 697
39 130 987
65 39 564
117 78 296
88 124 793
63 3 478
55 6 626
2 105 870
71 90 680
43 97 305
103 85 713
52 138 811
76 5 556
23 116 692
68 88 199
106 50 346
17 135 177
41 46 539
101 29 378
120 138 109
70 18 593
15 121 337
78 47 344
110 123 629
57 5 305
53 60 835
27 136 607
3 84 587
135 117 108
78 121 618
103 31 998
37 15 252
55 127 425
69 85 242
33 105 870
50 18 989
100 63 392
81 35 101
73 125 140
111 3 260
130 100 487
102 98 662
81 23 197
118 109 15
78 106 984
139 92 236
14 38 222
52 72 883
112 114 4
17 105 938
50 101 924
89 130 65
112 76 458
34 54 996
73 56 248
3 133 342
133 92 648
4 59 57
23 40 76
104 116 99
131 15 827
46 117 654
42 25 454
100 14 771
141 135 473
131 113 485
20 11 371
43 16 625
17 49 585
14 97 670
26 51 632
8 100 270
55 126 763
113 94 622
30 106 846
74 26 815
79 93 364
116 32 716
74 63 67
71 103 77
1 18 507
31 57 384
23 8 114
58 20 739
119 107 219
63 28 818
8 88 107
64 104 874
93 33 492
70 14 912
45 33 243
6 125 733
50 44 538
82 102 627
39 14 351
45 121 211
22 137 28
74 94 403
67 126 255
67 99 885
78 83 580
56 95 811
81 84 469
7 34 53
51 122 298
89 67 66
50 97 263
53 4 648
35 89 630
142 77 579
66 55 638
72 26 462
71 99 326
124 11 204
138 94 217
68 143 576
91 48 788
106 2 320
16 57 614
17 27 393
31 80 579
79 57 423
68 43 288
10 39 195
72 74 380
1 20 375
99 2 423
66 140 622
132 78 185
63 41 964
106 4 870
82 108 982
116 25 990
18 20 936
131 88 671
141 66 795
133 34 787
7 25 157
121 132 208
10 28 484
121 32 121
94 91 56
134 6 494
27 48 607
32 94 8
79 109 5
108 5 656
122 28 555
1 88 482
98 67 802
26 75 119
118 1 100
23 88 557
90 78 894
6 139 550
131 53 719
44 136 895
60 36 521
34 93 57
53 137 88
122 91 944
81 31 417
15 13 716
140 76 658
63 17 835
24 138 234
114 109 918
47 56 712
66 47 831
72 34 340
16 114 598
131 137 825
9 82 585
39 1 157
8 138 855
63 135 111
107 65 7
137 73 680
107 116 11
9 44 185
22 85 23
108 95 346
118 22 629
27 118 226
31 136 982
73 21 909
58 118 522
124 122 73
90 12 33
136 133 464
82 115 299
62 109 725
133 131 210
57 125 292
40 96 452
43 42 188
125 22 541
25 138 677
32 24 543
4 139 51
10 122 940
10 78 342
2 71 504
95 5 703
136 79 173
9 100 675
16 100 592
49 74 604
86 131 683
122 93 397
22 113 20
67 19 505
141 99 540
69 120 814
28 66 804
84 78 35
115 11 315
50 84 335
61 81 857
99 115 554
143 36 149
49 140 388
103 38 851
134 41 677
51 89 798
7 69 402
4 124 893
69 92 379
94 53 941
124 60 19
129 72 536
111 136 91
49 14 526
110 37 168
90 99 156
62 26 683
40 66 445
59 89 183
69 24 235
105 108 747
125 63 300
121 62 610
63 6 574
91 131 87
98 86 569
61 94 851
6 27 965
18 24 820
30 130 923
126 74 321
65 52 360
22 31 993
123 19 6
18 105 256
89 80 70
38 45 121
123 67 426
72 3 839
58 39 11
37 52 566
82 1 272
136 52 794
140 44 545
111 134 141
4 116 912
53 142 107
95 134 939
108 35 858
70 52 366
41 124 37
54 129 971
23 74 232
64 67 32
49 28 52
17 68 724
70 33 35
27 137 51
70 96 881
93 6 85
45 46 908
119 35 80
73 122 295
48 88 995
47 35 748
78 46 771
49 36 816
51 10 970
18 11 266
52 4 719
23 34 978
44 125 932
87 68 620
54 41 180
47 93 318
77 32 872
82 76 542
2 139 323
66 84 730
138 16 393
134 1 855
35 92 306
138 121 371
43 41 641
70 38 784
65 44 956
115 29 739
122 97 674
84 107 982
24 86 335
72 106 110
80 71 797
91 109 654
56 136 966
24 110 966
75 100 881
55 97 714
45 65 19
27 99 592
63 16 222
103 8 352
47 49 209
106 71 474
77 4 939
76 95 939
123 102 716
131 63 687
101 88 477
93 35 668
119 103 893
2 48 886
99 18 217
126 27 832
39 34 45
140 39 103
14 111 743
51 116 158
83 90 58
36 112 966
15 117 786
97 130 93
100 74 174
2 8 526
139 89 386
10 98 447
124 9 667
4 121 328
111 135 294
84 54 312
100 36 731
91 54 892
116 127 151
96 141 648
3 98 333
12 118 265
40 9 473
91 27 454
41 86 336
125 37 780
104 56 975
64 85 920
78 22 661
5 35 709
47 24 265
101 26 477
51 43 764
48 139 932
31 99 432
102 56 141
68 67 228
14 102 311
104 89 578
117 87 65
111 29 729
67 72 899
89 9 798
102 23 706
65 129 176
141 30 652
29 57 666
119 105 496
1 103 293
108 134 807
6 65 740
77 117 458
67 94 435
82 47 567
113 25 129
25 55 628
103 111 905
83 117 256
103 137 638
36 90 735
56 85 572
77 59 610
141 74 545
82 63 10
6 103 56
50 54 337
90 95 519
84 125 548
128 56 263
91 57 633
4 61 724
72 66 126
54 53 567
88 52 777
11 3 631
45 103 881
16 135 391
26 137 492
19 96 584
101 7 754
81 14 500
35 9 206
104 31 629
16 130 114
4 108 766
94 35 880
100 6 659
82 142 453
94 50 692
49 22 556
40 12 394
19 45 578
71 3 479
7 58 285
53 85 225
25 50 183
60 66 915
142 91 580
137 50 471
56 27 231
34 74 867
110 81 70
135 120 54
134 61 35
114 111 660
51 139 492
49 77 143
4 63 454
130 119 116
112 140 683
99 73 794
5 37 100
16 23 550
67 58 740
86 27 113
91 107 980
12 97 483
67 140 985
92 123 973
91 123 456
81 122 373
5 73 902
58 72 826
36 77 947
10 12 139
16 85 710
105 56 627
43 132 278
50 95 744
102 96 702
60 142 411
44 30 68
58 71 649
50 77 46
122 102 555
39 78 82
128 99 387
22 140 157
87 10 244
136 23 938
139 21 64
124 34 343
108 62 195
24 103 84
102 134 49
125 18 844
13 107 142
115 62 453
41 143 647
100 118 943
56 134 134
46 70 690
138 70 31
43 53 297
105 61 176
80 46 370
96 92 217
1 75 141
74 116 230
47 34 108
68 126 353
81 10 528
55 31 119
104 17 972
52 15 125
59 14 261
29 83 369
137 123 89
16 117 535
48 130 665
69 70 505
49 56 877
52 122 852
109 65 868
57 62 845
5 120 785
94 23 9
103 43 730
32 101 324
120 57 960
127 49 228
123 59 98
108 135 364
9 3 744
66 67 154
130 140 526
67 17 341
18 38 406
34 38 283
2 55 117
77 41 668
88 136 19
62 105 957
45 14 661
80 27 30
6 116 884
64 139 718
89 22 699
33 30 796
108 61 407
23 92 294
133 45 692
129 53 149
115 53 846
12 89 3
105 59 938
109 55 957
73 18 813
90 34 849
63 64 394
99 143 924
117 116 959
113 120 101
110 33 74
89 76 39
83 114 736
36 52 637
88 44 153
93 116 872
104 123 648
19 99 814
70 41 458
91 124 733
112 22 887
78 55 176
102 41 488
131 142 237
88 137 779
140 27 755
92 14 626
121 51 291
39 92 923
83 61 263
82 91 694
98 126 58
105 8 453
5 60 948
2 47 512
119 48 901
123 81 310
75 121 392
99 136 613
56 74 862
93 45 939
89 119 48
131 136 776
118 3 694
33 101 316
66 64 780
105 94 527
15 48 980
43 140 717
100 61 193
7 82 264
27 108 373
115 92 120
49 67 38
77 79 176
116 69 487
47 14 661
68 50 471
8 4 588
106 17 465
16 87 50
10 96 446
102 43 909
2 3 769
23 135 335
132 32 21
70 74 833
71 50 201
25 63 950
134 83 869
75 42 945
102 71 714
45 5 421
26 34 757
93 41 392
19 1 18
56 119 665
67 91 292
103 89 774
93 51 530
15 124 267
35 54 710
118 41 918
113 48 692
142 137 655
6 81 978
122 135 674
51 3 186
43 56 568
66 95 8
100 112 411
138 125 87
136 97 735
108 53 253
20 140 355
5 69 475
116 58 162
104 1 467
129 131 423
122 136 540
59 8 936
25 123 918
54 82 729
24 51 712
137 16 957
72 80 820
125 112 388
44 80 857
50 76 494
49 87 285
32 21 805
43 11 44
74 103 983
8 7 560
92 47 82
114 53 948
108 106 963
29 105 834
135 116 711
104 126 394
140 25 567
41 36 411
12 49 205
12 32 81
14 52 456
120 77 500
131 67 831
79 126 28
142 32 633
5 134 434
137 118 86
57 94 755
124 14 4
132 142 582
90 113 84
21 12 746
9 83 130
97 134 740
82 50 515
101 52 212
53 89 47
48 40 280
118 79 311
27 132 699
20 114 580
79 124 844
16 81 702
116 1 559
64 31 46
87 88 855
46 89 798
111 53 828
116 44 756
30 104 635
123 97 360
76 1 526
6 30 223
37 26 411
25 134 921
116 57 932
32 53 481
109 90 976
4 27 907
133 86 842
20 134 422
100 33 310
86 19 914
106 117 361
77 83 555
104 76 921
96 72 802
128 106 243
16 49 99
93 99 202
47 132 763
40 36 330
72 132 807
107 137 571
38 79 4
76 80 97
40 6 435
120 114 691
78 31 228
87 81 861
105 98 266
50 42 540
19 133 546
18 131 659
104 26 574
82 98 615
86 122 986
129 57 350
140 59 468
58 86 54
120 56 252
13 19 951
34 126 986
26 108 957
15 8 900
79 51 758
53 10 878
12 52 678
72 104 563
44 51 265
85 112 956
35 69 384
7 131 414
133 47 427
14 101 441
107 55 656
79 24 493
116 75 291
133 121 195
122 131 403
135 59 74
135 3 523
18 53 258
51 98 890
104 6 716
22 9 874
94 120 583
121 127 147
6 85 169
126 113 101
23 129 389
114 142 537
127 141 770
61 86 389
107 95 28
91 136 787
110 41 506
139 112 795
71 96 775
99 56 228
122 53 389
41 64 748
18 78 454
2 43 564
41 52 299
32 48 138
78 45 292
12 114 918
62 90 959
23 45 26
41 122 920
33 125 455
35 32 190
49 2 501
143 87 925
118 4 359
136 45 104
75 45 719
78 99 851
23 124 449
8 20 397
137 76 659
99 104 69
12 27 198
142 61 389
80 127 619
95 109 406
40 128 466
31 15 979
49 24 985
10 43 955
79 60 697
61 117 155
37 45 319
127 27 963
68 16 887
78 135 233
5 4 264
17 71 202
13 49 85
41 109 471
84 18 343
78 104 737
24 100 718
74 4 213
12 42 135
104 34 491
29 16 525
39 125 224
29 112 899
40 113 513
17 131 368
133 15 375
39 104 156
12 59 365
1 90 717
1 95 320
56 126 260
13 88 513
32 41 70
25 107 344
108 136 500
111 99 158
27 123 117
137 41 16
100 66 761
116 88 382
18 34 905
20 76 814
103 56 266
99 124 43
30 14 789
22 133 381
85 98 439
135 61 303
19 93 470
113 41 560
58 84 424
118 92 210
126 139 871
41 29 874
93 106 277
85 100 234
58 109 160
14 84 590
36 47 379
53 95 164
54 102 679
126 97 53
73 127 87
72 61 272
69 137 79
138 128 410
21 72 165
37 76 153
23 42 426
62 93 409
53 9 16
103 143 142
123 88 573
17 38 419
119 141 259
96 55 719
125 36 570
52 132 319
47 15 669
117 143 807
132 119 395
10 83 430
64 89 23
129 92 370
79 111 790
58 78 129
132 133 870
2 45 211
11 60 484
54 30 313
22 38 772
122 20 387
50 27 578
67 39 363
135 109 34
46 19 138
77 104 380
51 92 766
128 92 463
33 112 744
82 39 466
68 120 53
65 102 178
5 81 204
102 97 256
14 83 208
47 1 14
60 65 163
4 43 874
112 39 200
78 53 542
129 124 968
138 143 583
45 53 801
12 74 242
22 27 287
14 91 577
59 46 348
78 96 851
139 78 170
143 121 406
2 127 592
122 116 434
122 54 982
139 58 812
118 38 301
57 131 188
98 78 96
37 13 266
3 109 781
27 90 533
54 60 763
49 141 989
68 52 947
40 61 499
136 19 64
22 105 724
70 62 122
85 137 959
68 90 343
39 51 52
85 29 218
51 123 725
98 138 39
1 44 530
12 33 436
120 41 49
107 123 311
83 104 438
117 6 173
45 140 552
126 87 372
121 13 401
118 130 259
119 104 121
127 117 933
22 35 685
73 142 205
53 33 793
138 56 662
111 104 437
69 93 608
82 34 170
2 126 75
28 23 652
52 78 370
16 67 389
46 40 744
108 129 153
91 74 883
135 128 179
131 25 255
103 55 362
27 103 848
32 95 40
37 119 801
28 97 139
61 39 876
21 64 66
131 34 822
113 121 480
48 14 523
132 135 459
36 30 607
12 7 347
38 73 926
80 116 246
38 28 252
69 94 410
11 65 689
104 50 250
101 12 886
63 79 999
65 78 180
108 83 825
76 132 575
109 53 16
102 115 885
40 120 411
94 110 801
71 46 124
67 34 993
109 139 414
61 42 929
64 6 968
97 67 849
52 3 466
135 40 568
7 78 719
23 59 446
78 133 574
102 135 231
79 138 721
91 3 602
82 135 215
133 95 196
132 34 529
136 4 988
73 53 878
141 11 982
95 92 104
37 16 653
103 52 116
24 68 346
34 22 463
39 139 210
24 99 607
92 55 191
1 112 551
63 128 335
27 73 287
56 51 322
65 92 627
32 103 738
78 33 62
98 92 423
116 100 942
3 1 258
65 133 137
129 79 186
123 82 984
41 94 248
42 114 508
20 69 981
90 98 81
121 65 892
112 14 618
3 130 992
17 137 639
65 76 619
1 55 742
80 95 201
114 26 790
97 88 275
103 129 104
29 42 152
59 82 748
26 50 195
105 38 279
18 129 881
116 94 632
4 56 844
72 142 894
7 132 926
48 56 56
81 140 182
111 21 174
46 65 830
13 108 260
75 47 395
20 105 346
89 71 30
71 81 57
53 132 171
2 27 460
9 115 546
16 30 391
46 23 159
78 51 625
92 22 378
33 124 775
59 40 776
23 53 217
12 4 14
15 30 398
80 88 14
35 111 83
28 11 948
14 15 178
76 47 409
64 133 261
93 124 634
17 87 540
88 54 818
81 78 266
107 75 762
117 140 213
78 120 173
17 25 460
93 135 271
94 36 805
87 121 860
29 104 540
80 60 7
93 94 464
83 80 880
65 23 679
17 26 430
97 65 383
103 58 448
127 7 346
32 100 271
21 101 441
15 7 196
25 84 343
23 11 559
116 92 765
76 77 614
143 126 79
45 50 905
139 98 484
114 14 912
101 90 629
12 54 471
95 78 464
17 142 943
130 113 591
40 84 511
39 98 304
71 72 339
101 124 286
69 63 900
104 137 366
122 69 536
74 2 322
92 66 557
106 89 140
88 12 824
16 4 68
115 114 171
7 46 699
96 110 88
131 66 50
133 31 117
17 13 547
111 9 398
7 74 812
105 128 5
82 46 632
40 79 95
103 30 274
9 34 728
119 22 802
8 110 543
141 91 117
138 124 444
8 74 497
81 129 188
121 83 217
58 31 385
58 127 943
114 105 90
89 55 673
143 141 901
98 18 640
110 15 587
49 65 452
141 17 650
12 56 425
111 42 234
7 6 190
59 18 335
103 123 887
87 11 687
44 91 160
46 61 893
53 34 411
27 139 682
87 100 974
100 92 553
55 102 649
43 48 763
118 93 7
139 42 653
143 74 677
128 24 922
59 103 114
92 68 637
88 46 640
19 30 801
16 92 645
143 79 128
59 137 150
30 39 615
78 20 299
57 34 491
109 43 226
96 133 456
5 142 847
130 4 787
128 107 65
37 8 119
89 31 260
2 16 522
41 61 399
53 81 135
80 69 258
131 90 109
43 25 755
76 101 129
48 92 835
74 40 435
66 69 370
30 32 202
21 127 770
58 81 447
55 81 57
41 83 450
31 77 664
56 100 163
8 53 799
1 72 313
122 121 533
9 14 14
1 11 350
79 89 888
107 139 499
105 86 918
115 57 635
20 141 869
87 103 580
80 90 1000
43 52 212
103 65 273
119 33 152
59 91 362
111 89 595
45 67 602
75 68 79
73 112 805
35 41 708
36 107 603
106 12 58
86 79 913
92 36 257
42 120 279
9 93 216
1 32 407
132 92 299
22 82 310
85 73 468
68 125 170
92 50 786
31 138 536
122 1 697
127 36 850
136 127 377
127 134 661
12 20 262
61 136 459
85 3 280
103 28 834
80 115 878
96 105 853
27 69 426
115 83 269
108 38 396
81 62 516
130 115 741
139 26 542
85 105 516
133 21 552
69 13 806
10 58 746
116 61 962
66 93 282
102 79 677
86 104 142
17 102 151
80 124 364
95 84 163
51 95 467
77 25 885
73 52 832
23 2 322
101 125 563
67 135 108
5 126 972
60 88 468
124 22 468
117 100 237
128 35 425
73 87 481
23 131 639
126 117 127
118 60 440
106 39 671
56 92 461
71 16 177
121 22 677
8 127 9
98 15 687
75 90 619
63 24 453
40 133 989
55 14 984
139 75 521
88 67 867
139 3 904
108 14 219
20 33 537
137 21 677
11 46 820
80 131 666
93 104 929
42 16 360
28 129 30
3 119 769
26 78 892
105 40 249
101 11 269
106 66 625
44 34 725
4 120 156
126 23 466
114 32 854
10 92 869
9 109 389
31 93 319
88 21 986
57 45 338
108 131 568
123 68 478
103 139 54
122 34 592
59 33 143
11 68 607
61 53 523
43 119 366
64 111 25
42 90 117
21 89 221
101 130 496
20 115 239
122 7 841
14 34 433
20 21 269
101 140 992
135 13 443
75 51 808
77 119 332
52 100 80
111 55 830
94 48 230
23 117 686
117 131 25
87 137 367
97 91 328
68 118 800
108 8 857
86 126 147
105 63 760
105 141 377
49 68 946
106 85 132
116 112 937
142 135 798
106 141 786
75 138 414
98 24 350
36 133 784
12 39 144
123 4 404
126 69 139
118 26 301
105 142 472
27 29 210
43 106 77
99 109 232
130 122 999
24 5 998
22 1 617
23 82 870
47 5 396
31 96 609
116 86 160
98 54 736
20 24 435
101 39 224
87 32 195
22 5 775
32 128 532
30 41 340
110 14 482
96 106 448
120 17 596
105 90 862
99 38 915
75 49 753
128 110 79
85 43 569
17 61 235
97 46 720
38 124 642
1 23 755
13 9 246
84 32 385
139 129 331
13 122 312
19 80 686
107 9 801
126 10 683
50 142 39
130 32 416
103 134 100
55 10 661
67 30 470
37 117 75
142 120 146
90 15 822
4 78 982
35 115 868
33 135 803
26 138 634
90 30 487
58 27 633
94 76 362
113 20 335
54 106 464
126 64 846
66 41 133
15 53 250
82 14 639
127 62 727
133 23 773
75 134 971
79 68 71
132 109 96
66 31 337
42 41 302
27 131 941
33 60 131
14 119 614
2 37 377
17 124 817
51 41 702
131 119 775
22 32 866
88 16 681
111 125 415
27 32 843
79 50 651
2 64 494
114 31 41
80 43 52
31 140 915
63 40 585
16 72 472
78 112 586
85 14 13
63 99 644
98 101 870
77 8 768
58 59 58
34 31 598
25 78 159
133 48 199
93 2 612
81 89 155
43 131 524
117 73 900
33 92 401
37 23 295
73 12 63
51 50 968
74 25 447
60 32 487
95 113 256
64 46 803
95 14 536
101 75 919
100 53 403
42 142 414
77 28 420
143 61 516
93 67 691
117 134 842
95 102 657
120 63 36
101 128 43
