177 5213 99
80 157 89
126 40 498
50 31 487
84 106 105
79 124 281
82 169 802
157 22 170
118 10 537
99 91 743
1 37 555
22 43 273
136 175 814
19 104 128
172 157 810
55 19 85
15 97 236
49 163 555
163 172 678
3 48 376
40 111 657
154 171 446
167 136 422
10 73 262
44 170 539
121 175 505
42 60 161
123 9 197
133 172 576
97 170 970
133 73 729
67 90 531
89 49 667
124 26 810
12 38 718
169 28 506
92 86 531
93 118 12
15 116 226
128 70 130
64 165 734
9 48 629
55 177 359
105 28 804
98 34 411
99 74 726
55 68 2
145 45 134
106 131 472
166 51 896
19 124 898
133 82 815
147 59 565
5 21 500
121 140 562
125 169 6
149 112 578
104 28 276
34 132 76
82 68 97
34 142 967
169 158 485
106 163 264
13 87 270
139 138 684
8 68 248
25 119 320
10 16 778
157 94 996
25 29 228
39 157 385
14 115 314
43 34 960
2 89 311
10 46 121
94 169 423
55 152 853
25 125 450
96 100 816
103 140 316
97 46 330
13 142 317
16 140 36
3 24 24
141 55 589
12 118 936
94 4 375
30 66 291
139 151 326
2 87 929
132 131 316
75 90 104
6 26 768
21 25 558
52 160 750
175 127 273
82 107 555
45 80 199
176 90 166
57 150 968
25 50 756
16 139 416
100 95 67
127 118 612
35 36 802
167 160 280
61 49 617
91 50 54
126 146 623
123 104 109
168 37 76
35 96 399
53 154 749
66 106 255
24 1 32
140 71 432
106 156 686
132 172 131
130 70 974
108 169 19
9 170 323
142 44 95
146 34 237
140 109 409
51 138 665
26 64 388
13 14 843
90 66 826
76 91 670
117 166 741
175 37 274
94 172 273
7 60 469
103 49 844
151 123 715
76 162 942
110 148 753
142 114 309
134 122 778
43 139 151
145 132 606
140 177 292
169 57 266
29 169 188
13 96 572
17 43 428
136 43 983
9 130 3
11 93 220
69 172 243
81 31 134
16 68 126
2 62 14
51 136 688
112 101 349
62 134 731
47 60 746
55 155 954
127 154 853
81 146 246
13 75 326
46 75 231
35 111 818
107 51 420
49 87 203
9 57 564
163 84 429
112 44 255
169 170 210
63 137 453
48 147 694
169 54 699
138 34 97
72 70 369
75 58 526
28 72 514
136 14 549
163 58 834
21 58 140
177 82 230
16 171 960
144 46 215
53 2 280
108 36 578
19 67 751
127 13 903
137 145 317
144 138 322
157 97 509
87 127 18
67 55 748
153 44 881
166 137 726
76 78 311
145 148 129
28 109 669
165 33 431
61 8 406
61 139 966
102 31 533
109 164 479
169 103 45
100 24 607
122 103 215
63 167 794
99 78 493
22 111 649
7 43 242
148 33 337
65 74 755
73 114 912
127 20 137
173 156 83
142 130 768
142 67 498
44 58 372
10 49 793
37 100 215
7 22 963
59 112 963
100 87 855
168 169 122
19 64 150
161 1 113
99 70 980
71 136 901
110 26 692
71 144 811
168 32 32
176 52 983
176 27 738
91 54 787
97 47 771
153 122 703
26 80 919
129 54 747
163 4 804
148 131 595
75 45 87
115 48 268
6 20 499
92 67 752
154 36 864
155 41 280
64 97 170
80 31 405
79 175 528
85 168 536
117 52 303
66 37 381
32 82 268
165 98 969
112 52 94
171 127 589
65 69 339
1 4 353
43 83 104
71 7 203
74 1 150
142 87 166
126 145 291
175 34 689
16 164 813
55 18 63
22 154 204
58 97 324
40 141 187
175 122 875
46 53 638
15 130 390
22 61 949
147 66 519
13 152 503
62 76 668
175 56 717
99 168 747
109 10 211
8 55 411
79 150 767
65 91 130
89 70 352
168 14 439
71 85 365
153 67 184
175 159 940
78 163 524
49 18 252
61 25 43
93 79 21
34 24 702
157 34 304
88 97 587
38 15 900
107 97 698
149 76 917
141 93 436
106 77 801
126 54 88
147 133 124
161 147 710
16 87 215
140 27 374
98 122 998
1 47 953
136 176 726
147 52 628
164 72 347
158 59 156
125 170 600
145 59 851
97 115 268
140 75 246
56 31 916
124 148 710
89 40 547
55 112 986
23 97 516
138 88 812
145 170 479
65 136 656
96 118 557
118 33 162
118 140 107
10 88 458
96 80 956
156 48 968
34 127 429
35 63 13
59 4 492
26 154 454
1 154 600
61 83 892
46 38 859
144 15 822
130 157 653
26 38 560
67 9 448
16 108 37
143 10 789
59 55 656
70 112 138
100 94 572
45 170 739
163 69 6
154 40 880
169 68 794
89 145 260
158 24 280
62 87 348
125 166 123
25 26 270
50 1 699
168 52 449
30 154 628
77 58 672
46 4 695
3 21 965
106 67 235
159 100 389
91 130 932
139 136 114
110 81 164
55 43 639
173 162 596
42 63 300
71 94 794
109 91 993
10 47 361
167 119 857
133 58 581
97 50 232
160 147 929
37 144 33
90 36 202
41 113 547
140 82 563
164 32 32
130 18 573
128 121 108
5 109 506
133 116 371
52 133 902
43 165 528
35 163 708
87 88 336
67 25 430
118 170 266
147 98 744
91 20 836
155 118 18
119 106 488
149 124 361
81 157 408
76 133 240
81 129 424
133 14 525
16 175 677
82 17 127
23 38 748
50 29 407
83 73 47
167 105 229
116 67 21
161 19 186
148 34 897
10 14 151
85 36 713
149 140 102
35 18 68
65 7 211
174 78 852
34 78 635
61 93 924
80 122 382
63 41 815
28 76 250
19 137 767
97 53 175
92 131 314
37 73 583
145 80 887
145 34 618
138 142 78
167 163 501
101 116 23
61 73 988
99 102 293
91 74 915
9 13 531
76 54 442
151 21 309
75 28 781
164 22 19
70 37 230
57 151 660
135 120 172
142 40 751
159 75 610
9 33 916
143 40 839
55 51 589
22 78 152
34 65 407
129 157 166
158 11 754
82 97 571
126 127 348
52 115 923
120 123 194
145 33 752
61 2 396
102 46 722
3 11 839
34 128 116
130 115 164
158 100 584
157 152 515
118 173 991
28 173 740
6 10 534
51 110 812
49 106 142
150 22 720
76 174 599
134 4 678
119 65 115
145 115 806
50 114 160
61 94 21
34 57 550
83 4 489
94 88 22
43 13 104
94 18 121
64 161 846
81 52 133
46 119 13
142 89 264
40 151 1000
67 76 359
56 61 977
20 71 334
25 19 248
123 1 199
34 35 822
49 85 374
34 139 409
134 50 874
76 23 344
151 75 116
85 151 416
82 1 678
1 25 877
123 119 408
122 135 682
124 99 6
31 77 839
128 8 695
63 114 275
152 57 957
46 64 539
148 67 724
70 74 422
145 69 928
171 130 27
109 74 127
144 41 398
63 157 100
107 154 261
73 40 32
93 53 301
85 83 219
64 32 382
94 25 373
160 94 763
76 9 587
133 167 371
41 31 36
61 152 130
176 18 663
70 33 878
160 157 511
110 158 128
145 103 178
67 73 486
84 77 205
58 36 555
128 57 179
19 145 218
44 102 63
101 4 36
82 49 900
46 124 543
123 118 668
45 24 363
20 46 869
130 135 678
95 106 456
115 128 448
121 31 161
151 103 462
160 95 231
45 52 435
78 97 195
163 5 580
7 52 602
84 124 991
92 56 989
20 173 429
20 59 527
6 133 304
116 7 278
151 28 391
79 23 605
124 175 839
115 18 394
115 165 809
46 121 278
169 81 350
119 31 326
175 109 443
111 112 594
145 25 219
120 52 856
40 46 679
73 16 696
34 16 615
156 108 184
25 132 285
135 168 680
151 25 537
118 49 942
61 106 988
99 151 998
22 174 246
33 7 10
74 82 651
12 61 36
77 76 136
140 40 38
177 33 343
151 46 54
71 127 561
84 56 74
172 128 62
151 97 108
82 111 668
106 73 217
93 149 420
111 45 154
51 20 739
65 157 687
115 101 44
104 45 943
138 79 105
121 79 227
130 161 997
163 23 905
132 119 137
132 127 247
46 160 980
82 88 648
53 49 363
126 132 601
45 34 616
43 62 248
58 127 232
161 97 421
71 70 580
152 76 972
10 110 560
106 116 900
177 9 867
103 84 603
172 51 189
62 139 441
140 79 978
121 132 12
68 139 891
157 29 72
113 76 299
130 64 141
22 106 48
46 82 532
112 73 460
118 62 47
5 151 134
61 164 942
160 5 954
7 51 174
116 170 543
100 16 461
17 94 803
4 41 493
4 165 779
68 34 828
143 136 530
153 105 681
91 120 547
25 127 214
145 38 256
175 42 986
135 64 781
174 135 272
152 115 161
81 119 944
47 73 130
97 136 798
16 86 131
171 138 589
76 128 940
118 120 912
85 28 833
52 88 327
19 109 259
170 94 164
32 7 33
58 134 124
12 62 903
121 7 465
108 168 415
99 123 163
166 49 107
100 64 260
96 136 699
121 142 628
80 74 796
146 119 840
16 146 321
5 94 776
8 91 2
152 28 206
22 50 476
83 90 938
101 71 474
146 118 381
99 58 793
165 117 628
143 7 986
50 28 594
1 147 420
124 55 394
133 27 403
62 40 223
96 66 817
129 45 584
67 171 12
161 133 915
12 70 15
100 6 673
124 81 164
29 124 787
1 99 649
11 172 311
71 169 756
139 37 111
121 64 520
151 121 748
63 73 579
29 125 391
145 169 984
121 49 795
73 65 64
61 112 246
75 107 946
48 66 967
122 46 467
60 25 986
17 97 735
3 86 984
1 163 12
13 164 311
114 20 650
82 168 260
175 157 24
154 160 22
64 115 448
115 24 562
6 88 601
156 37 151
70 168 561
117 110 475
121 62 825
128 103 435
173 34 331
26 161 841
120 163 74
67 84 511
101 157 24
82 10 829
170 55 451
46 138 762
3 99 922
64 167 779
28 7 856
34 89 214
69 137 273
57 123 494
166 149 749
169 69 377
62 163 366
78 146 126
67 172 120
120 112 463
154 104 532
73 7 306
73 136 705
47 127 856
3 151 333
118 85 695
155 28 978
10 4 267
35 75 735
99 158 591
135 53 950
55 37 463
83 147 545
4 80 756
79 104 302
119 147 988
114 29 875
25 136 127
129 127 891
126 130 767
74 67 944
40 34 552
43 80 158
68 37 21
155 106 974
104 137 223
16 31 461
124 10 377
151 169 472
127 59 947
117 70 879
46 39 594
124 13 683
1 6 928
121 78 501
149 169 806
70 141 483
107 164 197
106 53 752
43 20 690
35 68 506
168 68 365
111 42 762
116 115 460
79 99 778
70 86 840
16 46 336
82 27 103
49 76 644
22 92 180
53 9 534
2 76 752
118 44 265
67 169 719
136 145 406
135 173 611
122 112 471
7 59 135
50 121 904
100 70 337
109 84 244
175 73 123
13 114 514
172 137 278
103 83 628
92 145 806
148 97 626
7 145 481
109 146 318
169 128 63
123 148 184
102 18 878
11 32 749
170 19 420
152 71 636
150 61 543
1 45 926
57 61 659
100 78 730
119 112 446
59 148 809
164 153 810
99 34 172
97 163 591
31 74 507
169 49 665
75 136 691
165 136 957
92 87 92
151 67 497
103 31 531
51 49 143
172 112 281
70 8 110
119 60 906
69 92 123
157 161 795
1 93 900
170 167 450
35 159 24
85 9 661
1 76 70
154 97 197
103 136 320
170 112 245
148 172 663
130 148 107
166 19 362
76 116 290
75 39 561
171 85 692
86 34 640
139 103 750
61 154 115
8 156 751
156 91 694
145 116 697
115 118 559
106 151 763
31 27 64
30 106 72
11 125 855
141 176 955
8 62 208
105 31 586
106 70 145
55 80 592
17 52 767
114 37 521
88 34 451
132 136 498
151 141 108
65 141 743
145 163 775
76 124 366
25 113 538
84 34 682
28 82 279
87 148 864
142 42 98
126 91 576
85 96 672
52 67 88
143 48 338
131 85 760
129 175 480
24 111 376
21 40 997
114 130 268
149 32 348
139 30 25
82 110 969
38 50 552
175 63 35
10 55 944
111 67 480
70 147 569
4 140 248
36 120 766
163 80 878
175 43 49
49 161 981
135 127 452
79 98 937
19 78 202
86 41 518
28 26 923
36 97 84
133 47 654
30 144 738
126 61 753
153 51 463
167 86 899
139 122 903
103 100 440
27 20 226
58 116 31
36 138 565
72 64 306
114 85 973
133 151 62
85 144 762
114 138 538
52 49 739
75 73 579
139 69 147
10 136 422
105 144 437
46 7 48
171 117 217
42 36 278
40 37 158
134 105 528
78 155 296
155 60 150
136 18 246
19 88 80
90 108 419
40 10 759
28 84 541
82 8 662
139 92 788
19 42 777
126 7 701
40 63 777
102 172 944
58 43 926
6 149 18
157 13 667
138 1 318
177 148 957
151 136 621
106 85 324
81 16 313
80 167 19
7 133 473
140 112 106
13 160 580
148 28 468
28 118 87
11 8 246
38 122 635
107 61 634
32 166 338
165 92 11
157 144 480
100 164 586
20 96 304
169 176 826
13 37 380
68 148 417
109 55 522
109 95 111
127 90 460
79 91 93
92 19 586
9 44 138
171 149 267
13 177 380
79 119 463
52 12 676
135 160 962
109 159 903
73 48 474
41 88 706
70 144 292
50 169 842
166 21 301
104 87 993
169 75 6
82 172 320
89 65 971
164 102 790
77 169 864
64 154 996
171 108 181
26 130 461
70 122 899
55 17 911
163 79 906
103 157 297
88 104 83
10 105 100
170 56 675
50 5 315
102 145 65
6 93 16
86 89 424
91 170 313
58 59 126
164 168 293
121 135 340
61 21 972
128 170 5
117 112 872
105 112 596
31 94 269
60 8 773
78 123 37
118 74 385
64 47 6
12 24 377
84 31 370
62 64 160
165 156 718
160 113 48
13 41 183
1 127 480
41 18 745
172 160 201
40 162 433
116 168 384
129 172 754
104 67 993
22 40 665
177 12 676
137 20 492
112 45 197
79 144 18
7 49 52
105 139 42
58 91 554
106 17 811
70 52 457
16 168 375
46 117 237
41 6 749
58 135 582
157 126 476
32 37 610
128 63 288
67 10 918
16 149 817
89 162 926
2 118 168
51 157 257
70 85 470
67 103 112
38 127 670
162 52 63
34 109 636
12 54 316
67 80 613
123 16 597
175 46 867
177 172 354
106 127 626
132 129 233
28 78 768
35 67 730
120 157 726
57 156 840
87 151 467
89 149 368
104 82 737
78 16 656
45 147 612
7 105 725
145 72 576
45 47 558
119 16 199
124 42 440
31 51 938
120 13 122
2 145 4
171 40 169
83 151 419
16 55 397
106 8 895
97 172 763
66 19 588
155 1 784
92 3 815
38 43 453
22 151 72
6 18 938
170 133 708
136 100 195
49 54 153
150 81 86
46 170 175
66 28 820
145 176 922
50 131 685
47 80 142
9 168 164
34 149 530
87 145 809
37 69 316
87 22 821
79 34 549
139 106 181
34 106 716
54 58 681
115 61 986
66 149 253
8 148 52
82 112 902
151 119 983
135 175 244
15 128 246
148 52 486
97 152 723
65 169 533
138 7 868
43 64 104
104 36 585
7 76 329
54 4 759
87 166 322
111 100 72
137 38 5
173 38 649
84 123 902
7 111 547
17 35 20
1 101 23
109 60 320
128 163 306
29 54 820
127 46 27
147 163 157
64 61 22
112 24 641
3 163 710
37 60 529
13 76 86
90 47 598
5 169 351
49 56 201
94 141 880
92 157 994
69 88 185
76 68 553
25 12 521
73 38 228
34 31 286
133 67 42
153 151 85
77 74 225
169 133 907
109 69 324
166 99 867
26 29 793
84 151 36
154 38 696
10 112 697
67 42 806
7 26 473
67 108 997
117 106 838
102 122 624
81 145 191
77 67 647
66 69 507
68 164 657
80 10 273
87 174 966
14 5 548
109 171 475
90 116 200
75 120 426
61 33 283
48 24 377
115 4 777
52 84 12
64 45 80
124 85 819
49 67 469
126 85 320
25 52 658
147 82 611
158 73 445
118 125 573
63 98 676
100 34 282
107 72 85
9 136 200
71 72 624
173 19 537
123 55 262
106 97 134
164 137 551
16 152 187
76 14 158
145 172 485
144 72 668
20 76 480
25 168 899
142 60 751
28 31 340
123 79 231
103 47 801
28 46 217
26 147 523
88 146 650
126 24 495
64 15 695
109 4 157
88 16 290
22 139 722
6 9 273
137 31 550
9 169 5
85 11 72
145 83 219
109 152 294
51 8 338
21 35 452
6 89 695
139 169 736
168 20 238
76 176 567
28 136 453
145 60 532
163 16 505
1 49 187
146 72 146
148 105 328
130 85 894
157 55 491
164 37 428
172 16 84
94 92 248
1 65 263
154 163 494
134 151 86
4 43 605
115 23 219
16 7 214
60 87 164
32 118 651
22 101 256
28 30 519
43 131 161
28 154 454
64 79 895
87 91 195
22 121 173
121 113 856
143 66 701
20 40 743
105 154 597
33 37 464
169 100 969
87 99 459
82 151 520
135 166 609
118 40 442
29 86 388
20 101 466
1 150 211
32 133 359
112 14 320
41 77 62
22 73 936
108 137 603
76 46 461
61 118 615
127 64 561
85 68 234
122 12 964
6 165 169
123 86 948
49 140 188
17 152 955
177 45 48
133 80 537
43 135 425
144 168 216
43 93 420
94 133 763
88 5 301
165 62 186
31 96 930
53 119 302
73 95 458
97 10 434
96 6 912
92 79 556
94 120 994
175 154 250
74 44 218
111 1 276
69 3 218
7 41 531
33 41 207
177 154 739
40 121 744
72 157 600
112 166 909
146 129 374
68 49 232
43 40 119
112 86 899
102 160 257
1 103 542
148 112 760
54 156 924
165 168 366
79 97 580
82 103 777
52 4 799
146 25 17
46 50 626
162 91 150
52 50 611
109 116 372
161 143 427
1 108 445
177 46 761
33 154 439
53 128 820
63 82 50
97 70 874
151 94 467
42 130 188
82 143 948
68 104 113
41 141 129
156 93 512
60 74 677
62 1 923
171 118 425
32 91 311
94 144 636
121 90 732
1 61 683
37 93 248
106 78 393
103 134 659
138 145 583
52 116 685
87 95 154
106 122 731
120 3 608
4 112 959
19 54 39
124 130 674
125 33 822
12 91 678
94 39 339
160 2 776
124 128 380
169 92 803
151 45 390
10 37 881
30 88 689
56 163 798
70 158 238
139 40 28
85 121 613
48 78 643
36 80 738
141 112 769
136 133 632
166 8 974
64 18 252
2 85 708
46 161 364
64 112 142
142 25 597
1 64 278
74 55 359
142 6 470
113 177 406
34 60 292
173 53 557
118 77 486
111 86 541
153 130 308
76 111 334
76 164 419
85 30 744
122 160 323
157 3 532
50 33 731
49 157 152
139 137 845
95 34 383
3 17 981
58 107 849
95 103 855
27 119 727
23 139 778
3 136 109
46 2 714
79 131 439
6 7 133
70 6 485
139 95 519
97 135 471
77 148 967
11 31 395
133 16 963
28 81 400
36 170 73
94 111 371
94 68 214
70 170 915
116 134 303
70 103 622
35 129 859
94 59 119
119 29 262
27 26 69
37 148 424
169 64 81
164 160 302
170 155 498
15 1 524
90 58 518
24 22 77
99 28 11
37 49 157
29 137 38
28 127 464
66 8 401
107 115 184
34 30 826
17 2 103
130 97 637
155 162 516
73 154 202
61 88 371
43 157 89
23 131 52
95 7 941
130 139 37
144 52 670
1 88 887
112 79 765
143 113 409
88 133 534
175 108 830
119 76 921
130 140 228
160 67 505
57 1 756
160 161 241
168 41 115
146 90 875
135 115 834
120 121 595
86 28 834
109 98 735
84 176 150
132 29 145
36 1 154
58 175 502
123 112 758
61 40 300
166 63 608
52 118 788
126 92 705
58 119 791
46 166 909
84 50 266
54 175 40
1 3 750
98 127 311
43 66 704
18 152 356
7 140 224
100 26 710
136 148 805
118 71 878
109 111 16
124 37 742
85 52 24
165 143 654
93 24 261
39 163 680
53 70 6
100 112 850
175 36 647
68 64 402
85 105 813
73 116 707
25 83 678
66 60 207
60 5 584
30 70 172
119 148 903
76 142 777
164 175 801
83 1 747
172 100 500
82 73 42
170 175 792
70 124 577
55 138 123
152 82 251
135 40 657
4 88 321
169 171 435
119 133 20
145 76 249
141 145 819
46 131 208
142 65 637
58 110 379
85 43 107
156 61 420
145 63 411
162 120 900
108 125 798
170 174 237
88 160 341
46 49 819
43 168 358
100 66 299
38 108 891
47 121 100
90 109 320
78 175 206
20 100 146
126 151 319
24 59 962
72 112 623
7 104 138
32 69 814
166 130 471
80 14 891
106 74 619
156 7 492
73 102 141
151 150 576
4 66 57
35 107 957
149 33 623
85 74 834
24 31 152
161 126 105
122 162 764
41 81 26
67 130 628
10 166 845
1 166 65
98 54 460
70 120 617
162 150 107
1 23 288
73 52 700
154 151 376
169 22 782
58 9 250
9 134 312
34 130 655
32 1 769
139 19 324
162 136 485
109 70 470
123 22 762
149 99 683
136 135 414
46 11 583
79 147 955
48 74 830
36 60 855
143 69 447
37 155 304
61 67 419
61 14 764
16 145 930
165 52 517
174 160 927
151 137 421
79 25 558
2 112 411
98 10 191
18 59 943
5 42 600
127 100 813
125 80 340
80 38 605
94 52 741
60 162 646
127 115 169
106 166 854
22 149 653
97 44 355
81 97 464
116 123 444
38 44 219
57 97 345
151 80 335
149 131 584
81 121 717
59 169 572
139 124 57
139 119 513
91 145 722
158 4 946
162 82 488
171 2 397
107 106 24
58 139 712
174 34 555
113 73 977
46 84 335
77 61 448
31 91 874
55 97 843
78 111 68
136 98 856
65 103 12
9 16 769
86 1 972
10 79 988
52 60 437
163 110 998
112 60 894
118 117 66
100 163 671
75 86 886
21 153 470
59 22 556
107 40 700
124 97 824
97 120 3
13 80 652
88 113 150
163 74 818
91 159 318
60 124 820
13 44 271
135 8 664
37 137 890
150 49 568
68 112 263
172 73 99
147 17 997
10 154 88
149 64 967
2 174 849
172 130 206
167 151 932
154 52 459
37 120 979
17 153 957
107 42 385
54 26 572
115 133 440
73 19 538
103 32 670
28 57 887
103 102 232
67 107 217
63 134 666
121 117 212
101 131 88
92 52 826
19 157 283
154 117 91
121 66 75
25 10 580
118 48 143
18 75 364
103 10 27
132 58 392
94 29 745
4 42 324
102 42 220
125 116 490
112 124 744
70 110 482
21 109 181
93 35 602
83 143 523
55 31 491
158 35 53
173 152 496
147 68 696
25 22 248
172 154 409
139 125 153
120 159 717
11 131 712
38 170 932
13 166 357
106 87 230
28 96 458
55 62 863
76 80 982
125 27 335
146 98 518
55 79 615
3 71 758
118 86 415
58 16 519
55 88 479
17 91 800
131 150 683
118 9 665
1 120 806
78 70 665
147 13 112
140 22 583
121 163 590
1 170 253
37 151 888
103 15 575
123 134 838
40 55 291
106 82 61
157 170 296
97 22 663
25 15 710
74 157 539
28 52 402
129 49 468
67 145 695
37 7 83
93 92 183
15 155 164
146 68 668
115 168 461
122 4 727
67 13 803
158 53 10
113 98 416
151 129 645
157 24 545
58 26 789
122 1 605
164 64 871
112 177 356
158 26 282
19 40 167
155 146 594
53 157 358
111 83 563
41 1 70
162 170 835
52 51 216
13 85 951
66 72 901
70 49 703
80 110 492
43 154 590
85 158 249
175 131 871
83 173 352
32 161 943
32 175 342
115 73 287
172 19 540
83 118 491
11 7 93
86 95 670
103 131 36
13 115 396
119 158 208
169 154 806
122 157 281
28 124 442
28 88 513
103 4 181
6 64 398
166 52 4
44 16 166
139 88 993
55 2 299
3 132 339
38 3 893
158 25 50
22 85 98
96 55 993
103 124 918
34 144 611
126 17 719
46 68 577
68 132 739
32 111 685
45 110 128
99 80 719
60 127 404
159 55 827
18 67 70
130 137 462
92 28 446
157 162 954
112 131 739
91 39 887
19 112 134
97 114 222
34 53 274
165 73 248
99 88 192
78 151 494
6 137 491
33 147 401
21 37 648
145 12 415
122 25 759
177 43 798
93 83 962
64 148 655
88 25 425
1 89 839
7 149 97
67 119 318
127 109 696
117 23 863
4 93 686
73 56 71
140 10 373
25 102 545
83 132 948
26 168 17
100 175 365
108 136 1000
153 61 514
31 146 843
66 148 372
84 134 357
76 103 818
176 82 272
10 74 643
66 31 102
148 11 208
96 8 361
117 63 226
163 119 952
28 139 432
159 12 652
79 152 612
22 107 559
31 14 661
113 168 744
145 177 173
77 147 817
55 90 701
90 34 282
127 155 306
144 122 46
108 85 545
130 89 909
48 27 692
61 157 853
158 118 934
21 51 225
125 49 567
87 28 929
118 15 74
81 58 256
132 161 424
1 7 589
151 71 166
73 146 489
4 27 36
154 85 303
118 8 907
174 81 992
6 146 226
24 119 37
75 55 618
124 83 651
22 16 268
49 96 652
19 115 160
43 151 65
115 39 346
8 130 162
86 93 277
112 11 112
81 160 966
24 88 131
158 174 554
40 103 737
71 62 724
40 79 977
132 98 604
110 100 978
74 21 349
99 138 481
163 153 685
166 124 772
76 104 415
36 94 269
31 153 365
76 105 562
5 25 636
108 116 561
30 136 418
31 40 252
109 59 145
141 82 948
133 118 590
125 124 515
31 169 664
34 77 509
117 107 405
52 79 21
177 37 981
15 93 14
157 110 653
94 70 577
174 28 622
155 139 527
98 174 731
112 110 748
157 167 138
13 103 160
157 109 481
86 175 957
126 166 915
129 34 291
58 88 685
41 58 621
167 4 898
92 90 993
95 25 882
149 8 338
17 7 154
79 7 987
63 16 650
94 78 663
100 102 666
46 54 879
170 75 10
143 79 506
145 153 271
13 97 971
23 177 127
145 118 673
40 56 145
8 155 421
37 2 937
114 162 601
154 91 751
47 151 51
36 30 878
40 99 792
3 70 634
7 112 552
18 46 367
167 172 1000
61 7 1000
166 143 403
161 100 194
18 117 694
23 19 456
44 166 259
115 140 468
149 142 818
132 82 834
142 147 102
138 75 293
100 121 404
112 42 508
94 119 933
147 154 823
156 1 38
49 130 89
22 52 283
154 148 837
137 2 740
110 29 938
93 121 336
109 82 519
11 89 265
37 52 362
165 148 926
19 154 574
137 142 375
177 56 944
157 45 207
67 7 350
133 48 102
166 4 872
69 136 267
14 37 115
81 69 535
98 137 702
33 71 476
28 91 151
157 137 162
27 22 450
125 134 833
130 99 821
164 133 308
18 17 415
70 51 117
144 56 254
38 169 685
119 23 652
9 93 100
15 140 826
55 133 593
118 25 488
94 121 619
72 73 70
79 159 804
134 59 997
27 61 782
128 148 183
114 177 660
25 11 831
68 27 86
94 77 795
45 106 414
130 81 329
136 112 739
52 66 130
163 105 345
73 173 284
97 171 954
61 105 245
33 160 683
1 112 308
60 139 510
89 100 485
4 159 866
51 163 168
136 131 345
33 58 811
176 19 176
24 94 23
67 46 479
120 176 170
137 136 263
3 6 958
169 148 36
81 108 542
139 109 612
50 175 725
138 59 653
40 67 849
117 128 465
91 112 90
142 172 57
134 13 349
1 21 242
41 163 700
22 10 79
70 67 703
170 177 983
160 130 879
121 60 914
174 155 342
136 166 852
47 34 246
19 177 873
131 152 321
133 83 224
82 165 576
13 88 439
91 103 283
124 127 394
98 141 796
76 43 886
123 153 721
50 157 435
124 118 541
104 42 258
148 56 170
25 111 237
151 35 151
147 25 982
106 110 496
137 43 265
91 140 544
81 151 893
37 126 942
77 172 49
136 126 845
48 104 957
70 34 79
6 47 962
49 40 193
43 161 481
27 56 316
27 118 298
136 12 631
103 130 67
44 160 143
173 22 186
19 62 479
111 3 125
91 89 738
105 94 382
118 75 99
43 98 191
13 7 117
161 121 451
1 26 459
167 37 864
71 172 467
59 106 386
164 94 409
35 138 616
140 34 830
44 20 191
171 150 53
152 46 274
89 60 785
5 58 455
106 129 157
55 78 447
86 91 286
108 69 453
109 166 967
118 76 685
127 66 324
45 79 803
151 130 364
8 171 642
148 117 549
7 92 211
152 38 751
129 26 35
65 112 528
54 165 338
16 1 588
1 131 673
148 83 774
66 119 310
164 82 969
122 169 339
166 163 231
37 159 920
66 151 162
148 79 810
117 56 341
137 121 31
100 14 502
96 155 787
120 79 367
28 83 236
2 166 558
51 6 30
1 106 130
93 5 281
69 113 972
6 19 466
172 54 801
111 95 306
16 74 875
7 21 556
67 86 918
43 16 414
164 85 295
123 100 711
83 98 284
27 80 614
54 173 453
102 27 16
78 75 891
19 133 666
129 113 357
148 55 74
11 67 538
25 175 855
38 85 609
91 19 223
132 153 295
150 84 228
105 174 812
167 147 923
112 5 463
11 57 322
31 43 503
13 155 592
157 9 202
54 25 930
46 79 9
34 67 666
8 139 466
102 68 905
87 103 127
30 48 173
46 157 408
28 100 567
88 115 46
43 120 596
39 108 920
134 72 721
88 174 413
175 23 309
57 125 448
174 40 830
100 115 940
2 12 365
47 88 748
139 70 368
119 118 476
94 65 922
84 97 743
14 47 881
170 165 932
9 127 82
142 68 126
18 98 804
104 75 978
158 125 427
118 175 872
43 68 539
53 1 913
121 57 36
1 130 318
125 105 851
93 46 612
172 45 261
86 114 960
73 13 98
157 134 969
40 113 43
129 100 631
133 71 325
121 16 719
10 61 48
98 149 205
142 3 769
40 97 67
58 154 416
91 62 500
90 137 787
58 28 24
81 21 381
33 4 517
29 85 748
28 147 846
114 6 569
108 7 691
8 24 924
164 144 499
77 123 235
52 122 290
61 140 902
52 61 546
95 63 233
16 52 637
121 148 553
110 90 356
125 128 998
80 127 296
88 150 91
63 9 63
66 5 309
144 159 892
170 40 249
154 124 154
11 21 137
45 130 705
67 45 107
172 55 119
17 165 337
1 48 715
13 70 600
148 134 41
158 152 479
146 103 229
130 174 240
22 28 564
73 11 594
138 12 775
14 28 84
153 64 115
67 82 120
111 174 391
70 45 471
145 157 806
109 20 820
11 22 986
88 136 575
42 59 915
129 1 965
1 72 920
170 166 287
64 166 355
106 135 560
86 85 460
145 58 471
46 171 33
166 73 885
1 31 272
71 115 122
101 23 506
52 58 143
150 21 595
176 112 448
166 85 850
85 157 500
25 126 273
158 165 426
44 120 132
100 84 276
172 126 275
115 43 840
73 141 404
134 91 595
107 73 887
7 164 354
100 38 618
166 154 264
97 140 207
110 115 638
20 148 375
68 129 151
67 47 115
167 145 82
110 85 906
119 89 866
136 87 375
80 103 127
125 154 198
113 10 5
61 26 10
60 100 751
22 32 671
83 32 758
175 45 625
114 57 133
82 84 303
97 56 137
3 5 823
46 104 31
118 53 626
64 105 637
2 124 371
34 124 905
73 15 478
160 80 579
159 31 275
32 70 314
55 143 942
3 4 942
4 121 424
79 69 620
120 19 355
113 32 951
97 160 948
115 157 529
97 86 806
81 13 203
4 111 954
36 145 507
68 128 28
45 89 620
65 172 805
25 112 585
142 82 89
73 174 8
36 28 569
4 172 608
163 70 785
100 145 487
133 4 837
111 141 436
160 169 151
84 1 608
146 102 522
88 165 150
70 155 978
44 48 395
66 89 831
28 164 772
124 72 767
51 79 136
28 1 44
148 152 553
127 122 5
58 112 166
147 104 264
175 88 338
139 82 178
142 79 454
64 119 800
67 31 59
90 4 429
83 100 258
176 94 324
33 83 874
69 103 264
8 112 628
34 118 474
72 5 985
58 142 211
165 55 55
123 172 51
109 121 678
140 58 846
102 43 25
14 169 471
79 2 598
10 43 77
7 24 775
6 17 613
13 8 804
166 121 114
145 10 32
30 86 752
96 64 628
145 98 6
151 48 2
37 112 694
52 24 874
158 144 176
34 11 409
94 149 794
160 133 388
177 86 840
47 160 851
73 20 16
68 166 520
34 108 732
169 136 261
9 138 666
17 60 532
32 142 27
71 4 751
100 46 985
20 110 451
50 79 879
45 100 630
72 91 239
158 33 434
115 40 480
1 85 855
49 176 460
39 35 144
1 118 34
79 16 725
155 124 518
18 58 191
92 61 569
146 5 74
111 88 645
98 160 159
165 166 983
49 174 764
91 121 100
16 65 252
84 64 231
120 92 741
56 152 111
106 123 87
148 93 62
96 1 452
37 38 754
167 52 673
49 60 211
98 19 892
124 9 939
152 2 105
106 25 453
29 4 72
170 52 130
111 49 994
34 4 422
120 5 178
70 76 993
1 78 178
141 117 611
176 43 214
147 73 589
87 121 743
12 1 439
57 106 402
41 112 309
56 79 871
177 123 817
134 124 120
154 98 162
49 148 569
133 68 104
34 113 673
60 3 619
77 62 789
39 73 852
34 29 655
148 6 629
5 13 989
1 8 272
13 46 200
129 41 993
15 22 646
2 7 797
25 165 906
42 83 731
121 101 772
126 28 671
30 92 695
151 144 612
132 124 954
31 115 959
63 176 408
98 13 498
28 144 944
163 136 889
156 128 410
102 88 657
8 143 344
46 58 925
64 51 985
74 133 706
35 4 410
69 147 490
126 139 800
73 24 333
142 106 501
110 23 733
12 150 229
1 54 461
124 109 215
73 122 250
91 14 805
52 172 11
64 71 736
76 136 175
160 121 593
106 137 907
3 115 421
105 6 523
37 25 760
4 118 501
87 144 172
153 20 225
144 76 117
92 163 54
88 22 607
133 93 726
79 167 933
157 28 443
40 58 568
118 151 585
166 177 774
64 82 739
86 4 5
134 3 954
29 160 681
58 108 826
37 174 752
12 169 365
112 67 441
17 22 703
68 87 246
64 143 718
66 111 242
32 152 636
10 137 693
176 122 881
132 116 501
124 96 807
103 174 746
124 131 809
155 27 136
118 154 625
141 147 191
73 64 584
22 82 62
159 127 353
9 29 705
2 49 287
169 52 207
133 124 201
100 22 191
8 100 106
69 1 807
50 125 549
19 135 738
55 85 590
49 9 282
172 166 453
94 14 728
107 171 441
43 44 463
25 46 89
32 35 129
49 156 777
30 5 453
53 15 294
1 66 494
139 25 241
161 10 903
23 72 858
55 1 710
78 87 890
147 150 991
151 2 727
35 175 23
34 73 246
2 136 868
156 154 766
46 133 363
13 118 440
163 133 878
16 106 246
41 173 514
65 155 831
172 40 310
172 60 706
15 66 151
68 135 24
28 37 972
37 80 350
80 112 272
102 70 686
98 164 372
37 153 633
125 142 71
142 143 62
137 11 785
169 80 189
1 2 768
18 90 611
96 86 979
108 97 771
47 148 433
142 140 656
115 34 899
176 116 336
83 15 339
148 96 450
37 65 65
82 43 952
49 84 866
55 50 585
81 158 998
148 25 677
17 68 498
46 154 131
41 34 418
78 82 61
19 171 941
143 160 415
60 159 531
88 112 435
172 119 880
115 169 854
57 135 155
76 172 631
45 136 432
126 16 737
4 125 993
141 115 311
127 72 803
43 141 380
43 138 816
1 56 539
31 100 191
58 29 531
31 26 841
81 47 758
19 49 466
69 30 466
24 62 92
8 4 845
116 31 653
130 58 653
127 7 22
47 9 370
161 105 758
37 163 410
145 61 169
21 114 746
83 58 962
106 79 451
94 118 141
137 79 405
61 39 708
145 21 731
157 40 700
121 72 661
103 94 731
165 49 501
175 169 238
169 159 428
40 26 543
70 57 966
127 40 405
95 163 432
3 39 416
26 120 470
175 133 204
172 175 83
157 77 386
4 61 597
31 64 293
18 70 664
160 6 320
116 11 106
85 16 816
145 68 985
52 78 566
7 83 103
152 119 509
1 77 175
142 108 224
145 84 352
71 120 393
72 136 740
43 103 567
73 84 136
20 77 807
128 46 581
136 85 642
49 13 579
98 73 85
58 126 90
95 120 588
75 65 820
57 22 646
25 89 6
112 22 695
7 64 958
161 22 782
59 57 182
6 11 738
94 108 176
164 173 918
173 146 908
172 31 619
57 139 938
163 139 648
15 16 964
29 154 849
78 114 676
162 19 290
43 57 41
97 43 894
144 73 868
35 46 283
159 140 702
51 19 924
172 153 918
21 52 177
172 103 532
139 79 995
175 11 732
152 146 508
72 151 628
126 66 193
37 95 423
58 167 344
49 135 96
50 54 773
160 27 11
1 34 773
152 134 706
114 118 817
112 36 567
158 34 124
64 139 359
15 79 459
55 118 672
4 67 194
23 167 527
67 16 192
136 82 626
122 164 269
68 56 320
50 74 293
163 103 284
130 117 214
174 96 333
16 141 901
16 142 955
121 139 421
22 167 935
3 78 776
46 139 250
134 34 886
48 14 155
170 76 272
155 12 289
125 127 208
55 115 817
124 58 551
92 42 179
83 11 783
16 130 87
81 165 575
31 88 166
32 88 972
161 63 76
74 12 905
56 22 366
71 109 537
106 10 679
136 56 836
102 80 481
166 71 111
124 115 271
172 127 901
175 139 411
172 58 995
112 142 456
170 132 279
28 71 160
166 3 54
1 119 491
7 167 129
1 38 954
148 69 4
105 115 564
151 30 392
94 139 961
175 38 858
124 52 569
61 144 85
25 149 540
122 14 825
43 59 540
41 26 619
152 67 400
141 104 433
168 67 405
52 100 177
101 25 606
35 171 166
39 67 202
16 48 676
13 25 802
74 170 387
167 33 430
84 41 352
29 71 596
39 58 840
97 27 676
160 57 493
22 55 476
69 63 499
78 127 185
162 103 352
157 148 197
153 76 54
45 46 532
35 94 779
146 122 16
24 50 817
99 52 29
133 140 589
59 168 705
92 168 317
37 171 60
102 1 214
85 148 728
94 122 382
41 93 968
12 157 653
91 40 510
127 43 975
4 142 664
25 164 267
111 11 180
79 44 573
12 4 618
37 118 439
4 173 714
76 21 371
173 109 378
148 153 635
98 56 876
76 154 83
112 116 282
16 82 901
7 75 862
164 78 634
163 126 513
85 103 313
58 169 59
176 66 514
31 106 158
128 145 432
150 76 815
91 143 82
17 70 425
79 14 279
33 150 639
34 101 599
132 130 672
150 169 865
130 83 729
176 42 264
35 128 411
142 61 816
61 85 236
175 151 53
34 123 936
72 63 107
104 47 172
174 59 616
148 173 731
1 97 454
152 168 365
81 143 43
22 12 327
108 91 387
16 112 367
163 22 748
58 22 745
74 155 532
52 128 730
31 142 286
122 149 197
26 107 139
146 11 545
112 77 353
25 23 190
106 71 390
60 53 653
127 10 773
35 148 703
128 113 505
177 127 442
31 148 743
4 47 572
45 115 191
10 66 625
157 38 115
154 126 765
112 95 462
159 168 911
175 1 9
68 154 682
21 19 355
39 37 980
27 100 517
26 145 148
22 19 579
69 164 655
153 7 806
158 78 248
19 9 630
162 25 696
120 4 375
121 176 669
127 35 394
151 1 97
17 109 765
163 112 697
167 3 782
155 138 323
7 56 498
49 142 529
3 45 417
165 21 363
13 128 523
47 28 55
44 32 912
31 21 31
19 87 956
113 154 769
118 11 763
171 42 399
148 132 389
96 24 962
28 11 397
88 75 788
47 31 555
64 34 854
45 43 400
146 153 207
83 125 626
140 166 821
34 166 456
15 32 658
127 88 930
138 91 378
169 119 32
144 26 209
140 124 362
135 88 65
169 55 341
166 28 232
40 74 273
37 92 899
157 142 604
49 39 735
169 126 125
52 96 551
100 49 157
33 115 171
54 60 677
172 1 892
85 125 426
102 74 638
110 76 3
116 65 81
130 112 298
165 151 888
77 136 108
160 100 834
5 73 930
64 104 30
25 103 429
10 130 46
154 112 516
12 158 349
58 93 6
50 109 410
140 45 50
56 124 146
1 22 593
12 23 196
136 78 615
42 16 994
88 81 506
109 158 845
109 136 225
153 10 332
117 54 475
121 136 532
46 141 761
134 46 791
118 116 286
116 78 361
50 61 24
72 67 160
16 147 503
23 124 332
47 129 431
84 22 411
145 46 37
5 16 760
1 140 407
27 144 665
54 75 846
82 55 285
56 131 974
85 47 531
133 149 564
170 124 130
106 132 598
95 79 706
127 2 315
85 115 772
53 145 803
49 34 255
130 13 510
4 136 677
141 15 593
145 127 460
85 59 904
89 118 252
165 169 214
127 142 670
172 169 697
168 42 682
12 107 285
44 129 30
128 67 949
64 163 787
64 25 826
79 37 518
42 148 107
98 163 584
46 8 222
4 36 183
32 31 911
111 91 682
148 167 647
119 126 998
117 55 472
38 63 186
97 35 982
73 119 220
127 42 789
4 100 258
34 14 764
139 4 692
67 100 502
137 133 989
117 111 180
40 133 957
11 13 153
66 92 745
115 70 663
66 174 618
85 67 732
138 76 644
131 58 96
127 161 841
80 100 805
166 152 303
71 9 169
26 4 400
8 142 990
160 104 540
151 127 926
13 1 188
47 59 66
23 158 162
78 168 10
124 86 575
141 7 502
133 43 508
147 172 666
139 167 548
133 15 683
155 4 899
56 16 12
15 119 14
46 99 609
62 73 654
45 57 614
29 121 191
3 16 364
139 1 827
73 91 911
163 87 477
21 176 116
104 133 316
18 109 496
104 6 720
155 94 943
130 155 514
130 14 802
74 97 284
92 151 266
59 136 142
65 96 223
16 118 813
40 94 159
127 73 432
69 68 195
19 60 120
55 53 336
119 90 306
36 62 270
141 146 81
173 107 71
34 3 722
157 64 716
24 82 960
82 102 862
52 46 830
103 120 677
39 99 61
60 164 90
16 51 94
88 172 417
60 75 117
35 118 483
37 75 49
52 156 683
145 8 325
127 103 640
109 31 838
100 126 722
92 73 422
1 58 418
116 136 187
172 63 975
96 146 723
109 151 445
175 173 978
169 91 988
122 154 520
49 16 559
135 109 70
82 70 567
174 85 743
56 142 436
119 20 535
103 17 703
64 91 300
63 110 198
74 176 952
121 150 310
175 141 998
64 17 288
41 53 924
16 64 297
145 151 444
5 124 372
1 114 475
61 84 12
44 29 845
108 33 581
64 10 474
40 145 585
7 172 102
70 56 837
99 66 753
21 39 200
108 121 116
170 126 583
153 16 70
8 125 834
48 94 695
130 163 664
77 81 574
88 148 492
22 53 987
175 64 662
11 90 926
44 162 457
7 55 837
127 5 462
12 49 738
94 42 608
40 158 965
49 116 320
177 102 477
119 160 322
53 153 392
72 133 230
97 37 508
2 58 992
60 76 998
111 168 854
135 45 401
175 103 701
78 93 642
98 162 821
95 76 197
1 124 71
115 146 718
132 9 640
165 22 758
81 57 833
27 58 594
174 82 49
114 106 872
81 109 131
52 55 801
69 64 44
139 67 266
60 115 115
109 130 404
95 16 404
6 91 187
70 66 823
1 160 455
123 82 958
64 102 695
168 10 920
115 82 926
124 41 406
144 22 342
148 115 289
16 94 38
139 158 958
23 118 380
128 109 37
64 106 389
34 22 573
169 86 159
98 88 920
67 167 789
163 171 90
47 157 872
92 59 739
10 169 200
64 118 19
64 67 298
26 151 730
60 88 699
111 152 282
127 163 707
88 43 473
79 13 865
88 79 681
159 104 581
99 134 364
37 54 493
121 133 377
51 13 298
130 37 175
135 31 44
37 127 161
27 114 452
52 108 727
97 110 745
119 137 793
95 70 953
81 175 217
8 37 726
23 130 202
151 157 562
147 103 232
21 10 120
89 95 811
67 60 27
38 136 966
169 137 526
73 86 786
160 118 470
100 155 688
146 116 731
108 92 480
22 45 182
141 109 982
10 63 117
85 133 854
18 54 480
134 73 796
67 66 634
99 153 159
5 20 789
76 157 829
127 156 776
113 103 657
127 168 597
39 172 283
168 166 434
13 57 670
43 15 445
105 13 520
148 10 62
106 169 724
127 23 607
38 67 651
120 161 31
76 166 88
16 162 614
86 40 583
168 31 615
90 139 467
19 2 285
159 145 563
1 91 476
64 2 151
23 78 404
121 19 750
2 122 85
101 74 394
163 156 729
102 8 840
2 176 966
124 94 292
79 18 454
130 7 277
175 59 179
93 117 965
93 124 814
102 84 92
107 68 950
121 157 302
136 37 959
87 133 882
141 32 840
176 131 62
73 109 777
137 49 976
16 148 376
130 65 614
14 25 811
136 128 314
54 93 544
106 118 85
120 171 922
103 9 68
76 64 45
134 40 213
43 140 869
104 124 542
108 112 729
161 139 675
65 64 450
28 3 372
57 101 107
14 67 172
98 148 358
148 129 573
72 3 347
106 37 63
169 6 423
33 1 447
73 85 669
93 128 812
36 5 382
119 149 895
103 22 534
103 3 44
177 115 839
168 156 162
3 88 538
143 52 486
35 6 571
8 34 540
94 154 418
121 97 571
28 140 840
36 52 72
109 105 79
13 30 991
22 83 854
11 114 776
61 148 38
59 172 979
5 142 50
108 140 426
18 124 206
24 6 600
25 35 348
129 107 426
86 140 400
123 68 834
163 54 25
88 157 794
8 159 499
130 136 727
73 111 381
67 37 807
169 117 650
157 100 405
70 46 837
134 119 320
69 62 433
109 89 209
25 34 635
97 31 298
15 132 376
60 120 760
176 154 783
118 31 601
124 53 751
13 54 214
117 7 417
42 145 530
10 125 32
173 147 493
61 158 216
118 91 193
34 28 946
4 156 783
34 169 52
79 134 201
42 24 493
92 43 66
154 88 501
7 177 738
107 15 877
5 52 981
109 134 404
10 102 523
123 157 724
76 75 784
37 20 99
21 173 718
32 163 507
119 121 692
148 43 519
85 46 283
40 16 587
38 103 396
6 118 772
16 101 836
127 141 765
152 34 21
53 67 395
110 4 536
126 177 765
35 154 312
139 150 915
160 111 17
20 13 537
142 169 333
166 111 879
106 56 921
95 65 810
121 168 455
119 99 16
34 69 37
46 165 775
2 92 914
6 112 681
89 121 604
72 142 323
20 10 730
110 71 235
88 36 781
151 60 738
167 16 253
124 129 524
138 117 844
116 96 252
60 64 127
11 138 111
28 137 117
167 99 359
110 40 954
9 110 411
172 121 183
115 132 318
146 169 436
137 155 397
57 12 401
100 142 723
63 22 273
127 136 20
52 136 262
70 2 567
146 26 603
109 169 14
175 7 610
27 107 692
55 121 272
26 150 223
17 25 266
168 130 46
162 15 696
173 128 133
165 103 89
148 4 636
72 103 614
47 22 732
171 157 987
112 106 601
118 148 507
145 101 386
1 152 936
40 14 297
45 77 963
113 161 866
19 169 516
32 145 806
35 170 772
103 106 192
103 79 4
76 74 780
35 19 26
149 136 448
142 102 560
117 47 12
10 160 18
23 159 220
113 145 527
105 43 663
119 30 209
167 30 823
48 109 383
88 134 524
31 151 42
157 156 965
1 171 378
166 88 240
22 132 905
100 40 5
118 136 375
10 34 899
1 168 998
30 56 462
146 41 946
44 96 879
138 13 404
27 123 942
40 38 237
94 67 376
106 124 131
47 109 112
166 119 640
10 96 512
80 19 425
126 34 914
145 82 804
41 10 424
90 102 115
117 5 641
175 126 18
57 82 251
31 113 281
26 114 54
104 157 485
111 130 417
7 15 32
40 130 184
70 91 541
122 170 122
98 170 661
83 127 986
67 97 325
30 64 439
112 85 968
159 84 489
62 7 952
116 160 933
139 117 38
147 7 603
25 74 703
39 79 204
166 122 233
117 67 250
83 139 280
19 159 257
1 70 710
90 64 955
138 93 642
55 69 111
40 48 214
62 158 567
113 126 468
136 122 549
87 61 456
147 5 270
25 124 757
165 112 419
76 25 840
112 157 523
38 139 627
108 10 385
94 101 823
27 19 102
115 136 814
161 25 546
115 79 690
85 135 894
20 22 918
118 166 820
21 16 33
51 118 595
153 70 929
76 151 498
132 85 704
111 151 981
94 81 51
72 163 883
22 64 524
63 44 884
76 115 377
55 65 415
140 31 541
161 58 566
58 115 417
61 37 186
36 69 104
107 19 607
145 56 41
80 164 253
99 154 544
114 121 996
83 163 842
28 116 662
25 156 739
120 88 557
116 121 472
153 84 578
111 176 343
23 13 387
37 154 964
88 173 433
65 85 965
20 111 445
64 125 583
61 151 498
176 34 75
119 101 959
85 88 237
123 43 791
65 168 919
52 34 800
16 30 967
148 30 709
18 170 230
114 109 490
142 1 565
26 163 317
138 174 2
29 22 984
67 54 836
91 150 674
121 58 129
31 23 901
78 149 547
46 83 120
62 136 165
65 106 340
20 85 586
107 92 922
84 87 15
46 88 961
120 175 364
97 76 193
171 22 814
172 138 460
16 18 994
125 2 475
160 75 783
20 99 121
123 128 278
37 48 910
97 127 352
85 19 580
1 11 29
93 98 396
23 49 320
114 98 470
150 73 764
72 27 633
19 103 336
48 166 98
80 70 296
177 97 470
145 171 484
147 113 814
169 37 260
61 65 454
38 101 259
35 169 220
15 113 101
149 88 998
17 134 698
160 131 888
64 78 551
133 63 56
51 73 967
132 173 730
85 53 143
171 94 730
139 36 173
139 85 687
124 136 769
100 88 703
64 38 687
35 43 884
151 36 834
85 79 911
40 13 757
78 24 919
18 174 24
19 94 353
17 161 693
81 135 428
56 109 231
33 24 456
82 41 408
94 73 594
25 121 655
152 26 893
87 1 589
175 19 746
31 25 615
144 12 256
83 30 289
123 70 722
91 157 113
102 163 507
139 116 216
142 83 125
73 93 670
151 52 598
34 61 494
106 19 154
136 60 463
81 133 164
53 110 193
110 55 153
69 155 309
151 163 719
131 169 392
136 74 534
121 154 511
70 62 227
100 5 72
23 164 237
40 28 110
165 133 483
123 73 604
159 78 381
58 106 562
87 55 195
7 96 127
155 108 250
7 146 385
175 177 177
118 45 595
85 170 298
75 137 795
136 174 564
106 100 762
60 72 296
44 101 869
172 9 442
23 48 904
12 128 303
118 130 268
7 82 818
37 85 546
12 30 608
121 88 40
111 30 319
73 96 984
19 18 288
123 135 549
103 28 539
95 175 875
49 175 566
28 19 55
28 135 430
166 43 681
175 2 596
89 43 968
134 49 650
75 131 254
124 6 844
65 123 324
146 1 275
25 7 327
166 83 732
158 112 496
62 61 773
58 158 211
118 92 676
81 115 692
117 1 658
51 130 465
61 89 197
106 5 249
36 26 719
13 42 829
25 38 252
82 25 266
94 44 239
116 83 197
10 84 440
59 108 616
52 107 103
87 57 910
85 109 239
125 110 846
106 62 209
1 43 155
151 16 941
142 86 16
96 127 81
1 137 753
139 129 423
124 49 999
79 168 93
139 110 101
129 20 423
131 109 274
142 27 214
31 17 573
121 177 480
145 173 747
177 122 673
115 37 146
51 26 178
108 17 626
16 91 455
51 115 530
78 171 871
75 117 884
136 106 38
150 97 601
81 50 527
100 19 346
100 166 263
122 40 392
70 50 860
127 111 918
33 146 763
97 143 449
13 110 401
172 116 5
31 79 840
122 8 817
98 4 660
171 93 636
49 20 208
6 92 442
159 154 49
22 175 342
82 48 499
130 20 268
169 93 702
94 57 298
175 12 945
127 51 822
9 135 870
19 105 777
31 71 145
118 69 545
33 19 29
60 110 448
9 153 307
89 10 673
111 119 369
67 48 532
69 119 895
171 76 943
40 167 816
13 60 364
119 162 64
103 39 891
19 46 240
153 135 390
66 34 811
28 143 44
49 11 14
133 70 117
155 93 226
7 166 779
160 42 571
172 136 70
1 42 768
7 10 120
64 122 120
60 35 264
101 69 965
42 159 275
28 145 180
146 133 236
94 104 438
133 97 173
177 107 74
115 75 167
140 127 670
133 75 797
63 148 68
121 138 120
120 42 407
113 140 591
163 148 273
106 109 932
53 141 120
19 69 714
163 91 3
173 49 782
171 88 410
114 123 438
25 43 720
140 116 977
131 45 784
97 52 448
53 28 229
62 3 982
65 93 695
14 73 360
45 165 292
78 41 222
74 162 252
31 133 192
10 31 292
154 138 691
36 76 516
44 110 122
94 43 134
154 60 905
85 39 779
70 40 261
75 154 4
43 100 215
127 3 738
175 41 769
130 53 180
162 110 27
7 115 964
136 160 62
167 24 520
165 121 950
138 70 582
71 104 408
62 149 798
50 7 412
7 44 553
93 52 693
43 73 547
112 153 762
84 126 485
81 86 624
115 72 555
7 18 405
2 75 359
58 137 168
10 146 677
55 119 990
172 111 90
36 87 506
102 106 118
157 124 186
27 175 320
36 147 261
130 156 842
130 100 76
45 37 358
5 148 317
115 154 268
2 9 708
157 166 667
4 16 979
118 101 898
164 101 817
72 160 806
75 17 773
66 25 48
39 145 270
6 8 232
61 169 662
114 167 329
79 160 246
108 172 872
3 100 955
93 22 32
7 100 702
160 138 869
158 164 703
140 11 83
96 77 134
109 155 403
114 10 844
37 15 717
49 83 186
74 75 7
65 137 899
109 66 526
68 1 120
124 50 267
37 4 482
39 127 46
66 136 694
46 41 325
120 55 420
8 113 526
175 144 465
23 20 90
71 11 755
118 129 51
55 125 58
121 86 553
162 49 409
164 83 659
33 110 430
65 118 124
109 100 804
45 73 622
67 93 658
52 126 396
85 31 203
158 60 540
24 151 282
100 118 232
18 172 64
59 166 402
105 20 740
157 6 590
137 33 183
171 47 282
101 58 919
45 174 999
85 159 916
51 76 807
158 115 357
7 106 70
118 177 245
26 81 77
123 40 129
3 19 976
118 38 982
31 69 170
19 149 938
98 82 279
115 172 896
140 175 905
171 105 464
136 13 39
37 76 26
142 119 10
49 21 474
82 2 587
154 51 981
141 49 360
85 23 748
101 78 880
38 112 496
94 9 428
142 122 338
13 39 846
146 121 28
48 103 617
109 163 202
166 16 616
153 87 679
25 55 625
25 59 728
142 92 63
133 139 218
60 99 503
20 117 202
109 6 534
140 164 491
139 112 549
63 28 729
98 176 204
64 85 990
169 121 713
79 176 655
26 115 946
145 37 883
86 133 659
142 153 8
169 74 118
33 67 256
67 155 137
7 162 3
151 6 186
118 90 879
142 131 828
149 45 128
157 18 585
86 22 253
60 104 319
138 44 854
172 34 715
100 57 235
155 52 355
32 43 492
39 139 496
160 49 13
104 156 37
146 51 233
26 55 367
95 167 722
94 142 112
62 84 906
150 154 155
2 34 466
13 63 14
48 15 465
127 139 706
90 142 43
70 160 815
36 46 774
13 99 697
118 97 153
129 42 745
34 102 675
11 161 518
176 173 358
31 107 418
54 57 912
136 40 648
130 31 586
90 128 458
21 148 916
120 119 421
109 38 455
39 175 631
3 169 990
2 28 594
118 98 208
52 164 194
76 40 929
1 169 610
7 154 525
18 96 566
82 60 599
160 40 986
60 135 2
61 66 16
19 59 516
45 97 710
61 80 580
60 28 505
126 6 942
170 154 64
144 100 704
11 70 338
37 98 546
97 153 775
164 26 485
1 35 796
19 148 149
85 101 907
77 174 659
154 70 384
122 21 586
46 147 392
93 48 617
141 167 873
118 81 222
71 79 611
108 30 287
58 70 771
13 133 149
94 63 927
108 64 153
81 79 398
76 12 597
160 150 587
76 73 185
55 128 212
71 2 581
25 72 882
16 114 976
3 175 535
119 124 338
112 115 990
170 99 847
76 26 354
175 55 558
58 50 389
170 90 216
171 13 338
67 176 955
10 126 267
28 94 13
166 92 730
18 139 217
103 55 817
177 84 406
166 138 277
70 7 841
78 173 834
67 50 641
51 39 844
88 70 913
27 24 515
55 32 266
124 63 878
137 115 342
148 106 876
25 28 508
58 120 374
75 16 593
90 1 676
49 73 117
148 149 496
3 20 446
17 121 276
159 125 425
136 31 511
144 154 804
127 85 321
139 173 915
64 171 205
21 127 102
92 13 661
5 1 92
134 135 410
107 29 320
7 42 414
43 6 910
154 136 824
70 166 159
157 8 580
41 11 568
163 175 772
28 106 394
82 31 103
91 61 931
169 112 55
123 166 934
92 140 805
103 153 369
28 49 557
17 27 641
28 113 78
38 28 297
115 142 757
55 149 404
160 166 757
139 91 188
19 151 809
60 174 539
150 45 66
142 78 352
53 140 338
53 139 17
55 151 56
37 58 248
25 174 617
166 171 560
109 1 437
172 44 627
22 153 275
93 64 143
109 83 198
126 49 270
166 82 196
25 116 922
161 115 948
101 55 621
125 167 761
73 118 131
140 20 354
160 36 73
151 105 95
45 103 967
154 96 604
141 160 214
125 130 470
32 139 6
91 100 296
65 58 794
27 136 527
112 151 170
163 6 647
127 19 703
173 81 457
31 127 785
127 82 450
54 88 740
55 130 827
152 80 761
117 51 666
27 44 459
136 24 172
43 56 415
44 157 69
58 94 858
127 44 36
20 79 984
91 37 841
157 173 215
85 62 608
25 18 343
142 123 536
97 18 831
49 145 605
82 118 974
67 113 303
154 174 975
110 170 569
154 102 706
72 168 789
143 155 805
120 67 227
123 62 262
133 22 620
116 157 549
166 133 67
8 136 147
29 117 870
55 147 732
136 111 798
121 156 901
163 118 416
1 19 714
175 119 838
60 46 256
67 83 604
169 88 346
130 17 495
10 99 223
106 146 105
94 123 999
61 79 989
40 82 640
137 30 397
91 10 761
155 9 984
169 44 218
29 36 754
160 3 92
155 32 767
60 91 610
100 93 163
27 148 689
163 7 753
43 112 536
29 55 74
175 130 880
27 103 452
14 74 498
82 18 377
123 7 294
163 138 568
75 89 115
30 174 532
142 85 109
114 146 379
151 65 601
61 74 245
149 17 658
28 43 56
48 164 438
1 153 590
7 40 663
97 122 81
170 43 747
115 49 10
14 82 887
73 60 412
22 70 412
148 139 67
37 71 482
64 27 559
17 16 482
47 25 377
168 142 823
82 13 228
110 111 868
58 173 626
97 111 91
103 57 677
6 25 892
10 119 61
169 56 403
149 40 456
9 1 694
48 19 391
104 1 764
44 64 680
70 68 43
99 127 466
150 113 622
155 169 485
138 167 585
46 137 683
118 66 307
124 31 839
147 106 44
71 42 484
64 103 137
109 29 348
2 33 426
62 175 884
47 136 471
110 67 223
137 154 742
42 132 420
124 61 488
82 76 59
140 60 294
93 18 425
167 25 982
153 118 590
11 44 39
93 21 46
6 84 942
163 88 64
119 108 86
119 156 898
94 137 207
10 115 408
148 137 829
64 13 773
20 142 972
84 158 827
119 131 774
43 47 297
146 127 434
92 103 1
145 108 569
73 28 955
51 11 350
147 110 535
43 117 285
1 80 379
130 4 788
103 109 816
34 37 468
175 145 312
149 60 871
133 127 932
133 28 1
13 61 153
52 1 760
139 154 818
139 31 303
50 73 484
12 124 701
21 29 273
90 107 894
140 153 494
131 16 371
25 33 12
76 84 864
10 90 702
114 87 349
161 76 410
139 115 274
110 52 880
12 69 955
144 160 85
119 63 15
127 50 593
10 27 266
115 122 995
125 171 170
118 29 256
70 148 572
130 36 176
173 154 390
156 28 107
84 70 66
47 134 815
40 23 337
166 55 22
90 60 40
110 149 771
65 3 707
61 55 560
21 121 374
68 172 247
42 163 879
126 50 148
169 43 597
176 162 722
94 75 709
91 83 820
19 61 300
82 116 842
32 60 508
99 36 409
48 63 186
19 108 393
58 10 733
165 40 599
15 11 535
5 59 31
61 155 421
71 75 750
69 16 365
131 147 926
25 65 900
110 136 886
172 118 74
86 153 957
116 130 803
169 27 776
17 173 841
22 77 640
147 43 928
121 9 491
85 143 565
173 97 430
160 114 957
19 136 361
94 34 632
82 124 549
96 150 581
5 121 726
60 175 279
34 83 14
115 109 58
122 104 393
64 88 851
22 30 4
76 10 729
89 76 204
89 21 712
127 166 230
114 82 532
150 135 628
18 1 116
146 144 465
16 97 40
15 139 765
132 7 801
175 82 888
161 73 58
130 177 688
175 110 588
82 19 397
134 54 301
165 79 523
61 136 780
145 4 548
172 117 200
62 29 167
21 133 627
26 52 284
19 119 354
9 144 51
139 48 645
54 142 96
130 106 659
37 46 872
128 100 77
28 80 781
2 131 664
143 148 672
84 51 257
14 128 457
61 70 152
131 145 189
101 102 182
142 133 978
30 149 514
6 44 888
50 172 60
89 50 422
22 67 916
13 29 565
159 166 115
155 79 794
174 39 816
34 62 936
94 82 435
93 175 608
172 64 838
148 144 128
21 88 141
108 150 502
114 124 556
118 19 456
13 104 665
8 25 541
67 1 205
23 95 419
22 125 401
75 81 369
92 71 858
28 172 295
86 55 538
150 145 860
161 106 90
7 128 261
142 139 324
102 92 427
32 10 678
26 169 435
101 73 570
70 121 650
167 134 349
25 109 744
37 96 660
64 117 367
113 153 120
97 34 39
27 156 849
43 143 899
160 139 254
37 72 339
158 142 140
48 153 557
25 166 373
32 89 633
166 77 509
54 5 83
63 33 744
46 73 135
172 83 765
90 168 193
17 73 285
7 109 400
133 129 830
151 54 869
169 157 308
163 34 206
139 63 711
20 89 559
115 103 547
53 168 611
46 66 957
162 177 947
76 102 484
160 71 94
51 124 867
172 62 430
162 22 515
4 19 173
133 78 250
1 46 990
175 66 991
171 48 427
22 145 996
39 90 586
167 73 648
7 90 306
160 34 257
1 134 737
163 160 483
156 151 655
156 70 516
19 16 458
108 109 576
27 117 344
79 58 311
44 145 192
109 13 926
7 134 914
99 133 917
157 150 900
13 169 791
151 152 658
176 171 750
94 132 968
153 28 603
13 159 14
147 8 788
157 82 81
52 65 962
108 127 711
118 58 770
115 54 732
88 74 745
89 177 550
112 160 484
88 161 504
38 21 879
124 43 231
28 79 894
4 85 797
52 140 781
49 81 145
99 85 408
169 79 152
55 28 19
75 130 514
70 146 68
117 119 823
68 20 218
31 117 810
157 139 922
30 103 758
68 138 735
79 118 845
165 109 389
19 97 650
67 102 148
115 69 434
85 82 879
78 62 198
41 158 75
116 105 56
148 109 450
11 37 257
31 58 372
49 90 395
160 14 790
157 73 11
12 89 221
31 163 194
171 142 309
42 166 843
127 160 158
40 177 300
7 139 603
25 105 45
104 130 558
29 57 329
155 148 94
124 160 33
148 166 618
112 49 848
125 88 114
17 135 223
2 13 364
47 20 475
1 94 218
127 70 212
102 16 713
22 41 818
124 121 5
73 25 441
127 157 126
120 124 642
91 93 234
94 7 979
1 100 880
24 25 184
170 23 504
14 75 587
95 31 484
87 35 12
19 158 301
157 154 733
20 15 287
159 165 348
83 161 665
138 22 685
70 55 792
15 19 241
23 156 286
29 40 377
1 157 713
162 166 513
118 70 286
96 115 163
91 165 315
149 115 881
166 23 486
67 136 151
113 163 51
169 51 159
7 169 436
151 10 250
49 38 44
48 46 937
142 37 974
157 70 591
79 172 436
79 53 666
149 101 621
76 173 493
168 151 135
60 130 535
151 100 572
28 12 606
89 116 999
4 113 49
4 58 569
67 158 405
169 95 977
163 59 730
106 75 451
124 159 689
121 63 248
44 91 821
9 70 637
76 61 232
163 85 884
135 29 428
59 152 350
35 15 250
169 25 71
31 166 980
132 90 846
1 162 846
64 48 412
171 68 436
87 140 428
6 159 70
131 17 362
141 99 125
94 85 545
45 99 770
116 174 297
42 103 642
93 25 732
144 112 883
90 124 280
79 151 693
58 166 694
129 55 317
59 40 26
16 104 310
130 66 299
74 134 87
58 157 123
2 78 322
23 129 773
106 42 861
127 89 23
53 176 511
22 160 873
43 163 570
140 42 836
92 40 339
128 99 319
142 134 234
32 94 471
168 73 670
119 130 261
55 145 673
133 5 137
123 31 375
34 91 84
21 137 243
66 104 751
130 62 245
46 130 298
177 30 268
137 42 273
94 106 101
59 62 825
60 16 314
29 61 507
109 94 524
124 161 447
15 102 967
23 174 395
160 92 94
108 107 706
49 119 265
150 2 338
88 68 557
128 154 24
76 127 453
127 112 569
69 41 822
79 35 342
63 129 197
79 135 118
85 160 197
151 117 44
159 112 938
2 14 397
167 19 760
4 21 454
65 148 515
4 11 932
26 118 286
37 157 691
115 175 743
58 150 277
40 52 626
25 91 153
24 70 72
50 166 645
55 46 949
46 106 420
161 117 9
124 169 278
146 15 748
24 55 855
16 103 440
175 31 94
52 80 24
97 92 678
121 10 524
94 152 646
160 4 548
38 166 812
160 142 302
123 52 905
9 17 609
57 173 252
161 20 685
69 130 932
80 44 156
175 160 275
98 39 974
135 151 931
101 110 740
152 68 239
163 124 574
44 159 747
91 151 153
138 159 276
65 57 48
43 52 321
79 166 191
43 110 647
23 111 173
169 8 140
20 172 426
80 166 43
70 16 162
106 35 212
10 1 403
174 27 617
109 133 689
133 62 600
58 151 166
171 75 28
164 119 895
22 118 43
142 23 528
124 4 269
103 166 14
167 70 690
77 129 972
113 146 575
67 125 786
5 65 498
130 27 611
20 25 177
142 24 307
131 15 296
155 171 95
154 23 199
93 167 478
54 79 73
62 48 888
37 138 465
170 79 701
75 127 507
154 31 801
137 100 501
13 112 989
24 124 267
62 119 213
31 157 528
133 154 134
45 10 122
134 132 857
143 117 698
74 56 104
137 88 395
155 83 607
13 32 385
97 109 308
23 121 775
74 8 145
11 19 788
76 114 899
93 139 36
60 4 936
67 175 647
172 92 769
4 7 690
133 125 401
158 166 333
91 97 381
35 88 94
142 81 709
109 156 115
76 22 115
165 9 62
30 169 78
77 46 867
175 52 259
70 114 491
82 138 7
106 175 5
154 17 327
128 171 57
141 28 334
34 164 936
66 17 839
106 91 485
156 136 532
40 1 795
103 143 230
87 157 446
2 63 146
118 60 755
77 176 44
136 91 607
127 6 782
52 64 694
89 160 68
111 116 854
155 72 547
94 115 493
19 41 558
28 41 235
126 20 354
114 40 747
27 121 219
64 109 642
123 154 991
60 138 183
153 13 94
91 141 775
167 1 368
160 7 549
132 46 18
102 30 408
98 41 840
15 154 261
96 129 791
19 141 490
87 168 18
135 101 600
117 28 725
55 95 121
18 144 976
175 48 721
40 44 732
59 167 928
49 74 249
18 107 274
144 120 596
88 91 869
115 144 543
73 79 902
73 58 590
58 25 1000
133 112 556
25 100 415
165 154 98
10 85 241
37 99 808
105 26 900
53 58 395
29 23 664
115 166 910
125 79 566
68 58 237
48 125 333
58 64 149
69 73 600
60 171 431
26 42 244
103 108 813
55 3 809
143 87 18
9 41 371
76 31 167
46 140 339
109 142 254
168 106 372
84 94 466
49 42 244
9 12 22
175 87 970
24 40 929
144 98 190
94 127 839
74 175 553
163 11 76
131 125 81
57 64 119
99 19 11
33 97 327
98 76 872
60 68 844
79 76 357
138 98 280
141 58 369
123 169 296
43 50 146
61 133 567
164 2 284
146 85 12
54 72 237
10 28 695
157 20 337
16 53 616
18 171 925
171 90 784
64 42 668
4 30 684
22 6 968
61 101 595
37 166 371
31 92 299
160 115 551
141 144 777
145 111 393
175 76 449
161 28 712
43 14 710
172 99 612
112 76 929
160 12 259
160 151 877
175 97 362
129 92 906
91 90 715
33 109 154
95 104 176
13 45 788
114 136 319
49 79 932
49 128 53
146 100 569
113 138 618
26 162 475
169 62 2
40 109 308
28 93 668
121 30 420
18 118 174
160 91 878
148 176 402
163 177 829
151 115 328
117 42 661
151 70 160
65 101 689
51 119 951
121 115 345
163 17 952
13 55 283
3 61 782
80 8 458
16 72 446
121 145 319
47 32 38
94 97 827
97 131 249
146 91 241
73 148 114
176 100 587
16 45 479
29 159 612
34 154 50
32 169 918
92 10 188
165 85 993
76 34 534
43 145 164
98 157 642
123 61 203
1 73 726
73 100 470
142 64 16
167 103 391
120 115 692
149 143 623
34 168 504
112 121 799
124 108 713
131 94 233
127 130 404
25 90 651
168 112 271
142 74 916
112 32 193
61 98 45
4 91 974
107 13 633
87 40 131
88 109 279
28 27 213
172 43 848
139 76 409
11 142 507
177 79 827
153 96 656
12 84 406
106 88 121
55 63 564
122 29 534
79 11 45
25 163 790
130 76 604
70 172 878
