186 3557 150
129 118 75
17 10 66
38 151 378
7 136 119
27 22 781
3 50 879
121 136 609
58 129 20
109 140 456
178 1 219
117 9 984
172 152 230
91 125 277
69 169 72
77 125 513
47 49 305
105 65 293
113 3 612
95 101 181
13 7 268
85 9 13
131 23 94
178 65 394
67 115 883
103 151 697
43 148 585
131 166 917
57 19 471
66 125 33
151 43 558
125 134 202
53 158 550
116 124 348
80 121 897
93 143 516
94 77 76
25 135 4
7 71 322
72 154 772
169 34 571
14 74 142
111 143 789
98 171 476
118 18 917
63 131 428
17 7 871
133 151 686
113 111 93
71 139 957
138 151 676
139 6 399
29 97 648
7 51 972
67 75 316
130 55 265
154 177 176
172 173 550
23 27 465
184 91 39
72 3 590
60 143 923
13 172 32
89 115 676
71 115 460
109 139 574
138 15 494
145 29 476
21 69 207
139 23 776
173 53 901
160 183 178
17 14 440
3 105 726
79 1 101
64 133 422
57 53 197
129 13 934
106 133 201
70 3 478
157 7 389
165 145 14
153 3 813
38 60 642
133 3 222
74 23 545
172 63 101
94 176 224
31 13 880
110 61 151
33 41 164
44 121 508
38 25 249
75 61 457
10 178 796
177 169 617
10 40 957
116 109 78
49 174 136
147 171 671
80 115 528
90 109 300
1 46 259
94 163 149
142 131 913
61 123 603
163 147 224
154 151 866
100 97 188
89 12 693
133 136 620
1 76 466
37 118 704
19 112 178
159 150 131
52 1 837
124 33 458
133 34 577
32 43 168
185 24 358
41 94 982
71 55 785
137 142 80
29 40 383
15 47 516
75 19 672
20 139 985
85 51 869
49 31 757
103 133 963
173 124 758
55 35 542
33 16 962
186 7 58
125 131 194
96 42 538
127 31 681
2 14 948
156 66 883
133 161 884
94 168 914
118 122 883
112 113 840
1 36 763
67 58 957
44 10 944
100 109 394
109 55 941
134 103 733
17 178 192
21 51 397
101 149 285
136 43 878
19 44 518
76 103 265
157 65 757
157 112 370
43 112 889
1 17 891
63 37 808
150 133 982
129 33 117
170 33 954
61 56 564
103 42 336
82 122 817
37 166 661
126 152 729
85 163 842
37 177 717
144 156 460
175 145 582
31 33 304
13 167 964
76 171 732
125 7 9
79 156 473
91 82 590
175 51 21
120 7 945
163 177 328
7 29 794
127 165 819
136 159 156
151 28 368
5 172 195
84 87 430
67 131 751
33 157 693
126 105 708
43 79 962
145 82 341
135 1 159
141 89 206
55 145 970
70 136 242
135 159 386
91 146 623
46 144 774
175 159 637
73 162 901
184 154 648
157 97 991
94 28 98
181 145 195
143 122 678
64 21 320
88 166 377
169 1 982
165 113 172
1 177 91
157 1 868
144 29 430
16 91 72
91 177 625
46 145 650
136 87 660
133 59 446
93 63 938
105 128 519
117 131 274
29 129 11
19 105 801
37 24 909
85 64 221
76 47 679
133 63 713
37 174 112
71 35 752
90 170 802
97 113 798
123 163 708
55 1 767
103 47 259
163 140 170
78 109 602
117 43 328
103 156 49
169 67 787
55 85 573
45 157 620
77 152 530
79 166 334
11 109 764
173 133 134
75 119 992
175 139 161
23 94 981
28 145 367
127 49 680
21 6 813
61 165 246
115 5 810
29 105 962
119 45 168
171 179 479
22 159 510
133 45 765
153 132 741
169 51 742
142 31 981
99 105 963
125 102 159
28 125 922
40 158 757
181 82 851
181 151 347
19 80 293
152 118 354
112 177 378
155 107 470
27 138 832
115 173 932
138 31 285
103 139 140
151 145 715
37 73 440
109 65 804
31 58 929
83 73 892
8 37 509
74 159 88
21 175 731
1 125 147
17 181 901
100 21 5
93 85 979
82 76 555
184 76 770
70 164 476
1 15 274
12 167 730
1 83 527
67 114 996
110 166 436
34 151 785
63 74 595
136 105 504
16 112 528
46 94 403
160 127 826
69 10 253
151 83 865
91 164 920
175 181 867
59 28 837
109 133 554
131 151 835
29 2 253
48 13 39
143 7 588
43 5 656
61 72 512
8 13 640
180 149 28
124 125 471
108 133 57
107 169 865
65 177 308
134 10 168
104 185 155
85 23 603
121 139 183
147 177 707
94 52 749
183 120 73
74 144 366
87 25 340
121 2 409
37 163 82
107 67 375
179 22 197
42 83 206
74 128 539
139 102 622
57 106 136
133 93 780
55 181 370
121 71 278
1 127 272
149 65 388
30 163 508
13 169 951
124 129 81
181 86 208
95 16 92
15 73 693
95 49 494
55 164 690
173 110 551
31 89 381
1 130 881
75 147 224
163 1 721
26 30 998
147 123 334
167 139 913
55 16 646
79 31 843
131 26 157
39 41 735
23 183 228
125 11 208
185 184 966
37 49 861
184 115 384
94 6 547
60 93 308
20 66 433
64 143 849
100 116 669
73 103 200
103 110 563
179 70 305
93 86 990
107 142 503
46 23 836
79 97 976
54 7 374
125 161 529
107 163 123
55 115 350
166 1 586
1 53 791
184 105 942
77 115 183
17 33 906
122 142 304
133 16 192
106 67 447
169 100 914
63 101 339
147 103 514
1 106 367
81 127 1000
85 34 38
72 179 65
49 148 217
25 159 603
73 85 799
48 172 995
101 3 17
166 65 741
185 97 830
127 151 402
161 21 803
167 127 833
134 74 791
2 112 41
21 145 609
156 47 373
127 169 915
39 83 581
55 120 832
173 37 463
179 163 522
130 94 679
133 179 127
77 169 747
51 53 340
91 90 663
153 56 494
69 43 786
9 19 520
93 1 94
49 61 706
56 98 383
15 139 769
21 88 998
7 135 748
31 130 911
9 155 498
91 4 40
18 181 402
82 175 164
143 19 400
124 139 439
34 103 658
73 186 762
145 94 345
68 109 874
159 28 88
172 62 650
16 47 24
153 10 198
161 19 848
49 153 708
34 61 234
89 130 214
49 136 469
145 155 21
109 1 199
135 53 312
55 81 80
129 49 820
6 29 866
67 127 230
175 67 232
1 159 645
73 81 546
57 174 745
45 143 969
78 145 746
166 95 831
183 70 549
57 29 313
68 43 265
152 109 181
145 13 110
130 59 808
15 179 218
173 90 94
9 76 791
11 137 290
115 165 820
15 61 261
52 101 12
13 17 529
173 167 178
151 2 613
67 39 731
147 117 907
147 185 882
1 181 665
179 90 29
133 97 784
73 74 534
184 43 72
67 147 82
87 73 713
158 59 729
154 76 789
96 61 301
23 163 152
7 127 540
151 175 750
97 169 909
21 67 836
70 118 26
21 115 475
129 59 759
135 179 469
73 49 796
110 111 502
17 171 657
125 165 876
150 177 154
145 104 61
78 60 971
115 54 290
70 133 880
99 91 881
160 58 819
35 4 922
73 131 141
46 55 558
83 64 611
103 123 465
161 25 602
4 164 368
35 77 217
147 131 701
71 49 234
115 40 948
41 103 562
123 22 851
94 84 880
106 172 741
34 172 912
139 52 845
117 22 87
179 47 615
103 58 637
61 135 142
129 61 248
87 69 562
172 65 741
12 142 285
64 121 582
32 100 888
175 91 924
113 120 824
141 173 982
176 145 788
1 161 475
25 73 774
174 185 265
107 9 724
131 167 761
154 160 262
109 23 853
85 45 511
4 10 607
40 151 525
115 76 417
153 25 506
129 137 335
100 42 902
107 115 512
106 22 822
158 41 759
73 147 989
57 163 742
117 123 966
37 88 900
169 73 606
150 139 484
82 109 799
163 134 719
136 46 741
184 79 686
85 33 241
180 127 631
55 106 108
135 55 806
2 115 617
115 43 102
117 163 506
16 142 377
82 131 46
135 8 90
145 20 597
118 145 276
136 147 792
139 31 631
163 111 300
52 109 190
131 97 974
147 135 330
79 13 421
23 156 335
128 10 541
111 130 55
43 102 701
153 181 943
7 80 924
75 174 612
88 25 924
49 68 567
15 121 268
177 93 674
151 125 245
129 68 708
181 73 648
28 5 756
143 69 399
69 103 830
94 154 182
101 61 507
157 47 940
119 178 256
52 61 434
84 103 113
28 42 171
9 61 12
139 62 33
163 133 76
63 119 918
29 78 123
95 147 898
67 15 164
49 75 806
181 40 407
97 116 976
65 121 812
109 151 197
176 81 298
163 25 915
112 156 740
81 143 439
138 49 718
169 45 556
1 91 94
138 139 583
127 93 545
178 25 669
17 61 869
4 85 235
39 139 690
114 139 827
135 117 908
5 169 683
181 70 339
115 49 830
95 103 253
88 81 969
102 129 361
37 157 586
117 124 132
117 133 54
142 172 439
97 156 852
25 162 362
161 63 735
1 136 941
7 9 738
163 181 448
182 79 471
20 137 70
85 61 398
103 145 160
163 185 774
160 83 316
105 179 783
81 134 873
127 100 320
8 165 748
31 181 896
46 181 447
139 91 435
38 138 178
17 47 430
157 106 924
67 181 119
87 130 718
136 141 210
76 151 837
88 144 256
83 118 778
80 27 336
25 167 398
5 133 166
123 109 19
59 163 443
127 86 354
32 167 169
81 43 306
125 172 970
160 137 788
89 23 299
133 85 179
104 133 862
19 130 654
28 157 835
169 7 892
41 96 597
65 104 314
119 131 802
125 155 528
47 171 949
167 141 873
25 83 101
130 124 240
23 71 396
70 89 583
23 115 417
168 67 140
82 41 577
121 173 100
2 141 576
2 61 874
125 142 698
28 99 877
157 16 489
40 7 402
116 16 309
85 169 474
84 135 349
81 178 28
16 155 344
73 108 62
55 185 240
89 13 203
161 73 828
151 12 909
6 125 810
88 55 138
118 157 180
165 59 122
169 29 159
135 123 750
157 115 483
148 77 436
85 49 614
13 141 980
178 39 666
183 159 319
57 104 524
112 115 11
53 99 968
67 31 183
113 71 759
133 175 418
38 135 617
124 25 981
5 107 44
63 48 781
70 134 120
179 16 967
81 10 798
171 133 789
169 121 64
55 125 908
31 123 633
125 88 373
113 57 849
101 43 520
1 100 166
133 83 898
133 57 243
160 87 412
57 4 300
99 55 935
169 65 183
1 40 333
163 19 638
88 91 658
97 171 709
79 175 973
65 96 170
15 106 391
91 28 451
171 49 134
42 33 913
160 79 333
131 46 573
87 81 525
9 125 631
155 1 5
35 94 576
106 109 981
9 99 321
97 155 426
149 125 867
139 67 369
100 67 598
63 173 579
20 43 506
97 59 986
35 23 652
145 27 176
79 107 31
141 133 704
97 3 915
151 122 262
137 89 765
118 28 664
52 69 117
121 154 691
159 96 526
178 159 790
172 41 867
166 145 996
74 71 124
39 138 905
4 159 427
145 36 701
40 38 574
151 91 733
109 3 830
43 104 581
48 123 408
70 125 569
35 149 1
173 31 935
36 183 19
73 68 894
159 24 37
63 169 366
85 79 416
104 36 714
99 36 299
73 144 129
177 90 317
154 139 923
97 9 476
142 169 565
163 183 976
1 81 438
180 157 277
51 49 651
20 85 650
43 38 424
26 51 906
177 159 202
112 154 119
49 70 356
133 53 972
181 160 756
84 69 160
113 95 234
88 27 4
147 49 671
50 131 380
60 170 695
17 133 206
1 63 466
181 103 318
74 67 338
82 154 632
61 4 935
142 61 223
97 48 17
61 127 418
87 149 72
104 5 408
168 51 402
19 147 236
143 34 334
144 12 594
159 113 570
133 87 626
181 91 267
165 67 144
123 141 932
169 22 361
173 58 36
126 1 595
47 96 254
13 139 502
5 77 892
169 151 403
130 63 63
37 57 297
81 99 94
63 178 285
116 57 225
35 96 583
178 151 325
98 53 93
62 81 964
109 161 848
59 85 143
99 140 605
151 85 115
130 105 604
153 63 477
8 63 141
139 101 879
97 184 231
23 114 717
113 52 430
1 137 879
163 29 952
59 72 423
41 137 603
166 74 781
103 107 87
83 123 185
84 13 747
177 127 269
45 139 249
14 171 659
185 153 905
29 27 661
11 129 634
143 95 324
13 181 949
54 63 932
154 67 62
3 129 977
67 17 206
144 118 440
22 89 930
43 58 506
5 48 269
141 1 131
103 125 729
174 133 970
86 134 885
45 109 499
17 22 274
102 65 515
115 47 325
31 25 92
181 185 323
1 32 162
38 63 155
114 94 841
77 3 719
157 133 991
21 133 797
25 41 981
129 109 729
145 40 762
115 163 802
104 73 878
63 174 721
35 148 493
7 88 229
125 181 498
94 11 852
169 72 40
49 7 48
109 154 841
107 33 905
154 43 192
109 2 956
174 105 98
9 11 950
25 119 335
147 91 538
77 183 813
37 183 964
28 61 189
63 35 150
116 55 843
7 31 92
111 65 680
61 139 455
101 175 390
165 173 676
148 40 452
181 166 1
103 59 875
61 21 737
117 157 61
115 17 757
178 51 966
45 175 46
10 183 388
13 34 13
34 144 507
127 137 444
64 111 289
61 159 541
66 91 647
67 145 580
16 51 29
63 67 436
181 130 953
103 82 703
98 17 511
151 48 532
1 61 778
93 53 679
1 25 853
144 121 810
183 180 672
69 145 890
79 172 332
157 49 693
154 79 111
111 3 155
73 91 223
57 51 645
137 161 340
91 67 352
106 155 576
63 123 968
39 19 587
180 87 877
97 121 452
157 172 220
59 155 453
163 169 613
175 29 658
89 116 141
71 59 745
62 7 545
70 124 499
77 121 511
102 133 540
180 95 706
82 92 594
39 10 829
143 173 758
25 155 578
63 68 280
177 109 239
146 1 22
65 95 630
112 57 627
126 154 589
60 135 96
79 77 136
47 73 614
99 171 46
10 133 675
31 103 931
175 127 479
54 47 162
41 43 807
13 112 266
130 182 786
49 9 800
181 53 733
81 51 411
151 130 234
71 25 833
53 3 428
9 137 170
50 158 741
37 26 14
49 33 610
125 80 959
163 63 838
148 80 922
175 166 523
40 67 601
16 62 897
55 7 403
167 115 247
113 19 507
67 11 232
91 41 394
16 159 840
163 17 380
37 16 593
94 57 555
90 175 82
118 2 115
21 71 102
14 71 598
33 20 98
6 169 42
161 7 145
168 61 735
137 115 654
66 94 174
73 27 260
21 46 134
165 87 396
115 143 607
77 176 549
19 87 810
55 167 820
184 69 742
129 133 649
4 13 837
111 4 248
145 161 471
46 175 789
113 130 300
26 160 604
78 133 997
6 141 968
88 34 890
105 117 246
51 103 430
63 7 782
51 59 550
29 39 672
133 80 824
63 137 931
165 133 67
82 185 341
106 62 819
161 121 943
83 109 38
119 13 426
79 103 518
151 105 139
83 171 92
114 49 755
140 170 788
7 121 377
73 31 795
77 80 731
51 151 616
49 121 594
138 181 128
41 109 517
92 126 691
159 63 697
10 184 957
149 91 257
125 78 857
71 68 816
23 160 392
22 87 623
124 91 608
81 77 462
15 117 443
175 170 459
184 121 262
159 7 608
79 63 891
77 70 820
127 3 990
79 9 246
47 167 753
71 150 166
161 151 341
145 75 427
37 64 286
165 112 16
115 75 427
85 13 330
85 172 895
149 176 812
83 122 425
146 164 392
6 82 884
145 23 317
71 85 545
31 1 16
58 175 436
99 173 278
168 97 126
131 60 910
15 163 744
97 13 685
110 171 20
85 149 568
63 109 678
95 12 366
9 93 912
118 22 933
114 63 921
133 119 226
61 31 731
25 48 781
155 151 956
58 88 899
69 181 822
101 133 837
63 55 827
72 37 97
70 22 21
181 112 174
44 107 70
163 145 440
91 39 294
141 39 921
79 106 722
147 124 43
53 81 98
112 80 800
86 53 827
38 7 643
7 44 122
141 101 541
78 94 322
82 104 555
59 70 552
86 5 692
32 96 727
113 175 223
125 81 538
59 139 862
171 27 542
31 101 659
125 97 997
163 48 929
1 72 753
133 178 554
143 10 421
31 160 238
66 148 357
1 172 324
91 115 845
137 121 328
156 175 307
31 75 896
78 61 627
183 153 214
125 163 792
179 35 496
17 16 199
29 121 758
19 145 253
134 115 235
82 133 446
103 81 156
181 47 34
24 49 759
1 110 870
94 153 82
59 178 95
149 92 762
116 103 187
138 4 505
155 5 669
56 95 622
164 99 526
163 12 726
19 69 283
53 111 968
107 136 880
1 145 656
77 135 49
151 171 427
100 94 958
133 1 868
28 79 629
167 71 366
183 100 111
111 174 461
157 18 776
60 89 884
63 97 474
39 145 255
13 80 866
104 172 843
76 177 982
69 127 360
172 169 319
179 19 232
52 64 424
83 67 643
29 178 320
37 42 625
127 163 186
49 21 131
4 113 749
106 107 26
25 123 838
69 186 867
3 48 713
109 136 882
91 129 221
125 111 273
119 165 606
25 16 543
136 123 198
142 55 528
185 49 86
167 49 947
39 1 715
32 144 9
172 59 884
51 101 820
125 154 334
88 50 314
81 13 852
55 171 163
78 63 892
131 70 912
16 85 146
103 39 314
5 124 443
94 129 937
2 37 969
88 47 359
3 94 144
97 1 163
181 115 760
20 113 186
49 2 231
131 145 701
19 64 246
68 144 946
111 33 748
148 144 427
141 43 266
32 44 214
121 37 186
183 110 697
56 62 763
58 10 636
167 112 688
5 1 359
119 69 862
30 149 323
89 148 969
171 73 612
65 82 426
121 85 797
57 55 620
62 124 729
64 7 17
42 41 750
158 177 938
76 69 179
85 90 641
77 133 418
97 7 951
115 160 182
93 73 210
139 183 827
61 170 788
165 117 235
37 1 112
7 114 714
7 8 46
143 65 613
101 181 794
37 126 391
7 45 323
58 71 418
179 93 774
94 27 342
17 54 559
79 181 169
131 135 983
142 93 821
13 87 351
113 109 484
130 16 837
12 69 252
133 50 893
106 160 883
91 52 964
95 52 694
147 175 701
96 125 243
97 109 965
115 147 161
4 5 778
146 64 925
79 27 140
21 79 77
169 115 371
34 53 130
37 97 575
52 32 648
29 61 983
38 35 480
19 93 489
68 166 430
181 172 793
161 167 395
121 55 265
56 31 876
171 158 142
155 157 255
15 159 52
79 136 144
35 143 233
81 39 920
181 93 363
135 137 944
71 52 717
99 51 604
38 77 551
147 93 705
24 7 306
26 127 658
41 112 603
69 112 854
73 111 77
141 85 284
102 169 122
43 183 472
3 79 623
157 4 705
10 9 928
47 127 115
35 7 705
148 156 837
59 69 180
155 127 91
109 13 559
183 81 984
175 97 412
140 103 958
103 158 528
31 155 587
75 63 409
52 161 533
171 1 150
47 85 566
57 115 313
43 49 192
76 136 382
34 131 275
139 147 873
43 31 747
88 178 108
43 71 612
142 109 249
22 32 669
57 67 582
167 97 309
7 103 257
122 1 952
131 93 970
184 67 936
67 173 497
85 53 388
125 14 641
160 3 646
101 118 227
13 53 544
59 91 368
2 7 199
137 145 424
13 51 213
3 1 93
119 85 293
167 39 920
183 115 630
55 103 417
96 12 726
49 13 28
87 61 223
169 136 455
175 100 438
5 143 557
114 37 192
41 98 242
178 141 944
157 85 624
63 121 685
61 5 308
123 65 204
169 157 181
108 174 867
111 70 619
131 184 453
43 133 640
109 157 649
125 73 502
79 119 26
5 121 523
39 153 363
157 25 744
157 159 711
181 30 540
57 63 173
100 122 492
85 153 655
29 13 985
157 59 488
43 40 131
67 85 359
148 122 882
179 42 172
107 181 790
131 155 791
51 161 759
39 33 817
76 131 626
64 34 155
3 55 486
27 68 886
83 175 551
148 127 332
85 177 59
140 183 970
82 4 556
119 2 543
106 91 743
80 82 982
125 110 280
21 99 253
124 13 491
1 35 528
70 10 997
145 63 846
113 157 31
25 56 275
83 49 661
3 75 115
117 128 536
27 181 564
111 121 170
77 175 81
75 45 276
101 57 75
87 121 516
73 148 188
94 17 168
133 46 807
38 115 957
127 134 398
58 1 620
13 43 162
159 104 888
7 90 209
95 153 586
135 152 422
181 147 550
97 132 151
12 109 226
25 63 380
22 99 246
89 67 759
118 39 84
55 143 427
158 52 216
11 2 587
144 163 200
117 71 863
34 93 818
151 139 267
111 43 35
123 11 721
15 51 194
2 8 162
9 21 647
43 7 881
25 116 48
2 4 638
117 61 5
112 171 751
109 124 717
148 184 483
77 160 844
38 100 312
135 95 178
184 117 511
149 185 992
124 31 789
3 6 152
59 55 876
178 131 539
132 122 743
53 46 955
6 13 132
43 175 789
92 177 853
129 41 270
164 52 572
75 93 379
31 3 188
127 87 464
31 28 864
67 120 474
141 58 230
23 53 644
156 113 532
95 83 461
163 49 439
91 37 81
4 151 308
175 161 20
63 76 645
107 139 166
107 118 879
169 64 7
101 21 38
78 102 562
93 51 67
149 115 34
134 126 45
69 131 692
92 25 974
68 4 164
119 181 874
165 73 243
39 13 117
19 169 623
25 112 4
133 6 811
37 69 97
122 73 933
109 22 405
154 107 377
126 93 814
35 69 379
159 43 765
152 75 741
55 33 774
139 63 214
115 72 509
83 139 590
172 25 521
1 121 496
11 85 893
63 83 346
5 111 709
113 25 988
176 117 950
36 17 459
162 89 865
52 121 3
133 31 568
126 35 284
185 98 357
76 29 614
115 3 485
58 93 225
27 175 614
51 32 133
157 143 488
27 56 273
19 119 114
171 163 257
19 29 579
77 103 621
127 92 182
103 11 806
29 81 409
31 82 489
151 79 129
159 93 435
13 121 754
144 81 831
46 91 754
163 172 247
94 43 303
186 140 81
16 125 751
59 142 700
107 145 565
27 1 572
11 184 46
161 115 721
134 85 144
66 79 821
172 135 595
173 4 434
181 164 194
34 4 299
105 155 680
184 2 398
20 112 316
5 139 869
113 73 229
145 157 779
109 71 677
73 67 538
37 45 188
128 163 341
77 123 652
178 49 671
139 168 493
24 135 684
49 179 745
73 127 345
24 88 643
176 9 618
121 145 90
56 183 975
57 153 443
127 109 84
1 65 303
94 19 886
73 106 911
145 91 541
115 139 964
135 100 978
167 46 912
89 1 198
27 109 524
135 133 144
73 88 528
109 137 30
8 4 905
87 21 595
87 7 706
167 181 957
139 55 575
41 170 752
76 109 212
144 11 103
13 73 387
19 35 854
79 109 420
129 151 552
106 13 959
67 186 950
97 178 980
185 157 484
133 4 876
177 63 414
55 54 875
99 151 115
159 165 494
71 125 665
113 61 913
73 120 346
100 53 626
10 3 211
57 108 189
171 186 514
106 53 906
139 89 721
66 101 528
29 43 171
1 13 82
28 124 228
31 161 467
10 25 280
63 43 54
25 85 169
75 155 784
145 16 742
161 20 915
21 31 385
123 13 119
20 95 662
97 127 779
79 159 746
151 19 712
181 149 254
13 46 688
136 67 566
89 120 796
115 69 798
99 123 371
9 186 454
88 99 666
51 39 551
149 153 135
105 154 759
5 120 963
107 51 18
161 179 674
17 79 270
95 26 205
178 183 493
157 69 75
87 167 324
141 79 87
28 70 269
90 146 803
53 54 976
61 82 596
106 130 439
63 31 945
55 52 391
25 19 454
90 151 667
163 97 494
168 111 117
136 63 942
175 31 866
147 150 960
125 23 380
65 54 610
43 14 169
27 153 77
132 163 82
103 23 936
11 93 104
77 65 901
92 23 639
171 64 428
89 51 381
113 59 72
5 67 315
6 38 241
99 97 200
166 91 523
73 55 224
49 106 799
155 94 477
135 30 415
148 181 640
160 175 493
118 136 905
175 63 589
49 79 783
35 86 949
112 97 251
169 145 300
151 121 725
85 129 930
175 23 790
111 103 532
153 7 584
42 102 380
69 25 296
6 64 658
91 68 658
23 143 648
60 109 482
5 175 741
161 91 652
148 7 435
156 154 303
115 116 249
75 112 660
56 147 474
11 59 29
52 19 468
26 159 47
76 57 492
97 174 486
112 67 390
165 27 912
112 124 477
133 28 385
108 31 367
184 160 251
99 80 781
84 137 131
58 135 299
114 184 514
79 14 94
166 96 28
155 154 650
91 21 689
152 169 820
55 119 278
151 46 67
94 137 570
103 115 882
45 67 695
183 61 877
28 148 380
2 129 488
19 125 516
133 116 259
131 49 389
94 127 899
63 118 246
175 105 360
78 75 696
139 181 712
34 57 910
169 28 136
85 181 820
186 99 708
85 96 652
21 107 205
94 75 266
9 163 784
1 2 54
124 29 498
52 145 712
145 17 5
136 139 111
112 61 968
50 139 989
139 123 306
43 169 245
122 157 164
149 109 491
94 4 874
7 57 281
36 79 938
179 25 184
123 81 751
43 76 782
83 68 64
59 179 869
169 123 666
100 157 649
96 94 55
169 113 853
186 137 658
22 75 397
95 152 964
169 33 678
45 173 498
37 55 13
1 174 436
96 132 82
115 95 449
121 175 799
19 47 812
169 175 825
137 99 392
37 96 104
105 125 543
50 177 557
167 31 865
79 58 358
124 73 715
108 129 372
136 122 19
21 37 314
20 172 961
37 89 208
67 118 41
19 165 896
184 19 530
7 151 748
107 186 82
29 141 567
34 67 814
85 3 982
49 63 190
1 67 622
98 94 93
99 1 79
118 55 321
146 175 306
186 168 798
120 145 734
41 65 922
1 87 176
160 122 62
119 59 640
139 135 140
22 67 601
181 42 841
159 31 246
113 167 185
52 34 809
52 9 392
31 50 447
21 157 863
73 42 395
116 74 386
157 150 378
121 43 835
28 93 683
11 136 433
56 175 956
109 40 610
23 111 862
41 169 306
178 78 329
133 40 821
85 136 294
19 7 650
43 163 895
30 169 802
143 107 897
156 169 436
155 83 36
79 115 6
164 183 25
53 121 974
16 131 229
31 112 291
98 105 729
145 100 733
125 33 694
172 139 607
129 37 824
145 126 774
98 25 232
115 19 114
157 73 659
49 104 62
11 70 400
34 46 262
163 46 1000
175 57 450
167 119 701
186 155 870
174 47 925
103 17 606
39 131 920
94 91 721
179 55 152
143 50 665
179 67 284
161 106 725
121 176 688
59 167 901
85 131 587
184 22 161
39 121 219
94 60 182
82 29 941
65 98 42
73 117 145
14 183 497
118 23 318
19 26 130
168 151 656
115 117 344
163 16 522
65 69 632
126 5 771
28 19 242
113 108 761
18 139 111
111 79 734
29 75 170
71 156 475
175 10 637
19 81 679
103 183 193
29 132 563
84 21 717
1 149 967
49 155 76
139 27 682
151 107 30
25 35 108
57 35 150
179 101 763
79 80 502
150 47 662
133 98 224
35 79 409
1 84 746
87 43 38
125 121 817
43 144 315
113 144 407
67 4 593
112 175 494
113 141 394
140 25 435
82 71 928
45 78 588
6 16 731
109 145 825
100 24 806
19 149 84
55 157 52
7 129 843
1 179 578
161 108 955
130 123 847
97 114 291
149 7 542
169 55 727
167 163 806
55 91 813
37 79 120
25 114 546
179 116 725
46 174 800
103 159 287
57 144 546
173 146 545
104 70 914
55 172 128
82 149 783
83 82 667
91 119 750
123 71 951
157 147 522
109 121 208
133 27 698
37 67 857
93 113 165
184 17 358
49 159 503
47 131 165
157 61 590
45 127 485
80 44 577
108 4 609
1 167 186
112 7 143
1 59 582
55 90 709
8 20 369
134 155 656
15 29 325
13 177 218
89 55 860
107 41 414
28 123 485
40 149 62
137 132 501
107 1 546
125 13 212
181 25 666
121 127 890
36 41 133
143 49 126
137 168 80
153 100 629
161 111 603
112 101 750
113 55 817
157 141 447
85 91 476
25 151 902
68 98 793
5 105 995
73 97 109
175 73 82
47 165 287
169 39 584
107 138 602
67 69 386
102 126 333
85 109 658
75 51 514
127 171 976
24 89 426
19 61 268
130 141 550
13 9 639
7 85 984
182 156 346
87 9 886
160 103 462
70 121 434
71 27 43
66 145 256
43 158 158
64 97 360
93 125 927
131 89 500
154 13 79
120 148 600
64 127 313
168 13 695
56 102 435
127 179 703
66 107 508
92 1 541
62 115 760
67 126 662
164 35 255
141 106 157
53 97 154
169 126 309
101 155 156
39 163 939
106 151 331
27 85 300
119 1 351
29 46 638
77 98 4
6 58 81
87 178 245
97 67 322
139 119 643
42 139 747
142 153 549
27 52 359
97 61 126
133 51 202
63 12 431
161 5 102
38 127 327
160 97 525
98 169 48
37 75 410
46 125 169
13 35 939
23 18 248
39 106 679
99 93 166
90 147 312
33 145 712
27 115 523
64 1 993
94 99 565
169 176 333
181 24 776
64 79 109
75 149 928
1 165 98
115 33 962
55 133 977
75 53 413
184 129 269
58 149 893
15 175 891
99 121 449
31 117 123
23 65 547
121 107 965
5 184 50
85 86 62
137 179 892
173 101 292
67 7 446
58 91 344
34 121 796
97 31 830
115 101 577
155 123 238
48 175 701
151 115 15
161 184 347
39 162 872
158 127 193
132 33 667
151 33 59
185 32 563
16 67 148
67 65 189
47 27 926
183 93 905
178 109 587
151 163 609
23 165 71
109 185 394
103 100 918
1 115 496
79 22 916
157 67 887
15 41 707
16 43 267
3 29 375
113 135 650
121 185 635
6 45 932
131 143 747
63 15 299
172 175 809
139 49 798
109 95 723
180 179 408
112 1 67
166 115 176
107 127 411
19 74 60
23 151 446
139 29 597
151 53 781
115 73 129
111 183 462
50 60 603
99 103 446
29 147 571
91 57 361
163 79 611
163 175 178
178 7 505
79 127 999
11 73 906
133 145 57
93 101 369
85 137 505
171 94 281
88 23 685
51 61 929
11 90 378
61 121 356
1 41 344
127 168 416
90 168 187
28 181 112
66 1 516
139 166 594
13 52 520
47 89 674
3 117 675
59 134 7
13 151 339
156 87 859
34 28 750
25 3 219
137 154 403
82 97 541
9 31 169
163 157 305
19 146 911
146 122 347
27 33 886
125 69 390
55 117 17
153 117 725
21 109 309
22 37 503
85 123 390
61 64 912
142 121 515
169 150 539
71 99 448
109 43 833
183 80 682
37 169 607
139 40 449
121 91 465
22 139 124
41 55 539
163 93 82
109 19 691
153 1 845
94 49 849
74 8 711
127 129 186
31 12 20
5 103 925
17 183 941
55 75 351
155 104 305
51 19 720
18 137 646
89 7 841
169 137 381
181 21 744
32 125 136
101 148 713
133 13 642
75 129 628
33 113 592
70 109 720
68 67 433
55 32 29
106 138 453
186 27 787
40 47 741
115 85 188
172 61 894
86 6 206
115 106 748
85 185 891
181 77 56
73 155 566
185 61 155
56 67 131
118 175 183
133 111 966
93 68 673
173 59 249
25 55 323
11 41 532
66 36 600
41 88 835
129 115 759
151 101 769
184 32 879
179 61 170
43 161 800
91 84 786
55 156 559
76 67 490
126 109 121
82 99 921
49 177 38
135 121 851
26 129 283
54 89 798
157 19 27
93 174 882
150 27 605
15 145 342
35 127 620
70 69 206
117 38 29
125 118 792
169 78 373
145 86 800
50 129 155
133 169 245
125 29 824
139 35 96
109 59 82
61 148 745
169 4 326
31 163 77
153 19 220
91 93 465
19 83 628
75 121 176
121 58 735
34 55 16
153 35 90
11 55 243
1 151 770
7 105 391
25 45 959
106 86 365
170 83 110
19 92 603
1 138 583
30 17 818
141 70 442
25 133 534
149 28 2
172 91 943
109 64 866
73 61 21
31 91 797
138 28 214
140 11 812
46 61 725
13 113 619
55 176 280
19 136 28
57 2 803
103 25 291
151 165 278
153 67 783
127 123 921
33 133 905
109 148 176
131 43 948
91 95 632
61 13 801
87 151 446
31 59 112
131 22 657
139 133 859
143 96 836
37 139 386
157 166 95
91 47 979
135 150 531
151 15 51
184 80 103
47 38 189
43 127 472
1 23 715
39 102 59
49 10 256
4 1 134
43 174 116
84 118 762
21 28 234
104 99 520
121 10 254
115 171 678
163 148 832
185 113 676
103 33 982
103 40 783
167 22 20
79 61 489
71 127 728
58 165 20
169 35 786
143 123 62
121 46 503
5 6 906
1 74 429
125 140 438
22 127 844
170 133 323
123 157 318
184 175 963
63 81 857
96 1 22
49 28 506
180 15 65
133 94 5
105 25 869
151 55 111
181 157 727
65 31 814
137 21 371
156 77 879
133 69 440
185 107 135
131 56 497
162 59 816
139 110 917
27 49 133
97 89 354
137 53 315
96 103 345
73 63 643
183 104 721
75 157 671
80 81 464
109 57 77
91 133 979
26 17 395
159 139 247
103 15 500
79 183 491
121 177 235
46 123 462
105 173 65
52 43 922
154 97 310
4 55 903
59 127 446
163 84 572
101 30 253
179 139 570
125 52 432
124 7 221
185 67 792
18 101 573
3 125 327
49 125 543
29 1 644
34 183 50
56 168 332
129 139 594
145 61 163
64 89 874
73 79 546
17 41 431
40 44 614
44 157 430
151 159 753
32 34 376
32 95 510
147 96 250
143 149 649
137 181 962
125 57 894
38 12 782
175 115 663
21 19 92
169 154 988
94 117 72
151 117 30
140 1 441
1 45 106
167 19 642
107 148 278
166 67 640
41 35 243
145 159 356
159 81 766
175 13 256
124 54 246
178 85 535
109 7 458
88 115 117
25 175 965
181 72 117
185 66 567
181 39 5
100 77 303
160 151 142
148 177 229
31 113 251
84 47 562
165 154 337
178 9 869
173 97 254
159 182 993
155 61 84
58 37 420
66 76 474
121 89 961
79 157 563
83 132 30
11 1 910
127 136 624
55 104 330
75 91 440
143 133 610
181 123 537
149 55 133
51 79 669
102 31 232
14 25 85
6 31 233
118 51 171
76 31 195
75 108 158
48 70 19
45 66 121
9 25 453
145 115 959
41 71 192
82 101 984
49 52 413
37 5 367
17 169 304
16 83 19
111 44 40
131 91 758
139 10 934
75 175 886
135 145 668
90 157 678
31 99 276
61 108 999
94 121 566
28 15 292
105 13 428
103 67 791
87 111 770
115 53 4
111 1 154
39 7 537
100 31 223
25 24 154
101 77 415
168 174 911
113 127 757
70 177 207
82 126 432
67 123 902
136 142 941
39 133 332
55 177 575
28 81 279
145 172 332
106 85 775
123 94 856
113 115 238
44 87 150
82 98 949
75 82 305
32 36 392
115 22 931
186 103 621
89 5 16
113 7 773
106 7 155
97 71 128
34 1 135
121 25 980
29 94 415
13 161 11
172 115 576
67 180 150
17 21 138
54 43 978
10 125 758
147 111 900
148 129 387
67 49 610
61 91 115
141 163 885
19 117 792
27 61 705
160 178 695
13 165 158
151 100 129
99 153 666
29 34 601
166 101 947
115 15 573
113 53 857
167 109 577
7 65 51
172 127 175
136 61 304
82 93 494
181 50 468
21 159 575
93 106 680
57 169 56
154 148 441
162 166 497
67 128 952
141 134 462
145 49 570
55 100 41
57 111 612
120 53 342
97 39 140
113 45 324
16 169 895
53 130 730
75 46 328
69 1 484
45 17 892
27 147 359
14 92 442
133 181 584
67 171 952
45 40 57
148 133 850
81 186 449
77 57 302
118 1 533
33 68 757
61 181 968
38 93 269
153 68 328
157 178 481
149 167 885
94 69 26
93 87 204
123 1 387
121 163 622
127 41 254
124 85 780
84 115 139
109 119 153
175 96 643
101 9 657
29 79 418
122 175 467
61 109 623
148 135 849
111 166 770
149 41 653
51 181 238
94 120 783
159 181 738
137 68 134
83 154 574
115 97 644
84 117 929
73 77 79
157 5 637
85 120 368
181 32 185
88 43 535
111 49 93
57 166 40
127 37 493
113 173 298
125 21 778
27 127 997
29 73 815
48 57 56
7 61 377
114 61 406
59 58 482
184 118 852
89 113 191
71 26 597
77 109 297
85 57 367
175 88 383
113 1 950
8 180 29
161 169 89
97 55 619
55 165 589
91 179 430
9 39 869
39 43 507
1 8 691
87 169 450
123 151 917
111 58 747
19 154 677
76 37 791
39 49 758
11 163 383
178 94 61
21 56 462
73 163 182
40 13 77
121 112 260
32 121 502
56 13 718
133 61 809
175 7 121
169 99 505
43 78 670
47 55 905
76 161 464
19 40 126
61 25 234
79 75 799
83 141 413
31 131 206
21 139 740
177 21 442
127 34 803
1 6 687
117 100 539
32 17 756
171 37 434
1 185 959
87 95 576
85 161 47
143 79 466
31 145 812
121 130 174
85 113 776
109 29 727
154 157 630
48 164 64
79 10 597
89 112 223
119 127 3
74 88 185
133 73 72
115 118 613
35 50 394
106 61 298
7 77 966
95 47 964
145 81 32
69 61 934
25 165 524
137 110 530
175 94 684
37 60 711
5 93 646
121 47 860
147 7 456
102 58 548
65 45 357
129 84 12
165 108 283
43 36 822
103 119 484
34 112 144
179 154 267
103 4 976
71 114 942
1 85 281
69 155 521
1 7 625
126 163 541
29 62 522
25 173 660
46 159 688
31 35 716
1 73 476
169 125 617
25 166 582
121 113 85
13 25 212
123 131 924
131 158 989
145 25 243
148 121 496
49 172 126
106 175 260
74 78 702
49 53 601
87 80 468
55 70 957
43 19 378
94 124 473
180 121 530
1 57 581
95 61 534
99 115 529
121 67 957
91 6 15
175 137 580
166 146 871
173 68 938
1 18 703
157 52 646
148 155 202
15 110 592
23 102 119
25 7 326
97 181 211
49 103 923
106 36 523
141 121 506
110 149 727
7 165 494
94 67 575
169 20 671
129 25 412
60 161 477
121 119 804
11 61 610
164 172 270
97 161 233
5 129 482
64 125 918
1 102 770
88 61 91
42 160 932
180 4 208
161 32 843
21 1 463
175 55 795
3 67 423
73 43 553
119 135 966
91 53 294
31 148 177
65 108 712
13 118 701
25 79 20
185 45 516
131 114 223
34 95 344
137 97 280
144 1 5
124 12 435
21 155 214
37 141 528
66 31 557
106 156 286
169 21 961
162 157 916
43 135 903
77 179 521
37 131 43
64 153 498
112 64 107
183 4 763
46 93 636
137 8 112
118 74 45
21 26 715
57 43 147
8 121 481
93 166 234
156 72 286
143 178 972
94 106 547
68 25 935
128 152 907
70 25 669
61 163 595
181 131 932
132 63 826
3 37 190
7 184 169
6 167 886
87 143 668
119 49 336
130 13 338
51 25 678
73 121 33
69 93 88
67 125 324
103 19 644
59 33 413
25 20 973
14 52 33
108 70 106
76 113 217
59 49 119
156 159 514
130 64 117
127 133 181
106 27 153
115 186 889
129 9 806
39 37 940
183 76 603
180 136 769
185 31 246
121 81 49
43 93 961
32 10 699
95 43 250
83 46 238
139 145 55
40 78 659
43 77 987
133 125 165
62 37 895
35 49 152
171 61 846
100 113 474
25 67 644
37 107 914
97 151 429
177 19 411
25 143 877
175 124 773
55 15 109
36 25 806
154 143 773
181 71 687
49 4 27
74 37 683
127 105 406
151 27 496
165 32 966
14 158 287
109 175 789
105 27 425
39 21 973
142 6 807
29 168 823
17 104 849
89 49 179
1 43 585
178 47 813
181 127 378
43 105 677
91 105 71
136 77 706
1 103 772
37 164 899
103 63 335
21 186 699
43 12 727
10 67 383
57 121 385
22 43 390
130 32 61
4 185 337
2 3 107
25 131 112
69 109 335
63 146 909
54 165 68
119 145 612
97 146 432
121 103 569
31 19 7
177 61 739
81 7 131
151 94 508
178 23 255
151 108 280
103 184 212
185 172 459
65 93 898
97 15 620
88 148 109
37 175 855
7 11 937
153 45 367
83 21 658
19 175 712
168 43 248
47 149 605
153 37 959
183 19 165
151 153 615
64 55 931
1 124 895
157 57 48
143 127 604
67 183 933
142 18 322
88 85 428
62 103 591
53 2 260
181 169 485
131 87 504
17 141 687
156 127 945
149 129 666
24 121 772
127 55 874
86 151 141
135 91 617
61 86 860
153 129 115
173 80 912
142 2 793
123 55 952
127 95 719
43 181 256
186 139 926
21 116 187
105 9 755
119 151 992
3 149 966
85 158 963
160 123 782
101 1 697
133 183 929
19 97 527
7 155 689
79 55 313
92 10 664
23 121 781
90 132 911
22 155 617
118 68 98
41 27 691
122 186 818
66 110 180
69 124 960
95 79 221
97 5 551
9 70 995
119 142 546
97 49 184
23 186 80
163 82 408
157 151 525
103 37 929
5 127 782
46 69 531
145 185 346
181 63 260
145 149 299
71 37 776
174 161 257
175 103 497
97 45 979
154 61 668
160 12 474
139 155 92
123 23 659
131 83 611
37 33 536
109 103 695
1 117 96
94 97 734
161 105 371
119 175 79
11 26 801
88 39 498
134 93 102
116 150 840
115 96 579
50 43 212
29 67 137
60 48 265
93 79 543
73 22 106
105 44 557
85 167 282
150 69 895
157 129 135
175 87 348
17 130 896
85 103 234
83 181 149
64 54 498
112 149 18
121 66 700
37 65 606
46 101 497
59 86 92
10 61 718
63 115 467
163 3 268
49 55 429
132 73 619
151 31 442
99 65 60
37 161 650
1 139 939
116 67 234
31 149 335
100 181 146
92 9 657
71 3 943
81 9 185
151 118 966
57 146 161
7 166 287
179 167 298
121 41 33
79 82 234
80 22 788
139 97 15
137 176 92
142 11 816
138 163 589
6 183 512
93 6 308
73 178 849
35 124 52
46 109 622
17 95 907
25 49 974
89 83 802
73 129 346
51 88 774
38 70 358
148 175 354
37 27 577
74 86 417
99 101 444
45 3 4
139 165 61
5 151 187
6 12 891
165 129 123
93 59 143
79 133 184
94 63 497
138 10 514
79 88 312
164 115 740
52 143 382
71 13 994
63 6 88
139 77 878
53 17 210
123 91 851
154 178 277
62 127 682
100 76 734
107 125 330
156 67 127
1 42 948
4 22 443
23 9 818
121 51 414
33 94 52
37 19 599
139 19 863
6 157 992
5 106 424
7 41 433
77 154 706
30 1 837
51 122 542
63 151 793
148 131 463
49 109 118
31 93 846
19 38 19
61 131 628
13 96 320
106 21 489
163 22 327
110 145 38
6 32 963
57 59 313
55 45 488
143 182 975
81 93 929
175 1 984
131 172 70
97 165 545
77 25 950
40 49 658
63 148 49
9 171 999
183 95 270
121 19 114
71 84 34
150 77 145
160 133 29
63 111 747
31 147 930
75 15 519
118 4 375
105 138 322
183 33 282
6 140 461
109 72 873
19 18 910
40 173 102
159 173 754
67 163 201
151 89 898
1 143 464
178 123 984
171 135 694
37 7 489
37 181 624
163 105 280
120 142 759
51 73 591
53 7 980
110 19 583
109 163 681
183 154 510
175 34 618
127 145 110
149 127 870
89 91 346
20 149 761
63 20 155
61 6 68
147 28 492
88 65 865
177 181 903
31 41 546
3 8 170
94 25 681
91 154 393
168 173 829
183 1 366
108 145 29
157 13 298
101 76 986
11 31 118
133 52 594
125 115 680
50 13 989
46 98 526
10 126 504
117 67 366
163 8 213
55 74 409
100 133 989
105 169 111
139 184 569
68 185 11
29 23 887
164 71 196
94 139 326
98 33 662
65 15 283
109 130 632
150 1 149
29 133 798
91 171 74
28 85 600
127 101 374
85 145 257
129 79 722
49 86 316
129 18 63
161 55 233
185 7 987
73 95 947
70 155 866
169 79 829
169 93 923
151 136 755
43 103 215
10 99 580
158 146 915
165 94 117
40 82 897
174 100 879
51 153 33
176 85 577
121 178 518
47 98 696
55 48 495
61 43 586
133 107 904
170 137 508
19 181 511
26 27 94
177 23 963
91 78 834
34 134 299
1 142 633
85 37 41
166 31 288
37 137 541
65 135 70
145 179 307
100 93 565
75 1 69
19 142 668
7 26 186
8 88 244
57 80 67
130 69 617
59 32 393
176 15 835
4 110 554
90 61 695
167 121 570
72 63 969
125 25 451
31 57 211
69 5 91
97 107 133
29 32 989
129 121 888
70 93 30
45 91 864
25 43 762
171 87 841
97 26 861
19 135 799
83 70 190
109 118 305
181 38 886
9 121 500
109 147 682
15 171 275
57 145 949
157 184 445
137 34 277
173 5 711
61 173 450
133 81 105
7 128 44
75 27 457
69 71 200
115 127 506
96 88 23
78 170 544
1 19 149
19 116 181
19 59 990
157 22 25
145 153 502
69 73 921
129 177 824
19 45 992
17 24 283
25 57 237
136 84 759
92 176 955
141 175 849
100 152 926
175 157 301
158 47 201
115 31 403
111 151 658
46 8 94
79 145 333
136 153 36
109 179 986
121 40 516
121 133 606
13 101 315
79 131 688
25 22 280
183 175 247
139 105 972
31 37 842
166 33 828
49 1 392
30 115 705
124 101 547
34 178 802
128 115 809
163 75 626
91 178 690
183 7 359
91 109 69
110 13 401
173 47 668
22 81 631
39 135 297
60 103 589
56 66 478
105 12 93
153 103 188
181 56 243
151 184 61
3 88 133
100 163 426
150 19 268
168 130 335
149 59 600
57 128 166
81 175 595
15 34 798
95 67 608
52 25 741
173 127 699
143 147 121
112 29 386
91 65 243
157 135 468
45 64 631
148 34 446
79 32 139
119 35 993
148 95 101
63 19 859
5 11 572
29 18 275
145 43 729
53 153 912
99 59 513
165 31 401
95 39 748
181 34 933
67 130 414
155 55 213
86 80 538
37 43 561
11 34 518
112 159 3
49 169 669
161 183 247
123 100 482
91 97 263
7 91 772
77 88 267
67 151 472
183 157 26
25 109 652
4 148 15
60 147 388
61 3 822
19 55 529
135 29 887
129 35 368
46 169 788
43 137 847
91 156 497
125 43 233
163 55 955
98 107 522
178 148 546
2 66 26
141 127 258
103 91 63
109 73 96
2 90 308
39 154 275
2 178 450
135 173 546
79 108 356
169 132 255
51 5 195
29 171 83
172 117 930
40 167 445
106 121 480
129 140 900
169 27 757
85 5 258
53 174 777
40 51 944
181 64 396
53 33 310
128 157 866
81 52 497
141 84 633
133 68 852
65 71 651
20 58 351
13 19 68
69 121 647
79 142 681
25 142 879
43 82 44
15 130 792
43 97 778
73 172 761
157 91 580
101 169 549
25 139 688
176 58 662
46 20 465
145 7 694
22 154 154
177 149 639
103 75 164
169 103 424
70 167 320
65 5 560
14 101 691
8 55 354
31 135 867
153 97 305
140 121 117
6 178 627
130 85 799
37 20 52
91 120 851
35 67 685
119 39 270
75 139 406
79 94 374
151 29 712
125 68 373
76 112 667
99 127 553
34 7 290
112 130 283
160 35 15
101 7 220
157 42 311
81 79 676
129 27 890
37 133 154
2 163 647
7 79 817
137 157 353
180 97 122
61 175 641
54 80 224
95 160 703
145 125 155
173 12 928
51 63 328
143 37 137
41 72 683
77 107 629
60 139 18
143 13 738
13 95 720
121 157 442
85 101 489
155 121 552
101 121 727
