204 7761 117
154 139 94
21 168 192
28 56 70
36 56 975
90 65 991
147 1 202
43 189 938
188 121 696
133 121 799
23 69 24
121 57 255
161 154 814
178 76 967
166 73 770
36 193 825
139 189 17
85 57 628
102 127 943
182 13 929
5 41 568
166 52 175
164 171 330
23 49 798
137 185 519
56 65 725
174 88 252
109 154 965
114 166 264
89 141 602
197 85 723
10 124 931
57 105 185
82 133 519
151 38 534
185 131 25
29 37 682
10 175 604
142 138 804
57 179 881
57 167 377
183 62 925
64 59 27
67 204 429
91 81 759
17 51 678
26 22 135
5 160 813
11 2 59
93 108 682
125 52 632
169 63 138
157 71 634
199 100 354
18 82 299
200 54 450
45 65 645
103 166 805
27 45 537
125 187 867
10 193 301
196 5 218
117 77 842
142 36 249
17 81 466
99 107 171
40 103 476
136 88 329
13 127 894
107 120 52
63 39 841
132 37 703
55 72 878
155 21 225
6 14 605
121 3 591
130 34 604
3 25 108
38 198 94
45 64 766
6 15 975
202 162 811
175 85 4
175 13 569
90 45 205
133 130 498
1 116 937
101 94 405
202 79 942
13 145 128
199 172 812
140 176 636
77 150 222
69 59 719
1 157 683
117 51 272
193 197 25
89 171 816
39 37 975
124 139 363
103 65 711
151 163 292
180 181 694
129 153 510
72 85 130
171 16 159
140 94 627
146 177 382
166 130 672
192 83 534
124 187 67
164 106 674
154 122 47
189 173 420
195 113 95
70 10 374
158 34 82
157 176 455
181 45 951
153 122 785
118 83 295
13 57 295
73 190 526
181 121 180
148 37 557
115 155 772
181 112 494
63 202 506
115 74 594
27 1 499
21 169 142
1 143 45
4 187 636
22 49 60
9 18 400
94 193 439
121 118 969
126 139 468
1 29 120
137 64 976
51 130 694
163 179 14
127 123 129
185 199 555
153 35 462
177 46 196
67 137 92
169 124 232
148 109 470
112 37 852
53 78 709
46 193 743
138 193 492
103 57 189
13 196 280
18 130 937
19 127 238
7 3 827
177 162 178
21 15 486
54 36 816
103 193 547
123 67 244
44 75 820
23 101 580
119 112 876
175 44 652
97 172 660
57 151 136
159 82 174
87 133 264
190 112 76
99 103 806
1 77 388
145 117 14
177 7 464
175 25 315
103 97 107
19 117 343
109 203 356
25 110 985
11 163 99
64 73 231
95 189 465
43 69 229
18 171 972
177 72 837
85 141 877
160 19 605
137 41 112
49 182 298
5 113 781
97 175 237
46 9 570
98 86 706
73 33 666
50 46 859
122 201 39
120 79 801
85 176 374
50 53 281
124 122 583
82 22 399
15 115 919
83 61 553
133 63 275
120 157 110
178 30 482
25 85 605
40 107 402
45 52 349
113 53 489
45 17 646
117 75 387
40 159 195
135 163 167
48 89 108
69 93 90
65 155 111
125 57 502
5 138 406
151 119 639
57 31 69
87 58 989
35 126 311
134 181 458
17 188 109
197 166 93
161 153 196
55 82 632
15 97 852
188 31 812
187 157 958
19 110 279
61 75 18
103 141 271
97 112 884
121 12 77
103 133 462
120 117 725
97 121 240
20 175 612
137 153 769
137 46 906
31 1 879
59 75 688
181 146 936
181 108 95
84 141 637
35 2 267
103 71 175
4 88 843
203 91 793
124 115 200
129 100 366
133 101 741
2 79 397
49 64 381
55 106 187
68 82 140
163 122 720
137 5 516
34 159 468
67 82 237
136 181 630
46 69 128
17 40 773
150 22 430
84 101 154
31 158 977
43 124 773
45 165 338
188 26 31
11 100 549
121 126 418
127 32 413
112 121 517
121 115 754
73 130 444
140 79 528
53 197 230
35 196 512
35 197 259
135 190 465
189 47 324
183 124 368
121 170 717
149 64 697
173 70 761
169 143 792
89 1 836
120 142 379
139 195 967
53 181 336
88 45 967
77 19 944
119 85 662
86 81 278
11 128 469
109 185 226
143 33 125
61 131 940
73 81 399
201 27 499
130 141 698
185 89 305
159 86 266
41 97 347
149 105 797
103 26 120
168 41 366
160 122 776
37 7 208
69 133 113
163 203 747
79 135 463
93 77 965
172 153 498
136 185 309
189 46 551
181 105 575
93 27 425
198 31 103
88 143 912
181 1 879
188 93 516
27 108 325
103 90 257
187 171 329
185 28 159
7 56 71
163 199 19
97 46 966
189 3 709
153 27 355
159 163 415
103 55 867
155 67 255
143 82 440
45 200 577
31 197 364
79 184 103
113 189 5
197 37 181
55 31 797
35 133 638
100 137 180
19 137 462
161 4 87
148 151 726
147 79 984
156 101 26
97 133 918
89 19 294
54 85 193
204 53 375
138 152 803
107 19 262
37 2 172
108 115 534
33 69 812
189 133 479
41 4 697
169 46 702
175 165 250
175 78 813
123 19 310
9 37 325
129 163 68
41 201 55
171 33 225
59 197 501
94 199 270
81 196 798
117 105 320
25 177 114
15 181 131
175 201 940
33 159 256
69 89 621
187 50 467
83 181 970
160 157 239
124 77 878
67 107 774
16 77 696
71 105 469
39 94 932
3 129 493
73 28 563
74 38 796
49 193 162
145 165 195
25 93 232
138 109 624
112 149 696
171 61 960
147 13 559
93 190 592
188 41 502
107 79 739
34 187 641
141 187 59
171 106 52
9 181 972
4 81 84
43 164 926
157 107 979
108 92 249
193 28 149
182 38 828
52 138 627
163 73 290
66 1 928
82 137 230
51 79 892
55 73 34
1 47 207
107 121 449
62 53 279
97 33 110
76 121 187
39 166 140
189 105 560
115 128 471
131 88 689
199 64 282
5 173 957
32 73 481
82 33 36
202 71 182
47 52 246
29 127 225
69 170 230
154 187 539
7 195 691
204 136 334
142 197 620
190 178 96
148 41 211
25 88 96
69 94 680
40 31 908
67 109 702
69 109 145
51 141 79
135 148 768
136 184 887
197 51 495
61 82 687
145 111 805
75 176 645
77 103 221
151 26 684
75 53 804
185 181 180
29 132 540
10 31 405
77 13 261
40 76 971
166 13 607
1 137 114
45 21 721
37 117 892
22 16 775
153 16 324
22 131 418
99 142 411
179 1 624
154 117 848
109 37 756
151 105 276
1 76 525
54 186 227
27 188 660
163 193 595
175 105 29
74 151 684
60 125 318
35 63 712
67 49 861
6 161 276
88 141 370
76 141 789
121 190 797
92 101 385
143 172 45
13 124 502
58 30 205
188 43 215
52 147 305
91 127 753
26 109 537
1 96 445
70 147 502
94 50 802
91 178 547
61 41 701
153 46 602
161 117 737
177 13 520
131 111 989
8 198 493
90 175 672
127 46 293
70 183 766
178 184 407
98 169 591
157 143 344
110 104 787
139 31 5
154 123 245
87 40 742
144 157 395
37 24 128
127 37 1000
53 154 220
8 181 403
67 115 774
4 38 40
29 90 179
49 21 234
152 35 313
53 147 852
184 73 877
34 11 462
197 163 477
128 199 374
61 162 602
65 76 424
61 144 158
153 98 726
189 172 103
184 97 45
103 167 545
55 189 926
149 136 64
143 144 553
204 152 629
139 25 501
188 88 900
193 132 210
65 189 608
39 91 400
107 100 652
58 163 745
95 123 224
191 181 100
165 1 273
107 106 632
142 19 561
124 113 337
6 116 79
2 77 861
49 168 344
18 69 348
37 31 639
181 127 379
67 7 254
75 37 35
118 70 910
157 5 835
186 172 305
86 172 964
40 175 862
11 124 803
68 100 810
200 121 598
189 165 410
102 35 128
171 9 960
190 95 672
7 94 911
138 169 557
183 184 563
119 187 118
181 117 14
175 103 311
39 71 955
63 123 443
115 1 149
139 57 747
73 68 630
160 85 970
105 197 427
66 151 776
7 85 611
35 109 851
118 159 242
173 101 192
177 68 98
10 30 242
194 202 346
61 166 560
108 97 422
145 53 570
4 155 692
188 30 826
17 112 840
148 189 281
43 91 807
53 70 309
176 121 191
191 113 980
27 102 999
136 188 216
118 149 962
103 35 374
46 76 157
9 88 358
103 45 778
92 112 911
192 93 446
183 149 203
25 193 862
190 157 545
204 193 655
45 148 937
92 55 482
137 33 503
69 5 509
129 103 676
92 57 927
73 138 484
33 123 692
84 97 503
176 52 42
75 90 193
108 37 893
30 155 463
190 43 846
53 119 595
43 3 638
85 81 198
144 131 271
97 91 832
109 104 190
28 67 353
97 180 553
55 144 171
136 59 315
197 112 432
112 130 304
85 198 921
57 56 167
94 127 240
25 117 795
55 105 700
31 130 99
187 113 587
9 168 483
49 39 976
55 45 672
160 189 390
47 13 318
82 3 284
65 23 635
25 130 851
142 38 854
121 105 14
23 102 174
172 103 841
203 137 691
36 50 195
130 125 192
132 73 177
152 168 302
49 69 166
115 181 920
189 199 917
126 193 741
108 169 548
40 5 630
63 65 359
49 117 301
85 26 419
49 184 723
164 188 875
132 133 622
114 65 104
43 191 1000
145 143 247
135 53 296
112 136 476
179 4 367
127 18 674
159 149 505
8 139 192
81 141 770
22 153 73
49 29 704
9 186 745
125 171 647
13 78 870
65 196 899
43 5 765
133 199 665
148 153 908
195 147 544
114 187 453
151 91 29
130 135 637
79 97 586
183 139 571
181 4 147
143 165 250
103 149 693
13 82 883
89 181 931
152 1 908
127 38 192
70 111 457
93 36 508
203 112 723
193 192 760
113 139 738
136 7 637
73 195 646
175 94 376
169 104 792
14 13 596
121 104 917
9 121 595
163 137 631
33 127 833
101 41 241
46 73 647
7 149 22
199 51 159
171 5 337
129 127 415
121 103 694
17 121 761
132 169 25
73 189 807
183 97 340
92 165 821
195 89 493
136 37 560
79 163 321
204 25 13
34 36 921
121 143 13
61 147 492
169 165 678
93 137 100
160 125 868
179 35 29
62 34 933
90 197 210
154 114 476
23 187 699
30 60 520
149 170 414
19 44 685
135 10 445
29 103 657
178 79 425
169 133 769
160 174 712
196 188 681
67 136 690
191 184 486
28 131 422
175 61 771
92 37 372
184 58 775
7 43 984
158 141 511
117 172 760
124 27 139
55 149 275
31 204 599
21 148 276
103 107 247
171 169 970
120 73 470
113 26 743
127 111 772
127 172 147
200 190 109
125 88 47
38 154 7
81 201 558
152 109 855
32 37 876
139 1 288
190 111 493
169 191 451
163 105 675
91 37 756
45 50 615
109 16 147
185 192 473
100 89 487
165 47 699
111 37 117
196 185 753
85 88 520
35 89 665
73 92 983
160 129 3
47 154 822
60 43 815
143 10 724
53 134 118
173 77 712
13 41 687
137 175 752
157 196 300
122 189 778
109 187 420
63 1 428
185 94 622
190 133 826
134 203 47
1 99 820
134 177 896
17 187 876
102 106 613
31 52 955
109 191 26
54 107 755
153 175 540
138 64 377
52 131 475
149 119 302
127 175 122
112 125 264
116 40 21
51 55 729
83 141 575
108 195 909
74 99 456
159 97 159
123 85 544
165 117 830
121 71 371
14 143 882
55 138 468
28 197 298
103 124 702
57 46 349
21 122 711
175 109 558
145 182 180
117 33 447
69 160 872
76 37 539
142 127 348
114 157 76
129 201 173
109 130 313
4 177 294
82 29 568
1 45 328
53 52 97
69 165 765
123 201 972
70 31 816
181 17 83
103 22 814
157 83 742
167 142 939
100 188 868
203 64 634
181 51 855
193 64 597
34 139 765
69 193 741
107 55 890
121 196 169
7 111 787
145 197 156
67 171 106
43 26 410
79 118 573
89 115 748
46 120 41
48 171 775
201 29 46
140 1 388
133 55 671
58 179 72
52 35 75
157 136 76
143 69 654
23 145 852
117 89 940
50 1 695
103 89 695
143 199 439
69 53 852
179 199 547
185 36 560
195 64 11
172 118 344
145 54 332
83 84 772
95 128 638
167 85 783
136 105 716
100 77 522
3 53 679
5 58 807
82 105 156
172 157 822
34 107 441
101 45 955
47 49 134
16 97 433
147 49 526
173 86 276
9 194 452
106 185 601
42 121 742
130 19 200
42 109 749
35 118 130
163 106 15
99 75 446
146 91 895
67 85 826
1 105 179
87 19 255
67 71 420
110 63 835
98 161 78
172 29 728
94 79 629
48 185 927
137 140 865
9 130 543
175 37 565
16 204 222
185 63 916
189 25 848
101 106 474
106 121 431
19 28 258
87 47 589
92 75 927
79 1 107
27 169 926
189 130 75
170 7 259
22 125 962
96 85 145
115 142 51
88 71 474
166 62 767
115 65 752
163 88 61
88 193 281
137 181 872
29 89 757
90 185 382
189 41 413
160 121 880
64 177 457
172 9 317
133 177 883
187 73 494
97 1 5
157 192 114
104 179 338
16 71 90
141 13 831
13 148 311
173 103 163
13 94 20
181 123 847
23 107 770
121 35 497
60 76 201
79 190 810
87 121 193
127 53 807
52 148 6
126 178 774
155 181 397
109 112 190
53 178 993
124 93 28
203 202 135
124 147 46
44 171 502
197 121 423
73 151 729
177 193 286
193 161 660
129 10 498
127 193 314
112 142 733
5 52 804
69 17 316
177 117 967
22 181 865
35 165 882
181 62 406
12 21 500
190 6 559
71 185 834
61 105 724
159 27 197
171 36 996
193 65 511
59 174 40
136 113 285
151 125 378
126 129 142
94 63 653
116 89 415
12 153 620
105 29 892
186 133 842
154 19 928
188 66 665
19 54 538
96 105 961
145 28 199
65 29 581
131 117 800
49 190 581
53 11 830
45 120 102
145 44 344
16 43 590
87 57 983
113 137 761
11 121 10
89 139 654
117 53 626
180 109 279
113 61 273
11 77 938
43 130 974
70 17 356
57 203 488
25 181 515
79 66 915
41 176 532
183 31 934
163 97 340
193 143 687
40 1 268
97 99 204
148 74 222
81 57 604
201 85 897
136 173 958
127 164 683
91 21 100
43 123 622
145 22 578
1 44 116
60 29 879
156 1 191
135 31 756
104 185 148
17 98 446
1 107 418
111 154 543
100 165 618
191 102 806
43 99 220
201 20 895
201 117 68
21 183 616
125 135 292
81 53 239
9 196 159
199 97 552
154 29 114
118 139 103
199 22 920
68 61 201
99 10 416
183 121 327
37 105 227
11 130 233
167 37 779
118 22 897
44 182 435
121 26 149
197 71 515
3 31 931
186 96 546
13 174 385
7 169 483
32 45 839
103 25 842
14 31 47
132 118 12
109 43 206
194 96 375
189 79 65
145 97 561
71 181 412
45 16 224
196 57 39
165 37 300
94 190 529
16 93 932
203 159 571
11 75 247
47 89 526
137 73 12
152 124 352
71 139 132
43 97 313
17 137 950
49 154 791
65 53 632
16 9 647
49 204 594
153 149 465
196 18 144
114 19 450
140 189 347
30 149 175
185 13 745
19 97 549
15 129 57
178 29 886
81 175 499
51 99 380
49 25 30
43 40 332
74 106 762
117 128 694
139 56 49
11 48 568
116 61 655
53 4 777
85 77 823
70 71 254
180 166 336
96 199 238
106 61 766
13 68 942
136 69 261
83 23 871
37 78 511
44 95 163
117 168 55
102 41 655
196 118 66
61 33 577
88 122 177
176 103 385
194 167 21
169 79 984
91 105 22
13 153 996
147 91 708
64 126 465
65 61 616
169 151 102
154 197 723
59 191 443
58 47 565
47 10 766
19 88 716
50 37 934
60 128 415
94 29 61
81 135 853
34 26 787
105 70 70
10 73 426
49 120 863
154 74 177
155 64 433
172 107 368
163 123 65
165 127 136
124 61 931
21 1 525
66 121 290
171 68 418
41 3 62
136 18 638
61 88 107
58 84 453
81 193 641
67 173 450
59 61 242
151 185 696
41 10 882
189 51 66
150 33 622
79 153 141
71 127 993
163 119 811
46 7 928
25 153 273
53 13 421
1 167 113
131 169 73
197 153 266
152 197 414
131 125 439
154 95 515
159 157 671
81 138 56
88 153 824
31 12 796
201 93 408
202 157 423
93 127 16
173 169 237
182 45 329
153 106 30
81 111 772
173 107 171
163 140 129
185 103 211
97 35 334
14 27 635
200 22 896
9 14 597
157 164 622
133 146 927
115 34 74
167 106 349
81 145 166
7 52 921
136 193 130
51 23 291
130 87 321
189 137 568
143 7 690
93 183 620
49 106 777
90 69 465
118 75 443
199 86 321
139 121 918
120 1 920
143 152 579
56 93 976
111 197 46
77 38 407
8 80 56
127 133 91
68 65 3
164 49 812
120 159 466
105 184 622
42 91 228
119 73 398
117 60 786
113 93 843
133 43 775
165 48 871
25 149 798
89 191 218
61 93 326
49 85 463
137 9 453
88 59 429
164 109 731
29 100 451
153 84 967
44 203 217
52 180 99
35 203 988
99 100 921
52 110 201
189 192 984
124 49 686
9 109 158
169 86 316
182 157 687
154 89 833
19 135 752
89 109 38
86 87 205
123 69 661
85 100 823
127 171 45
35 113 869
60 127 571
137 65 496
155 28 482
196 67 189
129 182 715
90 157 773
118 109 468
8 114 942
103 53 852
176 142 598
58 86 15
194 103 44
149 113 869
130 5 908
35 137 17
90 3 220
126 4 890
64 157 935
61 143 448
22 161 12
52 107 371
15 65 559
123 149 450
187 86 167
145 199 78
53 170 975
125 14 443
97 107 907
157 179 379
185 148 465
157 139 933
175 14 150
145 73 724
102 85 562
24 1 158
53 79 181
14 48 755
25 33 367
78 40 245
193 118 820
28 132 916
117 124 328
105 176 16
70 116 619
73 87 997
175 67 233
147 87 113
2 187 110
189 57 508
28 119 725
36 161 597
5 149 650
1 17 285
158 151 103
14 133 666
103 120 871
22 201 239
69 101 690
179 7 662
123 70 295
98 113 658
103 101 566
61 22 19
121 167 120
70 35 962
43 145 925
4 114 296
9 201 727
15 60 316
136 124 854
35 37 979
40 65 924
69 200 16
29 45 809
172 114 175
113 85 468
172 163 45
105 72 566
113 146 880
97 26 898
56 134 711
9 148 936
63 187 963
10 63 200
82 187 769
44 115 16
75 5 533
78 109 341
65 37 940
16 126 269
131 65 831
79 69 210
178 197 222
154 190 203
141 91 318
11 86 984
148 63 917
73 13 933
125 137 102
9 64 458
141 129 754
106 193 414
2 165 380
160 65 372
195 15 45
177 57 618
19 86 20
101 153 262
189 36 253
168 121 440
93 29 972
200 8 866
25 151 898
73 141 617
1 134 644
196 133 621
45 94 196
189 167 431
100 63 903
165 83 274
10 112 339
13 189 490
203 120 867
15 49 152
196 37 828
121 173 361
111 135 126
169 202 104
49 140 756
20 24 340
95 125 564
86 17 661
43 11 458
157 44 132
20 29 440
66 135 441
24 139 425
136 61 734
117 106 859
198 170 327
129 137 890
132 87 293
120 181 327
14 89 454
29 73 1000
125 35 228
24 13 517
117 15 529
109 190 969
137 101 388
186 116 908
109 11 524
178 25 125
119 77 535
199 159 468
192 79 275
47 25 260
13 1 931
195 124 20
133 15 997
49 45 174
191 73 307
13 178 451
17 139 279
113 148 846
104 157 2
67 57 430
145 202 562
19 173 110
143 133 544
99 109 780
31 146 647
136 26 259
133 147 467
85 64 163
85 70 258
139 160 479
12 16 631
163 169 242
67 37 195
174 133 523
131 165 832
196 190 960
190 149 101
32 125 519
137 167 996
31 117 115
85 65 389
67 189 336
64 69 710
203 85 860
88 124 338
193 147 400
163 196 400
182 124 312
187 18 913
5 197 370
169 15 921
3 66 906
151 145 324
32 191 587
47 145 842
112 49 654
129 173 860
21 107 693
22 173 214
203 169 979
55 75 31
89 15 329
159 16 95
68 181 260
145 77 548
181 49 324
98 181 616
129 43 755
9 183 172
58 175 271
178 9 869
87 166 67
65 97 962
52 1 906
7 36 402
37 38 784
97 64 957
169 177 192
202 137 593
52 10 479
42 60 819
160 61 510
171 188 696
125 5 702
6 167 471
107 169 872
52 59 827
93 60 133
154 181 261
105 167 556
10 58 690
19 175 556
171 177 680
193 29 74
123 25 298
91 35 792
79 101 172
170 1 869
117 188 496
156 193 268
125 163 58
53 17 663
145 168 556
1 118 368
65 167 116
22 7 850
94 49 615
85 109 216
50 97 840
20 22 841
24 91 264
123 81 65
33 81 908
148 61 780
29 106 36
30 164 934
188 168 903
6 203 513
163 81 105
111 198 649
41 193 802
183 94 245
19 166 958
84 85 954
66 175 271
93 119 770
118 93 321
87 51 842
103 100 307
29 137 687
162 85 138
19 34 757
74 145 238
190 165 510
118 41 866
69 98 840
105 17 632
13 179 78
130 148 867
133 39 855
137 8 131
23 181 169
177 52 198
181 47 963
145 132 750
17 82 723
121 45 560
28 97 1
7 137 678
52 160 589
104 145 688
121 137 417
67 163 89
197 165 186
60 87 986
89 91 518
187 37 24
139 159 5
61 5 652
72 117 194
78 112 850
163 161 338
22 58 112
157 140 759
117 193 348
183 136 156
10 188 14
193 52 90
15 99 945
113 103 534
95 126 578
188 28 687
177 34 128
138 1 528
151 61 588
137 133 848
37 44 570
61 181 916
32 95 791
29 169 581
45 43 9
102 5 712
189 162 994
187 150 432
80 133 389
172 102 838
160 66 650
181 56 872
98 145 316
77 20 896
178 145 187
28 15 414
25 109 354
142 163 412
17 149 895
27 175 95
177 196 179
73 3 478
69 41 621
91 2 501
79 203 148
94 125 191
129 59 78
69 140 976
182 61 286
88 121 801
107 72 31
1 10 177
76 189 248
148 202 966
49 119 159
77 73 635
77 76 264
85 117 22
101 161 848
120 145 470
35 47 619
35 161 689
129 29 731
37 17 921
45 23 682
45 40 94
195 131 227
83 160 849
154 185 28
115 9 533
164 154 870
37 86 865
100 151 678
98 133 883
45 97 716
106 129 243
134 169 988
17 158 55
204 135 600
5 133 268
10 26 218
127 189 406
109 143 532
167 163 187
53 202 322
111 19 508
98 51 1000
11 26 404
65 181 970
77 24 194
113 39 479
157 61 89
78 107 357
181 160 262
57 18 918
137 69 851
139 137 810
27 109 779
26 73 479
4 145 626
117 6 738
88 37 353
36 95 326
85 136 451
146 13 949
187 85 309
65 19 731
201 119 263
82 129 870
160 45 162
137 161 287
2 65 391
196 76 692
46 101 287
59 115 501
120 199 897
151 97 986
81 19 215
149 148 557
113 81 411
142 40 809
96 63 430
165 173 526
31 189 629
151 117 836
4 121 107
169 28 804
28 89 131
179 2 547
198 174 663
22 115 56
129 197 656
171 35 5
86 34 557
188 13 458
178 81 517
17 7 253
124 31 228
87 2 508
153 57 291
166 139 855
73 127 579
154 79 185
105 159 454
133 70 630
141 53 923
136 148 754
113 184 107
153 117 89
186 193 784
43 19 978
3 37 459
53 115 618
35 17 468
105 40 31
59 157 210
61 121 944
123 172 809
177 16 889
175 83 511
120 109 894
140 191 991
203 171 478
194 171 629
34 29 8
120 65 863
5 153 370
190 71 7
185 72 4
21 195 639
150 101 291
73 109 838
176 83 660
199 195 406
67 111 246
91 160 845
45 137 114
61 7 323
31 29 514
126 34 399
151 166 137
51 13 949
94 86 319
185 127 634
139 151 392
142 101 574
66 126 444
106 139 734
127 61 226
29 191 981
166 101 580
24 19 20
133 13 11
21 14 536
117 184 672
113 73 17
65 122 580
77 97 16
85 13 67
184 40 146
150 60 776
93 34 76
103 171 735
1 3 196
198 136 658
115 16 772
21 198 332
97 139 237
133 47 380
139 201 27
164 31 411
130 35 134
85 157 293
169 145 472
7 39 540
16 18 303
91 202 282
44 127 546
88 192 621
199 3 883
100 55 885
44 173 269
109 87 190
193 6 970
5 9 212
13 72 604
55 61 968
37 201 73
197 189 212
190 106 795
81 94 466
42 18 443
179 204 298
72 181 602
157 112 898
157 193 439
109 157 879
56 61 839
101 204 208
16 86 582
141 12 821
7 200 107
112 35 480
97 195 457
180 21 376
100 187 148
39 158 509
41 160 112
116 39 595
154 40 713
4 26 823
173 9 121
48 145 777
65 25 351
16 127 937
181 193 955
73 88 968
37 16 33
55 83 107
200 64 832
35 28 51
158 118 11
100 53 386
185 43 685
35 82 454
77 185 813
19 113 244
40 94 421
45 149 8
67 81 800
153 41 546
91 94 113
49 189 986
41 125 165
171 1 162
21 29 293
73 154 860
23 13 801
147 4 999
61 4 992
160 49 793
154 25 935
73 70 719
105 196 694
41 191 416
28 121 934
46 111 947
142 91 849
198 189 906
85 105 191
31 131 233
21 149 109
50 78 900
98 202 503
181 77 555
92 161 942
197 77 287
7 99 834
142 63 645
174 103 779
175 59 388
100 15 878
129 96 924
173 54 346
162 145 580
175 193 335
185 79 306
115 137 348
31 111 876
55 115 289
171 52 691
47 169 152
129 121 496
100 34 606
193 114 383
176 184 628
53 199 974
121 163 758
64 109 252
128 172 806
157 19 810
161 190 978
36 187 896
137 56 501
43 148 218
141 35 146
148 53 604
25 194 565
109 136 992
131 190 322
151 78 380
89 167 930
7 190 17
202 33 329
43 31 827
121 27 76
185 33 466
203 179 284
31 96 166
31 106 109
63 186 212
59 1 500
139 12 171
26 106 83
67 99 480
91 61 647
154 43 296
17 13 732
68 132 275
193 9 594
3 167 788
155 117 265
19 143 618
101 193 824
89 73 55
42 85 386
54 177 121
39 97 841
109 101 75
65 21 186
17 101 925
52 203 467
199 178 131
103 64 71
19 171 549
23 172 438
40 4 645
144 13 380
189 169 660
28 1 206
67 11 402
149 85 846
25 111 311
129 53 352
84 113 931
140 91 559
153 178 677
53 191 514
145 130 345
39 69 594
90 199 803
109 79 244
149 1 401
135 13 943
191 80 428
94 28 692
11 64 72
105 101 924
201 88 379
171 121 525
110 151 411
86 25 718
92 16 595
159 12 989
45 13 988
174 28 184
150 118 295
187 13 524
181 161 677
11 73 618
172 73 336
175 169 831
187 105 80
23 47 608
98 112 274
152 145 796
121 185 369
121 124 633
7 91 174
6 38 191
10 149 823
199 25 585
135 49 697
34 65 541
88 190 840
67 145 839
139 26 492
133 29 76
114 199 717
87 159 56
17 201 422
87 61 162
43 89 966
169 54 356
6 125 668
40 119 138
106 17 449
12 95 29
35 100 223
127 187 936
171 142 125
16 158 430
98 95 826
185 29 416
129 61 674
53 67 227
133 175 856
111 45 813
151 63 792
157 153 641
96 29 216
141 173 196
171 7 429
180 116 856
135 50 752
126 133 350
100 7 762
102 73 234
3 151 217
45 166 999
165 70 167
197 190 503
65 130 333
45 169 751
10 81 996
3 203 575
115 69 967
34 97 698
96 25 415
35 187 147
3 125 955
118 27 53
19 188 99
57 114 736
183 73 615
117 174 753
177 95 63
35 33 315
187 62 469
5 99 418
57 99 409
45 155 199
117 138 204
94 35 576
67 142 270
61 90 341
28 21 419
31 13 566
166 22 729
175 57 689
29 188 169
136 104 17
16 69 3
169 56 768
95 200 854
75 147 320
121 101 667
173 99 133
118 49 471
96 9 981
200 18 196
180 61 864
197 79 771
17 184 287
136 202 614
69 19 739
199 141 347
41 89 163
6 3 532
135 21 266
173 59 183
33 70 654
108 96 339
136 1 204
17 156 695
203 148 912
114 122 857
185 177 753
181 153 806
13 49 116
7 129 211
67 161 48
131 113 68
28 72 219
203 67 215
21 124 136
201 189 379
95 141 929
52 103 49
59 17 68
184 57 314
153 103 834
87 161 506
169 121 282
178 168 607
179 176 80
113 143 594
13 172 922
103 95 821
175 55 499
120 147 772
93 202 255
28 46 721
94 118 595
175 111 605
46 86 836
199 17 401
145 100 313
112 105 108
203 161 587
81 71 676
86 49 959
57 35 583
39 55 435
144 151 792
108 51 222
114 80 197
15 119 673
112 5 964
99 201 668
120 161 119
189 85 700
10 153 788
104 53 632
137 31 467
109 56 289
169 44 55
193 109 907
134 85 866
41 76 51
97 174 991
142 134 144
1 8 883
171 114 239
99 77 466
193 23 350
173 190 136
160 156 555
95 41 193
85 99 421
115 35 349
191 178 121
181 52 451
80 21 84
89 189 126
63 2 255
175 106 374
7 121 176
30 25 749
20 65 226
137 123 316
32 42 660
103 78 759
17 119 629
89 57 341
187 151 282
67 112 607
79 25 552
183 129 363
49 59 273
82 127 165
170 79 172
140 72 970
97 129 14
25 2 367
119 118 955
149 115 455
89 137 56
14 153 770
23 64 103
27 157 95
175 173 410
177 22 309
90 26 412
129 122 206
183 91 512
11 187 28
173 145 195
70 136 4
86 178 762
96 156 80
28 52 422
167 133 802
17 20 59
111 193 760
175 188 738
42 82 576
65 133 224
142 79 859
186 5 519
40 97 436
197 12 713
100 97 131
171 117 611
107 87 25
70 106 556
58 200 135
73 35 921
94 31 381
189 53 882
21 97 249
89 161 501
160 107 290
80 169 985
75 7 125
1 75 299
163 93 675
19 196 294
13 28 383
49 201 224
56 13 28
202 204 191
11 113 803
135 34 671
175 1 443
47 139 50
69 183 816
58 4 189
137 14 253
61 196 427
154 52 563
36 63 419
148 106 835
37 26 797
37 180 312
25 29 978
41 162 581
79 86 747
43 1 505
201 171 438
61 52 593
61 139 29
157 124 221
43 157 54
187 121 116
68 157 379
49 40 341
58 183 403
163 18 245
165 39 515
69 197 192
41 53 590
9 67 948
179 68 209
21 175 937
143 57 164
1 127 916
86 160 848
127 28 529
33 85 428
28 175 288
38 73 392
93 39 466
151 153 264
43 114 776
102 22 121
81 198 162
34 56 163
193 139 217
1 4 96
17 21 198
139 39 588
49 34 99
167 157 728
187 163 240
74 85 347
52 127 66
130 69 361
28 62 907
127 41 126
15 45 962
35 18 288
185 19 360
194 183 823
61 94 422
137 107 88
163 110 909
92 97 873
173 135 557
110 30 701
177 43 408
47 134 180
195 117 755
61 3 153
106 181 721
112 169 847
160 118 132
33 165 317
203 1 40
2 169 336
132 171 671
123 197 644
28 123 344
70 107 232
21 156 560
78 84 242
151 22 770
81 45 247
35 154 793
5 83 228
175 7 178
170 55 649
157 158 528
84 13 760
73 139 701
187 117 737
124 1 266
188 198 635
89 132 551
34 125 551
29 111 356
39 149 887
165 5 867
204 165 452
151 45 881
177 141 272
159 35 885
131 171 740
193 79 435
197 104 46
32 70 211
72 131 951
28 49 834
33 63 962
1 42 479
21 153 14
38 124 296
165 161 865
87 153 176
78 169 902
163 2 103
117 111 811
22 33 915
81 137 938
154 189 301
9 45 107
163 201 933
113 41 423
91 55 449
144 21 187
47 73 101
83 56 732
145 66 959
163 117 717
93 157 227
31 22 533
106 67 52
10 187 845
101 187 925
89 52 298
93 41 868
55 46 1
98 103 848
31 132 740
154 81 757
102 161 154
49 126 543
105 108 360
111 51 280
69 201 924
85 93 732
86 137 740
27 70 958
7 13 468
93 101 288
135 151 737
79 166 293
37 139 538
102 145 682
95 85 256
151 103 100
118 16 613
193 39 204
133 7 732
157 127 670
85 111 531
61 49 713
51 121 993
58 152 809
85 18 497
9 75 212
77 37 657
144 2 275
201 193 905
101 102 29
1 125 718
9 105 644
111 39 852
80 84 885
171 154 476
139 167 144
169 49 774
6 140 619
173 133 471
81 127 478
163 31 93
10 103 870
125 115 573
113 188 176
66 73 291
146 64 479
120 195 891
176 13 502
11 133 312
67 25 912
121 93 648
191 125 447
175 157 702
63 57 460
145 121 681
65 187 849
58 193 388
81 35 522
116 25 735
166 67 153
187 5 514
66 119 740
105 171 182
32 20 857
29 48 222
199 165 260
52 109 349
63 31 176
15 135 803
61 46 923
13 199 87
184 169 940
131 133 108
69 30 642
203 187 754
89 7 276
97 118 639
185 153 763
201 46 266
19 57 93
55 192 216
3 153 681
190 115 358
151 181 907
118 14 632
22 99 506
65 1 731
64 21 27
53 167 204
105 66 41
177 85 230
166 46 657
43 82 613
157 115 869
18 147 710
75 162 914
62 135 961
163 42 827
106 157 749
43 169 319
81 167 431
181 141 636
129 105 861
185 169 774
133 124 468
192 121 992
87 165 370
55 22 575
190 41 883
153 73 876
20 49 598
67 92 472
115 171 785
193 189 375
106 91 521
130 173 320
202 177 758
17 27 797
13 71 555
175 115 352
37 52 166
160 81 358
203 117 621
121 156 598
55 153 21
171 21 216
23 81 159
199 66 489
115 102 297
61 201 153
28 88 224
75 81 172
13 20 109
172 60 656
131 5 346
37 106 569
75 66 658
144 121 712
85 148 290
49 194 712
143 22 355
199 192 69
94 89 387
161 24 389
187 112 14
188 180 264
120 85 579
196 110 615
103 33 545
124 37 185
7 72 848
117 16 990
124 198 26
125 13 469
170 5 170
177 180 443
52 145 587
2 8 483
79 9 670
61 119 413
154 1 988
72 157 211
15 3 107
37 138 993
4 79 317
109 93 789
57 138 378
180 60 69
163 154 696
34 174 3
131 183 166
135 141 983
124 202 421
70 169 500
15 114 413
25 59 752
157 14 428
87 195 23
60 27 753
27 115 376
12 151 490
178 148 429
130 7 586
121 96 265
28 199 65
9 11 777
1 87 919
9 182 315
136 12 190
64 163 280
120 82 663
61 102 671
160 165 326
61 13 380
92 169 510
96 175 692
88 31 569
174 67 746
5 23 74
88 87 175
87 171 128
138 201 468
5 163 432
201 13 339
127 131 477
16 1 229
105 169 737
81 140 628
140 120 82
168 93 736
69 102 46
161 103 844
155 142 122
36 1 191
53 24 25
41 123 654
191 141 98
24 137 91
37 99 692
129 187 994
169 13 742
194 175 122
51 145 842
49 166 407
142 169 130
109 53 446
190 103 327
1 100 840
83 6 408
15 144 144
58 31 830
134 129 944
185 145 35
175 15 122
80 193 300
193 167 387
121 22 949
27 71 228
173 52 704
25 12 236
105 130 563
73 8 890
201 127 243
85 129 915
65 153 1
4 154 43
67 100 706
188 204 794
177 69 470
112 69 626
54 185 93
4 142 916
15 136 186
140 99 433
117 100 190
171 181 919
155 140 755
165 181 599
67 153 233
10 195 660
169 106 411
187 106 507
199 188 326
1 39 589
140 103 27
163 43 381
101 195 767
190 19 392
202 65 295
191 147 370
10 13 936
166 97 954
165 201 990
20 25 380
112 170 909
55 163 143
96 125 717
31 67 462
88 127 446
184 185 474
120 168 56
145 153 3
201 112 507
154 23 172
49 62 495
60 16 539
170 65 971
128 145 664
179 49 84
12 35 439
33 99 684
185 180 35
89 77 185
52 121 265
23 199 523
26 52 479
88 103 247
147 7 71
142 46 609
32 202 274
163 189 6
33 91 437
94 129 340
5 121 316
5 46 13
124 141 508
151 37 392
137 149 736
70 143 894
55 131 831
89 64 347
85 135 643
103 181 264
178 109 251
171 133 103
184 197 511
40 61 675
15 57 676
19 56 732
103 93 252
187 143 533
116 55 970
86 200 918
19 145 500
179 165 366
177 93 754
135 11 661
24 66 140
141 49 366
133 62 422
103 73 384
200 163 609
53 171 602
73 112 117
114 164 103
73 17 10
18 137 811
9 10 981
169 3 819
99 193 560
76 55 185
25 147 438
48 139 790
169 30 404
81 157 33
94 55 802
153 136 829
77 141 337
2 181 762
89 17 985
32 3 301
176 196 451
55 97 48
89 170 601
137 72 953
47 191 250
41 165 624
139 123 217
37 74 263
133 120 253
41 12 590
73 9 70
151 115 431
2 116 629
63 37 634
65 41 4
130 137 692
198 46 883
69 151 99
2 18 912
103 203 100
168 192 136
188 52 274
11 131 480
39 89 440
109 82 17
124 137 833
58 157 496
181 158 415
91 57 711
200 27 823
26 193 513
13 39 785
28 177 187
61 54 106
161 86 149
1 7 590
148 103 135
160 188 660
124 79 801
171 129 134
87 169 658
173 127 654
156 5 60
51 33 870
55 41 224
115 95 687
21 82 598
67 24 856
197 74 938
133 49 118
51 59 821
106 172 926
202 69 644
113 23 877
49 129 59
49 121 240
204 133 899
9 202 665
70 79 581
31 190 371
172 162 351
82 77 958
61 108 213
53 33 575
199 52 538
197 109 718
102 14 837
190 132 410
39 100 661
46 123 206
22 23 563
153 95 358
132 27 348
15 11 824
91 165 841
196 197 604
47 168 939
199 21 374
59 137 306
35 69 627
57 130 332
53 125 644
16 52 634
161 204 768
136 147 916
157 177 743
173 144 182
101 50 417
153 154 623
82 113 61
161 7 709
52 76 990
200 73 629
18 46 296
171 179 945
130 49 342
86 175 741
21 142 422
141 155 295
134 121 775
189 19 990
34 162 23
29 13 463
123 94 302
199 41 474
5 177 900
29 76 268
201 43 314
109 160 975
197 169 341
199 121 440
85 9 316
103 85 380
23 126 983
143 117 683
130 153 880
149 151 444
196 165 648
25 27 763
177 40 478
155 13 916
47 41 86
89 157 938
110 51 346
113 108 575
23 129 1000
103 202 474
106 109 38
49 134 189
94 98 291
34 60 558
13 134 830
175 185 941
112 85 908
58 81 369
189 121 614
109 188 343
165 167 210
62 102 603
147 86 466
56 55 191
197 122 266
115 154 220
103 139 516
13 81 554
188 137 971
109 194 707
187 21 296
44 129 373
118 61 405
39 88 624
41 82 210
125 190 664
129 199 334
130 85 734
189 145 292
49 63 875
181 20 261
13 117 473
149 143 898
188 49 432
129 202 928
115 52 67
8 115 498
82 167 988
55 1 683
45 171 54
64 35 222
64 7 418
71 25 615
88 116 515
82 85 303
111 17 99
97 29 857
161 19 771
127 147 101
141 10 480
21 33 977
73 16 850
133 89 832
121 119 508
27 151 852
66 115 491
4 55 684
13 93 908
198 67 931
74 45 968
164 121 465
189 161 871
115 147 303
93 154 520
98 193 435
172 147 175
115 6 466
154 147 670
131 181 488
120 190 263
170 200 208
194 37 199
1 22 337
160 193 318
7 86 507
1 11 78
69 189 854
15 199 869
89 176 853
73 1 123
37 142 227
10 189 942
128 165 901
199 176 664
30 201 84
157 37 307
8 93 863
177 41 997
165 103 250
169 88 846
72 83 536
43 127 917
177 62 283
181 159 561
160 172 383
168 31 100
62 12 446
101 73 279
111 161 571
149 75 622
35 146 285
181 75 552
75 109 369
161 162 389
54 81 450
28 122 820
55 59 808
196 1 772
181 109 926
169 155 330
82 197 24
21 139 216
7 27 330
40 189 880
45 145 174
91 19 106
44 204 431
7 49 886
145 101 342
37 155 682
43 202 541
1 26 831
186 19 336
46 17 266
115 79 943
121 161 600
141 43 785
135 65 604
15 51 9
81 119 762
134 44 440
136 133 582
79 179 160
35 43 301
140 13 86
106 99 117
113 199 334
25 196 854
49 151 974
60 66 485
31 5 107
10 139 962
8 79 174
153 53 892
34 199 129
184 89 389
9 103 757
88 79 540
195 184 33
184 94 17
53 85 222
160 21 990
83 154 470
88 101 374
177 59 51
61 42 104
143 93 426
57 83 298
91 72 827
53 25 328
5 175 481
85 190 797
25 62 799
193 78 618
197 179 161
149 182 608
101 85 309
64 13 781
25 68 43
27 125 509
97 200 990
137 146 510
159 125 769
55 21 906
139 129 134
192 113 903
171 92 623
177 181 721
185 67 145
176 57 734
198 3 829
69 13 127
33 164 470
202 199 275
187 83 231
80 29 140
71 52 934
19 3 929
58 103 492
31 145 623
9 165 860
85 183 477
82 1 504
145 10 717
109 50 909
110 162 203
69 194 121
1 159 230
15 42 20
103 118 687
64 181 912
31 80 30
204 13 372
52 29 547
97 104 63
161 169 955
97 137 771
117 14 904
40 193 92
78 19 286
127 113 362
168 196 866
88 23 543
169 23 301
105 193 84
113 157 793
127 109 300
181 63 952
1 197 765
142 30 641
18 139 684
189 120 198
176 97 261
60 33 159
180 62 997
199 45 6
63 21 559
135 69 215
181 37 652
10 54 578
33 195 231
93 173 46
161 57 558
197 20 816
123 108 169
39 129 700
168 57 921
99 124 563
189 5 978
154 107 459
157 91 98
181 35 648
163 29 963
93 117 517
65 118 677
186 7 279
45 133 92
141 201 709
19 170 434
152 97 790
75 12 860
127 192 551
202 143 325
113 13 302
154 137 444
184 19 391
1 19 164
107 58 308
137 127 71
139 67 940
171 126 147
182 16 722
151 133 988
134 86 975
71 91 878
52 13 426
82 169 960
67 90 483
161 125 59
53 118 835
169 152 684
13 136 36
145 115 484
153 91 528
156 90 36
157 86 676
149 195 515
35 180 458
133 17 554
113 83 94
39 40 672
37 93 787
71 73 63
146 170 373
38 49 521
160 151 871
151 137 851
115 28 94
88 119 489
53 86 422
101 70 297
128 97 70
174 165 782
33 1 387
137 199 365
166 143 498
109 44 51
137 193 572
176 69 856
115 193 813
45 54 971
38 47 537
157 125 847
169 39 10
18 15 375
91 79 802
25 69 200
22 45 738
169 201 123
196 182 891
25 115 560
1 112 925
61 85 333
154 188 236
103 196 750
51 149 229
194 23 156
51 109 498
189 157 955
107 4 98
168 184 735
97 123 303
75 153 623
133 19 702
172 81 512
103 79 953
91 11 469
165 27 545
136 19 538
73 49 123
158 48 498
17 108 14
185 73 933
202 173 88
10 120 456
181 73 664
27 66 176
99 40 506
185 31 604
34 61 504
181 138 348
151 56 287
52 78 234
1 145 84
52 187 18
29 26 583
200 151 828
35 54 647
27 197 898
204 37 430
21 196 261
72 1 136
148 124 949
40 147 63
166 26 962
32 109 341
18 133 77
100 181 458
53 26 438
88 104 951
132 100 79
174 167 105
35 193 60
87 71 818
133 165 5
117 109 564
67 193 532
100 197 185
123 143 573
10 172 827
145 195 928
112 165 181
113 66 819
169 67 11
88 185 728
113 58 361
62 159 609
184 160 433
1 46 737
192 154 559
159 48 196
113 77 572
21 115 307
45 202 850
33 78 459
147 125 970
179 173 762
26 28 897
133 42 994
174 45 595
178 137 441
81 101 460
138 115 698
133 22 700
148 142 246
177 154 362
139 104 24
184 29 699
149 193 127
12 85 666
154 169 535
16 57 112
193 184 386
141 153 383
126 143 944
147 108 86
110 181 228
1 110 452
193 76 269
133 67 546
175 99 446
65 59 307
7 29 279
166 169 485
102 67 659
130 179 787
68 1 873
76 75 447
32 169 1
21 109 686
7 199 563
70 25 715
44 154 679
159 25 721
156 52 699
13 151 246
151 175 292
94 109 188
21 165 611
102 160 882
121 128 323
39 85 109
187 131 311
125 188 864
204 90 720
133 46 129
48 32 915
65 163 190
197 157 950
88 106 958
94 144 444
184 16 837
77 92 457
166 64 636
147 19 158
73 21 386
137 176 917
178 182 399
118 157 81
150 45 75
5 164 187
127 154 432
74 105 865
143 115 823
70 7 384
103 137 287
171 60 666
29 196 238
153 115 964
37 123 246
161 21 168
116 182 157
92 61 237
136 95 419
4 169 432
160 20 740
166 171 205
194 4 845
166 1 703
143 103 656
71 146 140
47 33 387
164 14 858
169 120 379
32 85 802
29 35 699
161 97 626
69 57 148
157 183 710
106 58 48
150 85 254
70 75 591
103 67 360
181 199 264
28 148 764
121 179 582
43 51 817
35 145 620
119 35 467
73 159 326
204 181 560
47 64 892
91 176 878
203 97 226
59 7 13
163 3 409
138 176 708
191 130 556
76 97 647
173 137 364
124 170 61
196 184 475
175 48 78
59 204 154
183 109 519
69 97 402
178 7 45
53 73 56
24 45 257
89 55 300
122 151 700
97 54 997
127 197 845
159 79 887
26 39 93
196 91 717
125 158 903
4 162 310
34 121 274
155 124 88
73 148 248
167 34 317
157 121 911
131 25 887
158 184 705
163 94 446
182 67 828
194 139 799
138 106 234
28 90 282
37 81 384
137 119 924
98 85 525
112 61 294
56 59 73
194 91 579
162 2 715
47 28 290
53 59 281
52 99 670
11 39 404
111 27 29
67 190 580
71 34 421
184 125 587
19 125 13
135 137 488
79 67 733
119 4 707
124 41 983
41 67 80
97 186 964
87 149 439
59 161 174
88 117 375
115 72 401
113 4 394
19 141 832
167 73 891
37 69 214
177 58 384
172 22 46
14 105 283
146 115 170
119 123 408
93 165 415
49 155 467
150 153 889
149 181 17
145 142 583
130 23 135
175 202 914
17 172 203
155 147 177
56 142 74
76 49 397
1 78 496
22 193 173
154 21 179
139 178 660
191 9 383
139 98 231
131 153 592
65 86 429
101 5 750
62 109 16
139 101 847
59 57 7
61 159 472
157 147 53
166 125 441
172 197 184
76 137 812
23 98 131
38 163 744
77 202 154
142 194 810
31 100 799
77 188 631
177 44 217
30 177 273
29 12 981
68 37 766
180 28 564
91 188 573
183 27 241
57 201 936
165 99 909
109 141 866
57 197 730
49 19 331
70 55 252
189 190 917
93 10 342
94 97 197
43 57 568
24 32 173
178 150 120
155 19 747
61 32 686
157 2 246
185 81 437
40 85 750
120 115 148
76 202 457
103 187 977
198 50 699
194 143 331
20 61 607
69 83 60
13 60 969
112 34 602
141 55 618
171 175 336
167 86 862
37 87 806
176 12 212
79 149 377
89 25 953
115 93 849
19 75 277
141 121 201
190 142 641
14 73 668
115 204 79
117 29 258
178 52 315
97 106 373
91 53 980
188 139 917
195 49 31
185 7 825
170 76 806
70 157 965
81 177 118
120 58 450
89 127 535
131 14 179
55 136 609
139 55 566
152 195 459
57 41 470
65 157 917
109 86 990
172 200 463
184 112 659
101 58 644
90 1 229
24 201 598
200 187 395
165 147 943
14 82 13
103 92 585
118 148 260
14 124 337
25 97 477
18 159 419
141 9 582
155 95 396
16 129 745
71 187 725
129 36 995
181 69 185
16 125 217
91 163 22
80 93 278
81 186 879
29 57 341
172 188 547
34 89 490
45 78 468
100 139 129
3 67 807
50 137 958
164 35 940
19 198 233
61 126 505
3 155 116
81 117 861
53 84 828
55 88 994
128 94 763
157 194 754
82 189 106
42 197 932
46 105 738
105 6 177
118 37 651
97 178 268
133 4 567
163 139 922
1 123 486
124 89 244
72 163 98
61 1 225
202 153 62
188 155 546
182 109 668
199 40 398
57 165 975
162 127 272
79 177 819
120 112 800
77 71 696
20 37 872
33 41 106
93 19 535
38 155 89
29 179 717
189 61 29
68 34 798
53 54 8
52 21 442
39 57 602
19 25 267
9 151 736
97 165 738
177 2 621
101 203 452
45 47 568
193 13 739
127 69 127
96 93 406
7 166 310
65 143 652
125 37 128
77 154 699
187 184 966
144 120 810
153 36 89
37 191 70
141 149 417
78 91 772
49 172 229
157 33 661
168 61 348
72 57 659
138 11 157
181 97 231
150 139 222
191 52 358
14 85 877
40 165 267
53 97 576
173 1 764
29 33 694
48 43 393
36 69 419
125 69 706
31 51 52
85 165 984
174 1 15
70 21 725
54 57 830
15 25 392
21 89 832
58 125 348
92 202 141
95 25 686
137 74 940
187 185 29
151 58 148
2 9 323
154 120 635
133 38 391
1 9 943
199 151 639
125 185 575
73 165 951
75 8 6
59 181 588
197 171 203
137 57 966
68 2 295
65 192 613
76 184 748
61 16 566
62 41 474
112 163 74
5 107 579
132 127 819
44 137 330
105 60 125
23 121 183
75 154 901
167 69 901
25 57 455
143 197 577
18 175 11
159 45 350
133 168 798
171 46 403
173 13 198
18 181 109
150 162 614
34 13 505
172 46 752
142 188 337
191 46 852
134 105 271
166 55 313
185 166 207
168 13 197
181 150 507
75 45 361
125 123 75
189 180 713
139 88 145
83 127 234
145 125 33
161 123 286
85 145 542
67 97 343
85 43 910
125 77 760
112 83 670
177 120 724
41 117 221
97 119 203
16 145 975
126 69 600
186 98 125
1 23 176
185 86 179
140 92 94
102 43 892
24 25 434
43 171 808
5 67 762
147 38 944
181 46 949
72 33 737
40 56 94
47 153 969
99 81 680
23 39 520
76 181 642
27 135 163
133 203 975
190 110 795
193 1 935
61 150 121
109 92 31
137 179 544
145 167 823
79 45 404
70 145 303
171 190 480
178 103 432
13 37 328
122 169 272
198 103 362
79 123 357
5 127 991
87 136 493
67 73 499
77 69 274
89 131 73
96 154 302
30 88 232
125 61 606
50 69 455
81 189 112
91 119 681
8 175 420
136 17 157
58 77 690
106 173 529
156 49 194
73 193 665
168 181 336
51 52 132
46 196 617
161 201 141
49 65 348
160 71 725
85 16 87
36 48 580
132 45 701
28 96 23
148 4 42
144 188 415
103 106 333
41 131 980
109 91 805
73 115 630
113 181 954
203 55 999
64 65 78
195 165 885
165 16 772
34 163 370
103 81 754
177 6 714
33 154 52
137 49 215
188 157 203
199 5 293
87 145 914
98 68 731
125 91 677
146 128 839
157 103 268
95 187 995
21 130 10
163 162 155
163 6 304
81 98 133
22 185 243
153 199 362
77 90 432
28 65 116
121 46 356
167 61 332
57 3 85
125 23 978
138 129 748
28 170 880
167 147 294
97 111 724
5 68 626
189 146 218
154 9 426
14 97 723
181 133 954
35 56 726
45 67 13
157 165 861
195 57 131
56 189 555
175 52 66
97 57 227
94 195 38
197 101 101
95 33 770
145 83 631
69 58 625
113 142 880
89 165 997
192 163 721
197 48 681
135 100 830
121 29 504
75 151 983
177 77 954
202 197 585
174 40 261
38 55 411
61 179 271
7 76 736
43 58 780
199 103 122
39 61 819
157 50 615
198 79 878
197 81 698
188 184 237
8 53 647
88 161 770
7 127 543
109 144 677
31 36 777
21 35 893
151 76 24
83 121 502
93 43 26
52 153 376
91 51 692
148 15 755
178 4 688
203 62 557
103 150 348
43 173 73
34 127 221
137 51 460
185 101 252
69 190 199
105 113 337
139 199 623
163 164 240
105 41 741
13 152 348
78 130 209
165 193 49
69 67 341
136 144 279
173 49 775
158 43 607
5 122 914
38 51 793
37 173 629
151 102 594
5 81 95
109 189 450
41 35 176
109 65 39
145 170 577
1 131 340
88 1 149
142 106 238
151 62 473
88 142 610
73 144 147
171 97 781
120 130 371
173 149 927
36 19 368
42 43 958
73 105 235
161 39 406
21 157 966
169 190 333
154 113 804
127 130 23
3 85 912
75 164 768
139 165 656
1 201 67
61 86 793
139 187 670
105 165 578
82 175 634
161 34 426
37 195 753
22 25 418
100 6 721
135 37 723
79 164 91
167 93 49
47 19 930
111 106 685
77 135 734
28 125 633
196 202 330
151 118 958
47 103 692
91 171 809
148 79 498
30 87 834
181 85 543
86 131 987
106 112 266
125 67 115
89 145 463
47 67 391
139 84 225
147 185 750
76 109 945
99 113 8
44 54 494
128 83 641
143 181 10
202 149 105
7 151 798
137 155 531
19 200 165
193 120 462
41 81 391
202 117 375
95 185 906
149 145 990
137 32 836
46 108 109
31 79 50
1 132 872
149 133 192
4 73 215
25 14 658
58 23 901
200 61 639
103 51 990
160 199 856
165 185 161
125 90 50
85 79 926
175 159 310
124 68 711
69 34 572
154 101 113
122 61 657
187 173 425
37 113 728
144 119 58
98 120 661
65 108 649
117 186 69
121 193 842
108 19 380
105 50 825
113 45 922
95 149 5
121 79 119
35 86 750
82 192 256
97 51 79
89 74 464
158 137 607
105 32 194
187 75 173
50 81 165
157 184 443
70 56 211
57 86 502
52 69 150
53 166 245
73 61 543
63 73 288
103 37 460
1 144 256
33 145 841
113 121 925
153 40 383
38 169 715
148 25 598
70 153 815
68 101 560
169 65 647
130 154 385
93 133 791
78 71 355
23 139 885
39 25 427
129 181 516
22 187 267
182 32 961
73 135 543
13 12 784
188 127 661
69 131 36
133 163 989
121 16 118
112 38 604
62 103 514
69 185 233
49 122 566
77 121 85
190 53 507
62 72 191
65 73 119
20 138 406
97 87 799
51 37 963
19 7 640
195 102 10
201 16 466
118 189 584
128 185 714
81 16 550
182 43 817
91 187 843
139 38 340
116 151 455
97 27 800
90 25 680
139 9 843
39 107 798
18 121 536
189 7 209
64 33 944
171 153 730
22 54 139
173 125 890
19 112 367
119 39 271
34 145 471
48 163 878
117 173 910
139 141 729
69 45 998
80 73 93
85 50 371
28 190 546
158 85 393
83 101 26
181 178 244
139 120 833
161 133 49
137 25 827
101 99 589
17 77 382
27 19 158
94 113 695
149 124 982
52 15 448
114 101 511
203 33 107
18 103 952
1 186 62
11 66 670
33 101 919
79 165 809
53 123 168
187 107 677
79 49 862
88 66 270
19 119 370
94 124 954
107 9 476
28 91 794
91 166 554
103 117 549
103 20 4
157 3 25
58 67 186
23 185 373
29 181 275
181 57 254
137 91 549
147 29 615
73 39 122
133 157 303
127 66 713
30 37 952
77 133 350
5 33 742
179 77 512
22 154 742
77 7 793
126 201 841
123 17 318
166 127 838
94 112 495
129 30 163
171 51 877
191 36 192
124 75 529
148 166 206
83 171 10
187 172 886
149 179 516
109 61 7
143 85 439
100 147 771
176 145 338
33 109 93
114 9 537
171 41 357
73 106 110
109 47 717
39 109 266
69 29 98
97 81 919
169 188 752
99 80 105
124 26 759
9 93 372
48 188 176
124 91 228
178 95 993
33 105 479
133 193 538
89 50 730
193 77 799
200 85 916
7 104 318
113 62 166
79 65 8
61 29 171
104 103 588
57 193 208
177 130 467
157 161 638
112 141 871
87 31 671
128 189 61
14 193 163
32 181 621
16 192 715
12 91 241
86 93 89
10 16 214
151 176 494
41 52 211
187 67 327
181 130 864
112 193 27
185 124 422
163 46 481
136 79 371
78 139 585
157 101 551
28 33 561
176 53 103
115 131 368
201 177 590
184 151 317
156 73 121
69 163 751
21 197 229
202 70 723
25 141 857
180 18 886
75 158 182
85 184 642
36 196 239
108 5 939
26 45 591
5 201 203
45 8 683
11 165 745
135 187 205
181 175 924
140 200 854
30 57 152
96 198 450
162 195 110
43 21 597
185 172 854
101 118 67
185 55 557
61 194 945
119 37 977
149 155 481
7 173 93
119 197 626
135 127 210
33 161 530
15 172 991
179 153 947
40 172 751
29 107 743
97 18 779
101 131 488
35 147 871
22 86 795
38 43 484
135 129 494
122 17 343
153 1 319
140 145 840
3 9 386
5 15 557
154 24 710
178 163 485
79 127 280
172 179 565
1 81 91
113 79 687
27 80 939
139 197 868
54 189 98
174 182 631
25 99 49
80 47 206
34 144 629
39 143 783
173 4 231
141 50 138
97 13 221
126 88 383
193 183 704
198 1 696
73 96 214
118 185 584
31 141 986
190 21 899
14 103 353
201 39 275
148 1 553
145 106 387
148 133 982
112 137 111
135 158 869
49 142 986
119 126 495
177 119 797
63 145 665
103 21 463
2 69 193
201 190 135
76 85 913
117 38 258
47 91 203
1 158 893
85 106 362
64 17 479
35 169 624
169 69 996
126 160 71
85 186 942
91 84 544
100 61 98
157 155 831
101 178 519
166 35 93
97 58 46
137 108 886
92 113 610
88 11 183
94 192 283
91 34 862
63 139 980
31 98 99
153 184 711
149 61 299
62 149 776
39 81 585
141 152 42
125 146 713
25 172 983
7 12 594
105 79 187
65 69 570
200 5 115
202 155 348
49 93 690
18 61 98
169 55 410
13 115 875
112 25 756
86 4 330
49 55 317
193 20 664
75 142 895
23 171 296
81 129 560
49 187 609
179 133 723
58 129 757
140 161 552
148 157 894
77 41 932
158 145 398
83 9 440
200 67 970
21 189 987
80 13 879
15 110 574
189 22 283
37 33 559
181 21 660
4 115 669
187 108 915
105 157 232
116 137 993
201 52 442
80 130 785
25 41 524
145 46 999
122 69 17
171 17 574
169 193 739
105 69 225
93 189 865
73 42 24
202 139 692
9 53 603
19 193 565
126 106 773
1 151 833
195 201 198
129 114 177
153 187 376
192 173 802
45 61 670
1 150 489
193 110 676
88 78 948
7 160 838
10 144 937
27 137 174
117 61 841
109 90 272
29 77 469
86 139 557
173 25 314
61 165 297
160 18 144
192 148 42
129 113 52
138 162 340
178 57 728
115 133 691
1 41 280
157 169 3
186 91 94
4 143 350
117 7 561
61 9 782
200 28 688
48 87 377
199 33 250
15 93 839
4 160 847
16 157 799
47 7 630
197 65 719
155 103 257
95 194 80
178 18 254
107 133 442
155 26 324
3 117 125
38 145 540
43 14 847
165 49 740
141 128 703
183 158 136
61 130 627
169 186 34
187 93 932
3 49 91
166 31 927
41 185 374
147 163 980
126 104 369
17 44 942
111 61 419
31 121 650
81 182 730
103 11 399
137 147 486
45 85 994
131 160 504
88 155 340
189 141 825
169 59 617
113 97 309
30 76 117
113 7 279
153 30 826
157 26 226
73 176 982
203 37 104
53 49 283
160 48 463
17 10 216
123 157 244
110 17 318
139 81 54
133 105 161
153 132 832
106 93 548
52 23 610
201 82 98
3 148 195
65 154 976
90 202 654
111 121 353
121 43 160
173 151 212
135 121 584
61 101 547
185 37 925
156 138 980
162 66 778
139 19 396
165 95 285
108 203 562
43 161 888
7 55 965
52 119 496
141 203 338
28 124 837
134 184 786
33 9 550
45 175 78
107 38 572
137 172 738
134 15 149
145 155 147
42 204 83
41 173 106
15 173 161
87 99 264
151 130 737
97 90 720
25 197 834
93 46 993
78 73 436
73 157 576
166 83 543
163 171 605
198 20 665
40 157 853
76 25 376
133 21 471
121 10 917
7 188 729
111 40 305
134 52 650
131 16 571
49 77 899
189 68 257
146 21 823
82 202 718
120 77 209
152 163 841
91 199 220
137 166 986
149 74 305
25 179 28
153 109 716
30 105 894
45 119 703
142 165 555
5 140 736
101 125 755
104 83 194
111 116 342
21 95 130
13 184 676
29 135 984
171 160 702
53 19 680
194 173 669
57 45 475
73 52 617
106 125 383
55 120 418
74 25 94
41 145 869
49 70 177
28 107 722
43 117 83
79 52 316
127 136 268
102 154 158
97 157 640
9 95 66
60 25 699
96 58 982
146 176 341
90 85 864
37 156 333
61 35 811
81 131 221
176 120 450
149 70 900
144 69 104
135 201 450
149 161 178
107 57 264
91 133 989
203 113 980
59 83 677
41 66 570
81 128 452
101 112 101
145 134 831
160 133 415
137 201 436
3 17 279
119 133 869
18 185 720
137 62 857
175 117 214
152 130 832
161 151 443
149 177 99
163 103 498
186 27 214
191 69 789
160 79 992
74 117 799
190 138 42
154 159 87
95 117 819
175 88 964
88 181 191
149 139 974
151 186 381
48 73 950
54 31 205
31 59 55
59 189 646
175 54 1000
111 181 412
151 189 687
155 118 23
193 91 951
187 178 609
151 196 46
172 1 781
33 140 100
167 2 101
33 172 138
169 61 650
9 163 519
19 31 374
193 31 897
17 85 141
181 40 233
189 1 187
145 163 44
117 119 603
119 65 166
1 109 357
157 31 849
10 90 556
28 83 264
137 157 28
13 88 458
57 6 336
17 4 688
145 160 692
29 88 943
141 137 575
25 126 508
1 160 760
133 1 726
193 4 548
190 101 777
136 186 948
159 201 539
136 25 920
88 93 407
133 36 269
141 63 571
120 97 932
201 73 758
97 70 913
1 53 962
44 55 542
115 51 327
11 57 787
64 171 299
37 5 560
161 173 459
135 169 7
173 199 271
169 117 316
133 125 485
188 131 117
141 180 132
25 6 879
121 72 189
181 189 316
7 97 150
157 25 362
156 120 3
151 171 478
169 77 663
106 188 349
145 15 860
162 28 249
134 190 935
174 73 977
116 156 80
184 61 982
55 165 440
132 187 690
193 2 222
10 94 829
14 160 750
107 183 212
54 157 293
94 87 727
195 11 671
138 65 763
121 82 224
145 124 599
71 41 784
76 187 53
43 137 24
13 44 521
103 186 59
68 49 75
187 197 508
112 151 158
46 84 680
95 52 245
103 142 14
131 37 232
135 39 756
184 37 906
49 145 15
135 20 321
105 203 57
19 82 732
183 49 30
36 130 757
13 154 447
7 181 66
93 57 731
22 139 907
157 149 155
169 181 720
119 16 675
115 18 624
13 121 556
143 27 270
154 70 543
150 76 143
64 4 604
85 62 372
131 175 308
52 139 209
150 145 580
13 203 144
202 37 232
195 109 707
102 196 316
11 51 123
157 178 99
151 80 590
81 169 541
159 115 854
136 77 587
44 121 380
103 192 510
83 22 620
196 193 199
44 158 15
201 97 576
171 13 360
32 198 638
137 79 339
165 123 852
97 44 292
55 67 48
100 160 1
69 172 635
166 178 293
80 97 24
192 158 60
119 106 725
171 143 539
145 137 794
128 109 57
52 169 320
80 68 463
123 177 481
61 103 858
168 137 625
32 13 547
1 34 850
64 188 31
146 53 840
165 29 983
177 74 451
73 83 47
39 187 681
184 164 733
119 31 562
157 168 85
13 16 92
164 93 26
94 133 828
87 39 722
44 125 297
52 172 809
25 91 20
53 121 289
162 125 867
175 145 202
180 118 811
15 53 172
17 103 925
123 145 473
101 128 973
37 159 845
27 199 185
113 102 566
201 91 903
23 151 913
99 69 954
95 27 728
45 86 889
145 154 938
141 148 753
171 63 241
172 133 16
66 187 350
200 104 736
102 133 820
105 19 124
25 32 202
67 121 540
176 5 676
145 177 715
29 4 62
145 55 729
195 85 807
12 155 227
173 183 823
43 56 493
77 21 523
182 199 576
41 169 711
127 121 760
38 1 751
21 30 365
8 43 262
48 49 362
133 195 143
193 195 679
149 107 577
137 13 430
129 17 530
173 146 870
109 100 599
177 73 661
105 5 732
13 65 220
161 141 722
135 103 625
9 104 284
121 151 921
153 155 505
7 193 749
129 164 78
49 90 246
119 142 768
85 110 164
59 66 481
130 171 340
19 13 847
186 61 37
202 34 937
18 124 524
100 49 313
158 10 571
103 7 605
4 172 521
165 176 902
141 146 318
74 22 39
195 9 523
123 96 966
77 130 963
99 185 475
179 5 477
86 97 210
1 113 229
13 25 717
69 157 533
195 203 3
103 31 76
119 72 187
133 109 20
131 58 43
198 115 828
74 1 157
109 126 900
73 79 656
142 109 405
190 1 680
171 25 59
167 49 509
58 118 302
9 113 283
141 120 389
24 103 22
137 85 477
197 194 924
75 97 26
21 5 265
38 174 803
175 183 258
22 63 676
85 169 598
17 127 244
81 25 742
177 173 428
17 91 873
111 23 401
91 117 610
49 1 956
125 175 440
200 111 600
13 123 247
4 105 522
151 180 769
148 104 165
42 169 992
52 185 684
184 129 951
69 152 32
5 76 910
193 72 115
60 177 863
46 52 374
130 139 555
85 52 440
187 133 288
133 41 381
156 166 254
187 25 493
72 34 756
199 36 848
141 102 956
9 77 914
91 120 400
197 73 744
10 97 164
137 55 468
142 41 596
167 123 402
171 189 985
79 126 21
69 27 685
134 103 491
153 77 835
31 81 555
93 125 543
185 34 432
155 14 820
25 190 140
2 52 280
92 50 407
139 99 334
142 3 272
7 140 871
45 60 619
45 109 903
24 61 474
1 119 965
23 155 964
133 88 795
43 135 570
148 98 690
35 30 763
41 59 449
91 161 543
200 147 703
5 142 718
200 56 232
117 17 377
80 181 293
46 37 740
52 100 571
5 53 793
1 94 798
195 77 821
113 193 982
69 1 281
9 49 129
202 141 581
139 6 34
43 170 338
41 46 680
45 73 674
22 111 771
1 15 323
49 78 400
189 26 685
131 157 635
53 133 820
173 153 317
144 49 692
88 145 407
48 102 931
68 35 285
175 176 143
64 71 209
165 163 399
170 63 247
81 133 198
82 50 93
107 18 964
49 10 786
107 73 203
150 169 252
193 17 866
130 1 243
135 139 445
55 161 373
123 150 892
185 49 201
14 159 847
145 161 182
123 88 882
193 43 592
108 63 759
86 85 695
142 1 94
101 57 225
200 65 500
166 106 213
5 48 339
69 154 11
37 188 809
201 56 601
61 123 287
93 82 666
125 85 861
184 161 861
161 175 852
65 165 177
82 51 1
47 61 550
116 139 71
11 97 800
78 187 861
118 169 70
137 71 367
181 148 892
49 107 999
49 139 351
190 40 614
107 105 337
191 133 744
71 119 971
1 106 906
133 25 864
161 9 368
65 142 237
145 76 442
111 115 24
168 38 275
115 152 258
180 169 424
44 89 121
41 44 342
94 169 550
133 178 375
93 151 865
133 145 73
173 3 190
31 156 800
113 158 42
197 103 725
108 121 62
127 141 570
100 69 969
49 131 64
138 159 222
17 168 953
151 195 21
78 143 901
148 97 914
137 117 700
184 203 21
55 176 68
55 37 262
144 142 74
103 116 750
114 180 988
157 22 185
134 35 255
162 153 385
154 121 502
38 181 544
28 53 996
125 72 128
178 82 100
58 154 78
76 57 968
176 65 820
53 77 215
25 43 135
163 40 676
21 152 801
181 93 746
201 3 744
119 43 364
79 19 831
61 138 445
85 4 63
16 175 813
138 155 316
154 125 349
8 125 716
70 81 437
137 28 644
25 118 896
115 31 73
159 64 585
148 49 910
133 61 888
137 165 982
183 145 451
23 73 799
194 52 953
145 196 4
143 190 510
199 169 920
85 161 670
189 134 669
133 9 866
43 22 374
12 88 7
105 153 792
1 86 440
32 97 817
30 41 225
120 175 368
48 200 388
67 149 834
105 160 916
173 181 101
29 9 666
154 133 866
25 101 322
168 45 69
160 203 143
77 189 504
50 151 587
191 115 577
133 108 164
187 166 412
11 85 118
120 187 728
59 132 982
163 188 665
109 18 681
25 37 725
196 79 953
195 67 790
11 69 424
40 128 462
175 195 904
15 166 277
145 26 446
136 121 413
153 89 586
25 31 860
71 89 101
190 130 363
153 6 608
133 117 328
33 120 673
123 73 4
76 69 764
117 73 167
15 187 582
105 185 938
204 7 166
29 98 804
2 105 782
4 104 105
204 69 71
198 61 727
58 198 509
97 196 179
181 81 829
19 191 289
106 90 23
28 157 952
119 33 840
167 64 436
16 20 513
73 160 251
106 186 946
25 80 187
193 187 814
64 18 407
123 186 140
70 113 106
3 33 98
202 172 811
116 169 22
52 17 571
60 107 192
113 10 593
106 24 890
200 112 123
90 181 670
142 185 948
13 9 888
127 11 652
77 39 401
97 17 144
132 160 98
27 67 736
146 61 675
41 9 748
61 193 4
195 179 881
50 197 595
6 184 86
85 87 220
54 49 965
113 29 869
87 92 489
116 67 887
31 172 666
31 39 671
12 112 339
139 174 657
175 42 136
149 96 718
85 1 455
90 158 658
53 23 729
11 61 228
92 137 848
19 37 357
67 93 41
73 100 911
187 158 378
67 117 718
130 121 66
101 29 646
69 110 337
85 69 564
193 125 724
111 77 8
86 60 503
188 134 553
13 119 558
91 103 294
25 35 684
57 133 673
100 18 889
23 157 208
175 23 283
145 203 655
65 5 183
127 159 863
183 161 929
161 139 223
11 193 941
173 94 246
1 191 690
1 91 575
121 80 870
55 25 822
43 101 904
184 154 10
106 131 637
197 52 409
100 182 164
190 46 100
115 169 968
182 187 2
161 23 482
36 109 323
92 41 381
77 201 684
51 49 169
11 55 550
19 2 346
185 111 299
71 23 458
192 73 308
127 101 126
116 155 24
117 44 396
117 83 208
166 76 114
45 201 511
86 9 55
180 1 458
130 68 914
38 75 747
91 145 570
193 18 866
135 57 973
124 98 292
149 101 52
138 17 225
85 132 33
25 121 50
155 86 897
11 188 508
187 58 185
109 59 232
31 151 534
20 121 759
41 99 807
1 83 659
52 198 128
199 135 103
127 108 172
86 31 71
29 195 278
117 130 768
19 140 1000
89 46 594
166 99 249
7 63 534
94 121 739
85 83 23
87 181 750
103 127 511
195 93 856
5 1 68
202 113 804
118 114 652
179 93 920
41 197 238
135 145 739
189 177 911
49 97 756
117 190 501
197 99 827
73 90 446
48 143 452
15 40 384
57 61 606
159 195 787
64 42 505
120 105 671
159 177 415
115 136 348
144 133 874
189 129 351
61 89 170
182 83 225
38 179 242
124 125 976
79 175 919
199 146 656
153 28 246
4 6 84
53 93 204
64 93 64
187 104 975
77 57 838
177 109 757
45 131 87
125 156 500
169 48 544
77 61 569
137 4 504
194 196 739
77 109 211
73 43 857
186 124 452
100 133 411
93 52 785
52 123 966
8 145 854
15 59 386
25 61 238
34 193 726
13 197 456
97 83 194
165 129 161
120 16 316
39 72 385
166 120 989
167 109 10
91 85 138
162 137 625
159 182 730
169 60 664
111 93 762
7 41 327
132 149 884
53 149 465
10 65 451
3 103 356
159 190 410
28 45 373
67 61 302
139 30 976
187 196 323
145 157 410
26 199 549
58 181 92
19 181 608
193 21 43
190 52 36
113 169 937
17 130 766
25 52 661
141 106 410
141 79 627
35 157 781
173 193 807
151 89 53
65 82 483
117 136 785
166 5 314
3 175 294
16 189 524
121 75 191
63 109 10
10 29 928
53 196 45
47 8 603
178 6 141
171 54 563
175 196 674
94 119 250
50 13 169
131 142 854
37 59 828
98 157 255
193 155 108
19 17 119
167 72 966
103 74 497
176 61 48
139 77 399
68 79 546
120 40 368
178 35 20
23 136 473
97 127 92
57 171 190
83 179 872
40 25 876
202 38 284
196 85 578
184 145 291
198 112 434
82 112 468
85 139 535
103 59 654
177 99 358
199 175 492
13 126 558
201 113 837
203 9 429
160 186 289
78 128 530
100 78 657
117 2 299
18 155 92
167 187 686
56 166 98
153 37 441
163 157 704
124 70 437
141 101 971
110 7 789
7 123 721
189 153 322
5 146 179
132 95 577
148 117 115
73 199 881
136 141 223
15 165 436
18 165 89
7 109 724
65 78 124
10 174 259
133 139 602
70 192 575
60 203 408
125 182 869
2 141 475
185 47 582
152 31 307
137 106 39
76 115 480
115 11 662
145 139 846
43 181 864
1 182 332
163 39 175
154 31 953
72 113 45
141 61 967
204 195 694
1 102 265
47 69 100
101 9 33
131 4 162
10 171 781
162 57 41
165 67 989
200 103 223
192 45 8
12 61 540
181 13 726
117 204 986
200 43 777
2 146 125
169 1 104
74 121 30
14 60 364
19 177 431
137 88 330
19 5 912
203 121 85
124 58 39
25 202 557
89 40 969
25 16 23
69 120 935
117 58 643
174 69 689
110 101 28
7 88 115
171 109 448
16 103 440
1 163 664
9 110 382
74 84 585
154 129 831
100 116 251
143 129 841
106 133 40
31 194 488
49 16 657
189 202 151
99 53 555
151 94 531
49 57 995
31 169 48
97 52 182
53 193 525
147 148 896
82 100 171
47 20 925
29 43 194
94 203 487
127 174 733
201 98 860
111 183 676
163 186 758
61 153 52
169 141 651
159 103 597
96 172 458
54 147 495
183 181 870
83 111 754
41 115 182
190 168 839
115 199 11
141 125 676
177 92 796
184 202 606
191 137 625
117 200 858
191 92 878
132 125 388
124 45 469
139 44 935
49 91 306
32 69 697
10 109 75
101 7 592
144 169 661
33 181 373
81 21 661
109 49 479
85 115 609
112 56 79
185 163 761
4 97 917
53 165 901
73 136 915
109 151 514
158 25 678
37 36 162
80 182 682
1 129 989
113 133 621
7 108 115
55 193 833
113 151 477
63 115 452
181 74 403
11 190 624
42 11 132
171 193 417
199 168 665
71 102 526
202 122 890
118 3 177
83 107 16
17 49 398
181 101 55
163 13 668
6 129 594
153 158 476
147 88 468
23 109 223
13 48 330
77 140 693
112 113 665
31 113 730
89 27 586
24 55 375
7 134 920
41 70 116
93 176 838
17 145 832
68 115 591
76 133 930
117 192 41
71 1 881
164 40 679
32 187 319
65 75 840
103 177 839
101 129 979
17 50 159
49 82 288
200 21 998
161 79 773
79 139 645
48 56 214
93 74 135
59 113 422
37 198 98
77 4 915
177 128 76
118 52 809
125 75 291
76 92 309
171 157 847
104 87 7
189 88 63
178 49 224
121 73 443
92 123 89
134 127 500
36 141 965
137 192 754
142 93 494
99 186 480
77 43 818
20 21 659
150 73 844
166 133 843
45 37 659
110 95 852
108 71 618
11 117 982
130 169 303
31 17 392
103 126 603
103 86 131
26 57 772
52 152 547
117 199 510
73 22 131
46 119 122
115 201 926
47 188 677
103 115 952
62 37 987
13 131 469
161 118 251
129 191 765
10 45 512
171 85 286
5 27 772
42 81 827
9 102 804
108 83 915
117 179 547
101 132 973
52 133 587
185 102 996
77 157 732
37 189 998
194 3 190
185 115 917
57 10 530
105 76 691
118 146 544
70 43 452
6 191 398
81 29 837
10 181 341
21 85 927
198 41 684
49 150 924
129 37 995
129 60 934
169 95 596
40 22 883
193 129 586
177 126 143
13 33 896
58 127 596
77 67 424
98 149 226
10 201 253
113 145 499
40 63 398
67 2 440
7 65 629
146 121 20
178 73 768
81 82 878
142 23 634
51 116 162
9 170 545
22 165 947
177 1 228
120 80 998
84 142 129
100 122 79
163 45 705
81 124 366
160 185 354
93 196 229
202 27 340
141 192 541
192 37 597
129 112 164
67 159 622
163 61 165
94 172 109
77 52 109
16 128 470
166 153 220
68 6 217
159 19 742
65 199 344
202 52 326
91 172 571
157 52 108
199 203 653
53 203 136
35 7 65
94 152 450
102 202 370
87 111 121
133 34 619
25 165 511
75 137 256
97 93 519
31 53 454
159 124 330
169 22 604
133 140 731
5 97 24
81 105 59
5 8 905
185 133 949
35 40 271
18 73 839
43 87 343
61 145 286
149 93 340
21 61 264
14 54 533
97 85 207
183 169 431
55 190 469
95 37 391
181 96 522
103 60 925
142 59 354
73 5 560
142 58 743
124 5 459
17 78 8
111 1 293
68 133 67
23 27 86
137 34 834
127 169 189
19 202 778
201 67 198
89 155 418
157 117 705
71 101 351
89 105 348
73 97 681
72 182 836
10 177 25
167 7 640
136 28 333
102 190 878
34 103 143
199 162 846
61 31 162
27 90 676
151 157 34
55 195 884
59 193 197
127 55 269
193 82 709
161 61 849
101 183 271
59 133 325
149 37 170
191 175 217
73 27 10
94 33 288
194 73 597
202 185 404
195 121 796
166 57 635
109 135 206
172 145 323
115 97 712
33 75 151
183 79 49
66 136 101
55 101 17
164 61 623
185 51 549
30 151 611
113 64 183
130 13 874
55 130 36
176 88 972
13 95 11
43 195 522
177 178 84
21 137 678
1 51 875
130 193 388
101 151 914
68 91 509
85 5 606
31 165 953
118 164 651
115 164 885
178 1 67
177 89 770
19 131 716
181 66 809
88 47 936
199 190 231
111 195 138
81 61 68
185 100 737
193 146 614
1 195 57
64 185 842
173 73 641
159 136 788
92 117 209
61 43 370
28 189 76
186 86 515
31 175 671
127 138 847
116 184 678
169 96 723
102 157 647
82 69 194
136 146 607
39 117 684
61 17 571
169 17 853
2 111 765
109 159 480
92 203 327
89 173 289
142 17 945
181 196 684
179 178 834
159 55 320
97 47 447
151 10 647
49 202 818
24 179 958
157 7 177
156 169 298
127 35 12
113 179 909
53 169 787
76 9 882
114 120 600
3 88 385
1 57 859
160 187 511
199 4 164
148 167 382
34 169 682
91 135 965
177 21 917
99 127 96
187 177 651
126 127 628
103 1 521
64 151 612
52 19 807
198 87 974
79 181 245
191 76 540
195 153 571
195 61 510
24 95 768
175 187 737
199 167 178
22 109 582
181 139 392
173 97 796
141 175 868
115 83 940
50 174 956
156 60 424
202 89 343
189 35 488
34 181 222
58 48 405
76 200 534
190 33 106
122 103 32
186 58 265
124 129 204
31 85 964
70 40 998
191 128 328
101 49 425
7 33 221
18 45 9
34 46 296
161 18 451
80 165 533
47 51 359
78 125 25
101 171 23
137 52 256
79 37 741
28 63 642
39 178 636
24 145 768
198 89 918
79 27 666
162 14 806
161 186 805
105 142 339
145 94 288
140 172 855
3 97 220
4 190 480
45 72 461
136 160 259
96 13 75
171 70 204
194 181 970
73 36 76
163 44 467
3 27 896
139 5 116
147 67 501
154 82 996
29 166 688
21 176 197
69 21 70
99 13 288
103 96 528
61 128 417
72 70 538
184 137 462
35 31 381
17 165 397
23 137 982
84 106 969
131 150 355
111 13 937
105 111 140
73 69 693
25 28 16
154 199 183
112 87 525
6 21 726
169 75 689
29 66 865
78 203 350
114 107 724
58 1 10
113 89 749
166 109 790
92 89 252
41 204 526
193 203 968
85 24 609
129 28 17
145 201 618
196 113 390
115 134 692
97 126 400
131 151 518
109 149 669
36 181 509
178 173 200
202 7 725
187 169 146
53 71 37
149 13 979
21 201 571
184 109 254
40 143 178
133 158 933
109 95 251
35 185 574
21 145 209
121 125 681
157 49 66
73 58 210
1 121 277
193 166 890
90 161 189
133 16 636
4 174 491
178 202 130
117 36 709
175 184 671
140 179 631
105 52 878
185 1 262
60 144 728
13 43 4
25 188 62
201 197 2
175 29 12
53 188 486
61 97 73
166 88 213
51 201 814
72 61 274
35 65 623
187 137 340
180 73 548
193 116 384
105 62 384
28 105 711
130 79 706
16 137 422
32 22 793
95 186 738
34 172 369
179 88 667
160 43 940
95 31 886
19 85 449
21 111 984
70 151 941
203 69 172
43 115 296
197 91 611
191 139 705
13 109 493
93 184 848
183 81 348
135 61 498
76 177 557
33 200 964
129 147 173
37 90 214
135 175 694
51 144 108
2 49 825
140 37 758
153 134 342
95 35 29
107 139 375
64 3 440
181 157 470
109 74 605
121 182 334
49 103 803
37 64 735
10 61 499
148 121 305
129 73 776
57 70 652
71 189 782
33 175 727
46 148 559
1 122 547
86 73 192
161 135 746
91 185 157
179 32 588
74 29 166
59 146 722
160 90 963
58 79 668
193 60 319
121 123 433
100 80 290
188 151 422
86 115 514
93 65 476
15 157 271
95 73 163
128 103 187
69 91 929
63 45 22
23 103 9
51 35 80
49 66 772
142 157 482
53 105 995
193 74 36
88 22 128
123 71 828
88 157 445
67 1 16
7 31 836
10 202 885
173 109 374
31 160 993
131 193 389
109 199 421
89 81 231
6 77 883
181 94 781
199 37 742
40 166 726
199 69 155
69 187 282
28 17 496
111 90 58
121 59 301
9 189 672
22 77 82
35 34 295
34 4 796
102 105 976
31 149 586
119 195 215
34 20 720
58 100 217
121 177 630
39 203 363
49 171 698
25 201 234
145 103 58
109 139 627
114 73 308
198 95 82
203 28 856
86 99 98
85 147 611
115 101 50
118 95 219
100 16 511
47 177 976
199 131 835
57 109 155
41 54 29
154 85 831
129 25 896
86 133 560
85 168 667
50 149 521
160 34 513
150 189 142
20 183 137
102 163 909
115 45 605
55 57 117
55 117 382
58 49 895
40 115 809
57 169 81
7 139 589
86 193 485
146 76 875
161 178 959
156 97 969
127 59 600
10 133 894
87 115 437
154 100 72
167 181 241
157 55 396
87 7 800
201 33 926
45 127 207
25 21 852
15 58 549
115 70 779
21 121 987
45 135 604
113 161 742
19 61 723
139 94 3
101 120 754
149 69 431
19 103 995
180 193 863
48 190 61
145 193 132
43 49 208
21 4 756
43 149 344
163 158 701
159 187 328
13 200 677
141 69 459
118 100 556
32 57 646
181 26 613
16 173 355
144 37 626
97 66 553
191 185 359
163 202 249
139 171 948
178 85 378
179 112 119
140 73 455
133 71 305
49 177 86
29 123 543
75 83 892
14 156 831
116 15 105
15 46 361
188 190 808
185 146 964
138 13 78
174 151 272
42 93 743
193 119 679
113 49 800
193 164 237
103 94 272
73 169 384
4 91 144
5 117 836
13 27 551
97 30 405
90 22 242
151 79 852
87 129 206
61 115 451
151 124 706
175 129 722
24 87 588
138 203 976
187 189 176
120 5 35
6 95 923
95 70 834
18 166 966
147 47 702
61 62 405
106 154 149
163 10 99
181 145 988
109 125 744
60 106 784
117 197 505
40 69 36
107 164 210
147 16 337
43 187 670
73 196 51
174 37 701
76 153 57
120 9 506
92 200 805
85 89 871
160 137 593
85 174 744
116 142 599
127 177 845
55 109 972
34 118 601
5 193 369
187 55 547
9 149 729
91 159 34
188 105 59
201 23 191
173 159 579
141 87 341
89 79 949
90 187 940
131 93 549
35 190 395
181 156 60
51 190 286
49 161 966
182 160 299
97 149 332
98 129 173
74 41 217
178 33 735
199 61 695
12 1 395
200 57 680
201 151 790
198 97 707
59 119 298
31 77 739
185 61 547
15 41 921
67 154 323
187 1 280
150 69 215
131 163 618
187 123 419
93 169 584
151 165 75
75 17 79
201 121 854
61 132 14
149 19 40
89 169 46
64 197 454
99 163 416
91 77 93
144 164 532
10 55 815
142 68 618
122 196 391
149 41 622
127 42 503
106 54 960
93 100 320
167 83 444
69 6 775
73 108 240
50 169 275
98 35 949
155 121 864
187 155 992
25 183 452
105 49 665
68 113 350
96 36 497
133 78 430
135 117 71
161 58 651
193 27 447
44 51 825
34 81 759
73 31 157
169 136 644
99 59 797
162 131 42
157 11 57
79 74 663
83 4 696
18 31 143
182 27 370
5 148 876
57 113 616
144 9 646
61 137 225
184 107 741
1 6 156
17 191 356
17 125 916
22 137 760
139 45 151
170 30 218
32 12 759
125 89 33
127 196 667
70 150 459
89 45 292
125 21 777
91 170 38
98 37 609
113 197 846
85 199 758
17 200 219
97 101 550
46 90 7
145 99 4
197 149 253
127 145 263
13 74 17
148 154 738
52 164 114
127 128 410
61 27 642
57 182 912
189 97 717
19 63 427
125 55 521
30 140 262
148 115 380
75 67 271
154 193 551
157 4 291
65 46 512
21 203 481
188 1 329
76 43 74
137 118 805
80 203 713
121 165 171
1 18 305
181 67 732
192 118 397
27 138 765
7 153 487
136 172 596
129 136 682
49 81 963
162 99 664
128 135 955
43 88 318
168 69 760
25 166 619
157 38 664
143 31 635
18 177 983
94 115 924
5 10 342
193 162 270
179 85 729
118 73 761
179 139 535
169 97 809
75 35 70
91 73 916
151 99 356
75 85 988
193 45 76
40 149 859
193 188 886
137 53 616
107 101 663
161 185 297
173 21 114
37 57 878
38 99 323
53 157 134
25 23 704
12 26 164
57 106 243
79 29 221
7 150 357
1 108 97
21 19 864
89 163 814
143 73 69
187 77 897
153 9 398
115 174 144
103 82 47
106 147 759
81 79 343
197 160 2
101 34 571
156 187 371
175 6 517
86 145 751
19 152 592
151 52 269
37 133 659
143 97 662
167 22 336
167 97 142
127 163 104
143 52 1000
97 8 694
94 196 779
94 136 593
190 145 733
104 55 694
65 183 790
50 62 720
37 11 306
159 21 818
190 64 770
64 165 67
130 63 364
127 105 459
35 191 61
169 91 550
171 81 837
49 163 292
76 185 760
154 118 14
117 167 286
200 105 842
115 58 141
45 187 594
87 151 939
184 181 32
115 37 135
200 107 892
84 57 290
154 18 987
170 193 42
195 173 484
115 47 692
36 29 884
43 103 106
109 17 805
85 172 846
173 79 125
27 43 132
121 98 924
113 160 580
85 94 603
5 49 791
15 91 261
95 152 841
118 31 368
6 112 770
163 78 757
10 69 294
74 136 446
9 175 423
66 13 549
107 85 441
109 88 112
41 163 82
105 99 659
85 122 660
46 157 394
100 169 681
169 33 747
124 190 79
141 67 77
93 193 853
64 125 450
203 81 684
175 46 7
88 49 148
169 178 342
182 173 570
147 177 963
121 122 546
118 162 40
136 106 736
124 100 886
45 53 893
135 67 495
201 111 347
35 67 738
81 12 448
100 91 995
200 3 843
25 1 781
57 48 175
180 85 912
99 137 827
173 8 549
141 163 940
121 202 725
103 41 120
1 54 305
103 54 280
35 120 350
29 146 898
191 199 252
57 122 888
133 73 304
73 72 317
53 68 287
57 157 475
1 161 747
117 189 529
148 62 579
89 122 167
197 97 911
137 197 498
69 128 745
10 132 90
127 74 975
109 122 516
182 119 918
115 188 302
164 137 894
164 19 840
63 177 478
164 23 726
31 133 221
203 124 337
63 193 726
142 183 241
141 154 463
85 185 559
21 102 295
33 19 588
89 59 985
109 34 146
189 99 562
45 31 246
188 79 7
135 12 962
120 127 859
67 39 937
136 151 716
143 127 883
135 92 750
71 116 913
127 125 35
1 146 620
40 145 163
22 138 680
106 5 63
21 79 514
70 187 661
89 65 320
26 17 741
199 161 672
51 133 622
33 87 69
141 193 752
155 77 394
157 62 624
18 49 294
15 152 198
89 187 249
154 103 802
147 153 541
111 109 92
155 51 754
108 166 465
102 49 804
200 79 172
63 61 24
23 112 762
197 17 666
76 13 104
25 18 318
119 199 660
195 40 482
136 49 565
93 55 890
27 179 32
18 17 239
129 47 275
21 22 36
146 65 127
112 174 271
103 158 481
88 144 760
124 52 207
184 133 476
201 167 936
165 172 951
105 179 632
31 171 187
149 111 915
187 201 491
169 179 170
178 193 358
129 185 266
191 57 185
202 133 824
23 163 221
64 31 73
148 156 937
13 92 941
43 179 77
14 79 921
63 105 56
73 179 900
67 96 354
113 147 314
169 37 125
103 169 150
127 49 625
51 122 287
113 27 312
85 59 884
60 1 704
84 87 712
25 155 553
85 73 131
204 71 501
203 102 363
43 183 495
65 9 541
88 129 791
144 145 250
186 93 618
148 161 650
2 197 537
46 202 260
155 101 433
61 154 910
145 136 939
112 124 637
86 63 167
185 135 249
46 178 862
195 138 332
167 154 848
15 55 466
172 125 791
19 41 749
64 29 173
85 34 219
169 139 980
16 46 929
85 163 99
58 201 904
54 37 950
19 8 692
102 171 532
13 22 199
152 177 979
22 79 777
201 181 42
58 143 551
154 172 757
145 179 501
163 194 995
51 105 398
89 97 860
105 198 983
114 12 20
183 37 397
85 37 180
27 134 449
58 70 212
100 172 442
115 33 999
86 51 660
175 192 975
9 122 760
115 196 833
183 103 991
10 42 915
51 61 849
171 135 724
132 46 186
172 21 688
139 95 567
69 22 123
82 117 333
26 190 212
181 104 122
197 133 26
108 85 78
166 93 141
173 56 268
191 97 519
46 45 618
66 94 17
91 181 477
181 95 388
83 13 498
153 45 4
103 131 369
55 121 946
27 41 748
76 91 601
96 157 187
172 41 744
184 55 385
4 203 253
103 5 591
19 39 305
49 31 822
117 30 262
121 86 556
6 103 559
129 133 202
164 148 902
71 7 657
95 171 116
194 33 202
157 191 136
112 43 517
101 202 40
156 103 322
105 172 870
92 187 704
53 130 290
187 79 209
173 128 113
132 93 855
73 75 464
163 77 28
191 196 972
121 32 313
93 138 22
118 115 432
94 38 892
191 201 52
175 139 635
133 28 140
199 106 25
193 144 174
10 25 811
65 128 676
191 21 158
43 151 762
128 197 470
131 66 277
118 181 91
5 25 367
196 137 604
52 142 526
28 14 880
77 175 909
126 63 701
9 190 724
161 77 841
18 116 277
199 11 66
86 41 537
127 139 739
173 53 408
174 147 712
33 49 948
79 171 42
193 151 125
175 64 974
111 179 53
23 149 677
165 154 515
67 156 493
94 37 718
172 132 168
187 145 130
26 161 738
107 69 646
14 179 575
41 51 795
121 204 720
1 2 864
136 155 141
90 168 294
91 149 44
198 160 184
65 67 50
185 112 727
173 123 968
131 147 653
18 117 196
193 16 812
18 176 623
19 121 523
153 193 385
127 161 918
119 155 38
97 136 793
173 163 863
37 137 106
157 42 148
64 25 821
197 49 579
67 129 959
61 79 417
149 16 66
28 85 89
194 172 488
109 3 252
200 1 480
188 162 518
131 123 891
33 129 856
44 85 576
167 35 467
91 52 443
30 143 672
10 136 716
25 163 284
7 165 307
29 59 83
43 142 633
63 197 606
190 97 539
186 141 519
40 13 744
193 172 573
55 9 72
95 135 629
157 30 252
99 198 618
151 141 963
52 70 673
93 175 601
148 19 250
49 198 673
195 65 790
93 75 287
105 67 727
6 169 681
69 153 303
166 136 583
164 151 25
90 98 189
57 17 706
87 62 182
101 165 15
154 17 223
80 137 509
86 153 313
9 69 252
177 53 892
13 120 568
40 73 348
105 27 278
79 133 95
29 161 94
124 95 432
26 36 854
178 84 464
43 143 953
48 7 172
1 202 17
79 35 809
153 121 458
161 96 915
128 125 377
176 111 853
161 47 276
40 169 642
97 31 553
37 1 549
3 130 619
75 133 15
10 114 163
32 33 738
129 190 378
100 76 604
70 47 263
159 153 453
112 58 353
166 48 826
1 35 653
133 85 630
69 184 228
202 55 635
147 37 945
78 115 523
97 98 467
58 196 475
94 179 811
189 20 595
191 162 758
96 79 554
108 198 304
204 52 164
130 97 195
184 200 941
25 167 674
131 197 601
181 70 819
76 152 547
27 83 567
145 141 338
72 74 712
127 190 494
190 107 30
101 14 490
130 16 262
81 176 923
45 30 221
197 16 353
73 57 786
119 82 761
10 77 220
28 103 576
175 147 148
102 175 488
104 73 876
148 191 274
11 28 541
31 102 420
158 8 59
43 131 871
12 11 76
33 125 557
19 109 254
167 77 955
133 141 353
166 41 514
60 131 889
43 147 924
200 189 645
12 33 574
87 187 301
149 54 701
25 113 874
97 164 392
137 105 758
8 76 305
145 186 30
97 124 375
105 65 427
167 19 554
52 117 171
147 159 281
95 133 716
75 69 693
201 157 694
88 40 59
21 120 868
7 163 202
65 203 997
199 39 467
41 73 243
75 13 604
65 145 219
2 190 495
127 149 173
55 201 513
69 171 188
94 67 123
133 3 801
7 73 737
73 34 260
17 23 453
52 75 821
132 186 697
201 133 179
4 139 740
33 163 506
13 70 949
16 161 632
197 126 354
162 53 955
25 94 92
25 135 652
9 27 203
73 37 934
114 92 846
177 82 514
62 175 653
199 57 250
85 51 570
181 5 301
10 199 474
167 94 41
100 106 14
28 159 778
140 201 840
109 83 898
185 97 577
158 49 733
84 201 915
11 80 219
54 89 861
197 181 454
6 197 67
132 20 719
119 148 791
41 79 481
121 56 223
69 155 469
158 148 93
5 109 305
138 40 409
53 30 407
201 180 407
199 75 153
20 109 3
27 133 701
93 73 809
58 90 536
57 104 735
1 95 884
189 142 45
79 18 698
85 23 956
29 19 162
86 196 226
46 164 629
169 137 218
44 52 797
117 97 292
105 148 804
92 201 693
172 180 986
155 7 22
153 33 295
69 129 459
33 16 123
174 49 854
25 120 416
13 35 183
184 177 869
79 145 318
177 3 561
127 117 245
115 186 916
139 173 347
136 154 381
109 165 813
191 40 872
190 174 264
187 199 972
9 42 924
193 182 161
117 185 703
16 53 214
37 172 82
193 75 343
26 69 271
113 115 927
37 121 414
34 157 770
57 9 209
81 174 998
81 90 918
46 129 972
154 5 854
67 40 135
40 81 826
75 167 691
198 69 164
174 201 402
34 57 619
44 103 962
175 49 106
84 203 197
55 111 723
167 52 148
109 40 167
35 101 823
171 93 418
109 161 336
172 129 795
15 85 312
169 129 995
18 5 4
139 64 24
18 119 657
17 55 678
169 149 357
9 185 87
195 13 109
31 23 366
25 9 248
16 79 285
29 153 694
119 168 703
85 127 81
79 82 895
127 54 606
14 29 521
34 92 610
133 198 405
177 113 637
7 69 184
145 171 34
85 124 849
8 129 291
125 181 861
1 64 300
75 115 527
120 36 748
138 35 264
172 93 12
85 121 895
88 80 329
118 131 880
113 65 867
116 133 895
49 110 616
75 105 228
202 100 5
3 115 519
13 161 892
139 153 171
155 52 193
19 32 884
157 51 49
17 22 821
199 193 249
167 70 592
152 41 621
98 137 55
137 15 601
83 39 667
176 19 101
41 140 190
81 109 404
45 104 844
120 119 202
195 177 834
4 189 99
98 40 494
175 89 207
154 157 449
187 97 850
184 43 963
145 62 77
175 69 667
3 21 736
1 101 608
75 202 461
58 19 870
103 136 120
181 187 316
162 11 277
103 160 81
130 103 98
34 25 775
72 58 6
21 37 700
183 127 441
123 49 295
60 65 374
172 74 94
31 16 916
170 71 445
16 82 554
99 168 604
109 70 418
45 123 294
99 172 568
145 105 971
143 83 804
31 41 541
32 145 30
2 182 730
163 70 833
81 47 304
137 77 892
157 29 601
30 123 129
15 61 865
7 105 345
189 11 399
136 41 567
25 119 135
11 36 543
118 40 505
34 82 989
120 136 134
13 79 286
168 153 424
53 192 655
29 171 264
127 195 342
17 15 461
69 138 335
55 85 643
148 201 539
145 3 49
52 149 459
183 1 310
68 145 312
135 52 759
31 33 207
167 153 547
33 146 831
145 29 519
197 33 973
147 101 129
44 136 389
133 182 82
181 172 92
45 68 770
187 33 200
67 108 267
155 203 242
104 166 538
73 149 253
147 121 7
8 182 421
66 169 545
41 157 393
154 91 733
93 146 918
161 143 662
106 35 281
45 93 134
157 185 175
47 131 570
52 14 380
171 86 805
120 41 937
111 10 906
59 97 636
113 172 842
144 11 627
163 175 796
101 169 2
180 101 885
92 81 313
17 161 555
187 19 467
118 133 668
86 6 206
169 20 835
112 41 740
115 109 582
24 181 71
9 17 995
170 25 249
48 1 307
27 126 480
121 149 994
91 115 610
72 100 25
1 155 292
16 24 560
190 203 230
91 121 247
1 92 278
105 26 941
64 43 181
82 115 807
193 85 295
5 141 5
43 159 22
125 142 18
121 162 918
73 25 982
127 40 719
3 89 553
71 37 931
141 142 607
37 43 305
70 94 70
101 138 580
25 192 978
91 82 461
109 172 107
106 183 13
117 142 881
49 41 655
3 93 284
137 198 787
106 144 878
51 169 4
57 204 351
138 97 868
65 100 935
54 3 508
41 181 94
100 108 22
58 46 876
71 84 828
31 82 648
41 141 7
16 116 436
3 56 238
161 131 242
77 75 465
34 195 201
129 157 938
16 162 904
66 37 932
101 100 213
196 125 362
125 99 160
100 47 858
187 170 525
128 58 639
52 163 263
197 18 58
156 9 478
80 58 878
103 70 971
149 49 490
120 24 996
177 61 421
67 52 422
159 93 766
195 169 669
165 148 717
13 106 120
43 90 313
125 49 904
187 88 988
108 149 575
6 13 577
81 121 933
67 152 327
139 105 626
141 37 182
4 103 958
88 199 398
80 175 974
201 125 454
142 25 211
116 97 380
89 140 962
165 13 211
95 121 205
115 163 331
163 150 125
145 2 226
129 13 972
3 59 604
69 113 557
82 15 270
199 30 557
61 172 489
110 105 603
183 34 141
175 177 553
193 142 738
97 154 930
52 81 592
57 33 958
14 154 110
10 33 494
95 89 543
68 12 136
55 118 619
92 193 438
86 5 515
130 129 164
173 61 615
105 166 459
88 182 666
181 55 342
33 133 382
91 177 658
21 170 344
75 160 156
55 178 378
171 149 428
102 84 569
7 57 459
105 13 800
181 27 389
55 69 339
109 124 174
111 125 619
35 49 916
147 199 179
79 150 282
151 18 735
197 191 284
111 52 827
141 56 379
31 181 424
81 187 965
68 69 471
39 3 593
196 104 720
157 67 102
179 125 443
142 181 134
48 105 892
186 119 706
103 105 770
75 163 256
6 29 672
45 161 586
55 6 494
72 19 920
127 47 399
140 63 559
111 136 170
103 123 938
65 139 717
195 25 968
33 141 441
37 177 867
137 152 1000
99 118 38
201 109 94
94 188 457
41 121 152
55 128 98
168 191 520
35 71 912
20 165 941
95 49 205
69 106 962
39 121 758
109 163 522
185 201 198
88 151 475
177 163 593
169 153 308
173 31 724
171 148 996
107 109 507
43 41 835
193 97 241
136 80 426
21 113 448
171 37 797
82 25 563
123 59 144
87 137 315
37 89 885
109 169 953
115 29 850
178 61 61
153 194 604
161 202 304
124 17 134
8 61 587
1 80 714
69 31 445
179 31 703
4 159 711
52 196 452
83 88 87
7 145 644
101 91 990
37 22 196
111 137 463
14 202 651
108 25 668
51 93 727
188 34 174
69 4 607
137 159 556
150 4 737
61 183 274
39 9 438
175 180 96
173 157 753
63 184 143
121 159 637
77 45 405
178 121 115
112 28 159
58 41 373
78 69 589
115 26 186
51 148 705
52 161 578
137 143 85
19 55 431
136 116 552
57 58 940
118 67 334
37 49 532
37 186 141
45 105 179
184 141 554
61 197 193
17 88 790
74 77 542
132 177 896
199 43 792
25 169 374
143 91 899
133 64 772
103 125 527
1 184 490
5 145 361
46 78 624
71 184 232
103 69 656
68 117 826
130 185 925
106 33 501
145 109 556
101 30 346
97 22 689
61 37 278
119 115 886
117 35 736
93 35 273
31 65 588
142 159 806
3 137 326
200 160 747
115 183 534
163 19 553
191 61 261
93 1 623
142 69 248
1 141 228
22 19 252
41 119 218
93 22 928
199 101 300
1 117 195
18 169 427
42 25 632
201 103 854
52 65 555
23 186 201
177 118 980
17 25 115
157 39 919
153 113 500
161 76 416
203 189 272
131 189 638
75 188 7
13 21 198
70 137 151
113 88 948
31 191 377
4 158 757
108 21 748
111 16 487
202 56 320
13 5 596
109 186 165
91 129 612
119 63 276
4 5 376
34 52 981
25 145 414
60 183 982
63 85 342
101 98 582
71 163 854
141 196 701
127 4 764
22 85 485
12 65 911
183 7 402
58 141 523
65 47 191
47 199 155
109 137 664
100 79 517
64 169 591
141 165 648
124 184 593
174 185 41
33 55 460
28 135 587
88 20 531
107 53 787
59 5 75
19 35 582
18 89 831
177 129 634
55 151 475
34 175 988
153 133 496
164 85 871
168 126 412
69 51 193
125 43 942
169 125 21
202 61 508
37 34 262
7 93 681
149 58 914
149 90 659
49 199 853
106 198 207
170 60 168
79 157 211
125 199 805
123 129 852
202 165 739
203 25 951
69 3 308
109 31 904
11 172 686
202 73 427
37 145 56
49 26 773
121 33 812
25 127 640
49 75 297
129 145 465
120 31 347
172 89 637
109 97 175
64 134 176
82 172 313
60 67 39
89 49 286
39 145 258
176 154 734
98 183 22
29 199 839
95 69 359
117 178 354
191 187 806
49 203 334
12 14 4
135 71 6
154 196 157
53 136 171
169 164 409
27 52 302
89 106 950
57 149 79
121 109 805
189 63 792
139 203 325
125 174 791
15 191 49
85 8 243
52 49 454
85 126 854
40 66 810
81 7 215
46 113 463
39 106 991
157 56 111
2 59 559
161 11 535
160 141 922
189 110 498
129 31 31
144 111 723
186 25 36
33 142 634
39 43 638
38 115 516
203 47 842
184 165 585
110 188 906
85 2 667
106 25 587
21 75 585
170 49 705
10 64 339
94 105 956
15 201 564
10 37 800
174 106 81
12 73 258
69 145 211
79 28 777
37 193 684
78 195 4
189 115 864
25 7 497
15 74 420
55 173 285
71 128 5
165 124 750
4 43 730
193 89 858
113 18 633
177 17 244
41 154 868
149 147 333
96 133 310
203 88 602
71 193 533
99 110 391
177 199 150
4 25 520
176 109 38
79 108 417
25 105 538
33 114 727
89 130 26
58 133 462
43 167 859
166 71 932
91 40 280
31 93 953
175 68 17
201 120 388
127 92 651
118 82 28
13 103 30
67 16 238
85 151 630
109 119 937
36 52 469
100 121 307
67 128 613
165 52 386
149 4 44
18 118 484
59 105 369
112 103 245
81 80 100
83 129 363
94 17 757
61 95 532
201 114 305
69 121 280
157 13 220
58 25 56
104 1 329
58 55 430
181 163 76
157 146 654
181 166 770
18 37 192
199 1 162
113 106 405
129 89 132
16 139 334
178 170 834
86 202 741
46 25 115
180 27 260
119 113 873
72 148 858
103 109 17
140 109 931
67 21 324
100 125 326
33 193 516
37 28 646
31 32 794
202 154 315
107 108 619
34 155 317
154 37 246
47 187 342
156 13 62
61 69 402
129 176 821
189 191 932
12 165 927
112 9 159
67 178 711
25 125 118
35 39 787
184 3 363
23 63 624
203 61 174
34 108 125
171 158 153
45 118 869
101 37 489
176 17 335
79 182 168
9 129 586
8 59 991
66 33 72
199 80 607
162 106 164
113 109 31
172 64 240
68 121 405
201 19 368
94 157 119
87 118 393
174 99 143
181 82 212
153 97 433
69 81 838
69 124 880
61 187 105
37 104 503
94 52 208
86 69 536
