208 1932 41
137 129 317
22 113 376
123 148 562
175 35 555
70 41 512
141 51 559
97 191 988
68 119 529
156 1 316
135 105 540
51 27 176
56 76 649
81 55 659
69 196 113
37 73 479
171 145 153
42 67 448
21 36 225
32 156 587
187 18 902
61 145 812
157 39 834
45 3 55
1 200 411
89 85 147
81 120 431
183 49 889
5 195 734
18 105 586
124 189 234
1 99 79
14 142 479
200 107 76
33 35 596
137 152 495
33 161 742
91 33 697
107 159 659
45 201 55
154 29 241
189 155 397
180 19 784
81 18 559
141 38 421
177 139 789
73 72 785
62 57 113
179 53 826
70 157 166
207 124 503
3 47 528
99 125 509
7 135 396
27 157 750
31 138 624
189 21 766
6 136 852
203 106 148
23 105 819
79 25 967
197 13 22
181 57 908
1 5 937
47 43 783
147 43 981
22 49 64
32 31 616
121 69 569
53 73 347
135 140 206
143 81 243
87 29 198
185 1 908
21 98 239
66 154 803
33 153 127
165 98 559
52 160 192
178 9 565
131 53 966
43 4 709
133 7 623
9 97 4
153 189 342
65 130 814
167 103 638
59 25 866
55 76 337
2 32 200
121 155 64
33 199 772
36 165 273
1 81 814
144 63 799
53 159 293
27 63 140
2 69 84
173 170 879
106 93 877
115 105 434
97 57 518
1 79 289
99 135 539
4 137 694
59 100 220
49 51 45
26 89 740
181 185 520
157 196 970
113 154 587
119 177 329
79 13 344
57 204 17
65 102 11
175 195 982
158 48 753
20 45 259
35 193 164
101 100 33
128 161 620
161 179 951
152 53 145
35 63 97
113 121 854
185 66 601
183 193 237
97 89 408
193 190 21
92 47 215
35 85 798
65 167 258
90 113 642
101 138 544
33 103 151
51 193 460
89 16 428
27 31 485
57 127 995
155 1 236
98 61 255
1 169 301
89 169 378
108 148 429
17 157 136
105 206 812
118 195 751
125 29 457
65 161 999
69 19 208
8 176 150
161 17 907
195 9 518
144 205 649
105 79 15
77 131 175
111 24 820
4 23 305
91 21 710
185 105 71
193 164 307
197 101 988
113 168 233
63 147 772
203 117 404
164 56 42
39 115 193
167 3 53
156 187 505
148 119 634
126 175 542
145 101 186
50 41 894
40 105 115
88 45 130
9 111 422
42 164 924
181 55 598
80 5 585
100 178 460
113 139 244
25 13 417
67 116 575
125 91 801
119 184 341
17 1 616
203 81 954
97 143 417
19 145 188
17 177 127
161 30 859
146 87 604
145 21 282
67 132 796
95 105 253
52 180 465
33 87 838
1 33 910
43 1 972
41 197 898
101 37 438
70 165 383
73 77 794
73 15 518
125 32 908
7 129 254
94 121 564
73 68 395
188 75 697
127 75 658
129 91 910
29 52 48
184 7 560
205 109 925
58 57 573
34 197 562
134 193 802
57 66 958
126 125 897
183 201 265
112 16 879
73 125 551
25 73 484
102 178 859
15 69 638
177 142 813
61 144 582
25 93 410
174 69 967
81 99 326
88 91 201
93 207 106
73 197 145
172 158 226
157 101 514
85 6 188
26 131 671
144 87 843
165 81 557
134 64 967
10 27 849
189 154 59
162 165 777
113 122 315
183 17 923
9 95 52
121 170 438
145 17 565
105 15 23
29 1 559
126 41 436
181 178 194
92 153 721
137 177 343
129 144 541
149 121 221
48 29 473
23 157 997
172 45 602
193 83 716
153 73 722
17 81 751
205 91 750
89 1 318
66 133 950
1 2 440
153 110 122
5 6 188
125 117 464
88 1 287
131 70 142
74 59 286
23 81 181
127 17 648
59 66 896
3 131 381
101 49 216
73 11 398
142 135 615
117 97 717
55 57 532
194 189 88
129 134 820
119 161 707
153 131 450
1 170 549
189 157 140
89 19 605
6 65 292
157 133 84
193 116 350
7 74 519
9 80 938
33 173 926
107 20 644
95 161 707
49 65 585
201 53 84
151 168 695
193 199 538
106 112 476
196 120 273
201 67 510
94 136 33
160 185 901
1 7 52
145 41 633
53 173 402
137 193 229
9 169 845
201 139 709
121 203 457
131 192 263
36 37 993
120 151 952
177 100 343
158 154 706
103 185 495
51 68 550
89 157 457
4 157 4
72 17 595
105 99 519
76 159 990
135 72 359
53 18 874
68 156 65
38 51 979
113 53 185
175 91 995
177 81 965
119 185 289
115 62 800
44 182 769
127 4 6
105 25 422
109 136 622
40 193 681
141 72 9
28 82 560
141 177 656
41 27 557
67 73 479
19 39 756
136 207 555
32 76 504
123 137 395
37 193 668
168 75 36
101 17 790
5 7 195
9 46 756
160 112 927
82 27 828
66 170 459
152 88 328
125 33 631
51 167 898
14 165 351
139 34 367
113 137 294
139 189 795
1 35 322
2 130 525
184 90 437
110 208 24
15 97 132
64 177 195
153 148 364
34 81 726
100 107 703
37 143 73
125 5 101
179 191 979
12 177 842
183 165 114
53 47 156
18 17 631
53 160 365
26 157 282
145 49 894
187 205 326
131 116 655
23 21 9
149 86 782
65 73 865
9 113 178
111 173 765
183 37 312
196 201 585
88 101 997
159 15 640
39 53 862
119 4 886
23 181 810
75 83 361
193 13 293
11 142 569
161 193 547
67 5 627
208 157 553
1 158 158
97 199 49
65 35 187
15 27 70
35 125 835
158 170 870
144 193 563
1 171 218
195 88 168
196 79 735
77 96 814
94 46 639
160 85 271
50 193 666
41 99 258
72 197 700
174 110 568
73 161 335
137 13 564
67 188 861
88 204 801
29 15 652
145 1 95
58 89 244
168 89 449
183 108 132
144 118 942
64 49 181
113 49 216
203 155 66
204 180 523
177 22 22
24 53 731
130 37 36
43 103 182
58 116 978
35 89 134
185 40 793
21 66 669
24 149 299
35 75 686
157 113 34
8 72 925
17 65 537
170 129 80
7 207 122
129 9 74
111 165 216
79 64 582
33 45 252
108 153 19
3 141 646
111 1 692
197 181 125
157 59 562
125 173 202
47 123 449
109 149 644
128 117 445
13 84 820
40 131 57
115 156 659
35 5 222
155 46 8
16 118 979
103 1 312
52 179 367
37 21 147
93 193 163
5 62 994
192 15 525
153 77 364
172 160 542
193 57 450
97 17 309
79 81 761
7 10 485
145 187 72
43 38 560
161 133 271
107 197 331
61 173 901
3 194 457
121 75 942
147 89 689
77 12 378
133 181 401
97 60 905
104 125 632
17 139 360
6 129 79
70 195 835
108 203 467
86 66 453
7 185 591
87 73 156
29 147 219
13 170 181
9 90 83
59 159 801
177 128 492
97 26 16
70 159 758
197 32 786
85 66 871
17 93 823
73 204 690
165 109 388
51 42 501
128 185 720
81 30 350
205 198 213
103 177 22
140 199 916
1 60 232
118 65 927
3 149 501
177 13 531
29 113 505
104 69 927
39 197 524
36 129 951
196 57 82
92 105 758
181 61 102
79 160 733
18 139 30
159 113 518
193 145 546
79 41 600
116 196 703
6 75 76
199 108 973
17 33 556
53 197 525
199 35 341
185 43 591
175 23 651
166 205 822
49 1 403
47 180 425
5 38 429
26 25 609
81 61 797
92 125 642
33 16 581
153 184 734
10 28 688
23 65 120
22 83 859
119 90 295
141 105 249
23 186 433
124 145 744
108 187 727
157 3 26
119 37 897
143 21 938
149 146 471
14 35 551
25 97 839
45 161 186
133 180 630
125 27 9
71 149 736
151 156 467
13 93 515
21 192 213
33 83 399
207 177 91
25 70 492
135 125 697
206 190 834
63 173 715
38 85 34
54 57 183
77 185 960
59 12 843
6 174 382
109 21 217
161 170 818
181 161 794
137 19 727
81 164 257
161 120 448
163 131 720
13 157 314
142 37 983
53 137 72
81 89 663
103 193 374
147 137 119
68 85 757
63 112 210
177 190 298
50 95 547
59 33 195
30 167 761
94 35 947
178 6 993
8 62 775
187 1 951
1 92 517
23 201 68
8 75 587
170 43 255
189 199 852
11 53 937
120 1 527
29 144 299
45 165 625
165 177 414
56 96 150
15 94 924
179 33 286
105 149 746
1 151 439
57 9 519
130 53 177
67 176 880
115 161 125
67 149 661
145 81 734
135 95 490
33 48 741
156 37 600
38 180 175
137 97 541
122 198 46
110 165 602
50 185 575
63 133 677
49 107 982
153 75 700
3 37 747
197 97 218
138 49 823
76 175 877
13 16 822
167 78 32
1 126 672
7 108 207
89 83 947
84 150 82
25 129 951
137 1 994
103 87 989
133 1 913
15 6 58
66 193 436
46 61 680
131 67 873
50 86 837
113 83 841
45 94 75
85 102 342
53 65 14
58 98 941
152 110 756
37 56 749
186 25 263
53 26 313
129 161 678
27 203 667
81 197 60
30 186 460
173 205 61
11 31 757
145 87 964
9 105 568
163 2 235
28 1 848
116 123 510
113 52 478
33 92 858
127 166 934
78 197 337
89 176 904
18 41 385
72 33 366
92 68 738
149 175 422
9 92 220
71 157 25
109 200 270
1 66 267
71 171 454
180 76 756
81 53 577
10 142 473
53 108 572
92 73 836
157 195 104
157 21 374
141 201 72
57 71 773
157 188 833
158 131 11
159 145 370
188 205 202
121 109 712
6 70 471
142 100 913
186 28 170
56 182 933
5 41 682
143 125 905
195 1 586
28 36 705
11 191 712
53 44 551
123 205 115
66 166 694
107 150 85
181 121 223
38 53 305
73 139 767
85 27 160
31 81 456
123 144 221
87 32 217
10 106 92
61 183 181
99 158 372
60 129 108
147 165 418
24 207 102
193 17 209
17 133 906
161 204 789
173 193 619
53 83 973
118 23 51
27 39 885
123 65 208
65 80 190
89 117 617
149 133 43
107 201 662
82 121 563
131 137 736
158 151 629
59 208 100
121 45 580
19 161 919
38 121 689
1 65 148
127 53 588
207 75 951
191 195 897
77 9 201
105 125 632
161 114 497
31 48 352
75 161 175
168 3 835
43 101 93
111 116 239
168 53 643
105 118 596
51 162 666
9 40 887
1 4 779
121 131 401
105 124 245
25 197 266
109 145 4
105 172 505
66 129 18
78 149 442
33 32 736
174 9 294
65 201 388
70 115 26
77 178 173
53 33 585
27 143 192
33 171 154
35 81 483
141 103 656
47 93 729
173 79 11
197 14 339
19 27 290
117 11 766
38 27 462
175 205 176
137 57 606
29 176 160
29 80 782
69 130 103
1 125 963
105 33 278
66 4 51
137 203 857
189 8 718
91 101 841
9 191 224
67 13 716
1 207 120
121 76 374
121 71 416
72 19 765
207 125 116
67 144 904
196 1 429
147 129 442
196 197 360
183 86 69
28 197 56
98 32 751
81 154 196
123 13 287
109 167 193
41 198 50
25 69 902
145 13 151
185 205 287
21 70 837
1 71 976
81 109 693
3 24 152
45 24 421
178 139 743
53 154 693
85 161 687
176 27 889
105 61 66
108 49 666
163 79 529
7 35 291
100 69 444
33 18 703
157 14 160
97 195 417
40 196 270
137 208 806
170 110 519
147 48 113
21 172 542
183 123 890
204 101 629
168 80 502
50 53 802
181 65 94
49 53 289
199 77 46
1 9 581
44 171 561
135 79 350
5 25 844
35 167 139
70 129 353
151 161 608
122 148 66
1 58 776
208 113 639
64 119 856
79 188 943
103 157 493
55 189 829
147 130 103
13 205 207
20 129 296
1 64 806
49 54 523
27 89 395
153 173 906
93 103 898
81 191 134
165 96 921
197 167 175
44 31 776
34 48 760
77 68 320
156 193 974
16 129 898
79 190 300
161 43 571
3 92 847
1 109 689
27 86 827
33 25 912
133 39 198
153 39 86
127 198 568
59 111 41
21 161 308
40 93 627
61 41 274
17 27 117
25 147 951
199 129 720
13 18 28
196 33 472
113 23 896
89 105 263
84 25 11
109 203 428
98 9 78
45 111 266
45 185 269
119 127 133
161 130 708
98 115 627
1 143 996
100 182 819
165 1 120
7 51 730
197 49 385
208 15 400
5 9 627
161 53 4
95 4 554
138 109 789
202 1 161
190 55 117
205 96 603
197 98 876
32 79 993
141 125 950
65 45 315
47 171 541
113 65 300
163 129 9
126 94 539
47 177 628
57 145 876
44 133 438
141 39 787
97 93 281
161 183 748
195 33 275
91 208 74
139 65 546
193 25 996
92 193 128
199 89 538
122 155 646
197 139 552
41 183 903
137 185 858
53 48 838
7 124 253
208 143 762
23 155 20
148 155 254
55 73 943
176 75 954
154 9 442
203 37 637
204 129 888
85 21 681
170 123 9
141 37 377
5 144 306
49 62 650
177 10 30
197 113 745
137 189 270
205 167 473
72 31 668
105 2 747
145 33 783
93 89 574
7 123 856
1 142 491
1 147 303
53 144 741
42 131 242
140 187 477
107 177 488
125 23 7
3 41 191
179 141 722
5 157 463
12 30 995
12 133 373
202 9 115
71 46 362
17 200 385
23 84 971
88 9 918
161 134 460
103 67 675
85 40 41
98 51 818
187 199 642
158 105 875
67 109 50
40 65 427
129 19 519
129 115 295
17 121 131
23 153 652
95 204 957
78 88 91
25 94 79
47 169 827
170 27 295
33 73 712
59 11 624
25 53 21
167 17 55
61 53 920
203 141 11
2 29 422
183 77 402
203 139 520
65 97 416
175 165 215
92 155 148
193 149 479
137 41 230
13 165 846
2 15 579
180 25 568
1 3 753
71 33 87
186 166 885
89 33 200
37 87 303
183 45 806
142 5 473
196 137 610
179 85 305
3 119 852
15 77 949
161 39 37
179 159 361
61 202 947
153 165 47
177 156 69
155 193 854
117 65 16
13 175 283
17 155 794
92 202 101
193 27 836
9 118 620
52 1 933
145 11 607
111 33 425
169 166 932
156 125 587
104 109 417
36 196 77
129 113 523
26 207 777
205 33 144
31 66 439
139 160 520
93 41 421
50 118 653
29 187 550
183 33 384
76 33 904
21 59 979
127 71 236
170 179 347
200 139 903
199 1 479
92 51 774
86 195 41
113 2 618
77 87 757
66 164 235
197 127 110
7 105 68
86 131 402
182 181 396
187 169 77
95 113 613
73 17 62
37 168 649
193 201 253
205 79 341
13 124 886
183 46 801
156 46 976
138 159 501
69 169 867
71 90 161
17 89 938
1 96 616
201 81 115
207 56 854
73 189 913
122 17 448
96 72 596
104 30 722
17 20 641
41 55 462
167 192 364
6 44 762
149 161 163
3 33 948
124 157 816
45 176 478
157 191 381
69 177 460
70 75 8
17 163 63
78 118 133
92 197 720
32 42 553
66 163 823
151 97 558
1 24 655
58 17 147
105 127 737
177 145 27
97 196 719
192 17 235
152 99 571
131 161 436
76 170 142
203 167 865
10 40 446
105 145 127
153 207 290
139 185 256
182 188 261
182 49 232
143 24 768
120 147 105
50 33 897
43 182 706
130 143 431
92 133 171
21 41 579
189 49 845
134 132 968
133 148 172
65 141 331
153 168 561
82 66 193
129 58 508
49 177 911
88 33 198
133 203 724
22 42 866
139 145 137
42 49 174
61 182 192
135 1 214
13 71 17
4 207 218
105 53 640
173 185 233
105 75 584
175 193 499
194 103 262
51 113 715
1 167 835
159 165 424
131 101 155
44 17 945
121 171 695
1 181 370
156 200 218
161 83 617
161 3 403
97 47 159
126 15 874
36 109 303
66 65 226
73 118 535
75 169 755
9 173 12
105 59 911
141 194 432
69 71 22
157 164 866
134 57 783
179 147 319
161 20 463
35 183 426
199 131 880
150 43 392
81 88 31
158 69 706
139 25 60
179 197 908
33 19 977
208 109 386
9 55 457
33 6 428
123 33 241
147 22 286
129 188 205
60 109 260
128 133 242
51 161 604
2 53 845
193 113 886
33 113 738
141 133 965
1 11 301
65 193 637
55 53 909
93 23 804
147 189 853
105 170 423
46 184 308
73 119 124
163 126 988
66 152 770
27 177 855
62 180 153
49 29 570
38 182 976
105 121 517
85 17 925
73 104 195
183 85 639
157 183 829
44 157 336
79 69 170
8 85 361
106 201 923
93 145 684
173 128 6
141 156 889
118 93 216
169 80 241
161 165 832
78 11 494
180 109 405
127 163 879
73 69 646
13 26 857
98 129 939
132 1 281
46 72 795
45 137 242
38 57 619
129 131 777
177 161 599
156 114 243
159 1 473
205 154 329
44 33 531
85 106 891
105 179 582
158 37 691
57 95 842
77 57 385
141 143 992
57 67 291
137 103 51
146 26 247
208 97 380
70 126 852
138 125 208
173 194 174
57 153 637
52 164 292
86 145 323
122 53 360
34 110 998
68 105 922
15 113 878
77 189 590
205 192 912
17 25 496
60 191 828
149 117 866
81 144 275
93 83 116
22 127 991
89 102 859
55 155 203
41 161 547
25 176 237
15 167 965
173 149 991
123 11 958
22 34 384
60 26 242
15 17 423
67 199 632
20 29 206
8 1 17
25 135 73
167 89 661
91 65 454
9 159 440
170 182 780
11 29 176
171 187 306
38 45 764
61 134 922
112 29 129
13 46 147
25 87 635
196 85 673
174 89 159
22 114 76
1 183 178
45 177 877
31 29 588
62 75 72
193 12 146
150 58 711
118 149 54
25 150 192
16 94 933
134 3 791
1 149 838
131 1 737
114 28 715
82 145 859
61 122 396
9 81 772
104 33 506
17 63 742
43 92 134
157 24 916
180 166 418
157 20 703
162 47 971
179 101 804
131 208 894
177 163 865
61 99 688
59 19 133
1 47 201
17 14 851
1 41 635
145 201 691
125 177 967
74 107 306
22 64 797
196 13 279
9 86 37
100 168 448
197 201 756
71 109 932
27 149 437
25 109 307
49 111 600
4 117 348
20 37 715
18 169 820
29 91 277
70 177 920
149 47 457
169 199 411
179 145 456
11 64 299
144 34 245
16 64 247
200 133 408
105 173 867
77 72 845
113 7 795
119 105 945
49 157 50
86 43 901
79 53 856
141 46 946
176 105 859
19 190 929
15 178 727
129 186 502
192 53 584
22 81 873
53 21 641
75 53 213
73 83 27
155 200 22
97 147 150
113 92 666
153 95 193
108 109 557
80 77 604
40 59 624
89 182 849
127 87 518
87 62 383
45 53 962
35 15 839
129 45 464
183 79 30
91 179 877
115 17 580
113 161 616
43 77 960
151 53 403
187 69 640
177 199 755
29 119 879
71 190 770
17 22 795
21 131 666
129 97 584
105 197 621
205 11 488
111 121 400
121 117 303
8 160 643
49 31 73
162 133 143
105 30 208
156 49 618
77 53 783
35 50 966
157 9 295
191 147 445
121 183 792
139 195 245
202 48 244
144 161 149
65 86 301
196 89 25
37 49 456
5 112 423
158 186 56
57 175 114
81 69 892
17 113 720
193 81 178
27 167 188
82 130 890
119 130 440
132 76 747
99 77 685
65 79 603
161 167 225
92 203 22
129 148 770
1 21 225
77 128 918
100 1 702
103 158 159
116 145 654
175 112 192
4 19 158
153 200 70
179 77 753
159 72 400
5 164 10
177 14 98
157 201 860
126 56 666
129 201 986
139 67 282
89 49 706
127 96 747
147 81 441
1 139 152
131 73 402
156 139 712
69 191 469
7 14 34
112 45 644
62 155 948
182 37 994
11 153 402
56 114 790
73 151 544
181 73 751
115 79 543
199 141 981
54 165 568
149 96 575
34 107 336
63 169 939
145 157 280
110 58 889
169 51 404
141 7 623
150 79 810
162 2 799
65 191 445
169 57 378
133 43 320
63 11 721
176 131 999
75 149 744
167 67 207
151 121 912
131 37 448
193 4 583
141 49 347
106 8 852
154 89 530
114 81 675
73 146 940
161 207 844
91 90 136
138 95 435
69 129 962
175 140 770
123 53 683
113 79 926
27 87 779
47 65 385
40 88 846
189 69 797
68 29 933
2 167 78
201 143 911
33 77 331
78 134 648
104 158 484
113 147 560
79 73 228
29 183 75
1 189 867
187 105 343
185 13 317
17 117 817
193 79 678
88 17 628
25 156 810
129 169 755
13 120 195
43 102 321
173 41 298
197 27 719
65 131 640
160 119 114
159 168 106
17 10 21
96 157 704
50 109 562
185 157 195
141 183 393
97 82 855
73 188 767
77 17 244
28 132 354
25 153 361
197 68 937
81 161 81
89 21 545
159 102 422
208 177 623
194 77 121
187 79 50
145 161 317
85 67 889
33 61 950
1 78 247
75 131 978
89 79 224
193 31 738
105 65 218
169 201 896
59 99 459
84 121 610
33 118 245
124 139 753
98 87 470
57 136 655
147 207 418
105 81 712
40 91 957
77 21 706
81 95 908
86 157 740
1 13 84
38 92 574
161 57 907
1 12 902
7 31 238
91 54 862
42 155 790
143 196 999
162 205 719
97 177 46
9 13 520
133 113 492
13 134 617
167 93 951
94 50 823
121 193 83
25 1 673
169 26 303
196 115 177
17 178 888
93 112 401
85 20 490
97 126 132
19 177 588
147 58 242
193 197 213
23 63 7
183 7 482
31 56 53
127 157 158
201 180 479
183 104 828
41 169 688
60 41 366
131 45 107
79 31 397
24 131 974
1 146 443
203 25 325
203 52 637
193 187 842
65 15 278
61 161 918
29 124 349
85 141 914
61 136 411
129 157 528
45 80 295
161 201 320
113 41 724
133 99 226
120 101 631
89 9 10
83 70 597
87 161 653
27 113 578
17 5 377
41 32 194
51 123 798
25 8 233
79 157 439
151 58 30
15 144 916
72 55 934
161 157 377
173 10 478
85 125 631
31 67 75
20 75 711
114 123 374
133 69 751
149 167 784
53 114 889
155 89 370
196 154 831
83 196 371
131 186 575
140 29 198
116 66 2
154 45 947
127 89 413
103 19 500
127 9 119
67 59 121
40 25 555
149 81 371
142 121 736
201 153 191
81 82 726
63 127 293
148 121 957
39 129 719
8 47 111
189 183 583
79 36 687
90 111 910
55 147 852
8 169 50
7 110 307
137 33 695
127 43 422
149 113 985
113 131 324
49 105 923
13 169 666
151 192 157
168 35 4
57 176 577
124 136 797
21 69 965
129 128 539
42 61 403
105 14 111
12 80 411
20 104 763
113 162 880
1 72 714
119 171 36
57 102 964
205 2 922
153 97 47
172 73 485
198 103 807
176 72 219
154 141 473
121 175 859
121 169 915
94 107 633
58 181 725
9 11 504
145 53 123
81 117 546
175 33 486
143 77 390
157 172 956
193 29 567
105 153 884
41 59 755
71 93 338
185 97 514
166 178 188
87 18 144
37 189 90
169 149 60
65 145 475
93 131 520
24 163 224
103 120 966
133 154 568
1 122 592
128 107 578
140 51 302
2 89 4
114 153 27
76 207 827
106 190 550
45 49 332
160 40 683
39 33 379
92 32 17
125 129 510
13 159 541
151 30 222
81 171 451
163 165 689
45 56 483
198 77 215
33 186 260
153 117 161
102 83 564
208 147 889
160 45 261
187 49 758
149 83 950
17 171 264
177 41 343
77 206 475
9 25 169
80 180 722
21 204 966
127 145 605
155 163 826
81 40 476
19 66 889
95 201 168
102 205 458
39 194 651
207 151 54
12 56 905
83 165 657
112 163 516
41 108 3
135 195 631
123 57 145
112 170 901
157 131 761
27 73 223
105 140 937
121 141 326
189 5 577
117 53 20
149 89 260
1 39 871
131 152 430
159 114 926
97 69 378
119 203 323
83 95 713
61 70 986
80 165 982
203 89 634
12 79 997
1 14 722
39 4 303
157 87 209
161 1 275
27 99 17
10 43 598
73 60 70
144 68 609
163 181 812
65 98 170
133 81 416
17 174 566
133 131 415
98 86 582
113 10 618
127 39 362
96 144 684
174 107 210
182 113 172
51 1 125
106 20 891
93 105 805
197 172 653
187 197 161
73 23 517
3 110 204
181 5 190
196 65 657
89 161 789
154 157 866
142 40 495
143 101 709
7 8 218
153 188 370
131 17 988
160 192 82
171 207 932
195 159 546
191 114 33
64 167 623
151 157 82
134 47 387
133 177 830
19 41 710
193 208 97
49 81 397
188 117 982
41 9 669
25 155 79
151 103 540
36 50 288
117 165 542
45 193 110
77 86 440
113 81 760
29 62 128
163 119 761
39 91 987
97 159 438
181 22 698
29 149 572
129 105 6
198 195 993
73 145 284
33 152 800
193 170 154
159 57 677
25 126 964
176 13 203
128 43 686
137 183 643
149 16 33
3 17 147
33 124 257
157 193 160
207 204 472
121 29 817
129 74 417
49 40 763
166 81 627
11 45 816
49 114 944
87 86 868
53 134 497
67 137 920
40 89 688
105 69 875
124 99 536
57 33 295
175 92 65
152 165 303
91 113 386
11 71 930
141 191 871
1 129 975
11 110 433
105 169 583
124 14 566
145 165 799
1 193 605
177 65 26
61 124 680
141 17 160
202 183 310
81 10 848
145 137 511
9 83 468
187 51 919
194 168 624
141 114 752
193 198 884
63 123 716
153 47 712
197 153 224
45 55 763
123 128 691
95 65 469
171 144 353
155 141 836
195 121 120
59 17 163
104 122 559
166 93 672
46 202 305
175 53 361
71 85 211
16 167 443
191 105 400
199 171 87
204 189 296
169 172 531
33 185 722
45 146 503
181 105 474
39 189 1000
168 149 455
1 160 432
164 138 658
72 101 471
104 83 151
81 135 470
133 135 791
4 199 426
141 101 943
76 108 991
92 118 960
6 49 478
65 197 855
85 189 813
6 177 519
41 180 637
55 159 147
170 150 813
173 97 370
9 193 90
94 1 70
134 111 274
