211 3620 21
187 119 849
25 37 455
118 89 901
62 49 503
124 17 190
152 198 203
113 54 788
46 129 127
198 122 420
188 33 346
54 41 454
181 35 64
37 20 169
172 12 331
79 176 56
120 38 832
141 138 410
140 65 172
154 185 251
122 145 869
63 185 108
81 156 633
64 22 262
140 164 451
17 209 95
50 19 732
76 155 5
168 88 440
57 67 456
150 116 705
105 24 803
25 7 268
126 10 201
44 75 107
24 180 719
15 192 58
88 19 518
98 7 192
93 17 38
3 57 304
70 84 373
88 198 235
87 52 937
58 94 996
111 138 745
210 115 941
37 102 856
13 197 615
118 198 278
190 67 622
166 163 627
38 133 886
35 37 635
53 25 265
113 78 867
30 19 716
120 5 323
93 105 176
142 160 684
156 130 204
42 206 280
184 108 340
74 144 219
1 196 137
29 205 5
183 116 159
83 181 58
13 60 886
129 106 513
77 127 723
67 144 40
180 61 93
158 64 884
22 36 272
124 178 507
104 173 67
7 139 705
122 37 999
198 50 503
42 106 289
196 202 178
8 118 863
54 146 979
136 17 939
157 163 167
187 201 549
53 43 516
156 180 842
1 106 988
134 206 256
80 142 612
146 74 747
153 96 190
86 129 443
190 150 44
99 117 338
19 87 146
138 139 211
157 15 366
173 102 895
98 12 702
114 153 462
199 43 43
13 19 999
167 1 687
148 101 504
199 59 277
117 133 190
139 116 555
70 4 242
60 209 34
86 153 992
104 28 945
111 55 635
69 42 332
100 157 201
192 46 435
211 14 543
153 43 287
23 185 849
182 128 277
140 16 659
39 207 978
1 147 750
149 189 395
112 48 643
113 93 642
72 172 23
71 91 413
179 53 146
113 159 247
68 173 523
93 30 19
117 197 859
61 46 952
31 22 558
125 99 424
25 146 258
202 190 513
27 147 813
21 111 205
39 150 189
110 115 143
78 205 893
205 51 322
129 100 961
122 197 868
5 7 376
49 75 574
12 173 87
176 194 911
3 47 789
119 179 285
140 145 354
32 102 128
60 137 425
27 141 507
86 14 350
1 151 37
7 92 378
77 10 501
140 178 127
4 99 461
167 18 741
75 28 804
156 177 142
195 21 327
112 136 337
209 106 641
78 112 143
117 104 640
155 54 913
43 90 972
195 54 140
53 90 179
154 183 193
25 40 959
18 94 145
56 200 926
207 118 699
172 2 129
64 207 800
108 119 778
83 16 746
174 94 13
113 63 589
145 182 565
100 173 515
14 134 546
150 205 753
28 155 905
188 142 619
208 120 12
175 72 598
76 186 924
90 18 49
13 64 804
148 16 324
184 178 384
74 91 936
21 39 792
67 4 48
97 175 239
29 182 1000
77 29 577
138 121 177
46 182 150
201 52 124
80 121 409
149 206 772
130 171 999
1 30 938
17 158 48
55 189 85
11 103 932
51 179 833
151 125 365
28 36 895
203 143 947
41 190 296
114 43 938
175 4 825
191 32 580
65 129 992
144 51 454
85 166 286
61 172 708
79 5 481
17 149 170
69 48 195
37 194 999
57 144 985
90 59 236
161 10 145
106 13 46
3 55 114
8 128 152
182 80 161
178 199 716
179 97 947
73 27 134
205 116 710
38 168 740
135 67 390
85 111 689
122 1 124
98 100 76
25 81 196
8 117 156
74 190 84
98 76 89
210 105 573
174 183 516
161 52 319
185 31 54
31 104 777
199 29 242
113 176 197
135 131 43
196 38 599
21 48 462
95 187 330
62 38 699
193 5 145
63 13 240
183 207 887
61 21 953
49 17 825
118 206 230
106 4 736
50 92 197
70 190 959
120 110 502
22 162 104
11 85 953
92 162 886
14 84 812
153 209 882
170 155 567
176 101 13
92 84 103
44 27 248
36 191 962
90 26 683
107 81 518
84 9 770
57 103 974
195 162 284
36 16 695
56 128 620
192 140 313
38 54 499
151 187 645
60 135 84
100 135 671
85 124 108
157 181 976
181 194 6
52 61 10
149 207 238
39 64 754
48 40 328
19 181 568
29 197 483
17 32 786
3 6 386
158 195 603
144 164 785
193 142 585
186 189 103
13 144 418
14 67 491
141 95 833
147 12 763
113 38 692
82 191 495
69 181 589
96 181 493
141 117 641
196 143 853
52 103 42
29 12 124
3 117 60
2 13 808
143 210 90
55 136 592
76 24 757
80 66 599
28 210 521
3 131 518
168 187 422
200 10 986
100 23 72
137 146 144
164 42 459
165 207 877
99 203 165
152 115 263
49 72 808
14 108 979
173 10 584
47 152 314
15 142 301
158 208 871
57 44 877
101 197 284
189 114 564
93 168 408
171 68 779
165 66 585
92 47 16
124 7 856
154 88 414
58 61 561
11 17 981
155 73 681
169 136 576
208 8 771
108 190 455
107 163 373
127 195 861
73 51 718
115 57 551
142 183 235
208 69 937
63 194 169
72 52 158
111 192 529
193 198 727
13 28 729
118 170 846
9 39 892
1 52 789
210 96 824
62 159 541
91 181 423
92 172 673
173 61 746
85 86 17
73 63 353
201 168 547
61 210 924
168 138 713
182 134 698
65 143 852
137 22 62
136 200 930
203 174 809
75 207 284
52 140 321
128 93 920
169 16 216
182 72 886
207 199 185
75 176 915
134 158 680
63 54 511
156 207 174
165 184 609
2 19 857
52 192 464
115 24 56
167 71 146
101 137 477
210 49 586
123 86 721
54 190 121
70 82 449
128 103 564
203 61 370
209 206 647
2 173 793
18 194 755
194 77 170
50 202 5
127 177 813
159 141 300
120 200 40
90 37 916
41 27 411
29 64 807
127 169 720
109 11 962
47 199 946
136 154 393
114 173 777
90 208 187
140 47 550
179 74 359
3 106 708
197 191 412
165 124 313
110 38 274
129 97 797
121 36 298
186 128 221
154 97 770
138 134 876
127 116 680
29 119 282
65 167 801
105 201 653
48 167 206
29 169 720
40 153 674
69 134 763
174 55 819
17 45 668
96 121 610
37 134 191
78 118 107
71 90 239
113 193 139
139 192 230
22 203 49
166 35 411
174 133 87
170 33 634
168 199 197
57 66 604
72 126 455
193 115 103
13 92 821
202 104 378
26 62 963
90 45 788
70 19 46
207 53 141
106 120 539
21 27 939
73 156 513
78 196 287
173 22 541
209 173 376
98 145 602
56 85 660
43 23 979
211 102 925
174 192 740
112 127 758
198 24 542
3 26 489
112 31 825
160 205 574
25 209 684
1 8 894
80 189 304
94 152 492
38 78 575
150 89 176
134 199 934
65 26 132
1 77 177
149 179 471
113 66 751
136 30 564
8 47 240
175 197 146
149 142 290
35 25 783
56 28 500
166 42 345
65 161 571
79 89 859
87 165 846
10 70 601
107 196 901
60 141 669
181 141 753
24 175 660
56 8 9
6 132 614
85 199 758
69 169 193
135 125 548
62 64 231
188 177 251
78 45 533
119 188 506
52 128 100
9 111 376
143 22 107
23 116 538
54 4 955
88 164 312
190 35 706
87 17 770
74 31 417
125 115 725
181 178 268
75 108 88
120 162 229
12 77 664
17 82 308
103 10 463
161 16 426
8 67 684
13 140 671
117 77 324
104 32 333
151 179 484
36 86 751
35 139 521
130 176 795
190 1 829
103 168 840
174 75 911
136 144 555
74 138 54
109 178 755
29 53 91
116 174 177
71 129 909
79 131 410
29 111 310
54 194 427
114 136 50
122 9 483
158 81 101
16 107 511
120 6 940
93 2 833
115 195 652
21 55 87
9 165 449
10 16 822
114 75 452
206 96 445
44 97 932
1 146 210
139 6 247
1 60 771
139 109 67
4 156 765
152 113 830
174 111 892
170 80 233
188 121 250
99 138 706
150 1 421
26 24 715
32 31 943
35 45 151
186 118 698
101 175 504
34 123 350
115 190 705
108 195 431
127 18 990
173 176 259
75 191 628
54 30 453
134 208 316
29 190 801
48 16 353
118 163 501
154 62 681
143 135 664
74 60 458
76 129 407
184 197 371
135 177 124
65 91 203
26 63 632
43 63 803
89 205 49
117 147 145
205 188 527
179 87 353
37 158 524
137 110 881
25 66 238
138 210 262
157 186 266
79 102 435
180 205 668
138 23 396
46 70 472
4 160 333
110 48 383
50 179 137
204 118 270
163 155 886
41 129 882
156 96 188
123 20 414
159 190 714
137 51 143
29 72 589
153 106 392
85 134 58
5 9 832
90 142 689
144 132 600
31 183 884
31 107 98
81 22 399
102 157 730
207 108 332
154 74 353
12 46 476
107 74 44
24 159 538
125 79 944
170 171 128
178 72 672
198 189 347
163 42 124
165 160 725
98 159 605
72 142 964
64 85 228
118 139 899
2 175 536
118 205 69
70 79 465
158 109 800
187 203 194
71 82 420
1 140 217
5 72 810
174 178 345
162 159 485
113 122 272
16 46 479
205 82 105
204 1 134
73 101 881
14 29 969
141 182 718
141 39 912
42 193 57
125 104 800
121 51 473
19 68 938
93 171 9
134 93 153
140 130 890
175 102 947
201 102 131
63 27 539
105 170 857
209 19 521
25 3 446
20 176 94
12 194 857
156 195 28
179 18 905
140 32 299
125 196 946
164 177 306
92 54 460
127 192 389
146 116 644
78 20 626
180 170 310
75 208 241
77 200 389
116 179 955
153 25 224
28 87 33
149 14 704
138 186 64
44 108 353
65 54 426
165 138 756
190 113 498
119 60 433
56 147 585
121 182 432
203 123 954
17 137 791
132 137 790
41 206 618
58 147 85
190 65 45
157 22 945
27 4 813
154 155 268
177 152 932
61 176 741
99 179 754
210 150 369
206 193 137
140 63 773
75 147 190
203 158 28
172 164 560
181 1 383
121 133 482
98 199 507
140 180 901
61 9 516
98 38 160
108 183 621
14 158 989
62 74 362
1 5 119
78 199 789
22 114 751
93 78 74
206 70 590
55 183 739
14 82 232
193 90 339
16 47 559
123 110 891
51 99 565
150 123 82
149 147 768
137 165 952
34 209 309
151 137 87
79 202 985
19 154 759
166 174 48
82 154 820
4 57 666
10 68 892
64 188 670
121 141 218
76 72 696
31 13 104
190 56 219
42 171 752
165 94 338
121 203 74
45 121 743
198 73 523
172 1 68
73 5 541
5 121 25
28 78 681
189 135 438
153 102 334
83 98 616
202 85 951
191 182 632
100 128 334
165 50 78
130 95 538
12 113 866
63 71 899
4 148 831
74 5 205
173 36 287
105 52 781
190 117 522
66 82 791
152 147 537
182 52 76
160 106 315
41 80 963
10 30 625
85 4 217
150 191 15
24 194 477
23 186 274
32 182 569
171 20 426
196 201 728
116 90 392
33 61 638
36 99 850
119 129 870
82 178 830
182 176 422
210 91 136
142 112 298
77 188 72
73 115 961
153 166 187
184 123 757
4 10 31
154 128 582
21 112 323
44 78 867
78 133 589
60 211 901
130 64 418
1 3 353
86 20 46
41 101 93
10 52 203
36 46 745
16 129 141
79 205 473
54 120 657
154 6 838
19 28 782
96 32 911
54 99 879
94 84 705
99 108 161
37 172 122
88 119 353
139 37 513
51 185 402
84 185 348
90 161 16
182 200 959
77 108 392
208 116 479
2 115 25
132 182 585
137 209 970
169 139 134
107 132 642
84 3 754
132 131 100
208 108 736
128 192 129
28 139 583
60 192 222
143 134 113
41 199 75
19 110 594
117 34 402
11 138 655
49 134 45
89 30 385
128 7 461
204 199 557
53 137 973
190 173 86
68 163 726
140 201 190
197 59 191
11 12 886
178 96 571
147 80 108
162 103 510
92 179 419
131 63 390
180 83 748
143 80 258
119 37 278
90 99 170
161 73 341
103 203 675
74 110 453
7 196 313
144 124 63
149 85 578
122 159 960
129 187 872
73 177 964
116 137 701
110 207 449
12 120 844
45 61 703
114 134 610
210 182 76
180 30 687
83 38 624
145 101 613
22 37 412
203 210 718
149 90 196
135 204 552
3 58 675
20 70 536
104 129 357
111 42 905
162 191 68
27 192 142
143 139 787
41 170 82
21 100 495
11 187 900
85 90 648
54 107 342
30 20 455
208 72 1000
41 37 814
160 148 220
177 84 371
136 143 585
28 76 127
6 59 883
207 77 153
28 131 184
3 153 714
111 30 314
83 152 274
141 177 621
132 48 883
166 146 733
141 184 128
58 79 51
84 101 651
183 187 158
150 196 969
162 43 277
88 200 407
104 148 519
132 147 203
134 115 8
123 74 770
124 151 226
41 198 303
93 165 210
126 209 154
154 54 593
77 41 159
185 16 215
158 13 76
192 193 39
44 94 109
6 27 731
127 45 742
58 209 454
130 203 457
115 197 422
22 100 939
149 193 650
2 145 748
142 55 202
150 47 763
186 14 298
65 112 584
51 101 919
168 204 220
61 16 258
21 161 265
54 58 554
126 156 223
85 19 701
66 186 27
22 164 626
77 59 27
208 155 948
204 26 175
187 22 932
95 189 615
128 13 411
202 52 871
92 174 293
201 79 95
156 148 553
140 156 875
80 204 463
18 176 604
164 9 279
97 139 18
172 181 838
17 145 787
10 48 643
98 39 675
92 192 154
34 162 346
46 126 308
176 184 41
30 166 799
15 92 725
48 5 636
8 44 465
194 201 910
153 99 430
109 61 831
168 130 652
47 130 918
123 208 44
207 117 39
5 15 991
34 125 677
165 146 444
12 102 807
133 77 800
203 36 851
128 189 270
53 20 810
62 166 773
89 12 712
139 26 164
42 13 253
101 50 397
85 5 995
153 162 822
11 16 849
160 201 638
124 106 980
199 62 375
128 54 790
65 73 661
197 106 447
45 11 146
23 125 605
159 5 877
177 158 669
103 131 308
27 120 319
144 141 91
127 170 88
38 95 465
170 176 819
21 130 35
141 194 840
109 173 709
153 141 826
211 155 66
88 47 787
23 5 158
194 15 390
98 55 316
204 202 193
171 4 530
76 188 304
136 92 65
110 119 735
80 74 766
160 3 355
1 206 624
201 60 962
86 95 245
98 53 803
61 126 515
160 132 902
194 38 618
29 22 9
136 168 218
60 86 934
74 25 791
166 43 610
64 80 268
53 36 617
12 193 88
81 127 143
23 93 999
78 17 596
22 177 135
31 54 544
156 72 691
19 204 278
121 166 473
21 203 402
14 87 422
154 175 402
97 48 466
52 5 390
160 26 395
51 187 182
201 39 495
130 63 779
204 184 28
19 143 168
142 25 9
50 37 440
30 165 581
175 104 483
158 93 431
180 7 227
24 46 607
201 26 593
143 179 471
198 201 175
148 130 10
44 148 272
72 101 870
165 168 393
80 62 981
20 56 902
112 149 103
92 5 67
112 23 605
70 204 786
80 30 85
178 173 489
42 119 415
207 161 615
92 133 391
136 54 500
16 76 671
76 167 743
204 13 43
139 90 272
45 57 652
120 28 445
210 48 378
11 132 821
12 165 741
42 149 791
51 194 34
115 178 164
151 39 574
187 180 312
29 160 598
133 44 522
11 7 53
142 115 97
15 124 920
60 71 486
179 1 486
161 206 493
74 184 650
26 164 534
112 137 646
44 83 53
127 105 18
131 209 823
211 143 26
199 181 890
52 191 383
24 98 655
158 124 79
95 92 103
30 156 601
5 195 514
6 155 703
125 167 419
203 202 715
185 132 102
61 96 784
90 183 708
39 123 30
55 185 259
185 155 52
149 33 540
1 184 76
8 162 186
11 126 37
44 77 422
137 15 508
14 51 867
148 23 423
103 59 891
23 195 471
125 22 112
51 129 554
129 50 99
23 132 454
196 173 110
184 60 393
93 143 65
148 13 174
91 10 907
83 94 713
16 82 231
176 42 513
89 2 717
149 166 794
105 16 502
166 60 44
96 113 466
50 66 407
50 187 398
127 185 180
152 52 484
28 101 380
123 116 506
35 122 465
200 15 735
197 15 510
71 21 853
150 192 57
115 176 515
181 150 110
186 185 394
208 35 915
173 119 4
198 103 978
193 211 231
87 144 732
164 155 584
163 98 57
110 168 762
127 153 153
107 125 339
31 96 574
193 10 377
149 62 282
168 145 624
128 108 944
179 152 883
66 63 41
65 3 130
32 169 210
202 17 305
35 161 398
171 88 337
179 85 305
14 209 221
200 4 983
130 49 767
47 28 924
73 176 282
97 17 148
135 148 938
189 195 269
179 6 83
92 76 987
209 98 440
137 159 475
67 52 32
186 179 347
133 8 13
71 13 969
58 123 382
158 115 365
103 74 66
193 119 569
145 106 70
47 147 566
57 61 511
101 31 581
81 63 534
190 127 42
51 201 341
179 94 702
105 49 155
118 15 759
95 1 853
27 142 981
71 130 479
154 130 502
28 60 913
104 83 639
63 190 880
8 52 517
82 142 177
136 28 29
51 52 822
194 156 351
194 103 683
169 201 504
86 22 370
178 113 948
126 76 695
88 56 485
90 129 108
121 169 512
63 77 234
120 111 509
155 192 122
83 93 180
151 41 183
97 163 536
135 13 209
134 43 37
138 155 378
124 3 298
139 4 955
40 23 490
63 119 595
129 122 965
109 15 851
107 62 553
25 1 834
25 185 921
74 204 98
87 118 57
97 43 804
156 168 926
140 42 254
82 29 325
1 180 28
108 115 434
123 52 392
102 28 343
170 50 458
127 21 366
196 166 903
89 113 950
82 18 19
78 6 114
18 209 626
5 131 95
171 95 977
186 116 48
23 35 442
122 46 672
41 58 550
1 94 317
177 118 993
109 102 977
186 117 658
87 134 222
150 102 694
201 36 321
134 73 223
149 111 943
89 67 670
89 102 817
176 129 921
158 135 902
35 72 805
56 11 884
185 193 800
152 162 537
113 210 527
89 168 494
148 170 665
197 147 780
197 128 514
187 96 695
123 200 630
127 208 10
1 92 958
52 155 439
1 153 762
122 28 762
145 163 549
135 6 250
196 116 199
163 78 987
116 136 839
145 64 760
136 126 668
192 59 125
180 4 142
98 90 648
44 159 803
80 10 783
29 7 612
189 99 2
191 206 161
43 29 304
69 120 679
80 172 659
1 199 356
117 201 994
170 203 485
42 17 522
163 9 205
190 88 303
123 135 467
58 97 417
59 129 306
56 193 727
73 58 771
130 136 494
196 118 937
145 79 728
135 152 626
56 16 731
45 153 696
28 163 441
20 21 344
153 186 538
7 143 783
165 113 450
92 125 114
161 97 32
66 126 331
96 174 425
30 32 219
135 3 975
35 149 692
103 82 886
2 87 866
107 104 937
102 75 83
26 196 892
49 161 257
62 143 702
37 66 503
83 47 914
91 130 69
65 134 440
70 39 319
32 198 703
12 75 4
154 145 701
49 48 434
79 110 404
64 83 552
196 138 730
137 187 446
109 183 717
169 134 640
152 119 165
159 84 690
99 37 382
2 30 307
66 168 629
125 106 591
19 22 760
177 14 68
118 58 252
88 208 208
179 34 809
133 135 134
70 58 662
56 104 401
75 48 221
13 97 117
156 106 465
133 189 513
35 14 1
23 25 411
24 48 750
46 173 969
144 123 283
44 208 873
88 38 655
179 188 714
59 207 654
194 136 986
2 43 518
190 110 883
71 83 763
46 79 140
117 148 649
181 161 611
13 188 510
121 64 201
53 166 248
36 135 402
106 79 585
155 114 20
88 189 508
47 57 938
164 162 640
9 104 32
89 36 434
84 133 761
170 49 882
128 211 618
145 37 400
203 70 721
199 84 357
171 77 361
120 100 983
180 36 591
173 187 717
56 160 879
30 62 108
70 171 771
45 146 747
91 88 369
130 202 25
99 22 473
49 157 428
68 32 539
191 60 158
73 84 297
179 193 831
91 46 58
29 36 357
95 119 613
196 13 604
79 124 212
28 83 573
175 145 640
38 74 352
106 162 893
9 107 509
157 80 644
34 55 679
203 104 596
92 22 251
28 32 142
82 105 181
8 183 573
12 145 436
6 41 548
14 198 161
195 172 801
140 171 970
127 119 130
163 206 359
97 55 923
150 202 834
103 121 713
37 152 472
196 99 812
47 146 14
29 68 29
45 138 747
50 11 920
154 196 79
48 86 104
83 78 426
119 53 67
50 159 434
87 62 606
153 61 322
95 186 829
162 19 799
193 33 562
39 197 324
78 94 166
182 209 919
210 1 326
52 187 80
127 196 478
45 102 60
15 160 237
28 34 678
146 155 702
125 186 304
92 97 846
76 124 572
57 53 651
200 112 185
97 116 133
168 143 559
85 47 217
94 8 696
123 151 623
188 61 68
37 106 610
21 105 194
122 139 785
10 131 567
96 152 287
52 41 234
41 17 657
20 105 338
58 86 733
68 157 873
132 121 61
9 145 433
58 104 728
192 169 461
136 201 352
192 90 64
34 42 291
130 87 462
76 1 85
21 38 237
77 79 924
79 75 331
49 96 506
201 92 876
24 20 338
21 185 975
5 45 292
148 76 258
53 76 292
148 184 839
124 163 421
27 109 8
13 125 732
1 138 137
173 158 601
57 50 449
83 202 856
1 176 271
23 99 145
67 163 591
6 86 280
97 67 956
96 33 715
138 57 530
165 144 959
126 128 90
68 201 831
46 47 553
173 208 7
153 115 907
103 139 549
124 140 712
165 80 93
50 91 430
184 7 230
73 154 164
49 87 548
192 112 758
35 66 781
139 75 48
205 162 856
68 194 233
159 66 302
56 39 189
125 89 673
208 177 1
199 8 524
80 56 402
63 10 38
126 69 2
109 17 954
13 145 678
5 142 928
67 16 928
190 49 131
5 127 46
80 18 819
96 146 174
41 166 903
52 22 371
175 174 403
206 167 315
211 146 120
150 160 887
86 191 112
153 206 132
31 85 666
157 54 738
157 137 630
150 195 742
185 67 222
81 202 311
53 109 11
138 55 827
27 65 672
75 6 639
66 99 601
171 98 534
172 166 560
28 21 658
191 70 379
127 108 37
9 137 500
34 2 603
131 111 913
7 57 327
105 69 948
54 67 316
175 196 551
48 100 241
94 97 243
24 166 748
192 130 36
50 45 261
92 73 318
98 22 448
13 30 170
133 183 129
60 159 996
96 196 306
58 74 710
9 188 792
93 87 269
155 85 337
51 88 139
132 52 725
71 87 470
107 51 790
155 55 463
125 47 140
7 130 745
63 210 359
102 166 708
25 61 144
9 187 729
44 132 778
209 72 254
162 156 348
198 108 834
69 89 583
209 85 677
179 104 972
19 99 54
51 39 321
38 103 246
8 186 979
108 157 695
48 153 989
2 187 734
206 51 265
29 32 932
105 156 980
153 126 699
170 143 432
69 176 607
109 129 320
80 7 902
101 100 185
45 94 166
136 182 484
64 49 989
104 63 880
73 59 147
202 179 553
157 206 131
134 75 248
131 45 119
28 129 19
163 200 751
174 83 838
131 188 490
82 210 996
182 146 1
32 23 204
47 95 73
44 205 134
8 108 154
169 124 358
127 210 834
109 94 11
19 203 553
122 11 544
32 193 716
106 24 280
149 196 288
107 120 838
26 59 951
16 40 364
11 201 245
145 63 625
34 170 761
89 187 966
102 162 690
165 176 471
87 92 865
47 111 192
42 199 41
15 51 428
105 162 680
35 160 548
135 41 986
154 186 306
50 126 647
46 56 609
46 130 608
61 85 932
183 176 565
83 135 636
66 138 660
2 146 942
124 2 350
81 89 920
90 63 658
160 60 123
91 93 125
125 2 133
146 139 948
210 5 845
34 103 50
70 164 475
152 161 395
194 17 618
180 56 789
104 135 890
16 144 859
117 145 287
106 202 28
24 204 137
166 72 107
147 52 922
100 80 950
92 185 995
112 130 322
80 91 913
75 73 69
54 193 384
68 75 865
24 104 308
170 10 330
205 107 683
89 114 448
111 144 934
49 202 888
166 78 29
173 191 360
119 139 317
58 172 463
153 95 870
89 199 932
15 132 944
176 35 681
179 167 568
206 17 858
118 159 891
21 104 311
169 95 313
187 197 569
73 147 356
81 102 798
86 97 152
163 48 282
123 181 122
73 64 3
159 96 395
208 184 901
209 118 477
45 14 550
68 94 188
9 8 419
21 172 637
1 38 697
131 2 537
103 36 981
12 198 191
136 210 127
163 175 557
138 170 254
162 14 598
175 112 568
153 34 231
94 79 275
187 133 280
60 95 655
61 82 464
71 148 423
110 125 329
32 11 924
94 25 702
71 14 675
38 2 366
30 28 369
79 210 911
170 191 800
160 21 577
36 119 440
10 43 190
209 31 649
183 191 474
175 34 914
138 154 795
201 179 199
35 39 383
91 166 525
165 119 866
160 175 505
49 141 226
121 186 772
19 38 629
46 96 212
78 110 592
66 20 808
165 40 360
161 32 792
173 185 658
83 79 812
159 39 889
189 65 159
2 35 975
109 203 753
207 54 927
147 102 812
20 163 657
125 33 963
128 130 992
30 43 175
165 121 993
178 86 396
14 117 228
117 132 272
75 32 34
1 34 20
200 197 885
66 171 416
25 47 166
7 187 208
193 208 744
86 133 48
2 4 210
29 207 566
182 172 276
79 149 391
78 143 82
140 183 84
30 181 808
13 199 81
67 63 535
105 133 25
23 176 477
97 109 417
105 132 26
144 54 457
69 207 266
12 190 399
132 204 228
67 168 835
180 21 878
14 179 204
173 111 231
34 70 536
205 99 763
31 52 258
136 113 946
154 103 754
196 203 44
75 125 561
91 6 761
171 136 667
53 157 652
13 90 415
37 127 970
1 104 277
198 132 437
13 152 227
111 188 9
26 33 825
161 186 532
12 204 519
182 185 29
113 149 197
140 211 767
152 165 829
102 65 835
75 128 223
137 153 403
80 13 632
95 6 735
211 15 273
188 172 962
79 204 964
9 203 309
126 154 56
60 31 455
81 97 876
176 112 652
87 150 35
156 186 764
42 120 406
141 175 99
135 20 358
68 59 478
187 31 198
84 179 988
175 117 709
153 173 955
76 185 438
162 30 469
48 115 994
43 102 896
28 127 266
160 59 910
180 204 264
140 44 205
128 41 308
99 156 912
27 31 773
199 120 427
19 178 493
171 180 486
12 154 594
204 48 540
65 192 814
133 197 401
160 147 685
45 10 371
124 46 176
37 183 252
192 62 816
42 77 444
77 32 6
32 93 269
44 185 266
41 146 514
16 113 765
162 183 402
148 85 693
64 149 581
39 58 24
54 21 713
38 41 84
24 4 669
79 151 263
65 154 606
94 64 191
34 63 141
93 39 50
190 79 924
151 140 356
12 153 837
19 37 743
22 106 450
71 39 146
66 133 815
107 35 393
62 1 837
119 144 681
6 210 983
74 101 988
153 91 503
85 89 76
5 122 389
33 81 696
201 151 516
1 133 908
206 106 459
33 53 269
180 193 9
11 89 96
163 187 971
27 58 264
82 23 151
90 203 121
29 17 29
80 125 232
16 210 202
67 78 975
39 6 835
174 20 529
167 108 693
15 191 756
83 161 533
79 148 922
22 33 250
76 51 311
91 120 897
85 133 623
133 154 105
149 3 835
3 194 172
45 36 926
187 110 817
14 153 829
36 124 810
37 98 91
101 199 239
138 127 331
148 116 420
45 67 642
45 62 259
53 105 812
126 195 688
13 81 722
81 166 346
175 76 660
1 54 556
29 91 675
179 144 439
153 194 646
197 94 451
153 140 503
73 195 198
47 82 286
65 120 824
29 198 355
140 37 165
24 39 498
187 35 803
42 65 706
4 76 846
62 57 467
153 81 222
59 130 383
84 66 262
123 182 120
144 39 825
177 120 91
127 133 997
46 21 116
38 203 909
5 83 599
79 95 261
125 14 769
51 35 200
200 3 239
193 124 20
89 56 787
63 50 239
62 68 878
132 202 712
129 182 262
8 121 59
96 60 11
35 117 574
128 124 791
99 46 427
147 137 147
38 176 131
199 34 151
63 94 454
151 203 126
92 85 859
73 109 432
15 86 826
203 33 535
211 172 564
9 183 23
198 179 457
89 134 874
159 186 501
161 45 373
98 117 843
103 115 635
101 133 777
161 82 924
26 174 884
208 211 941
44 85 50
139 16 122
170 188 474
146 43 905
81 44 75
28 68 916
182 23 635
113 62 371
170 31 112
73 94 647
122 189 461
47 26 184
100 154 740
80 29 744
28 92 678
39 118 648
176 127 101
60 120 113
22 103 80
188 89 337
63 160 103
41 176 645
181 106 637
123 158 900
174 43 622
53 38 744
104 154 548
5 199 27
91 87 229
113 111 268
39 136 20
84 30 232
33 148 469
98 69 815
87 81 61
54 185 604
122 108 237
184 210 729
94 3 64
62 142 185
147 146 259
42 191 763
86 91 456
147 84 132
173 55 241
158 79 782
120 83 210
56 165 318
178 93 683
31 18 424
43 198 489
203 153 528
135 182 917
49 104 125
22 16 200
49 84 910
84 87 385
1 136 401
166 63 753
62 207 832
63 29 692
87 20 821
25 76 796
15 59 799
127 19 468
130 132 545
7 183 208
84 15 603
93 145 564
43 76 855
211 117 134
133 10 335
107 117 620
17 65 576
97 173 344
184 185 441
140 23 538
69 94 801
193 80 692
33 135 463
59 105 872
159 178 814
24 69 964
14 131 625
109 163 699
66 2 631
62 31 888
18 102 928
210 146 972
131 56 50
196 133 596
72 205 889
180 104 900
100 126 635
52 200 307
61 101 611
184 82 391
27 62 526
89 201 528
80 171 312
131 149 77
147 112 478
164 108 541
190 140 984
188 62 955
200 140 56
4 81 465
155 188 340
4 13 191
89 166 368
186 197 669
184 15 691
193 158 93
92 11 259
210 65 821
145 111 930
50 114 800
84 78 363
88 35 352
106 60 257
129 93 721
207 41 925
85 194 620
36 6 819
86 24 241
156 155 794
165 179 552
100 6 917
171 158 742
176 21 501
18 193 40
46 76 920
188 143 454
195 205 816
32 69 887
124 45 577
102 54 179
172 140 706
57 171 567
144 133 840
54 121 419
43 31 84
32 109 596
187 198 894
8 112 926
46 33 269
31 58 783
185 181 523
154 170 225
118 12 555
50 16 144
97 74 482
7 119 126
120 137 794
156 33 775
161 190 24
15 168 761
71 166 411
58 202 438
207 148 246
163 191 179
199 114 743
123 210 171
199 131 401
116 24 30
56 129 114
4 75 679
55 110 839
78 52 366
160 86 556
51 72 801
139 137 733
128 83 93
82 36 577
173 154 832
102 71 241
152 181 107
87 201 884
137 156 979
160 75 267
72 88 637
203 172 467
62 161 727
89 61 470
188 86 838
113 21 954
50 26 416
206 9 687
165 186 160
66 93 633
32 72 778
143 97 412
84 67 515
103 23 60
121 65 754
128 209 507
22 44 794
87 170 652
20 115 332
132 27 778
17 143 743
176 180 172
97 157 727
158 187 593
1 149 744
196 68 509
93 144 644
14 122 186
17 104 530
14 176 675
82 78 945
41 196 805
35 158 354
119 114 396
11 107 469
26 81 369
10 150 665
37 57 236
118 150 305
89 178 770
87 12 797
153 107 637
158 75 291
182 65 506
116 152 723
13 34 789
124 94 26
53 129 772
68 182 395
74 1 740
208 165 168
85 62 681
80 138 697
134 133 647
174 70 309
11 72 774
61 75 558
100 153 574
1 108 202
19 31 461
171 115 243
143 106 745
88 205 622
155 113 564
75 190 351
122 51 666
48 28 642
61 87 607
136 100 568
61 125 999
35 95 610
97 62 21
13 45 685
133 180 630
100 209 602
149 43 904
211 54 930
141 97 797
28 201 632
132 127 512
98 121 134
199 65 718
144 48 411
149 122 119
22 139 767
42 10 609
136 104 919
107 172 413
135 206 376
160 171 494
83 80 586
41 24 83
77 52 451
1 7 729
35 170 358
199 50 748
6 98 260
139 18 633
121 202 427
90 40 895
180 178 668
39 148 136
94 98 906
198 34 965
155 171 495
173 147 853
25 199 242
167 44 261
138 37 419
123 187 485
13 72 624
6 1 825
7 50 971
10 128 959
118 82 196
165 8 943
21 84 653
199 146 214
121 180 334
18 33 427
9 112 697
20 172 24
25 123 779
73 10 346
8 6 517
15 64 791
211 139 907
211 46 346
69 163 367
151 57 686
16 34 909
210 102 224
34 128 240
172 71 70
55 153 174
100 182 910
6 201 553
140 86 576
159 153 650
174 196 513
69 70 629
113 53 783
134 74 459
79 86 588
186 64 522
66 91 867
127 201 562
133 95 283
185 177 207
12 143 152
129 20 739
82 106 513
89 76 675
23 197 952
63 120 674
36 88 829
165 29 958
7 20 628
24 110 430
184 105 127
146 180 616
18 166 244
132 143 82
7 194 868
82 72 716
92 64 754
7 71 801
125 52 946
64 108 841
52 21 101
148 164 169
19 5 878
171 162 157
29 75 153
8 142 1000
72 96 461
45 100 57
115 173 876
87 36 454
5 171 555
175 205 439
120 86 642
45 199 723
149 198 153
74 198 121
145 72 95
163 35 67
203 41 389
40 131 449
1 158 468
53 22 494
14 208 640
175 179 607
1 11 758
16 175 844
89 143 379
143 32 684
176 121 675
208 15 579
44 138 942
209 164 1000
171 96 761
167 10 49
52 203 857
20 39 755
84 122 590
146 163 517
63 4 884
146 89 506
143 61 452
21 92 724
141 92 452
149 200 516
182 199 435
65 22 282
143 90 607
172 28 503
114 207 301
3 128 662
188 154 168
24 1 819
38 173 69
112 33 71
202 209 216
114 121 597
40 33 708
30 67 1000
104 124 593
168 211 888
167 23 849
149 175 708
199 95 551
34 156 322
123 170 921
161 180 447
112 11 228
189 64 331
34 158 617
122 105 686
200 85 80
72 74 452
119 191 92
51 4 131
25 143 950
130 196 761
175 8 815
72 67 820
5 68 917
177 108 942
87 33 452
50 117 67
93 137 586
202 36 54
83 127 723
100 16 540
41 36 969
155 148 497
202 3 609
140 104 260
108 149 626
14 178 230
148 94 825
135 126 794
145 177 206
150 113 762
20 119 977
113 34 426
100 97 55
11 31 950
123 193 290
67 110 589
180 167 51
81 66 136
66 100 326
104 189 338
67 197 306
189 117 651
60 189 594
178 202 145
147 28 906
83 171 220
118 3 457
149 132 799
48 27 345
20 72 299
37 78 251
87 152 687
196 195 792
141 40 877
164 120 3
191 20 244
180 2 877
181 72 766
22 26 681
47 84 850
58 100 119
14 27 924
40 194 355
58 62 955
187 107 680
191 23 833
174 188 197
10 153 715
40 98 582
148 26 455
201 147 713
128 127 916
204 64 59
90 197 823
170 17 118
3 187 472
146 49 180
8 99 772
49 136 261
86 110 281
107 26 429
137 4 852
175 70 5
15 185 704
7 8 360
127 27 960
90 58 468
10 36 473
134 8 24
56 110 708
38 116 29
154 122 292
93 192 287
107 177 75
58 175 515
93 198 909
17 67 727
159 38 357
110 18 457
179 9 959
49 2 239
54 160 961
176 131 844
188 51 342
142 9 27
20 98 67
167 87 263
58 121 423
129 103 125
1 126 689
7 141 836
98 31 840
13 110 103
36 149 168
34 118 869
26 185 187
171 3 130
146 138 628
112 143 608
42 186 379
108 117 27
65 29 428
1 177 10
183 182 946
135 47 487
97 137 134
205 169 944
91 189 69
27 38 102
89 207 55
48 154 718
37 82 621
167 144 368
179 107 863
200 115 341
211 12 999
52 111 313
114 177 331
200 63 436
124 133 25
165 175 907
201 83 721
137 92 188
195 67 711
162 112 913
144 25 859
187 148 260
17 146 143
29 30 339
48 92 419
166 193 63
58 87 297
77 92 129
93 10 449
150 22 298
98 134 42
116 31 276
17 51 677
64 60 165
113 64 123
188 88 992
140 67 618
116 108 161
1 82 409
141 122 99
182 86 28
109 130 859
160 152 176
160 73 298
160 18 718
82 147 576
122 89 712
70 76 475
15 73 271
137 62 353
112 28 34
208 76 687
74 149 693
107 161 122
122 109 980
197 155 5
79 171 526
187 78 502
101 187 470
44 201 850
118 157 455
124 20 96
185 27 217
137 108 993
11 35 937
63 172 729
8 39 666
158 77 864
71 143 891
130 166 500
194 126 437
177 89 339
198 66 977
140 186 81
163 176 69
38 140 645
33 30 489
131 130 154
111 114 324
48 66 558
62 203 400
101 150 399
86 18 858
89 13 533
98 110 593
116 103 935
162 192 516
169 211 929
157 203 799
7 70 624
33 62 46
71 182 997
173 3 283
48 89 141
182 155 515
154 123 759
68 156 803
28 187 219
85 29 197
184 61 469
120 52 876
186 1 977
42 98 224
111 189 780
3 185 888
180 194 724
31 206 779
171 165 299
145 181 60
141 90 170
81 37 108
179 156 669
18 61 826
5 174 425
102 118 136
84 33 841
162 110 641
56 40 707
75 205 973
91 172 693
11 108 744
13 166 162
67 126 80
126 110 653
62 29 927
108 169 698
53 35 384
208 96 475
13 93 819
149 32 251
181 56 123
59 165 835
156 100 733
38 101 366
141 26 697
49 79 894
38 158 595
179 21 535
152 117 316
146 177 486
173 24 3
178 28 156
150 148 715
22 67 99
2 99 922
92 93 560
137 83 726
99 96 282
160 7 72
113 51 978
103 4 981
73 52 658
41 85 523
33 190 878
206 210 534
4 40 185
122 73 539
167 98 567
36 64 682
56 141 824
193 70 189
176 197 468
200 94 756
107 87 276
102 9 775
140 155 974
78 98 186
99 110 934
160 83 589
202 187 292
166 36 592
171 117 713
121 43 47
16 117 177
142 158 205
8 86 921
59 2 717
122 69 967
14 106 395
157 24 808
205 10 279
138 104 820
107 207 575
95 40 968
50 35 956
99 3 567
176 57 275
106 127 241
13 73 425
130 113 77
41 149 668
2 28 271
161 105 769
127 130 550
125 131 317
74 75 385
201 139 473
70 129 639
8 26 432
42 78 934
172 111 16
165 78 806
83 86 428
74 133 768
25 178 78
107 139 828
198 111 43
25 48 991
63 118 897
192 17 838
19 6 815
210 74 654
182 159 813
151 100 836
121 40 196
1 56 550
61 211 516
172 102 54
123 69 77
124 34 750
18 162 48
106 84 88
183 127 13
21 170 60
19 20 72
95 15 203
1 2 929
188 147 34
113 145 455
134 124 727
103 76 579
11 175 710
93 53 679
112 76 918
157 59 552
67 128 721
27 170 136
166 158 234
149 210 100
58 207 944
30 117 804
181 154 396
52 122 565
138 47 334
157 4 377
168 151 160
37 123 693
171 156 108
132 139 335
111 168 196
185 95 619
18 108 922
106 29 27
82 55 991
25 179 790
171 169 218
7 199 270
202 188 168
169 188 625
201 9 381
208 204 504
108 139 140
177 105 177
41 119 859
7 114 38
21 8 500
158 103 597
122 42 922
45 76 418
51 86 53
104 127 655
63 31 197
122 210 437
190 158 897
174 1 129
156 88 645
137 205 833
104 77 456
182 83 320
74 20 130
187 146 200
202 40 881
52 44 488
116 154 248
38 55 139
102 25 711
115 138 480
174 141 554
135 203 189
164 130 215
42 84 341
62 194 862
100 60 560
68 6 307
29 146 185
207 13 759
59 30 209
136 156 455
105 22 101
114 99 4
97 64 280
170 60 475
49 183 390
34 207 950
15 159 450
210 69 628
79 91 897
49 76 662
35 103 200
33 68 923
65 108 737
160 145 886
79 157 555
1 85 28
86 28 176
175 61 501
201 166 315
126 98 701
184 132 970
135 150 656
184 190 311
84 121 146
95 190 923
30 186 194
192 70 718
144 121 192
148 162 965
45 123 570
106 65 961
139 106 719
69 62 510
13 58 880
56 143 230
179 81 218
119 143 395
75 91 181
189 164 153
37 70 905
114 13 168
110 57 747
68 56 651
27 211 286
200 124 11
134 176 424
2 138 500
167 191 587
146 121 82
121 163 736
51 104 644
97 47 948
142 120 553
166 125 894
54 198 775
84 196 794
47 44 121
204 115 378
109 117 232
43 74 287
57 43 288
33 59 232
42 70 725
2 155 256
80 167 177
73 77 745
201 162 935
140 163 534
41 178 168
116 76 652
123 83 515
148 158 78
89 192 143
104 61 537
163 190 517
198 192 806
170 137 614
23 158 578
156 44 791
30 98 540
132 191 511
39 103 287
17 101 369
105 153 967
31 91 928
155 79 420
55 107 377
39 129 24
179 2 590
127 189 693
25 45 509
46 64 617
193 22 329
208 196 468
1 145 584
129 157 66
20 127 358
59 177 74
75 138 218
210 59 206
24 72 610
18 156 904
97 53 157
105 165 527
183 77 934
170 76 955
11 14 284
107 182 273
45 86 426
69 161 958
81 101 840
86 208 900
70 177 674
130 13 771
202 31 891
59 142 807
41 55 202
200 57 168
109 42 567
125 123 732
5 36 894
114 73 701
42 189 114
23 136 738
2 18 671
45 87 779
25 95 278
173 25 175
120 167 219
134 7 624
45 147 56
192 161 547
53 37 31
128 174 263
47 102 360
180 91 663
111 90 556
74 70 202
29 48 595
195 110 8
22 130 732
9 192 959
112 207 716
180 43 712
62 206 688
189 51 85
106 111 767
209 147 48
193 53 886
132 56 851
161 143 454
42 97 845
72 39 501
149 7 246
134 27 769
35 132 737
18 24 302
40 52 451
9 168 204
156 113 645
66 112 830
151 36 435
160 109 586
86 26 402
109 96 146
203 78 831
205 192 59
133 19 929
211 161 931
207 82 763
114 172 250
200 118 864
175 100 224
199 60 757
144 129 144
53 145 50
201 21 577
70 136 409
28 66 711
77 90 799
120 203 899
95 87 964
143 37 801
33 60 320
98 142 788
211 1 451
170 128 349
88 113 233
36 101 618
62 78 550
148 54 415
22 1 566
129 78 168
84 48 824
158 26 99
128 133 148
170 94 75
30 66 495
177 15 847
11 165 799
1 29 887
172 52 402
25 121 202
117 39 224
38 135 1000
46 26 306
64 79 504
63 25 21
182 152 272
163 139 202
195 183 591
110 164 704
136 16 565
73 163 784
114 151 29
69 118 148
183 131 35
181 16 723
133 138 890
33 15 375
27 156 418
38 112 922
48 117 621
190 148 60
139 23 116
193 66 394
206 21 41
115 194 692
64 40 347
100 95 923
184 118 972
14 72 778
163 123 158
1 175 165
129 211 565
140 87 6
141 32 564
72 50 345
193 207 834
172 25 764
38 23 607
30 83 207
149 9 434
43 94 934
54 53 614
50 22 369
71 122 214
144 68 349
56 81 429
36 155 747
117 185 579
18 136 845
177 61 910
140 133 196
150 120 187
56 91 281
131 53 462
171 182 27
178 17 17
38 96 472
121 26 896
188 168 563
133 156 338
31 40 402
8 5 387
155 181 380
15 100 606
146 115 654
203 118 827
113 161 393
129 193 828
48 6 447
2 132 327
7 170 445
165 153 421
188 161 194
81 14 184
12 23 559
171 133 89
4 97 976
104 86 66
169 70 493
109 26 764
70 112 853
116 92 709
149 84 780
156 144 135
68 175 414
154 35 904
154 71 885
84 182 787
19 175 459
139 191 60
70 90 645
102 128 506
76 140 239
97 164 120
26 4 656
201 153 748
102 138 146
117 138 104
21 67 750
161 40 836
8 201 272
4 147 78
121 102 222
54 24 891
6 108 720
51 147 818
74 131 972
143 4 42
39 45 110
72 117 946
97 82 209
116 159 947
76 137 145
20 8 833
120 121 866
100 176 141
99 208 675
18 47 42
44 211 413
20 6 267
2 185 154
183 143 588
36 168 179
138 50 693
155 117 887
170 99 810
123 16 882
29 184 573
31 15 993
207 116 119
137 43 496
60 164 863
48 138 468
33 122 417
33 139 121
145 60 337
175 198 279
41 191 465
196 206 12
14 97 119
13 17 868
55 184 974
192 181 425
89 82 785
45 118 993
16 25 709
121 82 426
210 131 542
22 3 311
181 134 384
108 98 337
40 49 529
107 69 589
39 82 631
41 186 958
61 119 772
153 155 977
147 69 817
125 67 229
10 69 816
55 36 233
60 185 1
175 155 495
153 150 573
79 162 301
43 7 804
208 60 9
200 103 410
81 138 169
163 39 481
39 202 861
81 29 21
123 97 394
201 82 964
129 87 954
87 122 95
205 103 205
3 107 168
121 181 213
98 128 327
147 128 601
57 86 346
110 154 665
195 149 803
39 17 328
121 155 748
150 4 555
160 136 274
56 123 171
174 199 407
147 22 151
64 8 372
150 48 439
130 19 285
186 204 390
108 88 283
10 195 63
7 142 607
111 59 35
120 56 918
6 182 219
107 157 628
138 87 483
35 202 106
151 38 866
62 104 634
100 164 888
192 57 846
159 134 118
173 71 450
85 88 760
169 172 144
105 96 854
118 162 246
8 207 684
177 184 473
173 188 466
18 180 905
2 153 325
108 10 383
52 37 161
71 73 751
134 100 379
75 177 288
60 61 713
8 54 914
56 113 606
51 186 968
169 14 80
41 107 100
163 168 627
170 101 823
90 195 789
127 211 75
88 28 623
59 174 388
206 159 491
144 3 610
171 172 603
68 148 165
47 112 599
25 135 200
203 7 385
104 146 294
204 187 412
106 90 313
102 124 963
14 138 81
31 48 629
164 159 472
77 164 405
101 64 942
194 204 670
147 50 929
158 126 930
204 104 770
119 135 689
96 50 234
10 177 350
154 172 260
35 151 709
155 27 462
120 77 495
130 206 245
2 67 772
4 80 395
112 170 809
112 179 536
171 56 511
70 156 424
177 17 752
28 29 337
162 108 49
83 75 467
80 23 183
154 127 737
56 168 647
184 59 680
125 192 355
113 157 323
57 156 975
52 62 228
125 141 710
153 19 450
129 91 454
130 40 925
179 3 100
9 43 179
6 81 533
56 98 1
97 169 610
106 45 446
76 162 338
98 34 780
200 100 631
65 89 459
42 66 591
79 7 569
133 3 347
160 74 878
69 206 194
47 156 512
185 74 274
167 86 801
201 81 399
125 51 711
41 26 33
141 42 89
73 57 962
75 159 385
159 129 991
46 55 55
66 21 193
19 17 355
152 170 941
48 30 59
174 119 300
133 96 630
116 130 466
120 21 34
68 95 941
53 190 374
54 149 153
88 143 470
111 175 386
140 107 46
134 118 308
125 9 898
39 177 200
186 83 985
25 106 327
34 111 396
108 159 844
177 204 220
82 53 386
58 187 153
134 144 110
141 44 793
184 33 594
149 148 622
132 91 792
4 155 374
197 18 284
96 118 285
74 188 502
52 74 445
203 208 576
47 52 582
32 206 24
150 86 841
17 83 886
188 41 9
3 195 140
75 131 920
201 205 530
75 198 931
159 152 303
84 137 159
80 128 78
23 24 149
97 180 84
198 60 435
85 122 619
53 169 729
193 91 793
167 73 797
153 163 587
49 189 146
64 133 176
19 170 984
10 168 307
136 25 263
143 98 604
73 173 499
4 132 929
193 164 181
113 58 653
61 35 493
90 132 876
173 131 486
147 199 476
82 22 260
189 159 500
81 161 933
174 208 891
79 135 612
65 153 72
130 100 85
6 7 572
174 204 923
21 10 779
57 81 957
11 95 261
46 181 120
168 11 876
95 116 172
59 203 405
172 70 399
132 93 658
167 130 686
53 83 121
28 65 960
124 139 395
159 69 596
70 160 895
79 136 518
185 198 902
92 151 64
131 193 930
14 44 903
117 199 884
46 73 894
143 190 536
23 118 499
194 31 731
191 2 794
8 11 483
43 115 830
25 67 893
156 167 846
29 162 704
198 153 51
129 161 525
200 41 222
57 178 278
31 73 644
115 128 529
211 81 676
169 6 78
67 129 91
126 160 660
48 55 840
82 176 2
164 101 803
166 55 859
93 172 863
115 10 193
140 79 95
83 178 459
91 11 413
7 47 145
49 44 482
82 167 424
28 41 584
209 73 116
87 43 73
32 135 279
142 68 734
158 32 738
175 124 358
26 110 885
198 10 781
123 183 245
198 128 158
32 3 716
41 23 2
188 129 215
134 3 20
65 117 793
171 179 849
179 168 237
111 146 839
131 136 937
93 108 828
9 44 406
31 151 1
193 146 485
207 33 960
115 94 58
206 194 802
15 178 139
107 178 864
77 24 644
