214 5308 214
143 79 36
107 51 852
107 162 928
89 196 986
18 22 879
136 77 729
20 108 904
78 135 774
132 155 768
173 207 109
181 185 232
199 83 581
19 79 414
161 77 675
17 201 905
5 207 791
4 198 56
51 95 37
159 53 617
184 37 265
4 42 797
12 65 349
26 109 22
190 23 178
131 119 200
17 107 136
107 143 401
52 5 639
133 122 572
17 85 80
142 91 400
135 13 116
129 25 813
186 190 88
39 87 982
192 210 188
68 83 262
139 50 379
155 145 258
86 101 687
156 94 434
207 113 915
12 188 357
211 73 717
139 85 47
7 165 914
139 103 973
195 56 625
183 199 270
28 142 766
149 117 770
23 109 421
71 199 564
53 173 105
199 85 283
19 131 697
121 147 58
99 87 329
149 169 479
135 172 576
42 163 833
47 207 351
170 11 628
80 24 706
202 32 51
187 135 860
182 145 652
68 127 855
108 149 308
125 153 872
74 15 597
15 129 117
155 86 135
93 103 850
3 34 386
55 107 269
212 18 51
81 174 185
152 96 516
117 2 316
121 105 63
198 52 305
49 83 849
71 155 736
127 90 36
33 31 203
181 193 154
111 155 486
207 115 823
67 117 661
180 93 556
195 183 267
199 16 573
80 134 955
209 139 553
197 116 111
201 180 121
124 189 315
113 22 755
145 47 789
137 73 857
18 61 932
117 11 989
33 73 105
161 124 999
207 189 785
178 151 954
99 97 580
137 33 649
13 5 67
11 17 50
173 111 569
171 109 571
67 192 501
149 194 562
19 212 341
212 100 69
192 49 323
146 157 844
93 73 162
65 167 887
39 143 207
2 185 658
25 95 885
198 96 530
142 79 923
16 20 332
10 199 114
78 69 920
87 125 2
111 72 887
59 13 450
95 107 783
121 57 195
71 97 787
83 188 850
196 45 682
108 63 999
83 76 479
6 33 648
40 85 95
21 110 44
156 182 370
162 44 245
35 187 458
47 92 607
111 196 395
37 185 24
175 51 551
127 140 50
11 67 844
193 186 501
51 101 173
107 164 447
105 211 593
172 152 254
53 7 476
113 38 194
169 9 401
213 55 656
123 21 881
6 211 880
139 116 426
206 123 953
185 187 988
97 167 198
161 58 621
209 93 705
189 149 373
43 103 174
9 159 160
110 99 127
164 12 678
194 151 507
198 214 554
187 105 363
121 61 920
204 7 285
116 178 618
131 105 228
129 145 401
43 97 878
1 111 928
191 181 437
27 191 136
46 42 268
5 25 951
200 4 857
185 77 211
55 135 611
5 60 478
19 137 831
193 105 965
149 36 312
79 191 532
41 175 71
25 56 408
33 64 388
131 89 405
141 28 180
148 56 792
160 145 402
43 139 975
139 13 327
77 156 713
45 105 753
181 19 961
157 98 97
189 138 686
6 160 601
15 29 280
1 16 54
60 141 570
181 121 206
173 189 149
159 201 55
28 149 762
202 175 963
71 184 101
211 199 834
79 9 571
95 153 925
11 76 562
109 192 893
77 102 665
25 101 68
7 175 145
3 147 230
108 27 9
185 193 116
87 95 335
126 170 941
123 69 190
43 148 178
183 197 686
1 132 217
123 109 551
36 83 986
133 163 230
66 81 776
123 2 15
54 33 28
123 192 213
59 127 256
63 96 39
21 45 337
172 193 843
214 210 602
183 157 567
214 107 233
39 92 196
211 71 980
165 83 419
193 33 792
175 143 934
61 17 249
64 75 7
71 114 323
203 163 988
74 195 516
207 139 787
4 149 641
127 9 885
24 122 811
101 54 351
195 113 405
1 84 836
129 104 419
25 2 570
142 110 315
81 83 283
169 5 888
201 213 697
203 150 445
179 45 29
179 43 247
2 200 821
115 11 483
211 131 626
170 163 477
5 99 598
39 156 182
73 21 169
1 214 746
134 84 650
39 88 774
195 69 155
66 51 465
111 34 547
214 135 660
189 151 564
9 125 668
197 113 772
200 143 126
153 117 812
114 55 768
25 193 586
183 103 391
84 103 747
194 124 213
9 158 183
33 167 756
98 174 321
202 34 76
23 104 53
56 138 137
111 129 122
163 201 97
185 21 961
169 155 762
9 63 395
33 95 237
80 175 437
183 161 322
83 41 733
157 115 240
57 209 193
153 169 342
163 173 69
143 121 261
117 164 371
17 39 68
130 190 156
105 160 84
135 9 23
101 77 642
77 116 156
6 146 947
205 77 743
196 5 853
117 133 525
17 154 535
57 105 832
67 109 232
207 80 830
79 131 137
185 160 937
167 3 796
27 176 668
185 152 530
57 87 534
57 48 198
197 161 331
117 138 596
71 153 193
65 205 573
137 115 383
181 132 225
1 4 5
51 11 870
171 167 800
124 119 515
109 96 97
191 12 941
193 28 831
203 47 816
197 145 632
157 31 167
71 146 236
11 73 641
108 99 196
26 213 910
211 35 55
131 171 977
67 137 991
103 70 570
181 53 572
148 212 29
7 21 731
84 208 521
22 19 622
90 213 926
115 124 646
26 79 720
121 169 892
101 79 423
150 19 507
175 139 257
161 40 397
41 109 122
105 122 75
55 17 639
203 181 754
23 57 260
143 32 876
24 20 80
69 203 436
192 125 574
171 107 720
148 91 583
131 53 652
13 56 295
101 30 853
89 87 92
34 47 4
191 111 786
195 79 165
32 62 505
177 133 596
87 145 861
98 182 353
115 169 815
147 149 722
63 14 324
78 94 436
209 77 164
157 83 821
198 11 744
209 136 554
17 161 106
167 69 832
127 101 8
206 165 425
57 80 838
3 102 616
4 136 685
201 65 389
137 159 693
205 207 599
119 173 723
108 167 442
189 160 679
57 15 286
165 69 515
1 72 153
62 201 331
6 195 822
100 107 868
135 207 891
103 127 679
41 141 227
132 194 903
11 197 247
161 175 588
89 69 486
117 185 417
97 56 73
57 27 273
199 131 139
98 52 740
5 155 38
82 120 258
124 11 528
213 117 614
152 131 106
135 29 560
81 125 356
31 167 137
155 25 847
12 50 393
111 26 728
107 163 285
29 43 981
214 191 151
21 6 302
105 79 59
45 201 66
179 119 968
31 26 738
213 1 783
33 87 736
61 171 637
161 31 75
48 207 578
130 35 392
164 143 157
117 54 216
194 181 555
82 87 757
159 195 696
30 179 152
134 99 749
152 135 193
185 151 254
187 5 104
197 199 330
67 96 202
17 185 806
88 72 223
161 150 117
123 127 994
69 171 200
42 82 16
63 183 937
109 21 554
133 59 600
170 141 145
68 193 845
121 159 93
143 207 748
197 139 762
22 115 749
141 87 299
192 206 834
8 35 30
51 123 467
106 141 297
21 10 246
90 65 992
165 24 744
40 191 719
190 179 987
183 111 444
188 157 267
109 97 787
213 19 45
183 193 962
129 114 201
181 127 827
114 120 482
161 43 746
129 143 285
13 2 105
107 25 540
15 195 433
176 197 15
198 83 409
129 150 536
39 3 541
107 165 945
139 177 267
139 49 826
169 125 688
14 69 638
202 133 210
213 53 630
125 53 262
125 110 305
29 101 3
25 192 982
22 45 677
135 99 646
172 27 224
155 165 608
89 48 882
134 185 943
15 176 119
214 33 986
120 11 286
78 89 929
16 91 126
211 117 401
1 19 738
18 152 455
137 52 985
76 101 245
93 107 734
109 117 509
8 31 824
43 67 371
53 71 495
31 169 587
90 197 151
15 139 759
135 189 88
33 5 981
43 131 130
69 73 289
117 201 225
109 43 987
41 1 80
121 12 903
140 47 914
63 179 580
90 84 564
135 93 926
93 158 613
37 17 585
211 45 16
33 46 840
122 143 39
3 125 870
69 153 278
120 147 281
141 82 292
13 45 598
85 155 972
46 21 554
85 189 451
120 17 64
99 210 109
32 163 428
147 63 298
29 191 157
131 123 840
181 196 512
207 6 318
113 81 963
105 37 753
142 179 984
31 137 651
3 43 560
69 185 631
57 13 949
102 110 129
1 27 520
174 186 66
113 151 215
50 103 66
201 205 155
173 59 841
23 141 774
59 39 967
33 94 40
29 70 490
97 2 749
3 63 782
111 91 841
128 111 934
23 98 111
83 145 902
126 153 985
132 179 605
11 119 932
72 181 517
83 7 195
110 205 960
125 161 458
68 207 513
211 21 425
20 48 802
23 13 795
171 199 556
35 175 231
158 58 291
105 15 467
44 73 527
178 45 99
140 99 86
214 7 654
211 9 952
3 159 774
155 202 484
11 46 362
123 186 595
115 105 108
128 119 2
189 148 335
137 63 863
152 93 467
133 27 271
113 24 968
19 57 183
179 195 231
76 91 684
181 1 16
53 149 5
48 169 400
109 140 670
169 182 373
181 189 590
119 113 867
76 204 31
161 60 704
29 172 236
73 36 360
3 82 225
61 27 214
42 101 97
155 53 603
24 192 12
5 75 331
17 121 262
111 71 716
128 179 370
93 131 587
35 195 233
99 77 400
159 190 84
13 42 478
13 197 473
65 133 917
209 75 914
147 21 581
103 167 172
193 119 416
21 41 749
199 162 720
205 5 893
207 155 625
161 155 657
149 166 441
90 211 248
37 5 443
37 203 229
198 87 603
107 159 267
142 59 467
28 144 129
149 49 348
31 205 607
51 3 975
43 182 263
96 13 237
165 71 269
175 212 414
145 147 451
15 160 834
36 1 970
149 50 899
43 114 38
25 125 520
187 209 829
62 51 786
52 181 324
51 73 815
187 165 528
195 61 813
26 196 236
145 140 990
75 32 594
116 193 880
181 167 142
188 105 253
73 87 968
91 195 963
203 5 211
39 64 289
135 12 510
22 37 223
75 151 232
74 116 436
40 209 608
176 4 816
165 213 290
214 45 271
88 125 527
7 33 455
59 53 215
17 22 897
116 64 675
23 177 245
75 119 198
104 169 714
83 1 431
82 129 826
186 113 496
165 100 939
50 191 693
35 133 350
130 99 611
162 191 677
95 165 804
29 90 331
130 80 876
31 184 804
36 213 9
209 157 896
56 203 828
21 48 466
157 97 103
203 43 462
211 209 291
165 209 452
147 153 430
125 43 382
53 190 574
213 149 237
210 142 870
21 9 584
103 42 677
33 82 975
185 119 1000
63 36 732
130 104 929
33 69 214
96 213 59
173 60 946
139 38 953
151 114 629
70 138 888
172 90 610
47 184 371
198 159 539
33 185 498
191 150 301
177 151 141
182 123 498
9 108 414
70 16 363
214 143 958
143 43 743
176 105 469
131 100 167
42 81 598
212 156 775
76 188 186
107 116 585
170 127 629
184 32 848
110 47 415
93 34 702
120 37 386
155 79 674
176 16 378
59 84 312
214 195 625
148 67 84
58 211 774
209 176 211
198 213 753
145 3 968
133 200 116
72 115 835
119 110 44
77 55 240
29 19 932
99 163 269
132 97 751
183 50 143
127 201 6
3 163 145
9 139 514
98 132 637
120 129 308
213 67 483
133 77 974
113 76 189
133 125 770
149 116 994
126 88 998
182 102 721
207 93 561
41 137 866
124 74 421
3 69 6
173 43 23
207 19 592
27 88 714
129 142 293
213 27 921
49 7 841
157 1 481
107 185 443
51 45 163
157 17 921
51 111 190
57 118 352
17 136 646
10 127 869
201 123 51
177 191 954
62 78 390
105 207 677
111 121 439
39 15 568
203 103 606
10 153 709
101 69 772
129 209 886
152 183 857
128 41 833
33 15 257
3 181 379
119 189 986
183 39 289
2 152 393
201 147 389
40 100 931
214 141 837
147 108 654
23 53 716
48 71 123
162 97 213
131 60 257
58 172 950
92 98 592
198 160 422
89 56 401
151 3 351
37 195 459
3 57 894
27 205 918
126 17 553
9 87 953
115 49 51
123 79 705
86 75 865
127 43 626
12 126 300
101 88 876
189 76 465
29 95 904
128 71 984
166 11 13
52 29 252
80 88 650
168 147 339
57 205 443
209 80 648
211 77 878
112 174 966
1 175 936
3 93 135
115 27 285
85 161 862
19 18 730
115 127 790
9 179 752
53 73 545
195 135 299
171 204 620
85 86 472
10 52 289
138 125 758
195 209 967
69 136 861
79 83 16
137 89 318
211 69 764
27 173 915
199 129 867
46 80 701
213 81 930
30 192 147
115 113 984
107 175 903
22 99 676
82 81 794
85 59 543
73 187 245
25 103 13
47 81 422
47 105 556
17 209 78
207 182 237
109 75 595
201 105 477
71 172 80
61 193 669
154 195 771
114 53 157
31 123 536
113 137 448
63 146 66
109 189 160
69 65 510
176 164 630
13 121 64
75 124 977
196 187 315
129 69 405
61 201 300
211 158 178
11 131 193
203 198 691
181 31 605
175 108 27
112 113 597
15 73 894
97 207 942
3 153 583
103 1 3
62 170 122
91 31 902
17 3 839
132 94 634
197 201 616
35 24 521
89 77 903
117 163 21
200 95 703
163 15 557
177 25 780
23 204 799
13 28 31
13 103 906
7 159 766
23 39 645
31 21 382
1 164 289
1 89 993
186 133 764
153 25 835
7 45 890
198 25 157
27 35 831
176 169 564
47 35 80
212 11 962
1 105 795
190 197 55
204 174 897
1 33 297
173 67 453
86 184 17
113 133 439
198 146 705
53 109 187
145 137 772
67 143 811
101 47 143
96 28 795
117 182 409
33 203 802
205 7 592
125 2 803
199 123 470
145 51 935
50 44 524
50 101 164
141 125 470
27 211 50
42 99 782
2 199 762
117 89 7
61 31 76
8 100 886
163 29 623
23 37 773
191 151 151
20 155 295
31 73 230
27 196 213
7 6 745
4 93 679
191 68 861
93 177 148
147 57 934
3 213 698
104 157 350
139 100 113
97 155 496
18 69 356
107 151 178
200 173 715
67 36 978
29 35 426
99 103 296
41 51 775
167 123 380
125 211 5
33 70 598
198 45 545
7 19 637
121 73 718
98 126 440
211 99 782
81 33 527
61 42 599
48 42 110
29 65 946
37 24 182
211 159 190
43 141 662
149 97 330
202 151 851
149 165 879
63 59 25
145 198 370
111 124 69
114 146 21
167 182 771
25 209 950
33 131 889
86 87 856
26 37 474
174 84 952
2 127 337
91 21 773
12 73 55
135 171 858
45 131 748
79 126 939
47 39 13
136 15 668
26 133 125
54 87 829
193 192 960
3 105 924
41 78 196
52 45 691
205 127 363
165 207 120
171 67 316
183 25 464
133 132 888
9 141 272
125 5 865
155 122 206
27 5 276
123 5 947
90 156 310
159 151 530
79 199 126
181 81 503
19 106 581
137 78 114
75 131 522
199 26 860
213 179 915
191 84 780
67 179 891
171 93 541
154 10 827
173 52 211
40 79 2
185 63 303
127 108 368
151 115 803
150 3 514
191 113 107
172 191 318
171 5 709
34 101 985
187 60 735
108 78 479
175 180 593
47 71 733
163 33 815
17 173 714
159 31 121
41 29 473
193 189 545
135 157 901
9 157 741
2 10 123
189 73 897
53 67 448
33 99 757
125 129 690
27 13 582
208 156 526
87 29 250
67 182 646
134 167 550
114 57 686
101 181 861
199 185 692
50 99 320
86 77 1
57 133 980
112 107 326
67 162 908
204 65 406
70 69 360
21 55 110
71 55 640
109 50 376
85 61 707
45 145 52
86 143 637
1 142 609
151 123 244
195 190 8
125 15 239
179 85 870
37 101 821
181 9 501
131 192 164
127 161 645
167 43 569
43 177 876
213 173 671
21 3 769
88 9 643
199 205 190
11 43 519
212 105 677
93 75 89
99 41 741
122 65 999
4 137 444
21 111 358
1 18 652
207 91 812
109 13 258
25 159 505
123 209 404
204 122 88
183 131 495
7 109 593
71 121 735
10 197 325
113 77 41
194 191 351
5 9 805
49 123 511
6 65 23
28 139 599
97 201 32
26 189 241
206 191 608
72 131 489
161 213 513
189 185 82
169 83 20
142 67 72
3 70 428
157 108 987
9 23 431
47 183 246
192 1 337
173 3 23
211 30 893
84 147 594
189 79 776
213 11 210
12 19 950
1 96 162
154 113 62
113 64 741
121 34 106
12 76 697
73 214 700
31 117 371
118 37 783
52 19 374
183 171 318
174 60 246
107 1 950
47 91 557
93 7 518
57 184 972
10 9 56
29 7 614
142 75 563
25 173 180
187 26 439
63 156 312
53 191 295
103 166 399
107 199 862
109 165 844
61 169 200
27 187 481
177 186 328
15 124 997
35 106 18
112 157 399
12 11 841
177 55 505
26 57 813
117 3 665
23 170 257
27 125 116
209 39 898
29 24 174
95 9 889
82 153 400
171 37 532
40 130 739
35 150 22
195 205 834
21 141 791
130 19 107
52 105 988
49 86 195
182 31 518
163 31 735
128 127 968
191 208 788
150 13 756
89 51 107
181 71 164
49 193 548
147 80 581
87 209 870
99 39 511
88 53 534
45 169 726
15 47 582
51 207 571
53 117 864
11 93 916
111 189 332
83 107 781
15 173 608
8 161 310
115 69 39
49 1 694
133 137 675
112 195 964
109 91 688
213 115 389
34 17 225
150 183 716
52 112 303
75 89 684
70 127 641
156 59 404
107 115 922
178 21 327
183 64 586
160 177 810
188 39 369
81 13 814
67 111 181
150 39 264
37 56 94
159 204 984
134 102 828
60 189 281
38 18 869
159 194 62
100 33 726
89 41 161
209 67 622
147 12 289
45 213 585
131 67 949
43 111 177
143 51 815
140 207 599
85 129 662
35 148 200
46 60 986
57 32 181
139 69 190
187 95 123
61 19 706
85 181 517
76 171 775
73 204 324
121 193 21
44 170 447
182 131 484
57 137 350
39 129 568
89 150 722
109 74 561
60 90 459
54 57 70
39 89 160
42 153 92
75 156 277
49 6 514
157 24 733
201 154 869
126 83 821
87 153 177
177 199 115
30 151 860
141 121 705
175 201 149
5 115 728
179 171 206
199 55 786
179 167 525
111 112 810
159 69 138
84 27 36
133 171 898
45 165 543
35 190 721
103 122 930
65 60 333
81 129 766
164 173 838
26 161 119
53 75 465
144 188 306
193 127 317
76 73 683
206 111 874
109 49 465
135 137 604
41 35 726
15 49 413
103 137 686
167 41 894
209 44 619
203 67 618
71 34 924
106 164 118
182 11 648
33 59 876
3 27 777
143 69 707
201 41 365
1 94 503
69 102 876
137 134 520
7 103 417
137 105 383
118 66 597
45 139 858
189 195 133
167 29 330
100 141 596
91 155 964
37 55 655
6 131 823
149 2 223
156 70 909
91 78 885
117 1 282
185 105 335
34 123 290
11 135 46
98 106 523
99 86 538
113 183 619
89 67 115
17 127 569
82 185 392
153 63 829
199 178 935
195 117 455
59 120 613
21 49 805
211 188 261
176 49 195
14 79 800
85 144 324
115 123 547
17 108 567
184 163 713
173 1 337
183 188 736
111 57 858
69 95 648
79 15 983
35 193 839
11 141 245
8 43 923
46 50 245
63 99 594
53 146 961
13 20 19
77 15 656
73 166 971
28 89 890
165 91 402
109 4 959
171 33 814
151 171 768
208 131 556
69 213 132
155 77 402
51 151 627
175 165 264
29 213 675
121 139 204
81 63 661
129 27 657
10 88 572
179 39 614
4 177 137
55 97 79
105 113 838
3 139 945
110 53 545
157 187 286
51 205 50
138 133 462
63 113 612
13 79 7
181 43 762
189 169 744
79 25 360
105 67 420
170 176 236
175 207 142
205 15 842
27 15 545
135 30 362
124 128 624
77 184 733
145 8 111
186 30 196
117 87 791
153 97 417
115 29 910
172 91 20
114 137 332
37 205 738
5 29 180
191 129 315
117 5 713
53 63 60
38 35 43
79 205 574
53 18 374
209 69 800
133 206 532
17 168 348
125 116 218
153 110 88
111 7 237
177 96 432
146 37 674
145 66 709
48 135 100
77 53 600
160 147 105
194 75 987
95 140 391
77 107 805
166 108 864
151 173 764
37 172 406
178 19 222
66 120 753
22 33 127
1 91 890
65 135 76
51 57 188
37 61 48
70 35 758
79 29 637
107 131 843
9 195 587
62 31 105
129 163 289
65 93 42
82 35 815
109 184 65
25 149 95
81 73 710
123 203 116
78 111 529
199 135 754
20 37 131
162 155 18
179 138 275
52 128 346
59 172 316
198 127 215
201 165 522
95 124 796
3 195 255
117 123 944
135 209 447
9 75 440
36 68 840
108 28 343
202 26 698
126 173 611
99 123 722
97 136 991
211 175 437
57 143 652
177 148 910
146 39 247
213 131 926
31 27 255
213 84 376
45 136 562
21 205 217
179 176 538
49 57 446
195 41 424
54 156 954
149 73 762
171 49 267
189 194 79
186 189 820
187 33 105
85 157 132
49 69 698
22 189 673
68 103 377
166 61 928
41 3 133
79 183 896
91 214 114
69 189 515
121 6 931
65 209 986
118 209 921
111 82 288
1 12 752
62 11 917
6 24 506
17 100 729
206 49 852
37 183 318
65 66 281
113 11 209
212 69 793
111 193 981
27 109 954
6 84 840
122 191 17
29 37 743
147 55 20
201 4 642
25 63 467
61 13 262
62 6 536
182 86 820
190 145 887
3 212 737
165 144 119
8 125 417
201 134 977
187 134 73
25 71 538
84 43 145
185 143 39
40 41 559
34 149 837
65 171 650
120 93 293
103 85 556
49 56 376
213 137 17
156 149 496
40 44 253
70 31 702
21 159 778
24 40 43
51 116 2
89 71 655
80 155 212
169 42 185
108 189 279
182 65 622
35 85 220
39 5 535
70 109 790
19 15 334
115 179 552
137 84 516
203 63 763
168 15 124
174 7 664
21 163 900
179 49 952
196 12 37
89 165 3
187 177 96
53 19 381
105 159 719
202 67 975
189 199 360
140 21 369
1 147 471
175 127 400
166 97 552
147 143 859
89 95 387
53 35 728
197 45 628
155 212 584
60 30 980
127 28 789
142 102 496
56 141 104
55 124 194
207 34 373
85 90 420
151 100 243
89 133 222
199 113 406
8 14 601
65 87 957
177 6 27
126 53 18
185 145 108
17 203 164
170 183 969
165 132 270
43 79 812
33 9 572
113 212 459
180 145 837
149 211 480
77 191 26
95 34 29
179 149 409
61 180 677
61 33 419
188 137 736
149 7 110
163 155 644
103 121 686
19 117 302
150 142 705
11 196 802
89 15 916
64 142 894
22 161 878
125 73 40
37 131 122
107 70 956
114 64 367
69 155 437
115 38 680
7 37 992
69 141 231
183 207 589
49 207 997
122 197 720
7 187 32
8 181 179
176 212 406
147 113 479
89 211 218
115 110 961
153 8 852
135 31 321
118 109 483
111 142 806
201 30 373
41 73 680
119 10 382
162 167 970
134 49 923
62 175 26
63 50 998
59 101 235
92 82 569
99 187 411
7 76 919
184 179 92
49 89 579
5 69 320
131 164 326
151 91 602
1 183 450
132 107 718
209 189 465
84 119 112
29 84 394
33 49 711
212 79 281
98 209 469
107 179 317
131 209 735
99 65 505
47 161 892
115 57 831
143 152 650
115 95 964
211 193 159
163 209 315
95 105 681
98 187 407
125 29 265
94 137 567
61 156 585
85 51 615
213 199 208
109 77 72
59 31 965
205 9 87
91 99 56
183 8 427
50 127 135
61 39 80
161 69 954
29 147 942
35 151 430
181 177 286
151 127 227
167 58 954
71 185 392
209 56 916
37 126 236
1 69 891
90 119 712
103 206 490
33 108 143
56 77 601
169 137 349
211 109 104
192 22 233
95 189 1000
17 35 732
31 47 455
65 113 970
154 169 546
47 61 445
129 90 406
147 59 416
101 17 591
207 101 307
48 44 377
213 191 194
36 43 131
194 167 247
32 82 333
210 170 633
107 139 984
108 39 888
61 134 668
65 145 265
122 94 935
17 50 245
35 71 741
13 149 316
1 7 874
195 25 427
40 123 373
15 110 365
31 56 458
44 123 782
153 90 59
113 101 810
69 91 335
52 163 358
53 111 202
93 129 306
154 97 444
68 209 105
146 108 131
21 199 834
73 188 450
119 46 719
210 125 192
45 203 547
57 136 816
132 177 537
167 127 693
169 92 61
185 49 565
120 182 384
201 190 988
101 121 338
40 89 248
65 195 781
159 103 469
79 207 824
41 81 165
148 108 427
116 111 760
120 27 992
203 171 353
21 127 345
30 1 891
195 103 952
27 186 384
47 121 615
73 43 730
39 116 278
181 15 502
155 67 92
85 135 453
206 17 720
197 55 126
45 68 15
7 9 341
207 147 939
103 33 261
188 197 917
170 78 677
23 199 940
202 99 826
180 3 737
141 108 34
214 197 341
7 57 462
93 179 546
155 15 716
203 131 160
188 209 823
196 197 793
37 178 662
100 185 238
34 167 894
56 57 465
189 153 570
184 147 1
1 189 369
63 193 90
121 203 528
35 110 669
161 113 616
191 5 967
64 179 943
23 107 612
177 58 256
176 196 541
71 135 39
37 163 975
141 80 901
92 133 329
49 97 708
43 90 253
79 151 67
71 52 301
207 35 995
33 176 949
17 43 802
83 209 115
19 21 6
24 25 1000
81 57 60
72 164 134
159 111 499
63 111 98
193 85 344
111 172 600
111 106 971
14 107 581
123 95 668
157 111 902
154 153 491
91 119 45
175 25 340
211 187 320
187 92 78
83 91 329
51 141 630
189 175 171
21 191 908
201 95 41
66 169 829
52 191 747
151 153 112
29 166 265
167 24 743
3 157 959
135 96 471
49 47 617
101 9 149
100 82 95
204 199 769
203 110 307
127 191 245
151 15 593
194 69 94
6 71 349
149 171 625
191 91 240
57 85 875
57 78 599
127 23 812
101 170 699
75 196 919
26 63 753
211 147 882
179 153 773
11 47 241
93 51 973
183 190 195
111 187 314
75 11 974
3 210 304
1 159 793
212 147 177
67 59 125
214 112 523
7 34 466
157 131 128
210 71 465
51 83 584
79 127 41
64 52 124
121 65 341
160 5 321
170 203 904
75 205 843
45 2 678
150 138 549
29 77 311
158 101 906
164 32 971
77 125 241
189 140 493
199 190 664
181 95 519
75 122 921
131 193 108
149 139 981
132 19 721
139 165 925
139 198 56
57 187 909
213 31 673
69 119 712
127 16 197
47 179 654
160 69 889
10 93 854
141 161 4
18 209 754
119 63 388
91 177 868
147 139 670
213 59 870
59 24 964
31 41 564
194 103 719
183 95 88
193 83 889
159 72 36
7 177 636
125 57 149
75 173 851
197 9 976
81 71 556
35 143 507
182 15 406
102 61 458
155 27 540
39 191 629
33 181 713
89 180 848
159 165 472
161 37 426
64 67 843
13 72 996
109 65 103
99 19 246
149 63 449
53 62 366
64 97 280
45 87 314
197 186 57
178 71 269
117 57 887
21 101 35
7 23 788
158 203 842
196 171 528
208 13 64
49 158 768
123 142 931
98 131 489
143 61 553
35 131 17
108 164 551
151 164 3
9 47 474
19 9 99
89 201 56
102 57 356
35 198 431
75 23 320
9 77 688
9 83 860
205 173 865
187 11 732
169 188 665
19 100 227
60 205 52
171 134 759
147 179 450
214 28 376
195 31 818
157 26 694
47 144 369
199 39 198
5 35 349
71 88 868
170 199 238
93 133 326
89 55 37
75 13 767
160 120 136
214 39 415
196 167 732
87 165 874
76 191 998
169 165 993
11 185 337
162 158 525
197 173 186
211 157 391
40 74 136
64 81 549
193 133 671
66 142 793
151 17 759
179 135 992
133 105 13
159 8 943
69 67 203
173 191 679
11 14 776
187 29 526
77 1 805
39 97 928
37 204 530
193 173 765
197 108 577
139 92 163
43 24 120
184 133 263
29 40 805
98 197 740
25 83 333
127 200 616
127 113 332
167 55 736
89 93 629
155 174 841
147 112 404
177 209 14
1 119 101
15 123 133
73 175 522
195 178 316
37 148 302
61 203 998
181 79 172
189 59 681
129 105 114
64 207 280
23 66 859
149 198 975
211 169 297
79 135 125
39 46 348
155 204 795
9 46 896
151 50 408
191 13 511
162 53 543
86 9 136
119 191 645
25 133 699
126 50 949
125 199 987
15 171 948
145 207 30
92 37 822
152 189 36
141 35 16
201 172 511
141 175 307
7 209 836
178 181 731
86 125 399
137 65 439
184 55 371
35 213 361
125 1 699
15 169 265
70 23 820
153 23 924
109 161 214
19 49 319
43 119 247
121 28 722
5 209 49
1 23 737
48 105 391
47 209 599
101 1 978
77 37 780
25 55 213
119 145 937
85 162 578
75 113 63
124 139 343
85 28 927
207 63 534
133 37 256
27 75 95
81 211 148
181 28 26
7 167 547
91 157 206
5 168 987
51 209 608
31 97 647
9 60 947
152 181 924
131 49 466
155 60 615
77 75 770
183 167 217
145 69 490
69 109 290
37 93 140
89 161 21
149 193 42
59 47 601
91 122 723
160 183 472
211 197 835
81 188 554
45 163 563
183 97 758
31 104 835
181 48 156
52 111 427
1 17 721
212 81 584
199 12 71
19 97 960
57 89 18
185 40 850
128 136 286
71 108 809
189 154 361
6 189 21
103 57 572
70 87 381
98 130 883
153 67 130
139 55 9
137 177 379
41 92 157
9 11 944
117 172 371
3 189 773
11 183 885
191 169 992
19 81 642
97 205 379
189 53 813
55 133 968
119 172 453
139 97 677
197 44 882
53 127 392
169 199 709
107 99 48
108 75 158
42 137 950
33 16 204
161 11 67
50 21 567
119 209 414
1 169 481
111 50 22
149 154 967
100 93 542
153 206 754
11 143 306
57 39 593
88 96 881
57 59 131
51 163 846
189 18 399
152 149 861
77 57 953
175 87 223
187 65 331
2 16 96
113 177 519
109 1 627
81 111 65
189 187 298
103 24 967
10 66 327
6 157 242
159 147 704
149 39 609
149 113 795
52 169 720
168 13 436
11 167 498
45 195 136
179 172 890
95 203 679
148 55 496
181 11 5
163 67 578
51 5 105
13 83 638
49 173 633
27 33 564
53 195 438
99 82 70
213 163 152
169 7 254
175 135 560
5 111 335
21 135 848
200 26 533
76 135 82
178 205 301
69 158 517
159 171 330
162 177 774
72 67 496
113 189 568
40 48 927
109 33 756
157 35 149
148 22 37
81 51 547
13 213 872
209 105 705
61 94 166
1 121 241
77 165 138
43 10 100
81 3 699
3 65 622
175 187 678
17 149 576
179 19 559
163 49 461
180 203 53
150 67 323
33 211 57
37 41 688
35 89 389
195 106 719
132 69 290
51 59 821
185 19 209
158 168 459
104 67 882
213 167 361
111 108 379
1 71 344
110 118 735
45 171 180
65 44 66
31 15 29
66 47 928
35 179 433
67 157 126
115 161 481
179 71 437
131 8 27
55 15 817
194 57 469
107 91 825
91 19 183
44 14 256
109 138 826
97 52 558
16 35 108
209 107 507
185 206 792
37 73 103
39 132 326
17 156 727
189 61 215
161 121 467
88 188 683
197 85 267
205 105 872
149 141 333
155 16 573
72 69 126
78 203 724
52 156 444
25 3 403
214 117 681
26 39 353
5 109 398
29 152 829
32 208 91
119 38 388
97 89 510
163 53 813
75 105 272
28 103 186
179 180 887
191 61 1
16 125 869
62 68 552
115 189 388
34 85 483
183 181 115
207 12 787
121 53 614
181 39 445
208 73 988
102 120 838
133 45 584
61 109 761
125 167 577
213 144 827
7 202 264
139 125 34
133 135 57
93 155 752
177 150 592
85 190 151
47 87 181
103 152 635
66 3 163
10 34 844
193 79 695
68 91 896
25 111 229
74 81 319
61 12 589
197 41 239
143 93 169
205 145 473
171 120 576
158 43 825
151 57 88
97 79 720
183 139 721
83 179 23
179 65 694
94 75 984
214 38 613
43 105 512
153 138 124
201 113 853
80 27 993
67 42 14
122 123 851
28 201 468
179 94 250
139 29 452
177 11 360
175 75 139
203 133 676
147 35 792
55 62 718
195 101 241
18 52 896
126 190 380
214 114 718
55 27 424
106 127 387
101 214 22
151 27 737
133 109 652
53 89 469
103 192 621
93 27 976
31 40 113
186 153 703
97 213 620
205 159 230
52 207 532
71 100 76
189 31 63
198 153 851
200 211 916
163 25 898
131 80 532
118 43 49
179 87 257
176 158 811
129 214 753
7 13 206
1 57 235
89 191 808
33 169 149
197 213 339
175 37 440
54 35 684
146 197 120
104 93 382
49 125 160
67 201 815
71 145 338
187 8 437
79 214 247
193 115 670
135 104 824
165 182 654
166 67 107
66 134 967
48 59 107
86 37 889
89 115 339
137 131 882
95 116 228
166 142 812
185 48 61
113 139 208
55 142 885
158 206 597
171 27 438
205 12 878
86 107 493
207 59 874
79 48 465
73 71 751
156 64 436
187 13 85
45 71 519
105 102 80
23 205 306
85 143 909
111 83 718
44 199 556
75 110 393
58 132 899
143 25 624
169 120 332
83 183 224
35 67 3
152 169 306
63 129 951
143 137 417
79 128 119
103 119 309
43 102 568
111 10 646
131 81 334
51 29 555
122 46 369
13 199 983
170 123 12
169 207 704
197 125 619
9 45 413
67 212 384
109 51 11
214 15 208
173 103 791
54 45 795
171 43 208
123 121 135
188 44 31
35 127 266
147 111 443
144 193 820
173 179 801
182 18 530
37 21 805
59 103 640
181 87 515
77 30 188
168 77 472
187 207 627
145 195 890
20 187 150
153 41 4
27 193 701
25 75 865
177 75 26
38 114 824
150 145 359
140 100 143
97 134 596
156 19 406
22 163 235
119 65 163
156 115 41
38 207 212
12 99 415
206 120 757
36 28 88
57 169 899
9 102 934
184 88 295
57 97 703
19 115 838
133 9 351
201 91 581
151 211 523
127 83 467
35 63 810
51 214 299
167 109 652
83 129 519
46 64 495
131 30 273
93 8 993
111 195 639
33 77 880
65 77 338
51 19 778
109 157 446
141 166 688
84 35 88
167 78 428
119 183 550
195 153 959
135 42 296
141 91 431
139 33 561
85 25 139
51 124 283
55 69 366
83 161 635
73 119 589
147 96 5
175 209 750
5 130 560
211 153 423
29 179 160
177 51 849
163 183 945
60 31 90
43 200 85
93 205 121
81 25 520
81 101 588
3 16 719
125 103 441
11 100 88
187 191 735
79 209 425
175 59 760
51 113 159
141 128 394
141 1 946
9 116 373
93 212 797
86 189 52
53 148 275
1 31 420
171 209 710
147 154 679
75 35 725
177 140 813
46 133 118
25 39 247
83 207 973
139 167 219
169 145 425
175 113 844
34 135 369
18 2 261
192 80 229
155 197 758
205 35 286
145 152 603
110 71 705
61 173 469
126 91 785
192 179 66
134 51 882
47 104 929
170 107 391
114 59 426
111 18 856
213 9 50
77 4 254
85 174 73
117 20 467
15 51 810
77 171 467
205 115 155
99 155 465
51 49 863
6 45 845
149 195 392
163 105 706
33 168 86
214 36 918
80 95 202
45 85 403
121 179 949
85 4 448
203 191 293
23 213 966
9 37 124
159 203 224
82 193 386
79 17 458
81 115 234
101 67 438
129 119 223
138 191 205
153 141 152
191 59 410
175 19 509
177 142 585
159 43 759
145 109 952
154 87 954
26 211 534
144 7 557
139 171 145
190 113 65
203 23 789
149 191 52
71 39 810
163 135 849
103 199 412
135 59 312
1 197 467
199 17 75
154 55 622
115 194 608
185 165 41
62 27 261
98 33 459
210 53 529
183 107 125
205 14 40
213 125 320
12 201 508
117 129 48
141 171 49
49 77 900
1 118 129
171 170 558
13 15 23
167 169 553
187 107 155
113 26 390
3 13 222
42 64 630
171 189 650
185 89 490
4 130 862
131 2 801
49 61 138
4 113 197
103 186 711
141 33 907
13 53 167
39 161 149
55 53 493
77 43 365
114 56 219
54 107 199
127 73 263
114 130 667
177 16 345
25 89 122
41 191 414
7 4 990
101 24 449
109 214 393
160 87 460
207 209 464
23 145 616
7 166 822
29 150 265
26 41 119
179 15 402
169 187 321
40 58 864
99 59 41
81 37 478
116 45 587
178 20 535
144 155 778
93 26 544
135 146 984
203 162 284
171 145 517
34 15 920
181 125 404
120 57 392
1 87 72
7 211 714
67 49 380
187 85 176
15 44 205
117 113 976
1 32 255
77 141 642
117 85 320
169 93 746
146 7 657
111 149 156
185 147 53
74 171 399
91 61 91
25 145 813
181 34 803
143 117 198
39 109 904
89 13 650
128 150 712
71 143 459
40 169 429
141 195 358
158 149 151
209 137 224
189 157 560
57 127 659
181 65 226
155 113 874
90 79 574
142 107 990
175 131 339
112 213 555
109 120 446
192 97 660
201 73 346
87 101 857
27 90 468
76 79 137
213 34 320
160 116 618
133 174 430
1 112 616
163 2 478
93 140 294
104 17 163
146 81 525
157 27 279
18 96 770
141 164 708
121 95 129
194 65 243
133 196 43
194 201 914
69 110 885
113 83 509
102 179 664
17 19 717
135 44 706
191 189 670
155 7 361
6 26 910
143 211 787
205 125 918
25 180 736
202 51 669
197 35 155
96 192 17
183 59 454
111 16 615
143 94 592
100 181 158
122 57 818
15 2 709
129 190 100
169 77 205
13 105 152
149 11 740
131 161 540
213 43 376
91 213 878
101 95 705
9 39 633
163 157 888
66 4 713
7 31 849
42 133 951
107 27 595
169 21 881
77 163 655
185 186 76
26 139 147
11 78 747
65 208 570
81 86 563
76 4 717
92 181 781
204 33 722
129 135 883
85 83 803
146 33 263
9 31 452
201 24 985
205 69 155
31 168 627
123 211 895
137 211 652
43 61 357
89 127 852
200 61 434
17 167 280
36 141 81
149 75 811
53 187 274
3 135 274
213 113 561
65 81 982
180 205 943
133 168 673
193 154 310
7 139 424
134 91 980
184 145 203
210 184 608
165 20 427
161 133 614
57 33 381
47 129 802
112 146 745
123 157 690
90 151 848
213 188 943
95 44 814
107 120 645
155 159 572
105 146 790
55 191 860
81 141 799
213 2 94
47 131 715
112 149 306
99 147 759
16 7 448
139 157 537
145 13 391
35 172 201
53 199 946
46 196 831
21 35 393
156 198 814
32 25 448
23 133 712
77 123 370
169 171 703
89 153 299
142 89 659
59 206 827
45 153 13
211 189 582
183 135 392
39 153 217
57 63 61
197 31 833
23 117 336
172 42 667
35 103 763
139 110 892
173 71 699
4 3 860
183 147 634
108 143 31
69 133 713
31 45 456
66 98 139
181 207 27
109 210 44
207 211 972
193 53 676
13 108 324
149 3 922
106 171 523
151 196 986
165 43 954
151 55 13
65 213 331
63 173 244
173 76 362
207 55 565
98 24 407
102 111 642
162 61 792
122 72 866
199 37 314
41 23 729
167 129 406
103 175 533
131 41 412
21 119 284
31 37 764
181 38 672
152 204 505
33 43 23
5 119 850
29 161 445
165 173 276
40 171 900
30 63 281
89 144 56
195 4 436
129 151 299
168 148 865
151 139 715
117 157 977
122 51 889
4 185 153
21 143 582
107 105 449
158 187 425
13 16 166
184 59 247
155 133 656
173 135 282
147 61 916
191 159 757
185 96 686
202 213 995
103 133 911
125 146 744
127 62 672
132 113 590
30 23 288
25 212 657
45 99 201
12 55 992
47 147 717
207 193 657
199 89 771
52 1 278
177 1 758
171 198 185
33 189 199
210 183 73
201 192 805
85 41 748
76 81 393
52 199 859
99 13 286
53 99 946
145 167 396
93 113 478
123 175 271
169 209 279
37 127 95
133 90 621
77 159 140
123 166 754
87 164 515
63 150 566
29 86 479
114 37 834
169 51 100
115 212 972
55 61 848
45 20 758
75 101 889
166 115 976
61 79 582
138 89 756
104 162 978
75 125 413
210 41 284
109 125 199
7 193 208
61 9 408
40 129 164
173 42 214
69 168 442
111 14 138
167 207 876
47 37 787
201 156 378
39 172 40
4 119 15
75 117 896
17 195 275
148 11 252
74 67 932
145 175 704
157 207 511
81 121 557
170 1 17
79 2 326
32 214 382
23 69 624
171 53 105
196 202 235
95 97 36
121 96 815
213 169 173
53 201 801
20 10 965
132 108 354
11 21 968
63 93 22
124 9 940
203 149 122
191 156 742
58 17 963
211 57 823
39 111 875
180 141 726
41 111 941
204 123 130
65 197 155
121 35 518
110 131 987
24 188 780
139 73 677
85 183 43
140 41 608
207 151 919
132 57 487
7 119 218
165 5 397
72 195 233
202 176 648
201 77 6
41 90 504
214 19 646
62 19 754
191 165 2
195 207 510
165 122 829
150 68 52
33 165 201
3 62 734
9 15 405
191 153 437
175 55 120
72 130 502
203 207 268
197 74 126
3 36 921
40 1 405
121 204 918
135 40 271
53 153 683
125 7 95
47 73 224
142 121 301
211 65 502
159 175 625
31 192 514
57 69 282
40 83 552
126 204 881
37 135 400
82 59 52
18 173 775
107 75 137
41 61 250
13 40 448
159 173 361
161 136 256
149 41 702
209 26 368
90 94 652
190 97 573
83 29 143
100 87 982
186 97 661
167 71 991
99 133 540
29 123 851
63 132 829
111 205 328
207 121 541
13 65 244
121 38 192
159 34 423
213 147 253
68 203 438
33 159 621
171 101 69
87 122 601
137 81 274
57 183 273
86 1 269
153 91 663
135 81 752
168 138 921
162 169 864
205 167 911
124 54 954
173 91 323
203 93 68
5 163 745
111 139 68
16 196 275
40 157 929
55 203 226
163 199 793
56 110 508
113 214 252
108 209 433
189 213 917
138 139 96
193 14 17
111 62 327
123 9 336
117 183 509
69 117 829
39 157 545
133 73 306
48 158 994
6 135 413
57 21 17
99 89 201
55 74 415
209 94 707
183 192 830
85 101 566
151 120 230
43 27 569
203 107 226
109 19 737
173 21 744
95 111 633
78 103 149
24 144 823
155 160 303
55 41 354
88 85 255
157 90 311
135 1 587
36 209 757
179 145 773
185 84 99
201 22 652
65 7 935
123 42 139
101 210 216
15 204 880
119 64 825
63 83 806
113 79 31
151 135 493
147 129 282
193 168 131
135 61 210
74 163 794
16 40 999
33 209 744
124 93 222
114 65 773
105 30 293
143 64 319
103 91 670
142 36 258
207 77 292
159 197 140
194 77 212
65 23 251
63 39 551
61 157 366
2 6 385
153 150 603
70 65 638
23 68 416
66 199 76
158 157 707
69 151 703
113 157 367
33 190 958
105 16 331
37 187 584
199 91 778
183 9 644
139 54 276
41 9 461
185 157 842
12 117 849
18 195 7
41 138 604
25 12 275
102 185 354
16 213 900
63 107 235
88 60 850
125 175 29
9 68 285
199 7 43
106 119 973
31 39 721
203 71 915
27 25 384
6 85 223
45 73 267
130 51 45
149 175 683
163 79 250
212 49 434
147 81 753
118 117 95
206 1 934
185 42 43
58 47 670
195 23 930
199 9 230
76 141 83
109 57 779
190 137 889
31 143 582
123 43 78
129 32 432
147 118 637
3 15 329
90 177 500
80 96 245
19 201 747
83 31 5
55 96 498
164 172 21
21 79 542
177 145 932
137 201 738
153 49 373
117 127 868
128 188 23
156 66 620
15 45 181
89 176 334
31 6 194
133 201 666
61 71 561
145 131 43
85 141 295
94 5 357
68 214 486
197 75 346
149 126 965
179 193 191
87 200 719
19 167 661
198 105 312
75 70 259
203 179 229
43 212 870
195 92 840
197 69 106
54 38 719
44 175 341
213 101 506
197 175 168
167 89 447
15 93 99
59 192 338
87 83 563
141 213 983
87 103 179
101 211 494
120 192 509
136 199 61
78 119 693
198 27 200
9 180 171
171 157 187
115 31 636
148 115 436
71 68 194
183 75 149
161 146 972
164 60 815
151 197 720
65 49 96
94 41 31
131 85 526
2 159 162
29 193 338
103 204 731
99 21 773
141 7 523
161 87 517
107 122 681
123 135 604
167 137 535
4 169 323
73 191 680
191 83 537
15 185 397
61 99 385
23 209 647
92 69 895
97 202 407
211 48 517
59 15 515
126 191 247
159 162 254
161 114 965
14 155 117
203 209 873
41 69 253
169 177 812
165 44 603
193 46 646
119 9 325
39 81 191
177 53 407
33 25 248
67 31 963
88 131 480
27 7 304
154 23 126
136 3 11
139 211 116
139 21 591
102 147 80
72 199 501
175 11 193
176 81 910
5 97 911
201 59 351
50 70 500
23 187 759
52 13 16
166 210 194
201 157 160
129 123 212
83 62 351
35 167 125
113 109 512
203 199 888
133 61 655
55 84 641
58 182 406
90 4 690
209 173 353
125 99 569
27 207 565
70 93 352
145 27 36
190 45 244
65 16 161
183 173 330
211 10 928
87 137 732
194 161 273
125 58 50
167 1 249
53 141 375
187 55 378
23 91 68
171 31 870
182 153 441
159 133 531
125 119 157
106 113 178
94 40 155
208 41 385
27 169 853
189 137 554
165 205 902
199 159 725
56 172 505
106 138 360
23 78 868
13 129 647
191 99 340
15 91 863
153 137 922
117 59 61
41 184 589
95 141 974
96 69 995
186 85 662
63 120 205
8 124 239
125 196 758
95 60 25
129 73 192
94 139 956
173 11 873
206 23 985
133 53 90
35 117 858
42 113 588
103 41 961
205 108 640
153 185 235
127 172 982
173 150 368
124 53 163
139 25 932
51 129 609
177 114 784
164 159 682
212 180 100
21 100 854
197 163 29
78 44 318
41 13 134
88 133 758
80 58 804
69 82 995
150 85 683
167 23 609
201 37 52
129 55 983
146 65 149
67 87 66
203 34 693
59 115 308
30 199 577
204 106 115
70 151 899
18 139 567
93 141 348
127 55 621
91 65 556
103 117 163
93 197 571
67 133 771
165 193 63
173 190 523
84 156 592
137 193 175
1 65 148
43 74 288
103 212 516
79 67 922
6 133 829
35 189 44
113 205 156
28 128 360
101 125 199
192 95 602
33 65 311
163 119 888
115 55 175
116 113 372
127 166 780
164 196 538
19 136 876
186 118 847
199 127 19
11 192 629
6 11 788
213 212 748
208 109 845
119 205 275
179 3 361
137 79 839
129 65 100
191 33 29
203 87 209
135 97 970
58 120 672
127 159 438
210 91 559
1 67 348
189 10 781
110 61 804
29 82 105
159 84 593
129 3 950
115 75 914
160 67 933
171 195 601
91 87 540
73 205 39
202 208 661
29 13 738
211 31 288
78 3 964
17 83 458
157 4 412
11 15 721
39 206 350
186 203 99
61 92 537
79 87 886
143 33 191
47 113 703
177 174 935
148 144 269
179 53 664
135 203 325
208 159 199
166 121 340
47 5 139
24 15 40
73 173 45
28 39 600
21 51 635
166 154 697
113 88 700
62 21 567
206 195 515
181 175 974
7 197 338
130 53 582
102 128 675
131 181 919
183 112 103
213 121 855
63 122 40
41 194 602
93 95 763
75 3 653
86 53 616
97 197 63
59 19 496
169 25 38
5 14 915
20 95 192
76 9 875
208 67 57
155 142 994
134 71 710
200 157 558
105 167 798
197 207 927
210 19 895
177 106 716
31 105 208
7 173 961
169 14 223
29 62 753
76 187 92
81 158 163
185 1 571
209 120 314
159 132 180
125 47 817
105 181 139
112 141 145
187 77 699
108 211 366
48 27 751
2 139 815
159 113 317
208 148 175
189 27 690
89 118 841
209 37 900
77 189 901
165 179 717
91 196 240
149 114 972
128 3 742
53 145 446
116 126 53
181 139 277
163 121 356
141 90 709
57 46 856
23 179 373
139 188 729
162 56 87
56 19 796
130 119 637
145 200 765
166 37 255
135 191 188
61 89 609
214 13 891
121 195 294
165 65 198
125 19 66
17 57 452
211 120 633
131 97 643
81 155 744
132 189 180
115 30 773
68 139 445
194 171 103
183 31 509
141 152 450
89 147 765
214 171 54
205 17 36
13 163 396
146 204 348
187 59 40
123 163 889
157 105 348
63 23 116
31 109 391
95 119 296
181 135 470
6 8 532
80 35 350
131 179 133
95 209 837
151 203 775
21 176 675
162 202 727
170 17 137
11 150 252
84 123 236
57 31 711
141 188 254
101 131 474
77 183 498
129 176 188
73 156 885
194 47 839
109 115 307
76 211 4
205 153 842
70 91 345
77 67 874
135 64 413
119 101 202
43 49 761
24 143 381
115 147 893
38 31 960
70 203 302
211 53 93
3 5 424
153 213 338
55 67 318
205 96 406
38 56 986
197 73 410
44 147 47
165 98 714
106 189 566
107 197 201
191 185 955
210 1 517
169 16 465
129 189 902
23 99 694
29 205 676
15 206 165
24 69 382
125 78 208
57 197 206
211 11 559
1 149 628
178 41 27
17 116 537
63 19 813
189 155 291
113 99 267
20 132 626
153 81 641
1 73 974
26 21 378
17 181 840
122 196 281
147 91 434
161 101 167
11 153 16
13 131 949
132 53 350
156 131 129
75 67 596
129 137 52
100 59 804
27 85 609
149 15 252
66 164 939
77 149 147
185 167 843
33 47 901
198 88 482
213 209 398
75 213 394
109 177 523
3 201 252
78 109 822
205 163 17
71 205 675
72 100 585
107 114 869
137 197 496
48 137 131
211 167 313
108 145 100
99 121 462
131 83 522
76 28 441
148 197 287
139 59 751
35 48 417
79 141 555
69 111 310
43 133 305
77 69 719
18 109 236
209 145 41
173 180 173
125 128 812
201 35 268
165 171 840
143 55 619
137 109 333
15 191 918
143 49 852
173 16 895
87 192 13
69 63 67
185 184 721
110 209 678
210 203 455
163 211 482
119 139 922
105 183 736
39 121 284
52 91 995
39 205 330
13 67 832
26 34 563
54 100 885
180 41 204
97 40 395
126 1 880
182 208 240
71 107 229
63 79 16
198 76 16
20 180 575
213 116 790
89 184 263
63 211 601
205 214 490
54 130 113
189 103 877
102 199 660
209 210 655
108 73 441
186 134 865
190 56 463
86 166 896
33 157 901
192 191 525
115 150 571
181 157 666
173 85 221
147 88 932
29 133 505
79 190 680
212 74 937
71 214 917
161 45 918
100 123 1000
45 147 273
213 103 83
101 3 708
122 199 350
95 39 323
64 171 857
92 1 948
191 8 933
135 116 713
30 203 151
17 171 53
69 11 550
91 39 379
47 13 625
167 121 102
136 179 284
41 181 646
202 169 117
123 63 690
21 71 536
8 136 222
37 155 235
51 135 254
79 129 703
31 121 314
157 30 681
46 103 243
35 1 266
119 171 474
95 205 308
150 175 72
129 48 580
110 33 366
167 178 452
207 90 234
111 167 133
180 77 93
81 97 580
93 1 508
163 111 579
63 201 248
182 179 764
129 205 636
3 121 301
201 122 333
61 88 31
27 140 409
177 67 801
156 141 727
107 18 116
43 91 544
112 162 689
13 115 824
173 195 637
67 57 260
64 85 565
97 171 534
161 88 242
17 139 981
187 198 559
39 133 776
51 77 747
111 15 41
157 81 823
107 19 133
209 11 799
207 8 823
149 37 746
28 15 319
60 196 94
207 201 221
145 35 190
179 37 618
33 164 687
164 171 845
128 90 501
50 200 951
195 59 417
93 55 865
72 29 609
81 132 727
177 155 986
8 12 903
59 119 966
45 141 127
17 131 717
65 120 881
179 91 633
78 42 992
97 191 525
72 57 232
5 7 270
152 195 961
67 93 136
3 126 375
54 30 335
55 57 9
129 19 75
112 3 869
172 155 253
91 33 62
73 171 464
108 160 143
159 123 848
13 170 826
58 163 161
91 53 210
95 86 814
199 152 489
38 200 261
136 173 284
198 119 516
3 197 469
166 129 506
13 86 681
61 150 882
146 173 833
123 27 618
181 89 939
85 29 690
62 117 583
23 81 100
151 201 539
73 35 15
49 105 425
64 45 532
15 153 152
114 12 129
197 83 206
69 201 887
71 122 801
143 63 622
119 157 666
148 49 910
42 177 861
133 3 41
52 57 656
134 53 81
127 97 291
96 23 811
122 21 487
17 25 199
62 211 10
191 10 739
177 99 557
69 173 113
39 203 819
117 197 861
7 153 928
55 120 640
45 91 785
60 201 930
112 5 982
21 151 192
143 23 479
83 160 320
143 102 848
109 104 147
191 82 983
48 111 623
60 143 720
23 113 499
175 82 76
18 188 729
5 147 755
165 172 809
3 30 494
174 170 664
69 193 675
115 111 2
71 76 678
35 129 968
103 131 763
171 193 21
83 77 919
131 163 897
91 75 379
121 171 898
119 33 291
171 95 228
137 119 675
124 83 238
25 21 304
1 195 949
115 17 645
109 16 681
180 211 657
157 128 613
5 151 190
12 131 351
58 210 9
67 214 640
74 1 329
135 35 831
197 39 184
5 157 354
166 53 234
120 5 696
26 14 691
134 194 18
176 144 228
112 17 131
109 191 995
55 183 668
200 197 418
137 183 676
49 31 418
134 147 19
68 182 101
1 20 610
161 171 102
99 205 221
55 136 620
195 157 23
41 112 912
50 53 753
91 169 809
165 141 106
93 32 712
148 207 230
181 147 692
205 42 670
105 203 905
156 47 413
138 126 589
144 3 461
45 3 645
103 161 187
151 61 290
69 137 259
44 2 633
37 186 811
29 10 445
38 155 336
32 52 893
117 135 201
187 195 835
114 17 267
65 27 448
157 184 538
71 118 672
181 86 652
89 37 289
67 66 979
83 214 592
121 63 764
53 185 554
97 198 751
83 177 494
75 195 658
69 85 313
190 95 415
134 4 877
47 137 786
109 93 873
169 37 577
131 138 840
8 151 620
202 79 12
57 93 820
7 101 391
97 165 345
37 129 33
50 28 156
179 181 235
107 108 137
15 146 59
115 141 763
81 207 677
164 3 54
35 158 477
81 159 295
74 29 820
5 127 87
180 113 920
3 87 549
114 141 698
211 186 383
5 133 709
73 115 760
19 195 498
63 115 189
104 57 160
1 193 316
145 183 549
37 121 536
45 109 651
153 142 176
23 61 202
189 190 197
49 188 869
183 201 753
41 86 287
45 157 956
171 72 133
26 186 572
125 193 288
150 83 712
95 195 208
1 110 454
129 181 888
161 178 454
105 32 507
85 49 536
147 71 59
55 79 631
109 195 93
122 129 886
161 159 328
21 157 963
135 196 386
166 189 2
108 91 405
60 183 205
67 8 985
34 140 988
87 61 793
5 90 915
185 179 504
167 192 659
2 173 577
145 55 738
153 37 828
125 105 395
45 47 8
56 82 250
115 155 708
39 147 986
186 59 76
23 19 896
121 79 88
158 207 284
194 39 695
49 29 38
197 129 70
153 157 914
189 5 678
23 183 657
65 55 938
30 159 848
63 127 155
35 114 738
129 183 124
196 105 108
39 160 576
179 81 868
152 53 552
159 168 391
99 35 976
135 138 74
74 194 231
17 175 883
154 173 647
155 129 444
40 213 536
5 166 56
165 111 866
109 81 542
87 43 65
5 76 730
93 149 853
171 150 180
79 12 477
200 22 166
180 43 604
127 80 536
167 74 231
163 56 486
41 67 753
85 109 195
1 209 616
112 207 201
181 197 129
19 54 102
1 66 996
73 213 113
110 141 154
201 141 996
199 15 654
160 127 395
66 75 746
43 199 320
108 59 161
179 205 108
135 200 877
99 92 172
93 35 671
182 7 957
165 113 453
140 101 304
163 65 40
152 43 543
181 165 652
88 94 709
17 113 185
76 117 921
7 110 403
117 21 833
38 87 583
63 70 720
61 167 138
29 183 930
76 1 321
90 83 618
150 213 485
120 170 605
19 154 604
77 63 458
11 77 66
15 121 64
77 6 116
175 120 771
131 32 30
110 154 115
177 121 154
105 179 4
127 107 513
6 145 437
46 97 940
112 205 222
55 13 644
182 35 161
11 59 3
163 109 569
23 135 290
176 93 287
30 213 53
31 17 276
67 108 163
145 105 969
158 198 253
43 92 484
179 51 468
191 116 205
80 69 277
205 4 676
211 3 738
71 180 951
5 50 83
131 127 990
61 130 17
72 155 204
125 208 795
17 33 200
91 125 41
145 12 80
61 183 603
142 149 645
199 145 580
141 147 409
82 169 83
201 18 883
92 107 595
15 184 898
43 195 851
14 121 359
107 125 364
17 9 373
17 69 954
105 147 864
15 147 234
5 107 143
61 155 899
95 11 59
91 167 161
29 71 18
115 43 738
200 119 862
60 96 684
7 3 1
201 148 97
103 12 965
65 177 495
175 170 203
125 11 580
19 39 269
85 112 268
205 156 989
211 129 431
134 207 511
85 95 886
130 50 914
213 41 871
200 167 877
141 31 742
152 49 455
123 205 17
206 159 872
195 201 251
50 29 82
40 37 790
7 117 224
211 19 248
57 29 708
175 33 710
117 17 126
145 41 416
93 61 23
121 75 990
79 59 564
33 19 399
47 187 775
1 155 843
121 49 43
83 23 769
143 105 504
168 12 390
135 72 469
164 79 485
72 73 775
111 65 92
9 132 490
17 130 22
1 79 435
8 13 105
7 25 50
49 24 803
165 63 926
146 107 463
55 195 469
27 11 111
25 57 187
23 149 498
2 17 802
187 120 119
79 109 174
191 101 405
9 142 777
142 48 212
131 18 532
15 119 352
39 137 81
35 25 244
61 149 445
47 118 49
93 130 290
108 35 888
155 194 207
59 166 174
126 184 200
111 27 745
37 191 526
118 23 571
185 183 874
157 197 356
73 179 111
59 107 619
202 113 150
99 31 778
47 98 566
121 160 681
141 63 921
193 67 885
190 65 116
67 23 42
149 201 949
62 164 41
75 29 208
70 49 235
133 123 507
163 152 310
17 93 511
25 96 172
86 194 616
78 61 857
45 123 343
1 187 973
93 83 179
3 52 684
62 177 69
167 163 915
152 171 766
48 133 385
92 60 485
79 3 386
16 34 363
32 61 41
42 167 736
41 39 278
196 168 835
155 3 947
95 197 781
43 28 697
37 147 404
157 107 294
168 43 951
13 94 420
66 159 924
197 109 489
174 91 632
79 152 983
193 32 219
121 76 253
173 120 583
6 48 830
29 131 279
83 14 160
157 125 954
183 51 407
115 50 589
24 58 770
64 185 501
71 82 625
79 50 379
8 189 20
105 33 55
1 163 584
27 163 63
19 87 10
80 25 763
49 178 976
209 133 666
112 39 872
182 95 136
123 195 67
144 131 500
177 33 843
193 108 435
39 65 661
171 173 891
189 114 222
113 169 424
117 145 964
85 156 223
138 188 364
33 145 29
178 5 738
97 77 84
134 63 355
124 117 922
53 56 672
100 55 806
175 43 540
105 22 573
73 19 349
109 22 155
107 45 547
84 107 791
45 173 745
144 43 486
140 213 976
209 206 299
62 141 642
103 135 114
214 111 396
77 112 354
191 67 877
100 77 198
133 13 814
184 191 963
37 38 825
173 176 921
193 201 277
100 108 720
127 74 21
121 183 232
117 45 747
115 97 783
108 89 339
151 44 956
119 147 926
56 143 46
189 82 620
172 9 521
23 97 167
175 49 8
81 59 162
37 57 119
173 81 147
159 110 407
211 183 979
136 117 550
49 191 436
55 45 108
203 157 233
192 181 553
49 135 643
73 181 310
153 174 747
132 70 893
72 15 275
33 92 589
125 26 2
109 179 989
161 28 974
55 73 811
161 164 530
210 28 369
137 83 289
97 107 439
20 87 106
11 103 721
93 69 638
8 56 280
145 78 636
34 27 833
186 29 610
139 195 190
182 189 171
7 15 201
161 207 279
89 63 773
87 123 929
156 103 580
143 133 665
204 129 610
46 105 739
112 137 265
17 212 19
202 139 38
145 75 825
173 131 385
88 41 71
87 31 22
180 79 315
157 143 980
71 65 913
165 88 145
78 93 401
25 168 161
143 179 657
139 178 244
19 5 544
83 65 114
161 107 536
209 201 737
133 189 634
159 183 245
1 171 605
61 51 153
81 95 514
186 159 236
4 118 684
27 39 913
133 185 767
211 113 305
57 156 721
80 137 881
189 81 181
73 143 438
59 37 210
188 17 728
123 165 793
39 29 882
10 143 832
17 71 627
105 2 917
192 129 683
183 46 978
75 192 324
22 51 70
75 179 542
25 76 299
164 209 102
162 151 190
30 89 777
13 114 949
57 178 684
35 83 62
3 123 668
34 147 671
3 186 593
185 195 360
150 126 968
140 44 386
152 73 10
185 90 198
15 113 864
152 104 444
205 189 655
112 187 610
206 69 165
151 186 184
133 91 726
122 137 862
4 80 997
191 207 965
161 52 427
48 99 994
41 77 793
121 82 330
1 78 110
59 93 509
192 41 852
178 97 446
202 207 576
33 3 611
80 43 256
75 74 485
149 68 546
108 121 897
103 116 418
207 103 108
76 47 859
113 25 909
163 127 44
7 207 688
177 21 402
54 206 457
196 67 799
113 27 454
17 145 319
32 155 111
147 175 448
187 39 191
98 1 534
141 184 777
33 13 751
37 72 663
139 79 98
41 168 761
15 21 912
81 10 416
172 53 419
109 11 218
37 137 837
135 43 107
77 147 880
51 131 407
45 175 6
94 199 34
129 60 903
139 201 648
51 150 219
21 137 997
85 132 957
193 175 394
37 154 20
81 152 176
96 3 582
141 107 311
175 144 60
38 79 153
203 42 920
135 120 797
31 79 191
1 208 762
82 94 811
38 42 812
118 49 568
181 51 897
213 164 976
135 128 466
161 96 548
138 201 960
187 69 322
164 133 230
58 117 650
163 112 76
119 61 890
8 133 206
79 41 384
133 47 766
6 125 490
7 90 356
115 121 199
161 57 202
171 181 550
65 51 76
203 201 357
15 177 715
161 105 203
131 63 59
143 131 3
90 76 723
11 127 159
145 113 813
77 85 209
137 29 707
35 206 370
27 19 773
49 99 283
153 1 421
127 87 51
151 76 387
2 3 115
13 179 969
103 104 50
87 178 108
81 103 850
107 200 926
162 55 134
5 131 672
212 160 658
16 188 135
153 57 202
167 9 591
23 175 894
209 103 365
96 172 956
29 20 251
47 159 422
123 177 454
46 128 71
22 69 529
35 20 389
173 9 128
161 116 392
20 136 339
137 61 219
97 164 121
81 123 184
211 144 996
97 175 132
11 179 768
187 61 969
67 68 834
133 7 934
211 127 733
31 210 986
113 176 948
177 168 402
39 163 11
109 17 799
41 169 496
101 39 999
110 165 874
115 51 87
128 117 457
63 62 245
187 71 912
199 32 150
133 11 243
176 177 490
123 137 822
53 42 148
40 27 83
92 149 386
161 51 115
84 115 636
95 83 580
118 76 848
68 65 376
101 71 380
209 198 351
129 172 760
63 155 254
180 199 34
117 15 148
1 113 232
7 95 820
95 62 672
193 74 375
161 111 677
23 73 468
104 207 726
49 71 402
83 58 486
41 60 998
128 34 351
96 117 588
185 9 602
85 175 49
155 59 762
1 25 410
37 104 739
130 181 529
9 117 555
122 188 611
57 175 570
99 170 209
54 61 558
177 3 777
147 128 627
125 95 130
179 197 240
206 181 237
117 37 220
183 27 976
13 39 204
158 56 702
102 34 142
178 27 81
53 54 806
63 205 548
97 212 452
45 35 213
188 155 413
123 139 146
208 153 104
90 51 803
26 175 355
19 153 150
100 201 716
12 189 764
199 173 82
40 187 139
178 165 257
211 145 565
62 202 567
208 122 538
75 203 921
123 14 718
157 160 486
175 3 202
203 19 993
206 41 318
127 168 204
181 141 585
117 77 967
9 49 813
67 9 96
55 111 899
117 192 703
189 183 649
31 16 241
126 135 154
145 208 912
61 185 946
205 13 15
62 71 514
127 39 743
142 205 866
191 90 617
14 153 837
23 198 750
213 51 825
171 113 51
89 195 849
145 30 35
61 205 205
74 83 615
196 44 817
174 92 825
3 61 732
109 135 403
202 127 154
2 161 291
78 37 159
159 167 869
49 113 857
185 23 866
28 99 424
169 13 981
205 45 173
123 102 861
146 69 937
158 123 987
6 87 415
45 204 647
12 89 146
174 171 344
113 35 322
93 13 200
205 91 47
205 208 810
147 162 879
181 161 269
192 76 783
61 90 270
81 89 992
104 140 972
55 156 2
9 57 289
5 159 934
111 9 77
71 157 121
13 141 947
111 151 969
58 153 771
190 83 151
95 37 987
1 2 47
110 149 187
86 109 249
105 74 786
210 205 991
67 149 467
116 214 639
205 102 211
102 131 81
115 99 653
95 151 74
45 185 865
205 187 422
213 64 179
169 75 484
35 191 766
89 125 35
91 131 247
166 51 968
39 169 996
57 99 48
59 134 874
97 103 791
122 1 331
84 207 906
213 128 875
76 53 536
167 189 414
111 22 10
67 3 589
172 1 76
5 177 465
135 169 678
85 79 605
210 49 510
207 186 97
85 107 851
133 38 279
197 193 731
47 139 235
111 107 434
191 139 332
75 133 772
134 95 703
119 117 691
125 59 289
63 177 600
104 1 471
129 70 594
209 91 63
195 108 494
37 83 139
187 151 530
133 71 451
6 201 688
146 205 644
78 6 281
205 1 825
55 193 410
37 32 755
115 129 673
136 96 808
152 8 995
166 110 370
1 53 808
73 99 202
187 109 212
184 201 153
207 159 280
212 83 963
39 134 471
85 93 538
30 155 288
79 47 494
202 190 64
63 88 636
172 133 42
140 81 47
11 147 96
89 27 68
191 103 379
58 73 502
141 55 254
12 31 270
125 207 984
163 130 321
202 135 92
109 131 284
29 119 139
151 152 940
73 199 958
203 173 577
24 1 386
201 121 397
75 61 252
115 139 921
121 175 23
189 161 468
7 73 137
109 62 852
63 34 839
144 189 87
173 65 396
55 75 755
159 79 989
201 199 353
113 153 554
192 68 101
13 118 418
98 30 873
65 169 956
202 53 856
32 55 741
47 67 756
105 5 924
195 104 612
79 45 983
19 121 7
72 167 681
90 155 463
101 117 90
204 205 637
213 119 175
182 129 145
153 163 606
2 60 232
167 119 469
167 138 496
25 194 441
155 9 296
160 59 852
35 77 746
29 1 118
183 21 130
167 63 326
71 57 677
149 145 412
143 3 531
162 213 629
124 203 189
127 49 792
204 186 98
147 50 445
143 91 289
104 84 566
97 180 422
133 158 958
53 57 48
52 140 136
101 107 940
93 12 415
38 19 552
81 145 275
5 31 741
32 124 837
147 206 379
201 155 823
123 55 93
125 41 554
168 29 629
33 195 713
21 133 989
48 119 704
83 132 44
32 182 741
168 207 475
203 130 362
3 111 252
109 175 966
80 77 56
93 43 456
71 176 650
165 119 170
149 144 955
163 191 109
209 92 980
124 145 267
27 87 505
79 33 596
113 181 113
31 63 79
10 115 455
1 203 537
21 74 76
205 197 368
8 109 482
23 45 503
66 167 855
125 55 557
43 211 669
149 159 692
7 179 8
116 73 19
66 131 253
203 155 820
163 158 613
185 39 360
129 159 409
43 13 887
12 37 583
73 126 587
149 95 361
105 171 982
71 119 887
33 56 587
41 151 586
27 30 776
141 25 697
137 165 793
54 138 415
86 39 856
171 48 3
115 195 482
111 162 796
149 5 567
31 43 717
210 59 574
11 157 498
66 195 510
207 69 805
71 4 361
150 168 553
172 116 352
45 62 481
5 121 72
74 60 201
125 173 111
206 25 973
13 18 660
103 147 130
38 203 563
154 139 930
48 18 748
21 187 286
59 111 939
154 199 961
59 88 111
8 32 36
133 167 554
21 212 364
71 190 621
139 184 969
144 121 538
1 211 566
37 109 46
59 72 110
88 193 312
1 106 312
39 83 627
47 43 832
9 81 981
31 111 120
138 130 818
202 205 246
37 125 283
69 35 48
7 51 114
145 15 354
100 213 266
125 61 303
129 67 358
171 11 739
180 67 335
109 87 711
151 45 448
117 73 78
171 124 836
1 44 589
66 161 842
178 23 261
5 183 833
15 167 60
95 75 759
151 133 390
139 23 223
26 49 309
183 153 502
107 3 453
192 90 855
214 121 858
184 23 795
141 186 932
87 206 816
78 116 343
7 137 543
18 208 154
105 85 516
153 130 870
28 7 920
185 164 638
71 115 758
122 193 437
51 154 200
60 195 244
140 59 428
27 203 496
83 147 221
31 3 389
107 41 967
49 100 146
21 1 909
201 177 118
1 108 285
98 195 22
63 85 748
99 17 307
61 64 273
9 191 395
25 127 613
51 63 786
194 205 564
101 41 503
103 171 876
135 63 656
31 51 698
143 7 677
91 30 181
13 177 590
159 65 362
9 91 259
73 25 797
61 59 384
141 137 841
137 93 866
60 136 965
12 94 559
29 149 351
108 207 15
94 115 130
41 46 279
73 14 404
189 57 659
53 49 474
23 5 375
176 111 861
168 208 645
197 51 659
89 164 755
139 57 833
149 155 641
84 57 173
208 27 976
185 161 85
184 120 555
149 109 199
102 98 265
66 127 91
191 96 978
62 112 409
55 70 773
138 52 414
69 127 689
7 39 582
7 112 332
63 72 548
157 150 736
149 199 464
143 115 505
34 112 891
173 31 153
175 47 770
67 81 211
49 201 2
147 135 815
127 195 730
165 204 703
13 37 795
56 1 475
39 51 96
1 61 176
114 47 828
207 96 522
65 25 8
148 95 797
19 90 348
1 3 477
183 134 625
177 115 427
143 189 241
36 146 762
210 108 935
121 43 829
110 27 547
57 185 784
115 183 642
75 69 626
135 24 694
193 13 850
60 137 537
155 209 808
198 65 118
47 180 952
95 170 267
35 181 59
39 67 398
56 59 956
179 4 900
143 156 681
40 102 603
87 210 219
119 8 192
43 137 418
163 70 964
190 147 171
5 145 974
189 136 929
165 85 564
1 139 888
87 92 545
132 209 216
57 47 175
74 187 198
210 105 500
127 177 788
194 1 915
75 59 330
153 6 878
29 129 817
42 84 878
51 160 667
88 178 56
96 154 103
89 8 382
111 75 608
38 109 279
94 192 98
112 120 8
151 1 80
86 177 239
137 158 794
69 31 79
195 147 738
127 180 613
35 155 735
157 42 728
128 17 373
97 98 960
141 57 957
67 169 223
82 105 565
145 21 883
66 139 114
144 171 699
47 135 112
170 87 873
181 150 588
146 194 957
120 137 265
12 60 720
86 108 863
169 18 477
71 11 303
95 3 925
39 93 927
129 118 316
163 95 475
81 127 994
191 74 13
175 199 32
109 201 842
146 169 34
79 106 431
50 56 303
47 19 51
103 86 555
195 200 788
123 197 389
116 119 574
62 187 884
107 196 376
199 141 98
41 121 439
164 199 93
3 90 7
193 47 404
73 209 987
