224 3652 55
162 25 327
193 53 635
200 58 137
105 141 142
170 3 711
217 166 385
66 199 328
82 69 790
28 93 455
80 191 30
51 190 944
55 145 745
198 24 820
57 58 341
149 53 500
71 37 474
91 113 861
115 143 286
201 217 207
65 57 489
138 35 103
35 191 608
221 183 374
149 89 770
117 49 390
49 176 919
169 32 228
21 199 925
71 42 537
53 209 366
173 187 66
137 127 355
136 24 954
141 221 371
115 111 149
79 209 209
183 117 907
76 157 495
127 184 227
124 205 419
173 7 548
33 12 956
9 74 127
38 103 575
51 219 393
8 35 823
165 97 284
209 25 951
92 1 397
55 21 424
49 28 638
90 205 431
147 187 272
178 175 4
137 35 802
63 84 647
155 85 226
174 157 151
67 37 898
57 123 84
54 72 752
115 128 29
152 50 975
191 161 450
7 149 653
190 67 958
66 33 417
39 175 88
89 14 929
89 33 349
85 220 236
7 86 705
95 197 710
211 55 552
70 151 673
62 164 212
161 139 869
37 78 628
160 97 996
53 78 944
7 120 486
178 48 590
163 77 914
119 110 44
161 74 814
67 197 129
109 8 509
31 109 301
202 23 898
135 70 375
165 129 85
111 145 210
113 89 515
212 191 709
75 200 859
207 202 545
10 179 583
31 197 166
194 5 876
102 71 223
91 110 691
125 176 455
101 109 74
161 140 738
171 107 921
121 133 127
97 162 898
109 23 952
223 209 606
175 152 933
213 93 363
8 169 520
181 129 179
187 119 885
17 34 985
181 106 727
71 119 782
173 222 70
169 94 479
63 144 25
116 165 776
63 159 730
223 69 623
23 21 53
161 53 824
141 92 658
141 78 211
9 192 409
129 173 684
17 99 425
140 190 492
175 1 966
22 73 386
37 15 480
63 179 993
75 163 14
61 77 943
73 5 649
116 121 151
207 64 999
85 39 245
141 145 66
43 89 644
1 187 153
11 41 307
57 110 65
69 125 834
57 205 783
143 207 511
52 129 72
5 65 230
73 95 518
58 223 14
162 53 12
50 129 375
37 106 270
103 218 961
217 192 284
33 181 56
81 63 218
55 29 679
109 178 817
176 65 263
80 193 577
133 20 492
104 86 246
183 21 775
203 45 437
91 93 317
101 113 741
143 99 813
221 38 463
28 128 706
169 136 514
116 158 629
173 1 721
105 120 482
205 179 543
168 65 471
117 127 426
41 125 619
8 78 535
35 189 810
193 211 886
43 85 542
69 91 672
164 181 237
193 169 422
125 31 485
79 92 153
81 153 950
109 71 554
89 80 70
168 161 84
169 57 216
177 205 218
15 25 764
94 201 733
221 49 735
103 5 315
201 175 366
196 53 683
37 85 295
106 123 359
11 204 193
57 93 920
118 33 641
189 30 510
192 81 98
81 136 386
151 169 943
120 168 771
195 59 2
73 89 17
37 77 798
131 184 640
217 194 76
105 25 817
13 17 137
147 42 980
153 213 242
193 20 984
11 203 980
133 13 406
33 53 143
65 147 622
19 153 413
76 107 961
195 204 241
191 211 75
2 125 717
52 50 363
167 45 196
73 49 410
74 84 40
205 111 610
88 98 188
177 17 84
2 217 531
107 50 211
156 106 331
187 170 320
35 9 325
17 190 843
116 159 840
175 101 230
53 25 305
117 70 700
4 190 111
107 113 212
177 5 33
166 57 318
212 1 354
135 23 656
15 56 764
121 53 168
128 65 962
179 17 484
149 157 943
73 129 782
101 110 243
125 73 563
148 93 96
155 83 703
173 95 692
55 143 515
23 193 522
33 97 44
90 99 457
29 8 960
201 67 684
25 9 923
191 39 136
138 62 725
75 150 722
22 207 572
201 85 594
119 60 43
161 155 972
189 118 389
39 129 923
91 41 276
137 41 914
161 149 718
41 127 228
51 137 202
170 5 453
65 207 643
1 35 375
50 193 380
28 52 930
176 89 565
109 195 370
99 50 646
157 129 782
118 127 862
22 214 523
49 116 245
109 97 245
63 74 395
65 221 45
116 13 660
162 176 15
49 114 149
193 22 251
141 223 640
165 193 274
25 129 793
10 5 3
155 163 483
35 113 973
7 21 438
1 97 571
134 1 87
93 124 801
44 99 368
31 42 551
164 183 811
218 189 726
43 209 36
125 132 10
96 85 675
72 154 527
192 47 98
127 217 505
193 129 926
45 79 212
113 56 774
163 33 135
102 11 506
1 62 746
121 97 304
31 126 281
159 188 452
187 92 971
139 211 800
90 221 195
133 144 758
9 57 149
33 39 250
117 5 92
15 119 731
219 149 12
65 135 985
197 35 893
45 133 376
71 144 746
22 67 362
65 181 289
33 170 830
205 31 797
81 215 961
146 191 276
78 85 391
149 162 918
161 213 77
133 217 811
157 211 165
123 130 356
109 129 778
207 218 759
213 37 859
155 129 593
159 57 319
121 143 772
58 159 760
171 125 530
81 135 192
115 169 268
213 154 428
129 33 548
219 171 590
219 179 164
103 100 126
141 57 325
43 62 572
191 187 510
54 85 533
33 13 832
126 135 699
17 121 693
26 202 760
113 167 408
5 153 439
29 1 364
188 31 205
175 153 319
185 47 105
211 189 733
18 38 277
25 24 717
105 143 622
117 186 406
158 85 519
103 175 384
22 173 893
161 160 409
81 87 165
179 119 200
203 21 49
57 161 552
187 112 657
87 14 702
52 3 370
37 169 804
173 71 162
73 170 678
5 145 149
201 190 823
171 215 603
26 59 174
99 194 287
16 161 293
170 39 260
1 107 834
73 165 895
117 13 246
89 1 452
144 190 979
1 176 689
127 138 996
11 96 336
167 151 325
115 201 459
18 130 869
218 197 361
148 211 750
29 135 385
155 191 362
15 133 402
65 3 21
224 106 499
125 182 908
187 212 108
83 33 874
37 210 49
193 221 879
7 63 489
71 33 370
24 101 71
60 200 15
69 178 286
1 223 917
181 199 938
49 120 901
121 125 145
117 25 881
156 171 161
197 43 674
218 148 122
89 171 175
18 159 243
1 103 607
191 185 570
150 151 745
57 151 845
141 184 720
92 75 914
113 158 353
71 131 62
200 176 85
164 211 365
201 122 566
161 123 79
158 197 980
61 57 97
110 141 359
191 180 996
7 170 537
27 49 914
69 224 229
47 85 101
47 153 51
154 197 942
167 2 239
1 101 371
209 22 610
85 205 386
187 145 887
127 1 476
17 78 185
50 1 863
145 125 218
206 145 88
71 94 855
195 30 365
197 115 72
189 217 748
113 9 314
53 43 363
201 113 883
1 55 95
5 57 311
17 55 103
121 56 937
127 71 729
29 62 195
7 79 602
204 24 482
39 25 484
19 93 206
129 172 401
73 184 618
111 133 407
77 50 675
155 131 584
177 183 347
177 113 211
87 173 793
65 25 109
78 13 719
197 57 486
127 21 92
82 97 976
170 223 448
162 161 451
197 144 310
217 169 261
43 193 932
187 13 538
145 212 788
22 161 552
213 205 67
211 185 564
57 39 54
110 157 821
129 21 768
173 37 797
65 101 757
41 177 252
194 105 600
103 94 693
216 173 596
175 33 68
197 126 426
165 77 563
37 69 415
5 115 881
217 62 482
21 149 991
46 73 108
222 182 599
129 71 778
146 99 240
121 161 493
108 114 422
169 29 238
48 157 465
29 92 822
6 37 956
16 197 482
104 27 993
19 201 58
29 223 977
102 51 658
85 53 451
15 186 611
197 209 880
52 224 225
79 89 39
185 77 655
136 142 335
189 1 100
17 113 709
146 76 700
145 149 192
201 57 78
23 57 550
56 205 578
15 81 161
59 35 914
133 173 147
193 1 490
114 1 295
207 206 994
12 129 196
33 99 267
19 107 816
65 156 991
176 193 169
13 127 523
21 57 304
63 133 412
216 13 296
7 51 823
158 185 795
31 141 443
110 191 649
105 69 560
81 131 799
208 190 3
113 25 613
35 133 657
33 136 795
31 65 402
101 192 525
10 216 789
155 58 205
213 155 528
153 69 755
42 64 253
159 49 406
151 105 944
143 119 23
113 121 157
69 158 793
207 81 829
7 59 217
36 76 72
149 123 429
193 93 142
7 85 509
9 209 826
29 173 315
193 144 941
218 49 39
153 45 564
63 59 815
103 97 240
77 141 954
97 152 758
100 63 252
150 23 331
85 144 87
35 161 313
81 183 231
19 63 957
151 119 39
57 145 418
53 9 694
71 101 261
163 221 971
113 75 311
39 205 255
155 80 907
43 148 871
143 195 609
2 184 846
148 89 277
118 89 575
31 177 350
36 62 190
131 121 157
43 99 336
173 123 427
49 115 156
87 111 820
124 57 216
57 19 540
11 94 504
165 49 898
117 199 71
48 155 346
109 193 68
208 57 968
17 127 434
190 43 955
100 131 900
1 179 245
186 141 56
217 30 422
172 135 403
25 29 295
95 159 398
70 85 404
34 64 3
53 129 167
90 106 846
76 29 626
139 28 361
9 201 862
121 140 943
49 92 322
39 75 682
184 3 534
5 33 409
36 106 301
1 2 148
168 131 332
41 110 231
213 77 794
171 49 986
164 99 296
165 39 607
150 7 745
111 57 235
82 146 204
60 37 32
73 205 695
1 45 713
89 220 780
49 129 288
143 145 917
72 157 235
223 110 177
197 17 641
111 38 963
141 89 602
169 96 119
96 20 11
127 86 270
135 17 403
109 86 641
220 49 405
123 103 991
27 155 147
77 1 801
99 168 392
204 40 705
141 100 770
162 29 291
53 93 892
68 3 149
143 29 41
137 96 346
15 116 80
1 145 657
97 65 895
141 29 860
127 177 668
205 150 427
214 15 240
193 7 106
1 219 352
33 103 302
13 22 244
182 193 986
149 97 712
41 121 204
156 51 659
60 15 191
112 215 335
31 148 884
104 215 193
97 168 201
193 61 450
109 102 142
81 217 480
208 78 518
58 169 855
23 71 177
129 62 658
13 50 42
101 111 415
127 25 211
36 83 103
30 110 992
134 97 912
17 193 67
65 209 348
114 142 290
93 113 532
127 81 826
7 41 706
181 85 799
184 81 771
133 67 254
188 153 646
51 65 334
25 69 29
167 149 121
68 136 438
25 83 840
169 49 693
8 69 92
142 120 109
70 191 659
29 217 971
68 65 341
105 176 236
169 64 276
112 164 276
85 133 537
70 204 602
148 17 460
101 64 421
27 153 366
145 210 266
125 178 205
61 203 430
91 85 238
224 177 48
89 99 377
3 31 223
21 46 349
111 89 991
11 38 465
172 85 976
105 1 735
40 216 808
134 165 362
119 161 418
25 49 491
66 209 859
31 193 557
65 186 867
204 21 800
223 43 684
59 179 666
115 43 271
161 31 934
5 29 622
39 125 697
169 79 36
26 127 886
132 193 551
33 177 953
99 137 937
173 81 779
92 110 277
45 218 993
107 49 869
74 62 717
131 45 608
133 150 536
203 66 746
73 85 232
145 191 633
165 143 742
39 199 303
61 223 986
57 113 256
85 71 743
140 139 108
36 47 873
162 113 499
181 97 861
75 38 545
120 153 194
153 110 608
76 86 403
161 197 56
222 48 50
1 224 505
209 136 435
73 9 427
85 167 607
92 5 608
162 54 461
126 165 398
192 111 401
36 48 542
128 13 390
182 39 371
189 208 331
36 198 794
11 197 715
99 15 509
131 193 495
54 125 825
1 146 299
16 95 993
109 117 529
193 3 674
195 194 682
34 5 737
51 97 604
147 91 590
1 215 306
39 219 320
57 101 743
1 98 726
210 139 581
117 178 439
30 143 598
145 56 407
51 208 174
215 224 642
93 209 361
223 202 32
87 134 452
17 63 643
10 19 960
15 137 120
80 93 465
1 14 983
33 64 190
83 103 532
109 158 391
193 173 330
179 73 938
34 16 418
177 106 838
29 44 197
207 89 168
141 66 897
173 16 914
152 94 347
65 215 807
134 41 22
121 51 474
49 56 694
57 89 196
75 84 41
173 117 444
41 57 941
162 111 268
33 32 505
135 85 632
76 216 785
61 183 94
89 127 241
155 177 929
187 194 919
78 109 968
173 84 729
112 163 317
106 201 657
141 201 682
74 152 901
55 128 573
133 113 432
183 153 141
37 43 917
69 140 88
25 137 968
133 1 989
1 4 922
181 146 706
177 23 389
47 201 381
151 197 339
2 214 980
174 129 71
132 33 583
5 9 711
79 113 767
33 68 488
70 172 533
187 221 633
19 64 554
147 33 863
90 91 32
41 182 807
113 86 423
99 64 878
209 36 717
51 167 742
218 1 75
127 51 253
60 5 479
211 67 138
129 161 801
9 92 445
129 113 469
167 17 485
80 140 814
105 9 268
180 125 358
192 50 898
49 211 856
21 91 718
61 140 10
52 73 743
99 127 469
198 61 766
181 81 217
138 213 51
58 118 856
97 197 412
37 113 646
188 57 282
17 70 719
114 203 789
204 189 681
28 54 458
27 54 999
42 197 580
133 182 281
76 175 189
140 196 902
221 9 538
160 151 534
8 148 636
14 134 147
27 65 402
215 217 63
194 102 940
195 106 810
143 134 964
209 160 922
129 101 133
190 161 693
32 25 596
145 211 159
217 105 92
197 61 619
113 55 996
92 55 689
51 15 532
56 97 547
224 15 451
59 80 641
1 106 599
169 71 939
221 161 386
213 145 831
24 17 80
158 31 251
9 151 489
53 86 513
21 45 755
155 97 989
123 29 183
186 132 80
4 98 944
128 52 213
182 55 747
25 77 850
63 191 757
9 72 900
36 189 831
113 173 612
93 157 89
178 1 79
54 39 691
50 27 72
181 218 899
57 27 137
29 191 888
80 157 875
121 118 780
167 189 210
195 87 751
122 96 334
185 11 387
209 207 52
168 148 380
52 175 550
17 104 713
55 119 305
57 15 476
121 99 51
129 54 783
99 77 561
73 17 767
204 23 632
183 52 768
93 12 135
23 65 326
29 118 536
85 77 68
57 107 942
121 64 547
54 133 636
179 182 387
149 211 404
80 43 78
46 209 776
44 31 334
29 6 764
77 68 473
98 207 929
219 81 581
213 118 743
176 140 861
201 129 322
165 37 105
132 158 933
150 179 403
107 7 190
205 187 556
136 127 820
105 118 820
99 159 311
147 105 270
67 97 873
76 63 775
114 27 986
42 123 968
125 203 576
169 161 395
201 1 608
160 9 659
129 217 824
65 223 700
57 30 487
71 161 801
169 211 593
13 145 237
91 118 79
217 53 225
85 61 269
189 171 688
6 205 290
9 49 873
134 221 579
93 69 740
99 73 983
33 185 868
164 204 483
31 189 995
205 123 382
13 89 962
219 50 983
96 199 203
207 215 492
13 141 872
103 13 211
201 99 596
218 131 220
145 165 562
65 104 733
181 49 613
3 15 335
21 89 974
208 15 465
141 83 781
107 217 936
153 29 263
33 121 98
55 200 55
29 75 571
123 147 53
179 214 456
168 210 378
82 113 674
106 174 751
52 145 678
188 99 751
221 81 477
1 172 448
201 164 639
221 129 603
159 113 40
201 204 440
137 217 515
137 87 717
32 70 574
217 98 899
21 43 892
93 161 529
27 219 692
5 211 726
190 147 335
194 57 47
209 145 768
105 185 114
135 107 815
155 15 189
205 109 39
65 217 862
39 169 907
90 1 826
21 223 620
112 174 958
21 162 157
1 205 292
99 204 81
215 121 469
29 121 535
160 71 664
197 177 743
205 49 274
193 72 366
118 61 576
103 111 359
214 128 659
154 12 667
13 46 857
13 137 317
41 171 319
113 105 266
189 130 777
73 221 41
161 54 788
16 93 640
149 158 170
76 12 736
44 189 834
33 215 856
218 62 230
33 48 130
177 147 843
211 1 536
212 115 249
34 98 380
19 40 735
145 117 237
145 85 88
167 57 791
17 204 435
81 29 173
13 45 655
91 155 504
199 54 429
148 193 662
27 185 174
29 107 814
65 153 439
124 69 222
160 73 527
84 97 264
1 73 753
80 122 713
204 150 449
1 203 190
221 125 236
21 131 439
105 175 861
99 165 854
61 109 546
131 63 601
177 53 114
209 47 826
105 145 605
126 167 32
45 87 429
129 43 783
113 120 835
73 214 591
92 102 328
109 223 367
19 7 214
111 150 150
89 42 306
89 145 264
187 199 654
128 81 555
29 111 561
43 47 162
80 27 759
221 115 492
145 175 34
143 50 738
178 157 483
65 162 644
193 99 561
4 114 341
118 148 713
219 65 52
179 135 406
222 128 514
49 214 320
29 65 94
70 137 958
120 152 24
172 140 705
25 220 975
193 103 879
165 53 542
97 127 366
51 211 147
131 221 481
26 137 651
216 147 526
146 92 551
153 93 606
192 88 306
196 183 345
218 89 104
7 31 807
209 29 442
161 63 755
207 17 324
1 67 94
1 69 844
189 97 444
25 138 502
182 13 36
11 36 977
127 216 17
70 13 334
85 45 497
15 97 892
115 71 880
179 162 411
1 5 787
119 173 903
177 170 857
204 16 477
45 197 518
200 121 154
16 113 92
129 153 863
218 108 922
70 201 767
33 173 248
165 183 996
139 195 948
191 65 697
17 10 556
137 197 402
92 223 889
1 33 973
78 197 718
57 54 93
29 116 829
183 108 469
82 65 227
93 2 760
87 39 701
23 113 863
195 113 104
141 206 667
213 201 230
223 89 945
46 94 607
180 1 657
149 129 531
63 5 924
115 29 930
96 127 178
89 189 668
131 142 895
41 63 432
193 157 728
142 162 933
95 58 122
155 51 415
89 101 634
65 48 136
67 161 283
50 133 995
49 68 570
185 193 690
90 67 356
80 37 96
2 57 707
161 208 765
135 213 278
17 67 82
57 163 924
9 181 292
165 21 45
47 89 85
129 158 968
143 158 111
191 43 409
75 63 538
218 81 972
189 41 25
147 201 828
95 102 950
64 82 252
104 132 61
143 147 823
45 127 464
73 11 762
12 126 701
204 113 401
207 131 215
169 201 146
161 17 375
57 99 692
149 5 29
221 211 762
43 112 1000
219 188 474
61 73 491
51 104 604
4 9 837
81 119 722
213 65 912
42 65 531
57 25 449
141 113 851
172 79 229
210 224 682
46 43 49
147 81 803
103 65 367
25 211 525
93 185 12
57 187 637
15 29 99
195 205 403
62 106 835
221 105 777
147 29 920
14 208 19
32 63 321
221 212 573
97 48 995
21 17 745
152 185 279
1 209 334
113 157 679
79 40 162
192 200 514
155 218 489
92 156 665
198 81 755
109 153 385
77 73 29
172 192 278
40 57 147
185 156 719
15 44 889
216 141 958
129 16 788
169 209 362
188 139 428
116 131 445
97 60 515
73 145 141
206 85 656
206 154 714
1 7 866
133 161 532
43 145 378
59 141 189
197 52 582
197 192 792
173 105 887
92 90 257
79 50 173
189 17 868
153 209 400
169 111 623
155 61 987
169 5 834
191 83 846
49 189 533
215 29 661
89 186 155
140 106 210
166 209 398
59 18 371
20 57 556
89 53 49
117 8 855
20 171 794
183 41 772
209 177 364
51 3 776
33 205 174
1 194 967
19 9 471
197 145 290
13 217 410
1 61 101
58 141 26
9 29 316
165 7 564
158 103 22
163 190 874
123 7 660
121 78 705
59 204 569
48 51 861
102 220 195
47 23 484
60 92 468
41 46 271
82 127 167
221 29 354
219 193 300
209 194 58
50 105 145
141 198 835
49 112 319
199 211 503
119 221 654
97 206 741
201 209 408
204 105 475
57 4 24
125 35 766
195 148 950
57 129 946
141 157 478
167 47 330
83 95 899
141 209 905
114 150 3
69 141 111
89 144 822
180 106 345
97 93 17
8 188 147
1 37 212
1 128 470
150 1 386
159 91 932
145 157 830
131 143 772
32 29 798
193 198 397
35 173 379
145 33 147
133 17 49
144 65 198
121 171 275
45 51 702
80 145 250
173 78 201
158 75 806
129 125 405
155 185 507
129 185 585
85 12 459
84 217 230
141 106 85
189 60 458
77 82 687
21 75 979
57 204 607
130 10 401
13 77 913
174 1 394
192 22 301
8 15 837
99 107 38
156 101 763
33 20 842
188 28 640
70 99 241
89 106 635
1 151 809
13 90 887
148 129 356
182 115 830
1 152 294
83 58 154
129 90 594
100 129 381
217 3 691
40 49 275
106 95 907
189 164 577
173 85 200
73 218 955
109 91 766
196 177 753
51 100 74
17 138 154
201 177 634
178 213 993
147 141 142
73 190 642
1 17 919
126 37 394
108 1 638
95 84 643
73 109 690
35 45 54
185 119 867
33 65 950
201 54 928
193 79 431
91 141 742
192 87 449
207 24 604
224 93 244
169 142 724
199 91 427
197 165 357
210 33 554
38 101 182
107 172 599
61 171 60
97 34 199
7 127 733
177 36 235
56 81 53
76 129 223
85 95 563
22 2 308
127 98 313
153 97 474
73 185 278
154 49 73
57 71 371
99 131 2
33 90 311
173 89 964
188 17 220
83 217 441
141 118 419
137 67 234
124 68 23
114 73 12
15 79 295
64 47 240
12 14 899
31 167 307
49 10 836
161 148 772
188 147 546
153 64 518
177 117 85
204 29 337
17 27 19
49 179 258
27 127 395
17 143 811
197 73 404
161 193 634
113 47 830
211 75 346
57 97 707
223 185 730
77 154 342
183 127 966
80 97 708
162 23 153
66 191 761
177 163 731
36 117 84
221 97 801
179 85 114
61 101 894
185 89 566
172 22 508
17 181 321
91 9 949
93 177 425
13 99 716
106 145 785
35 57 975
53 3 54
21 192 849
125 12 918
134 106 187
131 17 943
9 31 522
85 149 129
114 71 103
78 144 813
120 53 256
100 69 305
142 155 220
123 215 201
73 93 849
128 176 316
191 130 621
161 37 274
16 29 66
14 5 583
219 127 406
13 134 147
28 177 795
3 77 224
61 3 368
29 87 503
145 161 333
93 117 830
1 109 797
168 205 773
65 214 951
155 193 381
1 191 853
81 31 677
103 204 407
114 44 355
123 53 375
9 121 400
163 169 543
105 88 535
4 169 561
71 133 178
189 113 645
96 58 577
53 160 417
1 22 589
161 177 703
205 129 840
31 186 372
23 133 318
29 37 241
89 194 529
145 91 984
115 1 678
193 171 863
113 114 677
113 134 119
178 43 685
53 58 182
122 60 988
13 95 534
45 60 939
89 120 274
109 33 93
115 36 256
192 94 119
209 110 331
163 223 226
60 16 660
38 183 362
204 157 651
83 144 868
47 170 667
209 61 304
185 219 635
96 72 390
137 157 953
169 25 71
9 220 943
163 193 208
169 81 585
43 13 997
20 85 457
186 1 509
8 173 988
8 108 354
120 131 227
193 67 57
36 120 646
153 7 871
41 9 30
51 145 119
44 213 444
161 97 325
211 71 726
148 201 43
87 169 64
15 217 989
84 169 42
36 61 517
30 166 334
189 199 209
21 157 959
203 223 42
201 189 934
109 68 903
66 37 344
57 85 645
147 49 376
129 3 252
50 72 1
183 82 372
175 181 654
159 17 374
28 65 777
193 224 586
181 123 475
129 27 256
1 6 889
224 145 604
89 157 477
22 177 724
48 95 135
2 97 700
147 162 339
12 25 740
204 162 132
1 8 10
185 176 188
167 92 803
101 3 244
25 161 373
202 11 218
194 155 726
197 71 360
197 196 625
119 57 907
37 97 591
80 205 168
28 37 399
132 149 766
1 117 143
166 131 93
130 221 939
80 15 6
41 97 418
51 131 543
33 81 982
167 220 31
165 161 873
153 125 635
83 85 216
143 31 172
100 86 815
97 132 35
51 33 367
157 71 564
139 63 400
4 143 95
131 65 431
107 148 571
120 169 983
1 88 919
176 41 91
111 191 664
139 71 104
5 15 529
31 113 841
69 44 159
201 83 892
7 92 786
49 105 864
99 209 734
35 199 164
210 40 212
105 10 174
79 223 100
17 64 4
96 129 381
17 77 73
198 65 775
162 157 100
193 152 30
119 204 445
85 129 322
85 193 622
217 17 550
161 100 911
25 58 997
9 129 926
11 109 2
153 92 397
210 185 187
171 220 858
166 63 332
11 201 127
65 1 556
167 185 942
155 107 924
174 167 572
169 101 299
85 223 237
217 27 160
169 157 411
141 183 420
122 51 139
197 15 136
180 137 996
35 47 426
91 130 914
118 17 194
58 173 394
57 139 357
65 61 238
137 188 421
15 173 500
169 170 549
15 111 526
173 203 780
113 43 279
169 152 43
120 205 345
135 95 20
204 161 658
83 81 40
87 25 662
113 145 30
37 49 92
71 202 310
3 211 244
91 100 781
64 40 356
69 185 965
169 69 961
91 105 530
141 11 564
106 122 499
9 170 298
161 113 423
196 99 983
163 209 504
39 140 836
62 89 171
135 203 634
193 218 957
78 113 993
35 214 936
16 152 247
173 197 507
22 57 819
1 165 108
57 140 576
123 185 643
185 3 91
223 205 98
73 87 616
53 23 168
217 1 537
173 59 840
36 104 755
215 179 872
98 136 420
224 113 119
11 189 385
135 174 824
121 162 307
151 153 418
223 98 7
205 145 175
129 215 279
59 44 412
35 121 366
155 43 885
85 209 362
4 136 778
65 39 639
97 95 288
183 123 481
156 57 485
163 159 208
1 161 881
78 183 694
182 134 196
203 215 61
61 134 266
92 145 5
35 39 965
61 136 334
53 113 637
63 146 528
22 43 870
222 57 40
128 71 720
47 193 286
155 56 739
111 13 509
211 180 579
161 60 424
63 120 630
201 41 576
211 68 183
193 168 124
41 48 222
79 97 35
19 97 154
219 220 995
116 18 766
48 67 410
85 19 593
64 5 220
129 189 758
121 181 560
8 127 386
83 127 253
89 131 990
35 29 150
183 173 913
163 217 332
85 13 133
150 211 527
133 155 547
69 15 590
141 42 511
208 141 26
117 103 864
73 122 66
81 55 221
67 57 236
188 148 960
29 97 367
45 5 250
65 179 267
37 56 790
29 130 284
219 187 757
211 21 534
69 211 925
12 44 139
101 26 165
217 64 108
77 126 647
9 117 136
141 47 227
57 56 139
197 102 771
113 49 506
47 10 715
131 1 417
186 221 117
10 27 725
31 21 892
174 165 571
60 127 28
186 29 583
29 195 433
193 15 950
201 50 842
123 125 389
18 40 928
57 223 726
193 205 730
41 143 96
153 174 644
197 69 229
93 156 794
186 204 613
137 54 698
190 92 66
197 124 844
1 78 108
186 205 287
45 209 45
64 194 756
183 28 562
197 99 146
33 38 433
3 106 813
157 81 366
181 139 878
10 33 589
187 59 941
33 169 243
13 151 318
130 93 493
221 181 241
130 177 271
169 40 590
14 35 206
211 124 728
141 73 290
209 221 4
158 1 799
132 197 684
117 41 479
219 92 461
149 121 770
179 69 524
85 97 374
204 193 510
177 103 488
149 197 587
9 137 121
181 151 724
197 193 694
14 31 757
120 129 236
192 85 549
190 148 591
85 183 323
137 90 654
6 64 268
153 43 553
171 92 981
59 145 351
189 177 265
13 113 980
87 76 378
63 209 328
213 129 214
23 102 342
73 213 123
145 129 211
15 21 374
127 92 930
213 109 648
20 5 290
74 13 629
1 197 353
197 203 842
109 165 235
193 141 437
155 183 313
17 85 863
4 25 304
168 104 352
40 61 681
198 188 17
1 198 303
213 1 250
1 43 415
129 106 141
217 36 96
79 177 954
47 110 348
127 107 362
148 84 921
44 197 368
203 19 374
6 33 665
36 98 331
179 217 821
177 169 63
156 77 162
61 97 1000
64 94 745
77 187 249
217 31 477
5 208 209
187 165 358
177 84 598
30 201 139
107 51 270
62 101 508
191 213 713
177 151 411
129 141 686
111 112 324
6 23 790
30 218 438
17 11 315
25 81 849
125 59 364
137 55 140
58 190 325
113 206 287
64 170 173
94 171 742
121 65 230
33 70 45
110 222 673
123 101 355
169 13 765
113 84 206
4 36 232
37 91 510
113 97 911
125 83 603
208 49 544
55 177 59
55 33 822
127 113 141
196 132 279
24 61 338
89 49 961
48 91 529
49 65 512
69 117 2
122 145 208
65 161 79
85 30 960
11 128 450
160 197 227
222 127 722
11 208 554
68 122 224
123 87 882
149 93 899
13 32 381
33 155 311
195 1 962
14 129 495
51 149 531
56 150 735
27 35 22
35 193 448
52 143 866
202 177 363
139 92 604
221 41 218
109 90 259
93 76 315
145 19 621
137 183 748
49 137 329
42 129 893
23 111 194
3 97 89
165 117 195
81 121 438
41 4 711
190 81 334
104 71 288
127 91 14
213 120 405
33 61 29
32 1 756
65 192 327
85 150 211
135 197 704
36 65 483
128 57 787
29 78 206
125 7 696
197 141 260
213 85 123
110 53 398
192 126 904
185 117 138
61 112 450
170 123 146
29 152 639
9 17 493
145 131 194
217 57 5
43 217 236
157 125 837
49 199 790
78 63 262
106 21 560
78 40 900
64 116 553
5 12 947
15 129 89
170 143 25
205 162 625
84 37 617
155 92 710
15 131 399
113 85 415
178 99 664
43 57 896
193 113 144
33 87 422
1 214 460
135 221 411
63 89 827
9 101 868
6 78 96
33 63 215
161 109 380
170 88 29
216 213 9
107 177 699
164 190 3
107 8 678
114 209 279
16 21 938
22 107 45
190 61 546
61 15 864
136 157 92
195 85 421
29 57 210
152 129 572
1 156 624
81 178 581
33 113 307
204 209 40
63 80 488
1 18 566
51 222 485
181 142 500
153 193 950
192 89 188
196 81 998
89 202 626
129 45 182
125 118 854
121 151 350
104 161 226
1 11 301
135 21 78
193 30 891
203 143 74
217 63 9
47 1 201
219 99 780
170 113 655
14 97 472
10 180 356
98 145 209
209 124 108
41 81 619
191 137 212
141 189 306
81 93 149
65 134 500
52 169 519
45 117 616
147 183 255
202 8 866
99 108 999
213 202 567
73 177 882
116 127 625
1 141 592
9 107 830
125 1 12
126 111 331
57 83 622
11 14 979
177 141 804
77 120 366
217 44 875
211 122 356
205 221 625
52 81 963
57 14 155
221 66 544
165 185 249
93 190 734
120 163 325
23 143 358
169 173 504
217 149 854
65 210 378
6 113 768
74 139 147
57 148 562
25 200 562
12 88 640
44 33 252
64 41 128
78 169 93
81 149 720
189 197 881
193 177 957
193 149 492
219 53 762
77 172 334
61 69 964
23 144 65
143 44 200
50 205 753
80 1 892
17 140 569
75 3 279
53 72 355
60 41 737
91 172 590
75 49 45
96 1 85
39 1 905
218 100 666
83 49 104
103 67 970
87 193 294
123 99 684
120 33 554
113 64 941
21 121 932
49 161 585
140 171 995
169 85 426
89 163 340
79 85 902
54 212 34
35 6 474
61 113 268
185 57 180
92 77 170
112 209 714
2 27 966
44 169 777
148 142 485
206 112 900
47 27 646
25 18 117
182 47 43
31 57 360
155 44 286
81 9 888
177 49 391
15 161 94
19 207 443
51 177 249
62 15 89
174 222 832
190 89 213
49 124 551
89 26 652
2 155 813
185 122 17
21 196 622
33 183 833
213 75 576
99 87 349
175 29 136
205 222 634
69 200 545
61 175 157
97 195 102
21 145 962
169 61 678
26 221 5
113 115 6
33 218 340
81 91 980
33 45 672
120 47 629
205 7 563
88 211 145
73 167 349
40 222 86
204 43 719
3 8 111
153 121 91
59 1 99
24 82 486
73 187 819
182 57 672
129 207 55
193 117 85
65 6 949
85 141 503
13 66 864
73 71 834
101 107 911
51 57 783
139 43 159
35 178 671
155 153 881
53 71 507
219 134 862
31 181 577
71 175 161
25 141 530
223 190 655
169 92 301
214 209 635
151 207 298
57 193 374
84 191 285
139 113 621
65 19 444
195 223 877
95 109 199
192 114 878
159 195 872
69 33 398
211 155 998
128 18 70
64 81 507
81 179 928
15 187 904
95 111 445
26 81 359
4 10 655
140 79 211
124 47 44
73 161 51
92 161 993
129 44 330
92 97 180
46 176 481
161 209 221
170 162 984
11 213 502
104 90 769
187 159 286
207 74 937
57 46 410
91 55 133
20 129 776
153 172 189
35 72 104
211 125 870
74 17 612
86 148 30
171 204 46
103 223 88
121 1 484
10 83 863
165 4 126
45 185 341
193 118 559
189 77 193
217 161 301
74 118 834
32 47 499
193 159 706
117 77 995
210 193 344
94 223 317
169 11 829
25 197 42
85 120 524
185 147 95
173 77 685
104 44 448
91 161 735
219 8 116
49 133 844
104 48 760
91 1 67
170 132 414
64 57 781
191 60 317
214 121 710
50 46 295
77 57 445
70 131 167
1 79 326
73 189 851
3 141 846
12 29 938
65 81 574
89 217 993
185 145 65
15 34 423
113 171 457
94 97 54
72 121 594
85 127 190
7 62 634
189 117 464
1 57 414
57 171 976
101 2 361
223 64 556
21 81 713
86 54 152
13 157 219
86 203 18
120 221 655
97 81 44
99 129 271
13 189 26
91 8 104
150 18 389
50 115 826
169 138 591
157 219 707
22 92 705
145 121 452
209 183 150
8 197 246
2 154 861
93 119 390
169 97 933
153 210 667
189 136 623
23 195 42
71 79 134
1 113 681
1 20 461
105 53 674
3 209 425
16 201 363
209 157 396
113 179 1000
89 125 833
17 169 630
29 94 172
175 73 795
168 1 522
71 204 30
25 188 528
223 35 197
8 25 504
85 166 728
33 127 855
112 35 862
73 204 817
105 215 109
204 107 25
25 224 614
215 102 188
4 99 892
116 74 657
221 109 752
218 179 735
129 211 175
9 143 621
133 169 680
179 103 710
198 62 305
69 139 46
221 98 999
9 161 847
5 27 987
113 125 623
105 218 729
36 132 310
105 45 532
66 129 474
222 177 817
134 73 813
177 162 661
105 33 384
9 185 579
159 129 898
182 132 756
178 155 658
201 65 243
182 181 948
49 134 977
73 47 402
160 157 240
6 197 928
185 133 145
15 113 495
41 156 406
99 138 413
59 169 798
77 93 42
67 221 747
153 71 910
81 161 334
78 65 591
204 112 924
105 161 32
176 75 626
185 181 883
90 189 117
177 105 530
209 184 45
37 209 429
176 213 422
1 99 733
222 89 274
148 180 691
41 211 432
130 133 412
207 48 823
223 177 146
181 115 174
87 131 615
81 105 668
158 127 16
135 33 40
127 214 490
79 37 896
110 99 948
74 97 878
57 133 638
153 167 776
33 57 418
95 157 897
29 31 17
149 113 167
113 95 147
31 85 546
41 29 940
115 69 653
121 111 310
176 81 16
37 189 190
105 205 327
220 141 814
169 99 526
65 79 782
18 141 622
50 121 432
36 206 51
168 146 409
22 200 93
62 47 71
216 113 644
199 83 106
101 222 570
191 100 953
35 20 7
170 69 149
197 121 568
32 125 998
36 162 477
75 32 736
93 83 379
117 64 186
71 17 68
163 19 470
198 93 736
122 160 170
62 153 744
51 160 187
113 151 472
57 78 942
173 204 557
142 151 144
89 211 67
125 137 813
216 85 829
71 99 112
9 152 492
131 97 500
156 117 15
127 153 406
42 196 263
193 196 595
19 161 422
35 70 364
111 1 102
155 144 205
1 3 413
62 86 337
81 210 117
212 57 32
218 146 291
223 145 689
89 155 909
37 98 690
94 123 478
106 63 866
102 206 502
2 193 524
53 1 176
41 86 44
208 193 517
5 213 726
161 202 154
81 40 401
107 114 484
2 169 17
113 143 809
93 85 536
143 83 702
201 17 691
197 101 183
131 46 77
99 75 561
92 81 285
64 159 57
65 93 989
143 197 714
65 177 671
43 127 812
149 17 642
89 64 27
85 131 842
79 125 191
148 153 137
43 50 699
27 24 181
200 13 625
185 125 957
113 73 459
61 93 480
205 185 284
25 180 439
68 57 254
147 57 513
105 5 501
50 113 127
99 132 329
120 100 421
87 74 729
28 125 520
12 35 101
209 165 708
159 171 693
109 173 252
129 65 746
125 126 112
81 193 880
187 213 238
10 55 888
41 185 156
197 81 39
14 28 808
81 201 316
195 92 629
71 118 828
175 141 375
219 109 114
99 97 814
159 121 291
53 141 651
101 13 131
181 99 712
109 45 289
163 213 957
33 153 181
201 211 61
193 154 574
219 18 646
7 204 885
199 163 429
207 61 629
81 211 187
218 65 569
149 60 161
79 78 967
218 173 919
172 169 108
1 63 458
201 43 5
145 45 22
169 15 137
46 115 371
32 9 210
26 118 737
35 204 531
212 141 997
190 33 636
3 178 355
29 137 550
157 153 654
200 23 536
141 71 14
170 99 575
191 163 304
130 129 195
145 123 837
71 210 826
108 203 34
84 81 630
107 65 436
198 117 966
149 73 849
61 111 335
149 131 318
183 94 17
37 201 566
12 97 707
221 33 219
205 159 468
190 219 106
193 147 325
158 117 910
217 121 5
69 135 933
85 11 723
100 27 484
113 165 751
17 173 960
194 137 827
33 193 683
59 211 433
168 167 668
87 164 705
85 1 265
137 190 378
141 17 743
78 39 786
78 177 977
1 46 749
77 5 4
155 169 208
27 141 132
211 161 917
5 81 896
33 201 450
37 140 347
102 22 388
127 205 346
141 51 898
191 104 452
113 27 180
13 201 248
92 71 516
223 155 127
73 144 68
153 145 367
205 131 258
96 43 264
47 119 589
52 217 934
120 191 399
27 143 623
108 211 222
81 185 732
169 105 421
3 24 782
167 201 658
49 12 926
34 145 627
197 23 929
97 105 541
36 197 447
43 69 127
78 117 525
41 181 613
109 5 191
172 134 360
25 115 367
30 71 655
59 168 827
166 139 803
109 75 74
48 19 128
197 221 483
175 99 32
75 89 554
125 9 933
37 200 101
92 73 774
97 156 446
217 78 184
211 2 745
17 75 127
179 95 97
144 161 407
199 1 627
155 180 590
112 145 99
217 77 64
13 69 152
21 4 66
197 182 903
15 109 824
141 6 745
107 73 488
12 17 564
88 183 463
119 61 763
185 21 232
31 146 126
209 55 824
131 185 246
51 162 970
93 143 696
205 139 726
105 89 814
145 79 113
81 177 729
66 65 236
122 188 473
165 74 513
63 123 554
19 49 211
67 105 624
8 177 569
81 122 680
45 183 507
1 162 42
188 135 399
202 27 905
130 9 779
45 125 128
120 162 231
88 8 764
204 1 253
193 96 189
92 113 673
99 192 350
57 106 406
218 223 45
30 140 16
41 49 28
53 82 932
183 210 743
223 59 225
35 119 85
5 19 922
106 78 652
170 90 777
171 1 845
142 177 648
65 105 725
135 1 998
202 154 272
131 209 873
161 224 206
204 127 65
217 211 605
207 192 76
41 224 570
176 63 315
173 120 46
107 77 513
146 197 970
105 219 31
14 191 34
219 10 511
99 117 973
7 87 346
141 79 146
196 45 910
97 77 876
91 173 441
157 96 135
182 199 45
100 210 365
217 148 678
179 53 166
160 221 192
199 9 814
26 75 823
1 16 751
149 43 869
1 119 5
60 90 31
162 5 436
121 57 907
121 137 536
59 101 734
142 173 761
168 175 696
127 169 711
190 215 89
113 217 524
199 141 510
156 85 195
71 55 156
180 163 892
143 153 315
4 69 200
207 45 450
153 17 366
9 187 977
110 124 504
131 201 18
164 129 164
155 71 263
85 211 65
25 147 717
86 132 19
63 189 547
129 1 522
17 45 833
57 81 955
118 168 631
161 223 369
135 68 700
8 57 43
153 75 579
161 101 63
178 129 478
36 33 693
161 77 982
21 139 873
1 49 749
33 25 499
193 21 545
157 1 731
155 114 80
217 49 170
217 41 412
61 63 878
138 174 212
149 57 584
19 1 141
113 209 581
71 36 38
61 153 487
164 78 716
14 108 703
38 134 15
11 193 881
99 59 526
217 206 406
29 119 171
62 82 618
97 183 695
125 81 777
6 162 370
41 36 241
129 222 687
12 72 642
62 165 981
213 101 602
41 113 580
83 213 367
215 97 609
33 86 284
3 181 924
141 116 909
96 141 54
51 101 360
57 153 581
65 196 921
153 180 139
217 119 527
10 145 464
17 36 166
13 195 576
211 56 135
101 124 565
101 207 45
218 25 523
145 159 145
89 41 201
23 43 501
165 15 978
25 38 559
165 158 858
31 214 97
22 137 689
12 11 339
210 83 561
155 55 537
193 122 706
165 17 347
181 7 166
52 15 412
169 218 262
50 183 350
107 164 483
71 32 468
103 66 114
205 87 608
38 70 631
133 129 149
72 10 19
110 106 82
25 67 541
169 214 724
53 195 487
117 58 792
59 134 3
1 30 763
223 179 475
157 27 358
137 33 175
200 21 249
65 204 181
169 80 253
216 8 944
196 190 103
104 41 585
71 164 799
145 65 61
36 128 413
66 176 898
33 21 441
40 129 450
218 117 135
30 58 580
152 113 325
179 43 592
16 166 554
99 7 75
117 213 718
147 97 404
87 91 290
77 193 922
25 56 290
22 37 499
117 157 126
161 95 405
104 116 802
83 39 254
23 67 436
36 18 386
169 41 228
221 117 582
139 86 497
7 91 487
141 169 831
79 57 810
129 143 474
166 170 270
157 108 240
2 15 579
218 9 348
61 187 585
89 193 54
113 81 169
140 141 566
94 145 721
107 30 992
55 134 150
151 155 716
125 85 533
36 1 148
48 3 772
29 185 976
208 40 199
69 201 347
14 155 995
112 104 650
17 81 750
218 102 162
36 221 573
217 50 547
25 119 53
57 199 615
7 76 87
18 162 499
117 153 381
49 91 80
16 133 343
27 53 797
64 200 234
88 97 439
141 138 38
129 82 820
124 61 574
155 207 12
99 220 96
52 161 643
223 97 120
100 109 292
93 45 588
46 80 912
133 60 868
137 113 15
97 205 638
15 1 747
142 105 481
27 61 608
87 1 218
59 93 980
194 193 718
133 97 528
216 121 246
141 44 488
30 215 553
13 205 538
99 41 886
134 63 917
71 121 134
46 68 444
65 170 463
73 201 565
97 78 250
11 89 327
40 165 892
53 181 717
127 65 454
161 8 799
89 29 32
204 61 211
1 71 497
201 105 318
140 90 868
211 15 506
139 145 239
195 114 89
159 155 938
19 99 48
30 141 682
206 13 582
49 17 888
218 217 205
175 195 290
170 120 209
70 9 590
140 33 557
50 141 243
102 99 170
105 77 708
220 93 817
169 150 794
113 102 23
128 173 121
77 8 175
149 109 372
215 39 992
97 49 128
156 143 332
9 71 595
199 155 554
212 4 810
193 160 18
24 212 849
166 133 325
195 71 484
70 155 267
167 173 585
124 9 799
113 219 637
188 161 231
183 49 997
144 185 937
212 10 256
22 99 823
52 212 226
189 145 173
209 69 956
68 138 955
97 9 765
126 216 841
46 48 811
57 84 671
203 204 195
187 116 572
60 51 298
218 152 933
162 141 936
17 157 679
157 170 261
181 103 365
62 169 150
97 91 70
103 169 295
40 41 723
126 209 458
198 25 721
134 213 459
171 137 371
73 169 630
161 50 229
29 67 732
205 65 554
81 39 901
59 13 494
113 19 105
148 98 735
106 205 70
209 148 42
23 92 722
3 220 794
85 197 39
135 205 39
93 15 985
141 107 359
163 70 947
73 59 505
24 22 7
105 17 50
222 154 558
129 169 788
65 15 341
56 174 921
45 41 51
10 43 801
127 49 383
111 2 887
68 207 886
163 99 69
207 31 351
71 180 402
127 29 876
173 153 119
71 219 253
153 216 181
113 21 152
133 197 232
57 12 747
120 41 250
57 177 144
33 8 98
22 116 301
124 129 89
112 223 268
213 151 406
22 147 553
219 33 167
201 181 446
211 97 890
141 190 292
190 57 643
180 119 135
176 11 877
122 127 946
119 37 512
49 33 12
9 13 853
218 104 1
183 181 980
90 100 974
82 120 91
161 64 246
10 52 346
122 3 608
71 31 867
212 53 259
10 169 184
113 197 787
169 165 286
146 179 29
50 127 85
180 48 553
85 26 275
209 170 134
92 28 761
138 64 935
124 153 741
13 168 367
106 149 785
137 45 865
57 150 451
77 147 229
63 211 736
145 181 846
199 42 657
67 129 187
224 183 57
138 198 528
201 137 990
74 90 106
29 36 377
159 161 849
21 22 665
181 160 762
1 58 600
135 177 891
78 15 524
171 62 841
113 52 538
203 41 127
113 3 948
91 89 327
97 135 359
72 149 184
211 47 165
97 163 696
77 129 640
209 151 806
59 158 999
50 120 811
224 28 312
82 27 162
127 175 570
85 9 924
84 194 260
141 39 152
24 46 1000
140 97 705
169 135 880
6 26 877
32 145 633
165 85 689
211 11 359
204 141 914
217 145 824
188 149 50
97 24 964
64 3 573
73 152 801
16 205 121
81 43 128
8 76 773
27 134 665
93 99 547
91 148 601
16 148 702
151 166 17
169 183 492
203 46 460
55 219 925
3 163 292
202 162 800
1 9 252
86 210 73
104 148 284
26 30 515
8 20 50
193 107 795
133 105 929
105 61 675
197 181 712
25 89 116
197 33 858
81 99 770
223 83 114
150 156 858
195 78 756
37 73 790
29 112 645
133 65 281
46 7 64
6 21 253
181 29 741
163 93 605
181 209 40
111 5 129
15 159 744
29 88 558
61 51 736
105 112 59
99 65 861
219 120 622
30 77 889
81 107 781
203 129 515
136 77 118
111 201 287
157 57 172
169 208 848
78 191 796
189 3 628
213 206 799
67 141 689
65 148 83
37 193 398
29 96 401
67 165 736
215 106 647
89 205 810
136 112 194
4 113 257
155 31 425
16 212 332
219 183 422
14 34 74
15 181 788
97 119 835
92 181 43
180 158 128
169 197 980
118 19 881
167 1 963
81 139 392
7 29 504
158 119 212
9 145 732
109 67 418
129 102 596
105 79 929
45 162 95
209 97 304
161 143 460
6 93 435
43 67 315
174 113 355
153 198 400
81 145 641
125 175 665
29 49 226
111 144 532
209 123 485
93 35 6
65 113 819
118 49 196
175 119 286
157 55 844
78 137 728
193 112 767
48 59 964
99 100 790
95 211 501
29 129 980
145 103 671
22 145 804
172 130 505
134 107 461
137 145 842
15 85 161
38 5 684
49 209 590
153 207 215
130 210 515
129 69 972
93 26 371
181 21 843
198 8 988
1 169 659
58 79 469
93 49 633
193 183 678
132 113 489
133 73 42
203 159 442
29 113 500
153 113 759
128 33 565
57 138 258
139 162 767
5 75 213
127 57 266
177 164 501
100 83 401
210 147 13
156 145 350
46 77 978
92 107 212
95 141 560
141 97 665
162 219 516
157 82 109
183 113 442
29 179 961
21 65 808
211 57 696
91 68 313
65 169 398
97 202 503
8 207 117
198 221 958
55 215 471
4 104 75
63 141 584
113 220 340
113 211 990
21 213 494
105 48 483
50 125 907
153 123 286
16 125 239
176 211 467
73 123 941
161 181 294
95 22 674
61 81 442
176 217 225
121 123 663
201 98 332
36 92 848
8 201 822
125 30 568
47 114 127
95 185 148
36 121 227
115 85 353
43 183 27
75 15 932
58 97 695
91 222 686
33 209 223
143 209 531
25 17 12
43 33 371
29 33 325
167 143 560
165 33 495
189 29 468
96 71 614
94 170 291
133 29 502
75 209 893
22 146 876
17 129 257
52 211 233
33 85 138
47 25 868
169 205 7
38 102 102
8 26 274
137 97 919
77 211 405
219 168 465
6 15 903
113 144 724
213 12 380
97 43 982
141 143 191
139 182 846
1 31 548
58 43 392
212 161 666
52 64 965
202 90 591
88 43 991
109 9 915
202 143 397
84 90 816
170 58 582
144 210 852
209 211 926
10 207 793
3 197 190
21 77 702
222 187 473
70 41 476
21 179 317
15 175 368
157 85 625
113 5 722
81 13 14
41 148 320
169 53 581
33 37 606
155 77 566
57 207 686
119 33 512
33 31 439
209 72 53
222 161 682
109 190 897
5 17 901
54 65 583
62 175 47
121 147 849
4 154 188
75 65 468
33 17 628
183 163 960
111 20 590
197 21 131
167 129 795
181 25 717
176 25 388
19 35 21
177 129 810
99 185 988
131 223 497
92 166 325
114 182 835
43 51 642
204 19 745
87 113 739
69 5 716
97 173 815
177 137 208
73 24 109
153 217 212
193 116 852
16 22 491
39 113 196
133 143 814
15 207 467
61 131 378
202 51 355
196 33 820
129 107 150
195 16 746
17 29 425
189 18 820
196 209 342
13 170 153
189 169 580
99 161 236
91 168 424
134 114 8
24 177 453
81 175 95
49 109 36
58 78 723
5 224 296
