228 7824 198
91 157 320
75 227 433
62 1 154
109 172 105
58 205 527
115 151 91
215 202 459
205 126 23
118 61 277
61 113 317
53 51 365
153 193 496
88 217 444
123 209 588
97 77 662
46 103 5
119 215 536
37 77 11
39 139 628
130 154 412
13 224 371
121 70 429
85 184 341
191 14 160
49 156 87
135 201 515
154 198 24
32 143 360
35 141 522
207 146 756
185 29 715
209 109 901
220 4 494
179 227 736
82 127 42
43 104 257
89 13 14
209 151 626
37 197 379
75 23 136
89 20 960
125 31 286
141 204 173
85 191 632
29 117 247
15 12 878
52 139 714
63 213 36
45 109 19
183 148 413
169 37 135
69 203 960
217 142 905
76 181 117
169 7 923
57 82 933
202 217 852
33 124 46
44 162 719
73 51 122
159 87 588
16 199 829
190 149 691
177 165 338
114 167 228
3 175 975
128 151 263
205 30 983
115 21 65
37 9 621
21 145 472
219 124 85
95 56 71
97 123 150
109 129 749
219 46 99
83 154 150
187 112 579
160 121 394
103 141 601
199 136 652
77 66 108
133 187 526
121 205 554
181 173 211
25 116 764
205 144 800
4 9 298
136 200 405
10 178 521
218 18 658
226 197 910
24 153 295
29 225 818
142 6 406
22 144 100
1 65 365
213 96 875
35 193 895
17 97 296
99 80 885
9 77 708
153 22 84
192 145 78
49 104 243
52 217 267
187 179 273
39 35 609
39 105 273
222 217 583
28 131 276
207 65 226
21 14 106
123 103 338
215 136 333
19 183 849
63 188 573
29 1 770
203 99 24
129 118 353
158 65 704
212 224 314
131 37 975
28 17 576
142 113 341
73 82 881
191 151 637
64 40 104
185 114 404
224 90 190
112 153 923
29 129 494
101 190 835
154 49 53
41 154 971
169 220 101
215 161 761
97 117 25
133 1 830
1 95 151
28 43 892
44 17 314
201 77 340
95 205 220
25 65 706
181 202 373
163 153 993
25 87 781
161 171 429
145 91 67
189 27 52
79 40 975
189 201 364
127 144 828
183 58 708
125 59 252
197 89 578
157 167 705
210 163 569
149 107 47
49 149 498
155 157 707
187 193 239
23 210 153
12 182 435
137 81 353
113 77 293
133 127 925
25 109 570
165 63 842
169 204 413
132 8 1000
189 63 438
43 6 725
99 165 973
4 112 671
149 219 435
121 14 514
186 125 850
169 79 569
99 84 377
7 117 115
40 65 746
211 65 824
219 217 659
213 84 498
49 66 804
96 133 350
66 203 18
93 63 512
141 45 791
76 151 412
1 63 459
51 211 243
223 172 638
21 178 132
9 116 356
21 183 836
226 204 615
134 65 97
93 104 269
75 122 169
193 70 922
52 50 709
197 149 500
129 102 302
23 169 970
202 195 451
25 70 932
29 199 95
133 223 155
1 184 712
15 76 168
63 81 909
57 127 378
37 201 341
205 8 515
204 111 790
100 49 114
73 183 566
71 207 825
148 127 52
57 21 299
79 214 457
177 214 753
69 215 648
100 4 824
85 198 572
189 123 431
64 181 260
175 45 912
210 50 951
37 76 115
74 89 488
168 175 160
129 213 113
187 3 821
174 169 63
19 195 528
144 201 210
10 153 492
202 63 481
5 100 63
10 139 991
41 59 711
116 191 973
150 191 623
193 185 747
22 33 517
7 141 202
96 122 396
151 161 875
215 61 324
19 107 607
224 53 496
83 218 225
86 77 505
15 100 802
139 181 408
40 10 892
184 175 646
64 226 916
7 61 563
5 113 598
101 51 20
210 113 312
217 189 839
41 55 329
1 226 304
97 170 554
129 205 255
169 10 381
177 103 66
29 227 68
181 210 638
25 125 467
49 36 70
177 69 364
136 209 562
217 35 46
208 191 904
142 44 261
119 67 314
202 47 535
40 61 992
142 85 992
186 101 192
31 21 541
51 56 492
208 157 615
31 94 904
46 56 797
122 91 142
39 128 626
95 121 352
173 157 933
93 109 553
1 39 184
41 18 577
138 197 755
111 16 3
39 119 856
49 202 161
61 9 179
17 148 264
154 191 281
148 73 849
172 211 483
96 25 467
201 194 668
136 33 686
163 59 22
88 105 575
211 157 528
181 163 439
191 99 83
45 121 464
29 95 551
40 178 601
13 164 8
125 175 152
11 147 31
199 100 736
15 161 268
56 197 220
39 64 741
26 182 471
55 33 629
95 125 938
151 45 681
173 102 896
167 101 68
1 175 134
55 93 579
70 52 665
154 132 599
109 79 347
56 113 580
137 28 571
61 127 663
77 89 278
172 149 4
85 165 888
177 173 241
177 220 82
81 22 594
67 22 249
112 181 340
128 125 532
101 68 161
104 79 344
166 55 12
55 165 576
134 160 23
92 133 231
4 98 572
29 23 335
193 47 147
201 31 519
79 120 145
8 169 56
207 177 408
83 77 228
201 115 231
226 133 64
86 154 865
170 155 592
82 169 418
125 45 236
113 179 454
69 93 585
25 13 914
28 77 37
127 9 21
63 73 470
219 102 50
111 151 634
127 221 80
61 130 125
83 189 405
20 211 144
130 136 229
96 87 449
89 180 722
116 67 513
126 120 597
127 30 624
175 127 254
199 121 98
172 57 258
7 168 499
217 103 716
72 45 446
115 91 5
208 70 908
184 153 483
1 101 320
33 168 387
196 121 172
205 141 192
136 5 509
79 45 424
160 215 579
91 169 422
173 139 434
110 52 900
124 79 139
9 213 577
124 112 97
144 61 642
110 55 357
167 31 662
73 196 402
67 168 694
169 94 351
36 153 84
217 147 367
217 113 788
222 33 55
106 185 141
1 58 278
80 57 21
189 101 822
17 48 363
127 205 300
69 53 140
109 222 179
159 169 348
202 173 583
157 85 350
195 97 42
141 117 263
136 214 397
85 106 42
58 79 148
175 7 654
133 100 314
124 117 354
52 148 8
225 213 731
86 85 992
217 227 963
151 49 141
55 154 774
94 112 567
193 25 26
156 61 888
22 132 830
49 52 198
7 49 666
67 19 573
159 104 343
226 13 797
45 77 914
219 157 304
54 159 885
21 172 468
121 210 513
119 223 189
133 160 630
20 173 692
220 69 488
5 112 245
157 58 749
41 63 789
111 158 891
128 215 791
97 96 361
133 83 680
162 187 626
48 97 597
197 82 203
66 180 498
103 57 759
101 205 578
33 27 685
172 197 56
173 42 225
88 118 307
96 37 470
49 1 725
173 221 327
208 187 130
105 207 250
213 31 737
162 133 946
27 165 169
85 90 863
195 1 457
79 57 857
55 118 994
70 45 413
23 122 641
163 186 70
207 208 231
21 74 553
100 31 230
49 207 586
196 193 914
193 137 572
96 105 691
137 37 490
142 225 832
9 175 465
47 51 448
165 163 778
121 100 678
103 172 620
45 1 441
26 25 825
213 79 262
186 134 296
149 43 320
189 213 904
226 205 586
174 228 531
204 125 334
23 37 657
55 167 46
15 29 659
145 89 428
103 7 934
93 223 554
69 24 65
43 114 581
145 48 892
43 25 856
165 121 357
7 21 923
217 16 771
47 178 831
19 80 600
22 163 660
69 169 253
61 1 46
112 178 770
29 44 333
37 180 799
172 44 353
177 107 88
16 103 450
4 22 890
2 163 810
145 143 381
135 153 12
30 9 556
95 199 707
121 94 141
125 197 981
43 181 118
121 137 969
221 9 419
68 145 202
64 127 538
136 187 737
114 69 233
58 117 818
140 89 284
106 61 382
193 85 625
17 29 724
61 17 125
29 172 761
133 183 37
163 191 59
31 73 751
169 134 977
185 104 153
169 213 300
12 115 631
89 67 424
113 49 876
175 10 968
7 122 13
127 23 417
26 49 581
149 45 488
143 52 476
124 94 164
37 217 312
118 172 227
73 65 933
114 160 381
148 171 66
73 22 251
41 109 495
215 138 316
22 207 846
29 214 816
85 217 108
151 93 476
94 85 604
97 122 148
99 117 356
40 55 829
129 121 757
65 41 516
1 144 354
214 65 770
49 205 429
142 60 152
77 17 115
172 34 619
57 77 54
9 91 38
133 220 322
49 88 954
178 215 532
5 121 90
115 101 889
122 181 538
88 195 559
215 97 778
223 105 235
17 105 130
42 13 307
43 155 708
37 161 662
57 76 972
109 152 114
133 173 194
177 104 754
19 94 213
163 94 318
157 209 365
185 55 203
105 54 66
37 148 917
161 33 813
8 128 960
165 47 975
3 104 195
145 162 348
98 61 123
225 141 570
125 133 973
195 178 856
178 119 473
55 43 699
124 205 650
216 108 815
71 66 50
214 91 311
223 115 678
181 113 494
221 135 690
16 185 469
122 82 630
169 59 359
161 81 926
151 67 290
73 84 529
95 128 728
70 153 146
188 190 74
24 31 577
98 66 200
197 3 436
26 53 410
187 69 953
13 76 890
172 19 1000
142 153 550
169 121 829
41 125 3
127 143 560
151 221 817
137 151 264
147 23 776
17 184 657
115 102 336
93 225 135
88 25 319
184 9 244
109 218 874
1 200 747
151 99 394
97 226 495
71 111 59
130 208 304
173 98 649
12 97 207
139 154 764
45 32 864
2 87 349
1 48 738
100 112 946
105 1 970
181 225 137
76 69 859
193 191 706
153 200 583
89 106 844
225 74 438
105 69 859
221 94 491
129 181 890
73 27 360
211 4 805
79 187 842
139 158 308
201 40 591
59 19 954
129 163 965
144 40 912
156 199 791
39 145 526
117 118 125
94 220 652
148 28 376
211 147 967
77 34 377
73 3 677
31 96 454
144 25 792
1 13 171
107 133 146
56 176 515
46 158 122
185 7 866
148 199 315
99 90 303
40 91 702
167 52 806
202 165 926
37 10 765
85 25 672
41 42 122
71 39 436
136 91 489
130 19 886
39 137 901
26 21 118
137 95 529
209 169 51
181 184 903
224 37 561
145 122 37
142 111 469
28 153 451
67 146 598
217 65 594
82 65 665
100 217 683
216 13 199
39 41 651
203 219 678
148 11 787
17 190 363
172 39 996
64 73 302
181 8 418
7 183 529
109 207 634
37 82 57
199 47 903
1 117 545
3 19 8
209 91 164
45 13 442
197 43 725
80 189 944
50 201 318
55 1 916
55 46 30
143 115 251
5 222 528
29 8 489
151 7 890
137 197 364
36 213 813
53 81 647
115 205 718
53 165 937
14 181 34
1 203 832
217 127 628
74 101 809
9 70 634
25 89 328
186 52 401
172 80 227
93 29 591
163 147 557
119 77 230
9 138 748
44 55 332
18 23 436
44 147 265
219 16 721
219 188 917
141 189 957
118 66 498
101 207 754
53 1 265
19 88 645
104 208 21
141 139 73
54 33 694
64 11 48
178 103 178
37 78 183
69 138 574
177 52 915
97 218 656
228 197 729
208 49 357
166 217 220
184 107 32
105 115 973
55 123 778
37 176 692
97 199 817
115 140 788
19 142 501
45 157 999
108 97 527
223 1 570
95 149 996
3 113 247
190 1 808
179 37 992
7 160 921
81 209 949
15 59 152
117 110 978
130 91 798
172 13 126
25 164 226
217 9 839
141 197 265
117 149 685
125 215 361
72 134 937
61 112 674
135 193 738
105 51 211
160 209 821
69 16 327
122 134 21
73 176 136
93 6 219
183 121 132
142 25 58
213 49 323
102 13 790
4 129 951
3 167 239
179 129 181
37 94 61
57 25 426
205 76 461
14 68 51
79 199 439
90 97 569
208 127 485
23 83 739
67 29 709
5 46 894
50 221 679
109 34 938
21 141 925
113 119 362
7 223 284
145 202 30
64 24 99
226 46 941
119 151 881
184 133 337
16 158 599
127 117 42
58 210 191
177 167 321
115 221 653
119 137 628
109 137 885
97 105 789
161 183 874
97 173 265
28 225 553
61 191 615
145 193 208
47 153 901
147 29 483
70 120 26
88 121 212
180 127 664
10 67 411
5 31 970
144 67 68
3 157 436
169 1 904
205 123 603
83 185 238
135 22 512
57 19 515
173 205 435
148 214 174
90 208 110
60 85 392
112 63 147
109 95 976
25 152 6
15 154 468
115 109 625
63 157 412
46 28 101
153 73 916
216 52 241
43 32 214
156 192 173
109 104 1000
91 34 905
169 211 33
40 54 611
23 142 1000
125 47 925
22 133 992
148 47 412
3 21 357
123 197 208
23 228 208
172 189 213
136 181 683
31 36 825
183 61 218
32 61 650
169 122 824
4 82 480
181 107 700
137 96 821
79 32 596
65 28 908
57 145 399
147 18 129
121 81 371
120 161 741
180 163 667
13 148 293
85 134 172
1 94 861
39 55 513
64 97 813
25 119 417
203 111 782
10 170 588
189 160 649
129 11 981
20 84 92
140 43 991
73 41 427
96 121 730
125 65 477
107 161 315
121 161 920
69 117 180
142 125 364
90 59 834
173 89 115
71 225 443
39 187 725
100 161 243
33 56 623
49 27 102
31 34 45
214 199 847
172 113 727
178 159 200
96 77 19
217 40 617
209 103 854
136 113 959
168 134 986
187 7 8
104 144 727
129 199 426
81 97 637
130 41 957
222 213 15
108 131 674
125 130 31
197 120 953
43 40 728
59 157 722
207 61 453
43 48 604
156 17 160
160 25 840
55 6 137
29 73 587
97 152 654
135 133 381
43 213 388
137 64 402
205 33 967
141 121 802
81 34 137
115 145 828
77 23 525
33 116 36
221 27 466
148 153 495
161 36 338
19 4 861
93 8 112
179 134 466
85 12 866
106 96 429
140 169 513
43 217 252
193 42 616
123 137 610
213 115 399
57 157 151
47 70 742
33 191 305
197 59 472
209 6 323
155 66 441
90 156 388
193 115 216
77 19 511
43 115 419
19 95 431
79 149 341
73 180 808
13 22 215
25 118 865
87 69 922
53 188 383
197 68 651
205 97 741
127 126 742
205 176 563
209 145 206
85 153 744
221 207 889
148 58 184
169 214 585
1 153 608
10 145 114
205 197 622
107 81 264
81 201 600
190 141 11
25 198 393
129 22 300
41 180 232
206 100 524
202 109 751
228 219 176
16 34 831
93 16 830
133 157 168
88 7 970
97 186 166
193 26 115
140 105 122
127 183 631
97 58 744
109 184 291
78 154 83
21 35 640
162 129 960
196 155 168
167 99 115
197 113 826
11 89 757
103 69 123
27 191 992
83 223 645
224 217 926
95 187 795
97 31 241
64 99 679
4 28 739
157 43 838
107 43 15
221 7 643
39 190 37
13 141 255
121 171 197
139 198 686
40 13 458
219 57 363
90 101 654
79 125 270
177 141 942
13 124 895
47 139 37
31 184 389
20 220 172
45 17 295
143 157 31
222 113 434
222 9 118
13 193 718
64 82 477
58 37 471
121 87 328
127 27 778
177 115 250
203 167 216
33 87 131
5 171 572
9 72 319
109 195 486
221 81 399
15 178 7
192 173 885
159 195 413
225 151 36
82 215 969
133 55 2
208 129 199
109 179 839
55 155 357
43 103 595
157 199 692
112 101 894
180 172 524
38 133 276
146 160 565
25 3 165
78 49 138
137 114 861
209 121 381
190 93 420
157 207 23
180 13 6
153 173 322
210 156 168
177 89 973
180 189 850
214 187 872
150 181 747
137 179 114
127 185 95
64 96 216
26 142 237
194 111 802
101 134 403
153 16 662
10 65 326
167 124 624
51 61 538
226 168 847
145 181 823
163 67 510
221 213 148
61 169 14
176 53 940
217 17 498
117 37 594
175 57 145
40 203 19
26 98 183
7 158 738
162 5 234
77 18 855
88 26 370
169 105 89
193 55 465
218 104 267
193 41 984
37 40 216
145 147 592
165 36 84
72 171 748
63 14 840
109 140 307
159 215 188
67 92 662
97 139 501
25 86 848
15 148 785
223 225 836
79 67 210
199 190 670
173 96 543
58 59 675
117 72 3
181 224 418
129 77 778
83 175 974
49 79 779
71 169 21
60 81 311
170 194 946
150 49 359
195 70 156
153 198 191
99 113 703
91 148 146
169 115 891
41 85 899
11 171 243
50 197 302
211 175 765
25 149 230
49 107 456
127 136 856
41 169 103
2 88 473
205 12 184
57 215 640
157 189 834
21 48 72
42 178 878
151 65 452
225 82 613
52 169 413
134 181 862
64 57 378
21 121 496
48 53 887
162 1 762
171 28 647
1 52 987
49 75 900
67 133 102
139 89 952
90 98 711
52 25 978
174 9 622
137 202 627
105 46 500
216 75 618
16 20 338
25 165 592
6 172 184
19 167 55
199 142 878
58 129 476
205 199 854
77 199 589
121 112 120
97 29 813
135 96 890
91 131 629
210 69 676
219 28 730
174 166 527
217 124 127
79 66 238
97 113 26
169 50 243
9 157 529
67 154 329
177 209 48
127 129 749
94 24 926
227 43 481
34 217 275
67 129 874
190 145 547
61 38 383
77 165 14
77 155 97
115 123 259
81 217 13
161 205 105
49 119 47
43 189 212
208 73 308
165 217 65
125 136 717
39 89 316
3 181 377
57 94 546
189 178 692
211 53 677
208 117 815
85 195 542
116 13 172
137 4 661
33 207 125
79 151 228
79 80 61
189 77 746
12 108 798
49 130 861
73 99 916
115 121 809
139 201 70
176 196 619
129 71 22
33 139 12
105 59 898
31 136 819
49 152 393
77 115 938
151 105 169
44 79 388
189 209 961
184 159 132
215 167 698
121 213 18
223 55 754
121 155 718
196 78 21
176 151 894
30 91 321
203 30 219
37 91 536
153 41 415
75 141 210
109 39 272
25 187 1
161 127 799
58 123 761
185 200 361
87 205 948
101 177 998
130 185 4
76 191 252
194 177 12
92 95 806
1 121 943
4 39 265
177 126 736
218 157 588
11 27 5
28 33 52
38 110 863
69 99 521
24 212 938
74 181 31
226 61 655
167 184 763
157 214 935
39 225 137
225 147 273
118 137 445
13 175 267
49 200 40
77 90 735
2 13 910
7 212 214
52 125 498
39 133 503
14 23 84
45 52 557
217 46 979
129 17 216
63 193 402
219 92 434
45 145 239
221 49 606
125 157 187
46 205 826
17 11 983
172 53 122
58 201 894
53 185 457
20 197 282
121 215 307
5 89 114
212 19 396
38 1 903
9 73 444
49 220 757
149 66 134
6 203 196
202 153 510
81 1 316
191 156 425
13 57 706
70 94 965
19 210 618
157 17 659
55 201 159
49 194 420
87 123 958
77 71 70
80 105 987
39 154 694
33 156 46
141 85 536
147 154 35
25 46 306
130 103 648
64 145 271
190 180 620
26 71 936
117 203 346
142 120 179
171 157 587
163 221 872
127 55 309
49 175 159
132 169 526
1 69 985
205 103 490
79 7 134
97 187 803
13 109 265
61 35 158
169 98 95
221 204 562
53 96 436
13 56 161
130 157 929
191 115 356
193 23 702
133 7 829
140 61 328
19 181 551
189 16 129
145 206 936
226 203 543
102 200 186
165 205 726
93 131 604
159 228 280
89 213 416
197 106 717
155 29 581
169 187 507
39 209 209
19 87 83
79 211 778
61 79 458
55 91 456
31 149 854
31 37 483
197 29 622
22 147 142
194 27 228
39 122 151
121 31 985
16 161 739
137 220 13
204 189 192
194 204 313
173 128 470
153 108 450
15 41 636
3 213 765
67 201 620
60 169 927
216 223 107
185 138 597
213 41 519
187 117 631
111 208 1000
223 189 266
94 130 388
93 87 658
28 82 268
160 26 683
157 71 669
74 35 622
200 195 728
90 9 930
45 38 33
157 194 284
46 155 288
178 133 192
171 151 683
202 185 244
77 69 8
75 95 207
42 113 144
145 228 217
12 215 398
101 71 7
165 199 166
154 172 926
70 13 849
176 12 220
113 143 923
37 186 148
115 161 629
118 89 745
73 53 143
209 83 947
39 210 316
196 17 43
41 179 336
109 91 608
196 197 108
17 115 856
204 87 773
78 115 326
65 76 892
12 210 618
145 142 378
172 209 163
23 78 488
13 88 343
209 89 175
20 69 317
131 207 972
29 166 283
53 226 468
97 20 228
193 83 492
65 140 111
77 132 387
226 149 545
121 34 469
185 172 941
149 189 972
209 222 510
172 177 598
141 228 940
142 178 448
184 77 754
77 194 559
66 30 836
186 87 842
167 169 75
4 3 832
211 187 82
165 172 606
202 46 191
107 105 539
14 72 971
129 3 391
153 201 37
115 175 697
217 148 484
1 136 648
11 1 605
157 144 817
202 61 138
60 118 184
184 219 878
221 205 224
121 190 636
25 173 360
161 159 881
207 67 29
210 223 579
225 121 59
121 6 385
108 128 147
65 9 42
38 153 105
129 174 289
223 88 270
185 9 274
95 104 269
25 140 219
51 133 204
8 65 321
31 53 533
161 188 367
97 161 465
80 59 847
17 25 757
190 28 108
111 62 562
221 129 926
28 195 414
11 85 422
168 225 850
188 70 104
12 214 545
31 95 658
45 207 371
149 97 494
40 32 591
181 207 661
17 224 592
204 210 194
209 90 257
25 214 802
220 109 435
172 73 817
158 207 66
79 222 944
139 169 521
161 201 391
173 19 760
181 80 860
211 199 16
12 3 441
6 140 203
40 19 161
127 174 1000
205 47 505
225 214 939
208 24 232
67 167 760
115 37 888
207 10 66
197 211 239
205 120 908
77 208 920
150 67 585
171 17 716
189 99 744
186 199 506
143 120 869
175 131 771
221 190 753
155 151 251
61 131 421
124 45 449
63 195 656
191 21 936
102 52 565
175 40 267
32 16 915
139 49 629
138 37 240
4 181 473
104 155 96
58 199 215
3 16 545
78 73 35
187 225 6
130 35 615
153 99 182
24 219 924
193 81 998
77 22 497
13 154 478
90 41 684
223 221 358
28 154 731
7 47 120
217 209 854
91 83 182
21 195 399
73 161 264
34 103 253
203 116 638
157 178 620
151 97 187
33 223 667
145 1 34
214 39 978
187 1 116
138 103 966
133 26 585
19 143 837
145 189 416
169 196 188
31 187 299
33 157 323
66 163 768
83 2 610
73 139 873
124 97 251
143 166 513
187 111 354
77 214 16
77 195 782
88 192 806
140 41 539
7 131 102
207 29 87
54 205 746
34 53 531
131 172 560
220 123 807
57 223 127
92 221 303
51 157 906
79 127 581
190 38 972
208 109 454
89 43 823
19 225 428
226 63 517
113 31 901
46 17 197
37 89 268
66 128 775
208 181 793
209 55 514
8 210 352
141 142 365
145 49 661
161 189 525
181 171 894
194 61 740
16 54 349
205 195 585
168 205 682
115 148 487
133 193 745
85 81 569
55 173 946
42 53 843
39 175 863
163 5 779
149 157 268
113 196 88
194 28 276
119 172 744
117 81 815
185 181 975
154 169 464
135 113 310
67 8 677
89 222 844
109 43 90
1 93 947
1 142 583
67 16 586
70 15 732
159 181 660
25 201 794
143 73 107
7 214 120
81 212 417
58 25 430
225 185 451
195 139 390
157 39 507
210 134 41
134 142 238
96 57 398
12 185 721
189 142 671
152 133 568
55 145 621
31 1 776
34 127 227
20 165 63
61 122 680
179 192 872
45 118 414
116 149 176
27 83 9
72 53 813
167 9 21
17 228 457
124 127 707
100 103 563
21 209 849
208 97 899
157 72 105
168 54 686
199 13 47
175 58 50
83 215 75
170 120 533
186 205 154
42 154 19
207 196 618
151 109 615
5 133 609
24 53 59
135 1 749
70 210 53
117 57 33
222 25 864
193 27 234
39 169 515
152 149 38
163 156 244
155 197 184
81 13 543
222 39 874
148 113 335
173 203 56
10 133 680
117 9 665
225 37 994
120 206 82
208 161 305
11 76 538
14 50 546
79 78 667
135 3 576
66 170 417
135 199 527
24 1 771
13 121 391
121 68 764
147 10 593
117 164 827
3 205 774
211 86 43
181 73 230
133 163 208
141 99 589
154 193 206
100 85 451
157 73 786
88 133 995
19 211 958
53 93 109
1 181 609
63 113 538
139 61 98
200 116 995
83 125 227
202 58 291
163 3 717
187 145 377
22 41 702
116 75 962
213 39 529
178 129 138
1 173 831
227 187 341
177 27 115
161 7 156
77 109 607
157 47 39
13 55 365
78 25 107
77 62 468
184 204 879
157 83 905
157 101 313
206 84 338
78 180 885
137 191 775
160 177 834
55 85 17
108 166 245
199 162 151
130 73 415
30 52 934
135 197 170
124 85 393
10 215 479
6 57 803
172 85 59
174 177 194
149 11 809
67 9 210
95 165 855
59 103 109
192 69 69
35 121 665
11 127 26
118 65 258
106 67 835
186 31 142
172 91 55
205 214 471
193 219 274
53 118 650
58 118 857
96 40 665
22 227 152
39 65 861
93 125 28
197 186 726
133 221 296
43 147 324
133 113 322
207 132 687
171 208 198
183 37 294
155 90 286
129 1 476
42 124 892
223 15 719
77 163 426
83 73 18
112 1 773
156 43 405
122 149 839
124 161 968
70 154 516
1 211 895
134 34 707
40 194 870
31 145 741
141 206 87
5 81 552
77 193 999
205 29 591
154 221 136
47 197 668
80 58 697
199 54 870
103 51 655
127 173 636
79 84 455
67 73 903
172 10 760
128 165 320
72 133 544
9 43 780
133 129 980
177 133 261
29 25 468
88 165 120
169 88 567
137 130 865
22 145 16
225 91 34
168 13 243
58 219 296
103 61 205
226 70 433
88 97 902
211 110 490
17 222 880
177 124 336
58 169 313
182 39 170
191 96 274
45 69 334
181 101 346
2 75 299
120 43 283
111 66 873
85 203 751
153 29 859
146 157 763
87 196 503
103 15 34
187 49 360
63 146 605
185 62 761
64 1 439
211 227 3
54 78 896
208 217 829
187 35 596
14 137 881
67 75 925
30 132 637
199 20 834
110 224 143
49 135 323
67 80 559
216 121 722
77 160 513
73 166 126
173 122 361
198 175 845
109 154 82
223 35 26
221 217 561
97 65 357
156 159 772
181 85 612
76 141 847
149 53 341
133 155 377
93 199 857
221 220 722
228 25 511
7 13 595
121 105 658
47 61 23
118 209 277
48 127 950
13 161 694
23 221 470
10 69 709
7 226 12
25 19 384
40 129 912
157 37 446
119 99 825
205 42 234
69 13 412
103 147 50
105 155 945
37 223 349
64 85 839
177 91 865
115 95 994
210 205 393
153 161 110
116 65 901
193 21 139
105 66 776
183 128 761
61 161 770
31 83 404
16 138 350
70 178 972
202 157 214
225 167 212
145 179 400
115 85 729
139 129 251
41 97 72
122 1 203
191 153 271
73 149 469
13 33 824
225 9 941
18 169 466
213 10 505
151 19 320
207 50 253
49 129 293
5 194 235
101 41 986
169 178 198
227 209 72
5 41 711
32 19 140
170 191 917
57 51 603
115 92 367
159 105 484
17 34 776
73 59 864
206 180 540
129 105 683
39 50 263
218 85 441
27 225 821
53 43 424
41 174 432
19 121 325
64 20 280
169 89 871
64 155 168
110 115 243
185 159 91
85 20 916
196 41 48
39 13 188
37 151 589
167 127 138
213 152 103
190 100 282
27 139 284
98 48 869
178 121 228
55 52 648
19 179 878
57 72 287
106 11 548
153 65 440
212 205 802
202 105 920
4 38 519
178 175 687
221 181 310
73 71 487
64 206 21
161 17 103
213 55 665
53 201 481
181 227 263
163 12 535
133 60 435
113 121 379
135 91 742
47 77 179
52 145 450
3 121 920
15 115 67
53 79 251
153 137 436
16 109 318
153 37 915
95 81 243
73 48 858
113 185 857
113 195 900
131 20 432
167 47 15
87 199 735
57 89 642
25 154 806
110 173 905
29 98 593
130 133 817
205 130 41
64 157 895
161 23 624
117 135 457
141 187 711
122 5 737
121 55 660
22 139 306
100 141 367
172 87 944
137 53 160
226 124 484
220 222 652
115 100 74
54 19 495
13 222 262
53 141 107
191 62 938
177 33 433
59 53 222
133 18 818
10 59 277
55 5 243
172 217 582
208 35 572
66 31 931
176 79 310
89 163 961
214 80 663
175 79 34
109 67 681
125 139 389
25 75 19
115 127 264
165 39 430
106 151 809
121 134 798
77 55 683
101 219 271
40 209 882
220 187 109
92 37 194
120 219 309
222 202 359
157 117 17
60 1 150
205 157 335
139 29 805
70 57 489
20 210 145
89 107 584
55 140 968
39 117 434
52 121 515
25 14 352
153 187 547
28 9 496
19 141 588
33 197 376
1 220 673
73 201 757
153 6 204
117 193 391
85 16 861
106 211 996
107 178 547
152 99 773
153 90 723
3 185 681
77 61 808
57 220 656
61 93 219
136 53 331
182 157 725
111 33 452
38 112 738
73 115 410
17 167 519
80 133 163
42 179 776
133 225 412
100 109 261
206 220 407
216 53 499
155 217 296
163 69 203
182 129 543
58 19 975
77 29 916
85 57 105
55 82 822
70 36 352
84 153 615
127 153 85
7 32 964
33 127 764
37 93 626
37 17 25
193 204 54
68 153 248
120 162 457
62 168 69
118 15 187
97 25 448
85 53 884
181 138 235
137 48 746
128 115 400
147 133 747
58 172 681
181 152 735
79 16 159
222 151 172
8 5 649
53 157 66
82 224 570
129 66 392
63 85 629
58 47 202
92 217 953
165 124 822
1 46 759
166 130 74
126 200 979
133 97 544
182 25 3
215 41 670
183 197 536
109 61 848
67 88 139
205 112 203
21 79 842
171 1 3
74 118 83
153 9 266
184 72 610
84 37 899
228 199 578
49 185 880
65 167 527
165 49 728
125 112 788
203 209 837
198 92 843
160 17 347
143 79 826
101 79 258
193 40 341
40 83 490
52 23 737
183 97 748
46 36 472
4 185 488
141 80 980
49 82 83
190 219 942
109 20 634
113 159 940
211 71 810
205 177 521
47 105 878
127 226 485
199 1 682
157 196 370
82 32 979
149 181 122
8 61 330
151 91 650
193 181 791
22 165 763
165 160 74
109 217 710
177 53 833
49 51 653
217 111 287
205 36 628
185 134 795
215 91 466
62 64 210
127 99 380
76 1 142
20 209 125
165 15 633
43 87 433
113 130 466
105 67 358
9 51 338
191 49 32
214 227 756
38 151 537
79 186 719
151 143 969
99 220 217
63 117 815
100 219 485
69 211 99
80 27 826
19 103 112
169 85 844
1 137 419
158 103 253
19 168 957
174 199 80
5 175 946
67 177 322
211 11 742
131 1 933
51 14 216
226 115 657
149 21 400
227 216 683
193 172 658
147 36 677
160 139 51
165 91 338
185 226 638
181 23 593
103 79 636
173 217 853
172 81 451
73 177 560
187 184 87
58 74 760
217 20 36
21 30 644
53 61 37
157 55 137
101 150 708
145 194 765
184 185 639
173 160 305
57 179 676
171 134 261
127 41 482
113 1 179
204 5 636
145 99 237
115 46 178
10 79 656
78 213 216
196 183 352
74 44 614
40 145 965
169 31 555
209 178 209
223 217 426
160 178 376
93 153 800
46 216 985
202 143 716
163 73 178
141 166 803
7 35 480
166 32 542
180 1 330
171 187 786
105 99 222
174 32 216
217 131 692
175 121 277
190 215 801
160 13 942
189 59 243
187 85 85
105 101 73
109 103 818
117 115 187
199 9 590
65 171 402
50 60 742
180 213 367
178 37 145
64 219 585
226 43 251
218 49 878
24 9 856
59 1 632
135 186 820
33 101 290
85 117 537
115 58 40
68 109 654
33 201 391
61 134 100
210 193 729
163 220 510
169 200 855
1 68 186
109 53 293
41 107 573
29 55 740
58 69 296
74 209 717
7 28 919
60 141 216
192 61 217
117 8 227
91 96 598
220 227 446
1 110 23
13 58 422
130 51 868
39 103 9
13 137 424
106 157 338
65 159 610
213 172 776
181 120 753
54 121 620
114 10 456
203 191 657
43 187 371
37 187 435
112 217 662
120 201 103
71 86 761
112 223 303
61 28 255
163 25 794
76 145 114
99 71 481
22 103 486
225 5 397
101 43 659
199 88 78
220 43 123
205 169 816
57 173 548
90 205 543
161 70 615
191 196 834
193 104 556
87 149 682
145 35 649
59 65 555
210 25 382
35 190 876
151 202 146
124 118 542
147 226 845
48 79 629
91 7 217
180 97 83
163 225 733
157 168 133
198 206 112
42 157 457
136 103 611
37 90 979
106 154 697
209 193 636
112 104 349
91 161 693
175 73 486
81 12 313
42 143 667
163 171 233
157 19 763
132 194 665
78 157 462
73 105 120
53 160 816
53 187 759
9 49 217
170 226 351
131 116 834
76 222 11
175 19 254
224 41 746
159 211 472
31 137 592
97 109 134
43 97 898
47 186 639
104 203 206
34 157 958
112 108 374
41 105 528
1 28 125
205 227 878
69 110 315
21 41 412
17 89 902
217 161 580
19 100 115
129 103 266
49 144 670
154 185 28
38 217 308
127 52 704
139 84 417
138 21 248
136 49 342
25 155 305
45 51 159
208 163 439
35 33 376
169 193 826
147 186 412
39 6 181
187 129 774
221 85 354
166 49 872
59 136 32
1 165 445
89 15 917
207 139 696
217 125 290
74 137 680
45 61 591
125 39 311
109 11 202
43 177 649
105 34 634
61 205 144
27 157 401
2 5 214
77 128 669
100 142 180
194 133 855
70 190 215
195 185 468
152 141 756
124 191 101
79 51 872
221 132 341
223 17 503
8 193 62
151 118 487
59 141 686
111 94 828
137 73 209
54 1 70
175 203 717
103 93 860
91 61 355
17 139 71
185 85 899
52 27 252
97 37 877
139 163 857
127 147 141
125 115 751
134 211 625
73 97 102
79 185 250
113 16 945
169 157 312
137 18 741
85 121 699
154 195 86
61 201 667
187 128 642
172 169 233
207 13 400
226 77 123
20 113 654
187 172 341
50 22 793
85 175 334
1 103 195
143 121 132
137 117 356
5 4 292
82 208 23
74 158 641
135 134 565
106 94 326
14 82 355
89 103 93
115 76 606
213 163 774
169 70 988
63 137 172
61 19 713
97 75 596
178 170 576
31 153 807
52 109 920
65 61 720
63 175 726
133 153 514
85 167 162
209 125 391
47 97 62
97 129 833
221 226 94
178 211 322
35 72 914
108 162 877
76 77 563
33 7 906
137 199 792
97 120 537
118 121 126
64 203 289
208 140 305
25 47 362
45 68 527
23 115 574
93 115 662
37 193 660
21 56 522
226 177 942
154 153 441
82 202 834
29 107 993
115 10 972
163 105 753
193 49 505
28 187 714
33 211 937
29 88 481
105 208 428
168 85 715
189 25 360
37 159 729
177 144 759
47 55 617
105 142 613
15 82 159
31 199 679
39 126 874
95 63 838
1 224 353
193 166 931
227 91 301
46 174 967
13 133 868
43 47 275
207 173 817
223 163 135
172 145 135
100 130 419
37 182 794
172 4 248
19 117 863
47 171 434
107 50 922
165 185 13
210 125 98
97 87 202
211 203 5
133 158 181
201 228 597
58 211 913
60 11 582
76 61 311
160 161 676
61 203 157
145 67 780
89 199 816
67 58 178
130 15 631
123 10 323
53 202 594
97 99 731
101 149 998
64 195 72
66 57 998
173 141 945
81 124 927
162 202 40
128 222 450
218 117 698
25 126 845
41 131 246
26 91 467
83 161 183
141 33 436
29 157 359
201 217 389
187 52 856
137 190 413
212 175 501
215 151 580
100 13 951
25 124 596
124 47 130
125 85 389
199 180 720
124 77 831
127 158 424
7 64 658
194 107 39
66 207 774
73 129 35
77 107 46
55 172 562
227 33 82
45 134 664
228 208 960
41 216 51
28 5 24
13 52 327
149 111 367
161 148 59
114 186 69
38 55 736
109 187 278
133 145 611
2 118 458
33 93 698
103 120 174
19 135 53
103 85 307
85 98 940
39 196 163
223 108 697
111 25 260
17 200 261
18 1 146
115 34 456
129 37 239
22 1 420
57 225 772
214 47 95
145 188 307
75 58 668
220 115 471
133 43 265
171 57 180
6 181 332
82 40 337
171 202 983
104 206 427
160 127 346
7 205 140
82 204 704
37 222 878
113 35 151
215 172 267
103 153 640
223 220 276
103 74 860
143 139 849
193 226 498
95 97 710
63 173 95
114 19 869
191 187 272
153 35 845
168 48 404
115 149 538
73 17 265
154 27 498
45 78 672
22 113 697
49 58 977
177 9 582
139 210 411
49 224 554
151 16 37
1 44 947
67 141 362
168 179 520
7 80 818
196 205 155
119 76 292
135 93 430
58 158 902
149 59 716
71 58 412
221 33 927
1 109 41
3 227 823
63 76 301
189 106 299
216 205 779
139 91 106
161 53 766
37 149 542
79 157 394
127 69 446
165 191 523
73 197 930
121 106 304
14 35 378
117 217 115
72 181 879
1 125 597
149 46 110
121 138 984
93 133 384
177 28 857
21 66 694
22 161 71
143 4 808
95 13 915
49 72 381
119 133 893
45 223 303
9 160 705
99 55 683
54 39 467
33 204 656
88 193 868
9 178 186
93 58 6
77 67 820
98 71 267
159 103 633
124 23 788
109 31 932
193 10 63
160 170 317
215 220 109
104 212 91
40 87 515
134 49 308
211 118 716
61 83 669
37 54 152
134 227 557
152 111 637
221 109 457
15 37 488
182 174 388
209 64 809
211 59 402
69 137 913
168 43 436
115 141 409
85 189 233
181 13 942
5 187 535
165 154 300
108 125 760
3 17 457
31 133 610
127 211 491
140 35 110
130 177 113
210 10 87
112 194 25
118 141 695
15 163 559
146 97 865
160 82 188
221 166 196
51 163 619
131 52 373
205 117 471
64 227 327
4 209 117
57 201 745
5 79 154
118 148 677
59 6 471
205 178 652
202 18 955
212 37 412
29 80 734
83 33 806
205 175 629
177 25 98
115 19 226
4 150 684
184 43 922
115 20 449
105 177 424
187 11 495
181 28 805
53 58 274
76 153 251
34 41 919
89 80 372
137 49 395
202 125 443
1 207 655
205 1 317
134 184 829
3 223 120
135 79 311
225 1 409
82 189 15
20 185 248
209 61 654
94 93 848
137 158 352
72 161 130
191 46 765
198 124 922
19 65 855
67 190 580
67 178 134
216 97 874
77 73 183
142 187 952
131 187 199
50 3 378
33 104 841
179 49 667
180 17 398
109 181 528
173 79 826
36 1 395
4 109 236
105 147 756
9 85 499
151 58 559
115 142 409
115 64 581
205 70 978
16 187 301
150 199 521
61 175 590
81 79 804
115 156 585
21 204 417
157 148 564
1 7 197
62 160 569
13 173 665
101 39 151
39 143 653
37 185 934
69 221 219
55 103 999
92 76 182
151 181 294
34 101 805
191 79 744
105 133 960
97 89 364
120 85 33
37 41 769
168 61 682
205 102 39
40 112 803
79 215 136
85 154 385
22 57 31
187 213 3
117 112 600
45 27 37
37 204 230
71 220 56
111 178 105
193 89 672
134 41 446
125 169 328
95 155 678
191 13 334
54 203 675
201 152 941
125 187 117
223 21 633
4 67 563
120 117 17
102 181 387
141 68 190
15 65 209
193 208 883
1 73 126
214 75 736
147 193 977
79 88 269
1 91 171
21 181 168
89 121 461
131 55 39
184 13 501
81 154 332
148 96 264
71 1 470
223 25 522
154 1 809
48 165 752
21 51 623
173 76 76
152 193 502
76 97 433
178 64 832
1 227 98
160 85 289
53 117 115
37 81 844
199 5 324
5 190 531
53 193 510
112 67 640
99 86 952
67 41 713
8 124 433
183 173 469
220 76 662
148 9 4
144 159 246
41 75 130
199 173 906
211 181 14
92 1 718
93 123 21
1 85 873
15 153 528
211 205 945
175 103 1
85 88 30
205 19 498
24 105 497
44 200 590
142 219 657
128 137 82
112 213 427
85 58 535
228 109 262
185 163 998
197 45 336
102 193 277
109 46 310
161 214 988
157 7 105
193 106 354
115 107 143
135 47 661
57 50 487
39 185 259
138 43 521
34 10 508
178 4 194
124 164 801
136 148 679
184 26 358
4 37 649
219 133 482
203 202 302
64 168 69
81 55 43
213 145 942
201 221 335
85 82 721
49 97 872
9 97 977
213 97 32
133 12 109
130 114 593
213 33 195
148 137 141
216 165 800
188 203 570
175 75 801
142 197 641
9 17 550
74 217 956
43 199 584
31 22 935
61 211 350
190 171 669
163 65 601
10 7 904
134 161 895
117 148 125
140 211 617
139 131 726
25 205 742
27 48 875
160 122 811
153 205 872
19 152 953
162 159 807
33 215 794
136 52 180
8 138 495
19 197 69
183 59 464
102 58 418
85 151 183
69 85 374
69 7 729
149 82 236
158 36 441
77 91 827
151 152 633
25 197 917
21 101 670
178 28 952
209 59 910
189 66 840
71 127 504
41 48 62
109 188 502
49 71 43
196 217 721
209 25 625
1 209 75
153 141 814
31 47 116
5 119 798
39 97 53
125 192 698
2 109 88
201 125 766
193 5 216
108 133 841
175 105 248
119 1 60
106 190 382
167 25 62
154 105 814
93 10 496
139 55 210
89 101 578
191 37 74
73 135 898
38 167 647
5 21 767
21 19 710
85 29 265
160 226 69
138 145 896
226 136 251
70 115 527
180 29 624
145 204 200
172 16 447
97 62 559
144 101 823
176 169 240
80 61 835
127 93 599
163 7 908
170 159 926
180 205 285
55 225 733
85 13 23
113 8 123
169 19 811
109 64 599
80 221 725
178 61 243
38 208 415
193 11 967
115 81 866
77 215 733
195 138 257
97 33 359
108 173 371
177 95 854
7 159 933
139 191 347
198 69 954
130 127 675
91 43 127
74 172 709
103 165 286
222 193 669
77 20 441
144 125 76
1 6 671
20 40 834
71 166 662
33 49 245
213 151 736
136 24 732
65 79 265
202 67 801
204 25 185
59 210 363
25 41 424
49 85 218
11 62 137
88 17 270
3 75 307
5 10 74
165 173 82
74 187 794
199 123 957
196 168 562
87 38 993
61 145 869
191 201 513
196 223 932
49 209 613
47 67 280
19 209 74
167 158 33
51 141 462
223 67 777
93 18 976
67 94 604
19 201 579
197 217 957
169 109 765
218 113 478
40 95 549
26 31 325
146 93 653
129 115 344
165 57 831
159 84 429
157 213 730
150 114 235
16 55 923
33 169 484
109 138 717
148 227 388
177 54 400
20 2 388
121 125 544
141 136 645
49 172 353
31 188 537
24 91 528
209 115 35
53 145 253
186 55 346
211 184 440
153 210 705
198 13 784
209 148 879
185 18 232
111 61 854
184 217 669
208 91 500
207 169 717
74 133 828
224 86 19
37 113 944
205 213 979
65 16 18
169 127 243
212 49 722
29 179 780
173 223 746
213 8 40
147 89 259
55 198 778
19 71 759
64 193 517
126 74 673
226 196 796
201 109 525
18 225 951
124 158 613
124 225 963
187 205 952
127 216 235
219 212 36
208 205 978
85 214 712
169 161 539
5 83 363
110 152 295
40 111 817
136 41 215
1 108 886
187 13 501
23 88 600
89 155 471
217 206 860
121 154 682
10 16 759
157 18 861
29 52 173
169 116 33
73 133 629
123 109 106
19 22 996
211 149 529
69 26 320
57 9 288
61 37 337
225 33 896
20 161 900
15 23 940
115 165 882
210 136 707
115 190 259
184 97 75
191 166 49
201 149 849
101 194 823
31 172 671
3 112 650
39 173 157
148 172 766
181 49 649
111 121 70
215 17 503
23 223 885
171 3 888
27 58 375
117 75 105
117 87 786
77 41 281
69 209 242
5 221 352
76 221 543
112 177 391
37 22 132
99 172 915
217 119 483
134 111 721
193 223 600
15 68 435
133 206 250
190 29 132
49 73 164
139 152 560
82 201 817
193 139 450
8 38 612
226 135 620
82 214 589
87 6 779
85 146 189
121 204 718
139 56 254
195 90 560
46 34 538
123 186 516
153 144 552
195 18 908
183 117 823
191 211 500
169 49 597
112 41 255
193 96 925
25 49 6
99 91 931
193 1 823
91 88 131
5 131 789
133 148 943
212 94 983
31 130 214
77 145 409
161 177 835
5 125 993
58 21 305
6 201 223
223 97 764
100 65 188
48 7 483
121 9 264
100 160 340
117 77 119
7 22 461
139 37 783
210 57 118
198 1 691
179 25 306
43 118 739
217 79 254
130 172 828
143 168 567
226 215 21
79 76 974
10 91 691
190 7 745
177 121 671
169 166 12
187 64 988
189 57 493
97 121 909
28 58 676
17 79 397
49 5 461
201 83 221
172 117 698
117 223 647
109 165 188
33 57 306
184 117 523
188 118 277
66 141 953
133 63 159
121 195 189
218 187 605
103 223 981
31 139 61
154 223 472
213 181 945
61 160 922
4 212 779
37 83 422
53 77 599
13 151 3
71 13 733
7 76 977
151 142 656
190 228 758
196 97 431
57 139 790
2 226 124
20 53 744
67 50 939
85 7 939
52 190 441
37 111 154
79 205 679
4 141 663
76 46 874
182 58 723
51 145 326
220 150 794
39 201 859
178 200 844
157 228 92
5 9 31
193 197 804
81 211 291
85 46 172
192 77 716
97 175 376
95 173 466
145 56 647
196 211 272
171 49 828
123 126 559
19 106 604
217 75 950
76 49 368
141 126 552
189 97 772
142 33 51
145 196 130
45 58 445
103 161 449
115 48 271
58 43 751
224 187 639
172 220 999
49 190 335
181 201 108
1 107 852
145 42 704
173 148 563
92 100 234
184 18 508
61 16 253
189 193 539
225 94 941
65 78 968
163 184 638
63 82 528
189 163 199
38 129 548
9 180 762
31 209 799
17 19 778
9 66 693
17 108 509
72 95 518
45 133 206
40 154 245
214 139 590
63 210 359
57 228 557
173 31 187
163 148 916
199 15 491
59 190 117
165 192 791
61 220 802
115 103 98
151 117 443
227 197 550
227 103 770
190 196 93
65 106 856
184 103 829
131 145 241
103 9 171
58 57 898
101 169 619
210 96 890
65 17 868
113 10 783
149 141 310
16 91 947
89 212 779
202 166 372
215 141 894
139 24 230
30 55 585
71 128 702
103 62 486
32 55 187
31 79 62
211 9 615
144 142 593
70 73 724
205 207 699
47 127 488
112 164 19
177 122 115
51 187 121
214 61 626
18 49 822
109 75 756
24 37 932
2 42 337
209 197 223
157 25 60
215 106 164
220 207 212
199 164 880
144 195 263
189 133 978
100 157 654
226 34 426
31 105 434
31 163 769
72 46 183
142 156 683
109 186 455
124 169 339
193 4 548
140 91 457
84 47 268
121 58 287
93 193 170
150 33 315
124 163 161
89 21 279
149 70 966
225 157 261
61 43 372
179 85 352
133 137 62
121 30 704
133 213 805
170 7 906
183 89 446
137 76 636
160 166 120
5 226 536
115 195 76
52 17 422
125 58 1
181 67 380
31 49 493
175 215 99
177 45 860
206 70 111
207 43 447
223 213 612
58 31 777
96 59 248
56 121 588
169 210 869
157 89 949
151 194 944
166 47 744
104 61 39
157 109 424
196 37 892
86 149 813
209 97 987
205 4 414
29 177 521
98 125 812
89 70 263
26 134 963
211 8 124
31 126 105
220 157 547
116 49 238
157 16 88
165 68 340
149 13 944
137 61 251
109 9 879
97 13 138
129 106 65
84 135 267
135 33 922
175 37 50
214 33 264
149 16 697
133 37 60
76 223 825
86 177 967
173 58 748
37 19 724
225 215 513
113 85 481
21 25 613
1 77 485
82 114 443
57 159 198
96 49 487
136 39 139
26 157 593
81 88 599
107 132 184
58 193 975
46 145 396
115 210 963
19 119 637
25 61 402
146 221 511
9 201 179
10 101 69
55 143 559
185 21 585
199 139 592
73 117 106
171 195 106
97 145 539
169 46 254
77 173 622
103 71 806
66 67 417
28 85 524
58 50 592
156 81 98
14 46 313
37 5 387
63 65 737
153 42 282
131 32 431
93 81 426
213 19 243
55 181 497
75 10 778
13 220 842
47 121 328
34 169 132
2 9 555
227 185 425
223 144 946
19 145 838
85 8 751
225 175 890
17 49 416
143 181 788
78 169 983
7 96 476
24 121 232
79 43 345
64 37 115
187 121 228
200 73 863
216 109 799
167 34 678
58 55 847
32 215 812
127 25 320
61 68 635
105 64 537
11 43 711
10 157 791
196 21 504
58 155 736
213 5 742
93 15 670
73 173 397
160 37 153
149 209 159
52 76 546
147 9 975
64 56 6
29 105 201
130 115 542
119 123 878
4 73 870
163 211 159
91 89 212
85 91 640
115 53 48
204 153 907
118 57 103
131 199 635
151 211 862
2 117 641
208 184 631
169 96 81
124 93 773
10 199 148
85 139 425
145 101 624
178 127 741
114 31 355
165 40 800
13 43 547
133 11 723
177 155 447
21 109 512
149 137 135
139 101 725
224 97 351
181 16 452
78 62 205
131 86 307
25 20 842
109 163 439
105 165 367
131 118 945
139 177 73
201 138 761
207 17 18
205 202 168
39 14 798
145 100 625
69 146 614
136 71 865
45 28 79
156 223 176
55 197 252
40 177 670
55 163 745
21 82 227
7 195 83
159 41 839
65 32 395
89 115 379
151 172 603
189 29 512
193 45 232
124 179 659
148 103 335
81 11 781
104 139 482
132 5 363
171 189 950
75 121 462
159 163 718
227 97 234
24 187 350
121 63 971
13 14 836
149 191 644
19 73 737
157 77 228
5 39 982
151 21 939
124 142 222
117 220 976
147 143 211
111 105 590
130 121 974
175 191 438
205 22 152
207 38 325
43 93 473
67 117 704
129 85 465
53 97 878
147 53 867
35 200 761
49 147 372
217 28 528
118 67 994
55 129 577
205 56 36
109 134 76
61 73 72
213 177 138
131 19 84
11 97 415
133 98 613
29 115 837
65 173 36
97 198 354
109 27 573
71 181 151
223 123 938
64 26 851
141 217 284
133 109 966
111 49 973
121 37 310
169 185 188
79 150 508
116 217 328
205 28 95
165 134 908
223 39 239
9 26 105
157 81 929
119 59 695
185 203 658
76 28 553
156 106 319
160 76 768
80 208 400
67 191 405
149 17 669
133 174 589
199 30 529
23 145 599
130 25 252
22 99 600
137 178 463
161 181 163
136 115 663
25 206 458
139 32 391
177 13 553
20 103 952
186 212 285
15 1 637
61 198 210
202 79 53
172 69 989
29 213 841
207 184 636
14 149 698
204 207 160
181 100 379
156 151 759
97 69 447
12 109 596
153 30 925
107 85 863
187 55 9
48 146 967
55 153 565
37 226 885
166 75 501
88 113 674
199 104 366
163 46 330
161 213 793
43 94 412
145 107 797
181 26 619
227 42 625
9 189 479
86 18 934
94 96 121
83 116 611
127 94 362
197 144 823
157 150 671
131 13 819
217 213 629
58 101 932
181 178 846
181 96 73
157 145 658
181 65 90
205 219 779
59 186 625
195 133 236
216 27 811
170 143 800
38 221 362
158 193 558
203 166 424
61 23 679
181 137 210
90 225 658
142 213 905
59 127 750
219 83 871
85 210 804
51 71 822
53 184 706
205 81 576
9 86 881
1 3 297
193 141 340
76 33 980
10 77 310
67 171 387
220 139 14
72 183 889
175 210 516
185 31 805
208 197 134
105 58 944
73 85 484
77 52 370
97 150 424
179 9 939
196 166 437
29 61 100
19 41 267
223 13 918
105 89 164
172 157 355
204 205 898
123 45 718
104 183 28
12 93 938
65 132 738
117 11 98
120 199 188
93 65 552
7 106 637
228 73 131
160 207 64
151 23 527
202 7 318
150 17 992
206 207 582
141 127 225
19 215 800
177 157 824
2 153 217
61 67 16
217 57 81
109 183 813
137 141 381
1 213 248
29 173 857
135 53 147
76 82 180
51 96 105
105 103 571
39 73 2
76 2 66
29 39 771
97 137 557
153 175 228
43 49 427
217 199 786
58 181 580
220 63 868
155 81 633
207 63 29
225 17 528
6 123 188
217 45 587
91 65 205
30 49 565
5 38 361
68 193 285
5 109 266
84 19 500
217 132 468
96 217 450
94 73 652
139 77 678
143 221 965
189 49 744
127 157 782
1 151 150
110 151 286
183 49 598
16 38 671
1 37 428
128 41 718
33 79 198
217 59 113
156 99 579
215 65 223
172 52 653
61 146 302
205 44 967
39 93 356
1 83 865
157 134 330
198 183 405
25 143 927
81 76 161
93 51 441
145 43 1000
5 111 583
93 7 182
61 157 466
205 191 488
17 47 943
205 63 95
109 203 331
152 69 317
103 121 465
175 76 627
199 115 64
16 212 279
185 13 677
37 209 983
184 4 175
142 49 959
178 16 952
207 117 154
77 197 855
188 174 791
88 219 469
190 21 661
199 7 870
115 126 997
29 198 517
31 65 264
73 91 561
169 48 195
59 67 807
218 223 656
206 134 877
125 129 947
83 221 933
122 4 695
170 115 815
160 79 46
115 224 657
225 115 183
93 184 204
82 83 802
25 56 160
109 141 738
220 104 216
125 43 128
127 172 919
142 191 782
171 124 523
131 202 693
95 105 371
46 93 180
7 12 504
193 9 929
155 175 10
133 136 564
183 130 405
202 142 175
37 165 91
154 111 867
148 112 860
84 200 736
9 204 570
25 92 98
53 195 685
159 225 137
39 121 470
226 59 899
221 185 334
31 67 361
92 75 296
88 48 906
177 57 950
22 199 338
120 224 679
1 126 444
217 4 392
169 153 485
116 19 896
56 43 599
7 14 155
172 226 562
160 5 423
2 183 182
43 73 594
5 85 632
25 91 175
19 53 630
44 223 353
136 30 410
166 68 594
55 191 368
94 33 397
13 29 770
169 68 239
18 145 668
37 105 570
5 15 708
219 40 33
180 157 527
25 181 75
57 162 527
149 130 827
205 119 608
149 180 783
148 135 539
215 1 430
41 149 766
69 73 777
165 14 46
85 22 771
10 227 195
201 209 40
133 33 907
151 133 340
148 18 721
1 166 695
181 203 449
152 2 573
134 100 282
117 55 694
71 145 20
199 73 329
97 57 118
52 113 371
88 18 946
57 61 118
117 181 705
58 8 768
136 105 201
75 1 243
85 143 968
187 139 122
19 129 546
131 133 501
99 163 792
25 30 446
75 154 425
176 137 605
169 202 382
1 21 586
220 161 412
149 98 987
17 209 485
127 35 680
49 35 474
187 149 131
7 109 13
21 134 404
154 117 833
73 142 93
205 80 100
58 99 934
41 71 726
217 76 375
93 106 121
174 193 15
60 31 818
107 28 791
189 94 703
197 188 46
153 61 568
59 215 501
63 217 267
13 53 588
141 145 322
59 25 847
162 81 116
20 14 212
147 169 422
53 197 175
166 100 626
121 101 68
185 58 93
217 2 272
9 7 541
227 178 107
205 55 416
61 105 588
130 227 931
41 118 351
83 76 143
37 205 906
77 148 821
153 199 116
23 153 660
225 169 595
39 181 41
52 132 592
39 197 848
1 123 126
188 149 313
214 206 701
60 13 162
159 58 989
151 46 125
7 178 620
115 22 670
193 69 678
177 1 395
215 43 889
141 23 363
29 220 894
145 127 488
99 34 500
221 20 502
171 168 631
5 47 594
109 126 885
181 53 291
189 137 286
155 103 6
199 33 199
145 153 646
7 137 465
91 217 339
7 129 810
65 21 355
141 111 633
25 217 195
109 139 395
160 211 404
36 17 270
173 107 342
64 144 563
4 169 747
225 68 672
37 52 901
194 13 395
178 84 307
21 17 86
43 85 601
58 22 813
115 52 485
118 125 296
53 37 616
105 40 193
27 37 960
203 34 354
197 109 27
101 187 109
193 130 65
114 193 578
115 188 424
121 218 640
58 187 512
143 20 503
147 141 701
224 103 119
89 19 753
31 19 915
107 153 560
103 77 750
47 185 758
127 88 652
111 199 752
65 27 993
146 94 491
101 117 296
37 39 608
2 60 120
143 16 860
178 184 445
196 149 859
125 54 853
7 124 434
181 166 697
178 225 313
27 153 487
57 188 693
88 175 10
132 119 382
22 151 405
152 189 109
67 121 602
83 97 25
135 5 397
165 193 821
1 10 35
101 123 114
191 74 677
191 92 203
88 40 646
91 143 765
128 145 13
111 227 92
6 105 982
65 204 664
49 215 882
192 163 968
121 164 386
73 13 916
115 112 36
109 74 860
101 64 412
219 97 454
37 69 408
178 31 260
206 205 193
190 117 537
14 16 754
91 175 836
37 123 449
191 226 356
206 181 931
220 25 201
17 118 274
15 85 309
75 21 226
175 139 558
123 195 358
7 165 939
221 147 649
197 221 458
136 171 815
72 145 99
49 126 574
41 133 490
145 140 251
182 6 352
77 223 654
154 101 158
37 46 251
161 158 151
203 32 412
166 213 743
68 218 923
94 187 826
212 153 410
16 142 422
154 96 663
166 219 904
208 204 400
32 187 426
148 7 805
1 74 804
85 89 375
125 22 524
170 136 292
40 52 430
162 193 913
143 29 612
88 37 49
80 94 694
142 205 733
43 173 679
49 131 189
160 55 505
223 181 850
183 23 946
103 220 733
149 75 249
145 113 262
78 67 449
137 142 981
88 89 298
105 217 552
211 13 856
211 171 196
127 86 570
101 73 320
75 173 782
87 42 766
17 181 686
75 20 857
16 21 409
93 25 489
135 115 735
178 13 957
161 32 669
9 22 137
205 93 199
2 107 276
29 58 782
219 161 966
101 67 53
1 156 155
59 184 433
127 195 319
217 135 583
103 194 293
175 28 358
189 34 981
128 19 943
13 117 193
92 43 634
195 58 444
117 31 993
217 137 788
158 175 447
61 135 730
49 83 438
145 74 132
40 7 610
191 133 943
151 173 810
193 76 593
103 31 638
193 217 198
133 65 315
169 217 428
61 136 632
217 118 69
38 79 82
193 228 164
103 169 771
93 161 249
97 127 846
65 14 675
227 145 692
197 156 536
115 45 588
6 7 383
156 145 531
9 226 831
195 4 178
151 187 464
139 142 913
228 137 293
215 46 533
23 171 485
76 113 673
113 160 305
13 118 340
227 223 370
43 205 582
43 54 416
161 129 862
166 91 104
9 145 871
148 196 905
58 145 867
73 214 72
63 5 815
77 30 131
85 84 204
181 35 456
61 227 188
153 160 320
164 33 59
39 113 584
169 223 836
5 189 953
49 13 434
100 187 635
148 210 176
211 138 399
73 152 855
77 169 622
76 91 890
105 185 961
25 63 869
3 27 38
82 1 597
141 167 984
88 125 339
129 157 91
22 148 781
158 141 188
55 89 82
79 64 919
176 211 771
137 111 870
173 185 871
39 179 701
21 37 27
21 221 146
166 209 343
141 172 65
188 213 549
58 52 881
88 108 836
201 178 701
205 143 649
172 142 464
53 210 688
53 105 591
85 65 911
139 137 82
192 1 30
73 46 746
10 25 579
45 169 661
49 105 608
133 42 875
5 134 188
55 221 110
177 111 657
93 181 882
12 33 695
17 41 44
76 161 365
9 219 599
205 148 909
91 86 629
205 74 959
3 81 661
76 197 484
158 163 719
110 199 936
85 44 932
138 136 276
24 135 915
139 211 476
16 169 382
29 33 325
37 85 743
211 221 576
172 61 829
113 7 259
115 116 560
6 109 918
78 167 448
61 224 397
44 174 390
7 207 15
99 140 453
78 139 321
131 23 307
61 190 670
167 154 860
25 39 219
9 31 548
43 167 266
112 222 733
5 58 762
98 58 3
55 37 925
80 128 828
169 160 807
7 127 235
125 137 74
137 205 32
147 94 698
25 90 688
98 171 434
115 13 508
103 145 460
82 198 247
164 69 980
75 77 953
61 121 651
102 133 793
82 99 886
217 156 869
51 50 168
58 106 924
177 26 9
184 214 263
120 23 777
126 159 480
37 120 913
97 45 676
5 65 653
45 120 48
151 197 993
208 28 945
195 94 714
1 43 93
115 133 715
69 133 609
176 191 23
3 169 863
205 149 506
64 156 370
39 19 49
104 37 745
59 81 322
95 178 497
134 219 58
53 131 213
13 61 435
169 11 603
205 50 422
189 186 22
115 9 462
213 154 682
13 135 125
207 141 820
217 136 167
151 223 825
204 199 246
33 208 816
61 69 74
20 65 511
228 91 706
199 69 673
61 147 412
21 53 887
98 13 53
223 11 280
56 180 434
87 73 943
178 91 566
34 123 550
169 108 636
26 20 982
112 74 470
96 47 914
166 205 906
165 125 293
25 186 531
30 48 661
201 85 136
5 73 447
42 23 815
133 117 770
71 85 326
57 39 92
217 212 902
88 10 418
210 22 722
194 149 691
107 215 319
96 219 783
121 10 1
19 187 76
200 63 490
185 129 331
9 18 45
45 220 245
178 55 975
153 39 228
181 114 341
103 174 300
33 39 276
24 49 26
33 103 526
50 208 935
168 45 9
95 190 304
32 89 113
212 157 376
136 66 694
220 17 389
166 89 932
7 227 186
190 74 979
119 176 841
1 2 317
125 151 835
171 205 544
190 202 838
21 91 563
115 228 445
96 103 498
121 170 130
105 83 694
153 52 616
106 133 526
29 149 714
21 197 69
23 30 735
61 5 581
222 224 881
173 27 852
97 217 682
4 53 400
127 189 803
32 31 892
1 141 330
85 152 618
46 208 304
181 132 21
3 148 754
61 34 771
1 34 981
67 221 330
37 65 551
162 82 968
112 12 320
176 195 430
181 148 176
165 30 500
211 27 982
91 56 235
55 34 700
94 192 190
49 121 888
123 95 314
187 63 904
37 118 739
109 49 292
85 67 319
138 40 104
43 45 881
204 93 465
148 198 541
95 189 620
109 70 590
94 61 172
173 171 107
139 203 295
183 64 157
65 131 586
113 123 867
211 63 967
133 70 391
183 106 798
43 70 493
54 161 306
151 203 744
160 171 574
121 69 814
133 179 914
131 178 627
151 60 532
163 58 938
60 167 103
165 176 706
129 132 369
134 97 173
138 58 248
109 3 462
147 138 320
67 142 286
57 37 131
151 157 788
94 84 488
101 116 135
49 210 179
25 73 905
152 160 207
64 163 201
65 190 992
108 73 392
37 86 102
89 185 45
58 131 87
46 124 589
182 120 983
97 165 238
135 141 244
165 174 174
223 91 250
141 16 777
221 57 379
37 13 184
115 71 953
216 65 532
101 125 330
103 63 266
160 34 166
193 170 743
28 149 482
226 157 433
45 135 832
180 133 115
16 1 625
10 103 122
171 123 737
189 205 520
73 58 953
129 89 810
215 80 763
73 81 860
115 139 614
39 177 996
164 3 86
167 173 102
53 39 716
197 145 807
139 69 463
133 138 40
53 49 192
193 118 32
63 43 278
216 193 782
145 112 431
123 169 842
35 103 490
121 133 529
154 149 91
133 8 995
178 57 153
125 141 652
169 175 978
135 23 797
107 123 643
52 2 611
174 37 428
65 18 611
4 6 282
109 55 738
141 87 68
88 226 177
24 217 476
148 109 425
97 28 385
154 77 546
175 167 52
153 166 746
167 1 990
117 113 893
175 177 942
161 69 31
33 209 5
116 48 998
87 112 866
109 178 448
214 112 463
161 137 674
153 147 170
55 97 100
34 210 123
26 221 925
203 150 485
57 43 683
177 93 633
217 183 106
136 201 351
139 153 232
43 151 411
169 155 888
191 94 475
209 45 984
169 226 183
49 15 283
56 182 762
28 189 896
82 191 559
31 78 527
214 194 796
97 166 836
63 142 572
165 182 100
205 223 910
79 77 998
26 61 572
106 79 658
2 177 508
106 141 552
145 93 396
48 90 162
142 52 801
100 81 72
117 153 199
41 91 993
162 55 599
37 28 775
149 177 879
94 3 315
98 223 333
73 215 94
76 9 479
31 215 491
80 173 946
77 33 615
65 95 486
191 114 811
60 180 821
203 199 927
110 172 424
145 136 330
179 183 397
115 114 392
224 73 660
139 65 90
55 100 634
197 108 385
146 13 812
128 67 504
128 185 975
37 207 24
171 66 685
26 84 191
37 101 971
13 189 926
203 15 119
201 160 43
19 13 214
73 127 25
116 17 678
23 130 789
107 158 750
119 196 968
73 60 566
212 207 867
61 90 610
183 13 138
170 146 696
185 217 852
106 8 632
126 97 827
154 133 296
25 188 253
77 196 213
77 82 586
152 166 981
109 142 929
219 7 165
45 31 291
52 60 676
211 94 935
4 145 322
133 164 953
205 27 317
214 11 56
39 218 51
43 143 803
145 154 718
201 205 826
119 228 328
139 7 684
109 191 523
137 12 298
198 196 541
219 103 282
134 73 639
33 167 367
49 197 662
80 142 221
197 79 66
163 154 903
51 119 957
55 3 566
35 71 526
158 169 498
135 145 883
55 148 750
21 20 794
71 142 89
174 49 334
193 43 473
121 93 144
185 28 256
133 149 884
62 178 583
211 142 807
12 26 456
202 127 192
49 115 496
161 157 860
28 96 998
145 117 222
1 155 162
89 124 440
5 45 18
55 107 428
78 195 122
17 211 694
91 19 250
148 67 575
150 125 687
83 153 376
29 57 866
73 168 336
81 21 765
187 96 491
115 96 175
211 185 329
115 179 370
145 66 890
214 160 451
153 220 753
193 195 342
24 79 230
1 158 678
131 181 277
205 41 315
63 212 204
221 121 496
224 225 328
96 63 458
173 49 441
145 186 122
157 5 458
210 214 22
199 96 983
58 223 531
141 65 915
133 19 226
214 207 760
25 211 679
115 1 109
189 176 513
69 213 942
7 29 49
141 69 95
39 147 704
193 161 606
65 184 300
33 160 753
3 76 88
74 151 590
223 143 299
113 157 817
93 171 968
162 61 979
121 22 319
121 150 399
100 177 707
61 197 88
5 53 689
143 24 173
174 7 797
148 60 387
187 223 667
38 59 878
31 23 986
181 47 241
127 56 824
141 213 287
194 110 992
109 24 897
82 137 725
34 181 301
163 149 835
217 215 609
193 182 168
208 154 337
62 45 320
148 152 311
25 221 796
163 182 639
16 223 705
210 101 747
50 163 325
67 1 700
35 65 76
85 45 465
61 124 202
51 196 429
160 99 470
47 95 568
183 174 952
2 31 222
227 201 275
211 112 657
165 142 7
64 228 608
4 115 931
201 72 831
59 187 295
134 1 608
82 7 473
25 139 196
191 35 365
187 103 471
52 65 944
215 193 751
15 131 344
161 101 949
187 123 204
193 190 80
73 79 490
5 146 752
200 130 174
159 115 745
157 94 627
175 82 359
20 201 45
100 34 795
46 69 258
58 166 826
93 169 475
226 32 288
213 71 611
1 161 751
39 180 314
60 46 240
174 146 426
107 31 52
38 25 891
5 117 903
221 195 742
153 67 726
106 144 379
163 93 779
210 158 482
140 151 220
223 215 288
106 86 278
31 55 105
7 184 597
123 7 604
181 77 420
28 193 117
205 40 137
154 4 609
9 78 499
205 31 709
3 145 531
115 87 915
159 191 107
69 135 321
106 43 334
7 115 746
1 19 419
189 1 395
147 149 818
85 177 989
166 30 157
196 80 109
113 45 898
190 201 54
97 147 138
58 91 374
101 108 269
141 61 74
13 139 801
163 1 866
189 4 430
203 63 471
36 55 627
110 44 385
113 69 731
205 51 425
188 106 865
113 201 318
123 61 123
79 121 275
22 189 457
31 74 482
193 112 735
131 127 378
44 9 571
200 223 136
223 116 974
108 172 467
202 121 666
144 13 442
42 163 264
4 97 34
225 116 460
55 177 152
90 118 113
214 53 768
99 223 749
150 136 804
64 45 647
209 52 580
151 170 445
100 173 211
169 162 263
181 63 251
30 75 769
128 205 523
177 109 580
142 37 228
13 120 985
151 199 640
211 70 317
159 173 599
49 168 594
129 165 262
166 165 271
153 88 784
35 55 387
37 211 350
223 19 50
153 94 975
213 164 265
70 82 296
205 65 707
161 41 837
183 209 233
201 87 555
133 172 947
160 202 533
153 12 478
137 46 52
68 136 49
87 49 575
197 112 928
151 189 120
26 141 165
49 11 547
221 175 204
88 145 266
46 142 155
50 185 230
61 171 377
29 170 537
138 151 610
102 142 159
38 183 421
85 76 771
141 178 221
5 227 140
121 4 787
57 197 519
20 169 147
61 115 764
177 225 982
211 82 904
211 121 549
217 56 443
205 23 590
10 181 223
99 10 930
42 110 10
162 63 601
22 117 543
217 195 449
23 64 394
217 120 497
221 160 101
127 140 862
165 169 430
94 91 966
33 226 767
110 222 249
130 199 304
145 169 672
121 38 368
61 166 173
58 149 693
25 66 978
49 89 141
221 89 446
151 146 107
14 139 32
139 223 103
105 149 132
151 136 485
43 39 117
223 85 624
226 175 974
73 138 555
31 13 676
172 38 971
83 160 874
209 85 12
188 158 923
109 66 111
101 85 598
77 141 27
17 55 431
41 202 568
150 103 360
118 97 128
220 199 618
87 160 584
135 169 434
36 115 979
37 190 531
116 76 399
135 205 459
225 73 93
175 65 837
105 109 904
107 74 591
2 55 5
127 77 419
17 214 470
147 139 153
42 115 945
161 173 497
213 34 218
71 105 946
89 174 528
109 37 669
69 180 516
94 226 872
7 217 510
55 124 781
67 157 994
136 197 33
35 199 121
211 109 39
22 21 842
97 115 948
208 178 28
25 28 254
139 120 683
79 196 65
166 154 442
95 44 647
217 179 802
166 65 200
37 184 408
8 153 100
169 81 4
96 139 81
145 175 808
164 197 271
7 215 894
214 191 638
17 33 107
61 75 484
74 93 852
59 188 209
207 77 379
149 108 776
45 22 484
195 100 298
153 13 632
110 4 44
191 217 835
27 136 67
157 139 978
150 115 663
148 121 149
45 187 196
21 153 670
79 37 502
77 104 435
165 201 279
91 192 535
77 167 744
73 57 655
61 199 412
156 57 845
87 95 400
85 180 788
25 172 122
123 157 147
25 37 947
91 125 555
5 97 298
143 77 91
216 199 969
130 217 103
109 73 291
73 123 775
128 1 238
163 169 406
94 214 808
193 127 660
76 67 112
168 127 688
39 227 799
91 147 558
14 12 674
85 79 622
84 133 954
87 1 752
66 226 518
67 208 616
49 77 993
215 145 755
217 220 576
117 221 944
8 134 392
151 196 763
143 222 905
148 190 10
54 182 701
69 131 310
175 202 833
22 17 539
181 103 125
11 179 171
111 163 376
77 151 950
5 153 499
202 193 45
107 151 325
37 195 721
211 73 338
97 228 36
36 103 915
122 151 8
131 169 106
137 88 477
90 163 477
192 172 301
103 117 354
25 148 127
73 154 992
70 156 413
148 62 905
147 93 258
114 197 931
147 79 558
205 82 715
29 120 682
199 25 309
41 28 831
164 62 588
225 96 240
37 80 349
68 129 838
4 21 390
81 222 781
39 193 659
43 225 780
69 2 922
22 142 171
121 117 340
129 61 772
25 55 107
25 106 354
34 151 915
225 66 659
186 38 647
59 45 6
148 220 506
19 218 132
137 59 810
25 5 806
133 103 143
2 8 413
163 70 495
43 77 853
208 41 625
50 53 296
104 48 242
38 220 275
163 82 842
50 21 818
201 211 332
154 217 537
69 140 946
31 134 350
48 103 648
221 105 508
177 58 304
7 43 387
154 129 431
102 1 791
29 204 614
14 15 810
129 20 614
172 121 366
217 143 106
64 165 911
85 47 865
189 19 73
117 111 228
176 154 966
100 41 17
164 185 954
67 39 723
89 40 615
113 151 24
98 70 9
11 50 509
31 43 860
35 13 111
149 55 372
19 81 261
44 114 942
11 146 265
127 39 457
48 148 104
10 148 882
85 148 734
106 49 96
194 43 327
9 41 971
181 29 678
34 49 200
84 109 514
159 1 990
73 44 639
196 124 982
127 209 13
25 9 441
79 74 979
87 145 262
172 176 139
135 25 561
103 82 949
154 88 895
27 226 13
161 24 419
170 94 534
70 116 848
141 209 461
3 125 860
70 225 744
1 179 960
73 112 857
13 79 585
43 10 500
5 184 913
97 71 338
154 175 144
77 101 765
25 196 447
48 91 276
13 5 136
94 77 95
139 53 351
80 13 434
106 51 376
87 223 244
64 50 266
178 135 692
176 115 329
225 211 994
184 87 814
67 115 769
201 13 581
119 21 865
77 176 107
64 148 829
91 154 636
196 55 849
157 22 150
81 185 393
198 185 812
1 25 844
185 137 183
1 147 452
148 149 529
19 178 929
80 228 473
69 175 190
43 22 753
37 167 138
135 100 616
71 151 231
5 137 895
37 43 896
181 97 851
1 196 801
25 190 937
93 98 772
223 59 439
49 177 729
147 178 66
63 129 694
93 217 626
3 91 676
1 124 598
43 5 302
118 153 225
189 191 514
160 30 480
85 205 573
18 55 351
103 58 248
77 133 139
46 61 394
111 209 338
33 173 398
41 64 969
141 39 229
143 112 362
73 88 238
71 131 234
6 164 532
71 7 818
115 189 803
42 134 667
169 184 77
27 190 964
202 1 75
52 193 548
153 98 847
38 169 878
62 213 243
49 159 545
199 225 645
175 197 250
61 195 452
106 131 87
149 151 81
113 110 40
25 34 945
113 149 572
93 108 93
169 67 543
161 68 1000
165 190 167
45 180 659
9 131 882
159 77 580
130 213 500
69 44 855
115 187 461
193 221 86
16 49 15
205 86 907
28 202 421
208 30 133
221 108 275
27 149 414
52 133 609
121 159 744
106 175 991
46 188 376
44 112 117
103 25 884
129 113 67
166 222 194
85 133 896
196 130 720
73 203 432
67 165 301
58 78 500
33 145 529
46 107 941
108 205 575
70 49 474
159 165 654
115 160 133
154 206 185
7 23 425
31 33 413
109 28 129
214 141 45
195 130 308
209 79 374
218 216 434
10 94 506
154 115 951
169 152 894
151 12 950
204 136 466
205 17 364
13 209 329
46 7 952
196 175 544
79 201 845
192 213 833
53 154 341
135 104 468
191 56 429
205 53 133
115 5 923
121 176 345
138 224 709
33 75 206
125 21 19
55 62 968
92 137 549
111 135 246
179 161 176
223 190 800
31 223 736
125 113 843
1 157 264
174 101 818
96 185 96
209 94 771
168 25 733
79 161 849
107 128 91
133 53 291
179 169 329
80 193 571
25 115 461
223 114 382
97 60 27
141 195 820
10 58 908
161 35 801
57 109 479
205 109 377
9 169 371
18 115 376
55 45 754
123 79 877
187 73 926
155 108 444
213 117 648
139 205 2
55 135 827
11 209 843
101 166 345
63 125 612
152 145 739
1 100 348
52 157 722
195 55 974
157 147 674
25 169 976
222 177 60
88 95 743
159 153 677
21 139 59
38 46 456
67 159 849
95 45 789
109 224 487
21 10 715
111 73 952
181 190 308
151 193 33
124 184 2
130 97 612
37 33 900
12 28 164
109 215 28
115 98 841
128 62 568
142 185 246
142 226 73
65 7 188
226 29 28
115 88 546
137 187 592
13 44 10
13 203 514
109 121 937
93 77 727
149 90 94
190 227 550
97 212 722
144 10 470
46 62 271
208 18 706
28 121 465
58 89 780
145 8 203
225 83 893
7 177 257
55 169 423
186 9 972
122 205 205
118 183 302
16 25 834
13 41 645
35 124 851
181 205 245
125 216 753
101 13 462
184 150 208
90 124 144
177 22 947
13 38 818
157 49 523
178 11 483
172 163 777
81 145 667
121 33 298
22 172 151
61 217 908
21 27 540
76 72 885
105 171 771
228 153 925
137 32 800
82 181 326
16 99 308
8 40 156
9 150 315
143 102 974
4 188 339
25 176 464
164 193 192
131 105 911
84 137 915
181 41 309
9 19 728
21 207 712
129 155 399
221 65 843
79 153 249
163 37 573
111 15 201
205 151 328
181 115 965
157 121 343
7 130 817
134 28 666
32 37 535
89 208 483
97 141 60
181 79 300
111 140 457
27 8 498
6 63 918
142 157 292
133 166 978
220 179 846
136 222 916
151 130 847
197 220 649
63 20 891
145 79 410
141 63 57
106 145 203
150 168 900
101 81 709
193 123 166
34 184 898
141 133 633
111 9 433
117 46 118
101 98 988
55 79 550
41 49 13
196 179 683
50 29 485
49 45 172
97 63 739
205 91 931
155 145 847
83 51 619
101 172 269
17 193 344
2 3 770
40 189 863
200 20 988
61 225 345
172 190 734
128 7 727
186 185 150
122 37 521
187 29 451
69 178 156
21 205 177
94 210 326
97 193 881
179 92 797
124 157 53
103 185 548
103 116 968
97 140 414
87 148 191
186 81 305
149 99 751
29 106 179
58 217 705
67 113 882
124 10 13
221 145 354
166 115 474
65 55 150
179 154 117
201 169 411
181 199 910
133 128 889
64 205 184
216 153 113
169 13 838
177 51 763
139 58 278
189 31 591
14 115 402
180 171 252
31 214 747
133 199 941
59 177 381
225 127 304
22 187 381
117 212 386
168 99 845
223 34 7
60 109 536
106 105 516
62 126 543
201 111 38
85 202 886
142 99 658
196 128 936
105 183 203
50 181 967
21 85 886
187 156 277
65 203 809
199 49 143
204 30 720
121 53 649
145 217 189
158 113 188
9 133 34
121 40 356
223 61 133
172 95 101
64 158 211
90 172 596
173 56 521
71 217 346
167 105 72
220 113 793
207 73 928
157 111 140
59 37 607
1 26 517
25 213 499
94 7 980
135 7 55
199 213 394
145 158 856
107 193 28
191 25 341
149 10 893
130 77 329
37 156 544
69 49 423
9 101 435
179 61 297
175 84 2
99 103 564
204 218 682
219 140 903
97 154 50
222 205 70
214 97 461
113 176 947
84 121 977
46 201 521
67 222 185
184 197 215
93 85 835
9 214 31
91 204 213
99 185 42
55 202 876
217 177 556
149 2 32
8 172 390
77 59 460
112 37 801
115 212 677
77 177 204
129 79 89
224 85 737
136 67 298
97 72 351
217 49 726
67 182 276
79 91 264
211 145 912
113 115 52
75 197 118
45 160 738
162 59 100
105 57 820
9 152 321
61 228 103
43 121 604
209 228 959
186 45 608
145 73 155
177 47 627
28 169 586
45 16 957
41 222 475
205 113 397
103 199 588
225 145 484
210 202 882
31 191 448
187 93 916
117 173 182
39 204 361
81 23 434
169 29 263
94 178 514
94 54 400
37 166 766
19 76 272
88 41 412
7 191 113
145 17 858
103 221 933
85 83 711
25 45 76
104 1 251
2 50 330
91 51 542
134 133 264
217 211 409
97 182 382
46 15 717
33 61 23
124 60 456
103 106 750
1 149 645
168 189 445
54 55 648
173 163 556
79 25 801
8 109 92
205 160 850
17 109 70
13 125 284
38 73 441
193 177 804
33 85 26
165 133 492
158 41 983
199 206 475
31 129 725
9 36 453
120 31 364
198 227 243
76 183 567
149 9 831
172 171 485
109 10 236
120 215 192
3 24 147
61 14 957
29 228 573
4 135 863
1 174 248
133 228 836
17 1 809
139 1 260
56 81 548
37 7 17
121 220 360
169 133 343
201 1 72
37 181 218
109 214 177
127 74 425
163 21 846
214 13 946
199 198 478
189 219 137
210 1 652
18 61 360
5 181 787
43 102 408
1 96 681
85 14 427
5 96 85
24 199 155
163 187 119
205 67 287
217 171 340
184 95 800
141 191 203
195 175 227
19 66 213
190 133 299
91 213 758
81 31 176
181 168 198
25 153 831
27 162 772
61 110 119
109 101 999
73 189 791
39 46 16
137 91 347
105 157 419
3 103 267
4 7 266
223 40 936
61 10 528
223 73 631
145 121 129
57 154 376
165 181 418
82 145 427
33 172 30
48 39 745
173 208 304
186 40 182
133 40 376
1 191 335
189 170 255
85 40 328
78 61 436
145 201 148
73 93 353
134 90 870
76 39 961
95 52 151
134 103 540
169 5 957
113 29 81
146 153 709
158 48 943
203 112 25
160 199 512
27 172 98
7 59 969
43 175 659
7 136 596
13 213 502
87 222 929
165 178 831
35 142 212
61 213 408
184 21 490
126 77 667
26 103 92
136 37 791
16 18 730
133 81 411
57 99 556
192 193 13
166 129 79
71 175 734
13 128 227
157 97 828
213 136 924
113 187 35
207 133 725
189 70 404
9 89 159
67 226 915
64 31 896
148 213 776
84 217 472
47 143 450
134 204 592
17 175 620
37 29 630
77 202 450
31 91 545
175 74 767
145 160 565
149 193 335
108 148 351
85 225 363
81 163 528
91 70 795
214 131 116
177 125 72
71 108 96
69 80 891
184 228 772
213 81 237
31 220 316
39 115 755
76 158 613
101 202 403
228 74 760
17 178 537
153 26 77
13 94 108
185 160 788
40 134 762
204 101 293
139 174 341
24 113 774
19 137 753
178 93 447
81 139 594
163 13 608
125 181 268
227 184 478
4 219 884
73 121 225
191 121 27
86 21 149
25 67 680
155 59 468
179 97 260
35 169 6
46 4 123
75 64 45
129 10 947
10 73 290
203 91 452
181 142 876
109 85 909
83 172 288
100 9 45
96 211 606
165 170 398
193 73 198
87 57 967
88 129 562
43 153 340
205 66 4
108 181 457
181 222 943
8 144 901
121 131 422
49 225 232
29 94 516
157 215 521
33 181 419
97 190 37
49 91 605
133 57 70
136 172 365
185 17 328
123 17 650
159 221 291
58 9 324
189 74 511
217 205 122
186 99 188
220 202 535
217 54 637
13 130 76
186 119 497
212 99 601
30 61 952
115 157 108
1 5 921
205 106 426
225 153 217
207 82 25
52 15 266
121 189 419
92 162 206
210 13 980
186 153 145
35 37 19
147 77 279
100 67 376
63 197 402
158 24 44
226 153 443
137 223 306
149 69 908
67 37 916
193 134 809
209 153 819
73 221 901
23 73 285
121 11 836
214 55 782
95 68 505
195 51 87
152 5 301
67 97 639
172 210 600
68 22 559
164 205 357
1 4 823
57 205 692
141 25 256
97 177 624
25 151 126
23 149 944
96 127 583
117 209 702
205 145 790
19 140 15
189 169 898
1 12 7
28 27 612
139 145 880
165 153 688
42 195 350
137 25 837
6 192 266
82 226 875
25 82 155
112 17 129
14 159 880
40 49 764
224 64 729
160 50 384
218 47 68
216 79 683
85 92 484
116 171 694
4 51 80
35 173 825
31 217 522
89 127 211
206 63 578
163 61 338
93 117 487
38 84 221
49 62 555
121 217 197
91 28 93
63 151 187
11 128 322
142 177 872
136 218 224
186 15 57
219 106 711
140 139 341
57 44 35
1 86 612
129 110 153
114 211 470
88 116 930
14 217 137
151 147 802
210 17 290
163 43 849
193 119 193
112 6 330
8 159 216
99 19 757
112 29 776
49 163 582
149 85 715
15 141 742
48 187 640
4 95 726
153 221 479
172 221 636
125 172 73
128 228 65
61 101 619
85 112 554
19 49 890
21 133 160
49 153 913
209 46 267
163 145 949
114 141 427
133 181 651
37 210 809
102 40 952
126 67 857
137 214 86
40 153 229
193 75 811
71 65 23
65 69 49
181 69 890
165 161 383
48 217 25
65 115 735
167 87 223
18 206 827
117 224 529
87 18 206
161 25 342
181 59 384
121 181 565
141 179 643
145 210 430
37 70 848
221 72 218
61 117 862
116 109 294
179 211 523
85 36 903
145 198 148
145 208 3
71 80 934
89 10 345
61 70 919
143 200 12
41 43 82
46 164 946
170 73 265
27 91 679
93 174 519
47 4 677
165 139 882
181 197 577
30 173 30
161 10 167
160 157 444
73 218 517
213 103 196
19 193 130
73 7 929
172 100 679
169 73 622
141 10 805
165 187 949
13 93 762
197 17 122
154 54 541
185 191 598
217 181 552
157 221 619
181 128 206
13 225 860
196 209 833
120 121 62
10 217 562
214 193 106
149 175 18
23 9 137
109 32 273
144 183 704
137 33 436
55 136 42
153 123 683
224 227 289
133 203 663
207 211 121
95 147 52
108 40 706
211 85 803
13 150 635
193 101 371
7 19 171
161 187 141
19 97 441
212 77 438
35 202 672
11 108 54
189 21 876
54 191 342
74 57 152
215 191 600
187 67 615
45 75 6
226 85 489
17 138 687
85 87 791
70 58 956
68 73 826
211 133 228
97 128 155
19 221 968
78 160 257
133 185 190
181 153 561
2 79 739
71 53 423
145 27 935
169 32 545
220 107 258
89 181 39
190 123 778
177 61 306
54 65 20
65 177 875
13 67 147
166 105 833
150 81 736
211 113 245
49 180 261
213 171 496
190 138 709
62 173 506
1 40 739
13 65 854
63 115 521
75 205 631
181 57 28
105 145 983
83 151 187
132 1 352
21 161 80
147 113 83
225 58 446
43 29 933
174 115 160
61 185 667
65 121 324
117 21 96
20 155 211
47 161 101
1 127 644
115 173 116
205 35 670
70 17 775
223 89 629
223 175 642
116 215 147
73 15 697
5 217 254
221 97 254
10 223 869
137 177 775
83 148 515
125 199 301
145 25 302
25 81 589
145 37 250
166 54 38
11 110 849
147 4 910
81 129 694
224 107 611
53 221 37
105 228 772
179 160 400
82 139 900
123 49 97
144 199 357
145 144 700
165 219 774
173 211 340
11 181 490
175 160 350
85 137 768
149 39 239
54 151 15
89 153 528
28 142 727
109 190 624
201 65 837
181 187 827
188 129 446
171 135 895
206 121 913
16 58 409
103 119 831
164 19 654
214 64 973
5 173 974
191 136 619
217 39 674
46 77 246
97 52 700
45 191 187
96 157 598
106 115 979
1 99 807
15 22 479
153 207 285
67 197 33
134 153 908
165 227 581
182 1 202
201 94 324
202 115 796
201 223 981
109 189 773
107 137 406
109 185 830
156 205 43
77 150 89
196 7 965
153 56 570
204 202 720
161 175 886
226 187 517
11 44 825
13 227 47
137 213 191
127 31 72
89 175 755
166 225 438
141 31 560
45 65 74
58 133 209
131 205 322
79 139 292
78 184 370
81 151 924
105 78 150
42 185 536
137 147 504
32 217 773
32 1 296
98 185 708
113 178 117
177 134 685
59 180 898
61 97 95
28 115 732
35 75 428
131 155 158
77 85 88
201 157 699
157 75 883
91 69 134
114 142 921
127 213 596
11 205 977
81 68 558
64 217 339
29 127 853
163 83 936
185 97 716
88 197 94
123 36 883
37 134 3
159 176 912
147 172 677
200 157 515
92 49 289
211 193 547
141 58 197
146 217 985
89 141 898
14 211 355
61 56 801
4 103 292
79 97 1
109 94 819
29 133 558
176 136 185
185 153 998
88 100 298
79 116 196
165 138 562
143 148 443
73 11 900
5 57 613
65 169 571
57 148 860
5 182 626
205 179 558
25 129 192
202 25 140
129 43 831
111 180 394
4 133 568
165 19 651
105 176 510
145 151 346
191 157 890
213 175 722
61 39 461
56 181 142
165 16 97
117 195 671
133 47 850
121 29 454
86 220 178
77 187 8
67 186 198
37 208 45
21 127 363
143 211 997
87 77 343
125 153 18
197 93 983
177 123 211
29 134 387
61 184 101
207 97 265
82 97 251
35 82 173
186 1 336
103 75 870
97 16 274
193 65 315
217 21 110
187 143 429
215 18 497
141 161 324
109 156 920
81 152 880
86 125 323
26 37 841
1 172 779
76 139 868
169 43 257
193 126 530
46 148 674
120 109 8
139 172 253
201 214 648
185 41 972
41 80 271
121 223 660
176 181 831
117 139 195
64 49 300
181 157 429
109 199 123
13 110 60
224 130 910
77 35 708
19 68 774
20 177 194
88 190 575
53 100 524
217 153 860
137 157 422
211 28 173
53 169 670
193 157 222
7 181 53
95 133 772
197 1 475
175 33 790
24 115 48
99 7 732
83 93 607
49 46 799
217 83 496
169 47 924
165 69 562
85 162 936
181 46 285
203 59 319
33 1 9
212 123 956
1 97 393
97 135 754
128 75 618
148 141 787
49 99 694
127 121 141
61 89 570
190 10 663
191 181 684
42 94 901
175 171 359
175 193 309
103 97 43
130 57 915
59 13 81
97 51 723
202 133 430
41 31 763
193 57 841
124 101 568
82 184 418
81 131 529
23 185 448
10 29 717
35 175 988
90 226 972
45 183 46
94 79 985
155 112 462
94 22 323
197 7 841
85 110 566
187 219 315
85 213 495
227 151 584
120 32 219
165 58 738
130 153 2
83 121 957
3 106 728
153 19 390
208 48 348
220 97 526
62 59 666
183 112 217
33 125 174
220 111 418
96 75 7
148 193 766
181 141 954
77 13 365
10 201 590
218 55 891
149 168 505
43 4 294
105 210 2
153 115 249
177 185 107
172 5 93
28 39 877
97 197 513
196 136 506
46 203 739
73 33 169
65 105 691
227 160 576
69 205 411
115 74 413
1 89 459
192 132 944
209 7 770
29 114 514
22 143 925
120 193 323
21 46 58
225 77 90
217 77 717
192 45 877
145 137 155
181 105 907
34 21 810
121 123 354
157 174 274
48 133 431
205 194 998
84 203 313
86 47 434
152 41 27
172 17 408
103 29 188
205 105 375
33 74 848
202 103 977
190 19 497
136 9 66
105 5 927
101 155 285
149 7 960
153 178 465
25 121 520
11 58 656
95 145 820
38 211 694
217 15 223
19 44 937
46 131 139
191 107 266
193 56 894
141 104 850
54 130 354
185 93 545
34 13 914
127 151 340
189 89 876
204 171 74
151 153 818
61 107 804
150 193 11
191 41 944
139 170 822
197 169 628
20 101 981
87 130 844
174 201 291
225 101 926
45 201 333
199 57 964
119 181 658
201 49 891
225 130 514
33 25 395
31 52 846
55 130 657
191 77 894
187 91 191
13 27 713
193 121 101
91 170 14
181 209 742
225 109 550
57 153 454
29 209 345
25 117 621
28 166 175
129 112 165
227 210 342
211 116 554
158 21 636
157 6 903
217 33 66
161 202 678
118 1 73
102 140 101
106 181 157
49 127 734
83 204 755
219 177 963
200 179 453
190 66 360
201 5 837
84 205 333
3 7 11
121 163 130
226 120 855
18 91 324
203 137 834
11 93 508
13 202 497
19 217 126
33 96 74
31 69 362
29 130 685
222 77 895
29 165 995
5 70 200
227 157 493
221 39 127
85 197 478
175 11 783
35 185 927
77 25 422
184 45 347
39 199 272
213 139 120
133 2 50
227 77 296
227 125 560
145 110 945
25 94 222
225 173 708
184 73 959
43 209 595
198 205 470
211 50 132
112 55 879
222 19 165
161 104 47
214 100 714
172 175 670
183 190 745
19 184 751
109 155 350
199 85 280
82 121 83
157 154 75
107 121 855
73 50 879
100 52 326
185 115 98
34 153 918
52 21 113
136 43 889
115 211 19
15 21 133
83 16 142
55 115 964
55 217 732
79 41 881
157 156 117
191 117 722
90 126 368
139 128 349
193 7 249
109 213 720
219 175 189
31 61 462
211 93 134
161 216 553
34 94 751
17 69 14
67 184 486
175 25 285
73 126 748
96 201 780
48 11 934
88 157 683
177 37 424
129 14 881
55 73 35
132 25 791
217 1 982
124 109 199
193 61 174
179 73 874
95 181 881
66 185 107
89 22 488
219 118 258
172 205 432
205 16 304
187 124 484
219 145 106
103 49 597
151 73 39
33 11 499
94 6 655
218 125 408
91 118 494
179 181 668
101 49 951
204 13 889
1 79 623
129 168 545
133 30 598
202 6 918
55 10 208
151 135 40
109 76 580
151 31 903
183 187 438
105 63 828
121 136 659
145 94 713
120 69 769
163 113 881
157 13 393
77 205 729
121 197 360
48 153 290
25 53 312
217 203 467
199 105 862
107 20 18
135 210 268
77 137 638
157 103 843
223 52 758
50 7 501
29 34 79
61 189 627
172 186 535
213 134 446
129 41 448
157 163 832
171 52 217
45 11 824
85 219 94
172 36 384
1 23 600
68 93 28
122 180 8
138 13 295
85 166 199
150 119 358
97 178 257
193 109 979
139 40 429
87 8 113
197 134 814
109 96 388
185 5 308
175 31 95
121 135 188
131 97 758
3 13 361
38 210 541
188 64 750
105 193 235
25 171 859
184 201 12
112 49 183
21 97 166
65 33 69
73 191 283
125 109 943
87 153 342
124 37 654
165 151 757
129 210 141
127 177 965
109 112 893
45 67 435
27 41 761
119 105 629
5 142 870
45 171 972
19 134 612
199 72 87
199 99 292
172 71 855
67 55 919
86 113 93
160 138 84
225 193 230
220 183 973
108 184 102
62 113 432
13 190 411
82 133 722
124 227 93
40 159 413
119 90 602
221 29 734
105 118 321
13 51 888
57 185 862
184 203 424
156 125 257
200 31 788
82 173 850
120 22 955
120 173 513
207 185 480
85 127 365
54 115 720
137 127 21
114 3 344
223 78 242
4 49 806
183 192 256
136 180 228
105 117 599
172 129 358
97 211 785
167 13 942
57 91 995
69 79 235
52 205 910
124 91 434
22 40 520
141 27 876
94 53 704
193 199 815
55 101 339
4 16 774
66 13 211
165 118 889
227 9 742
130 63 468
188 99 91
119 96 334
145 85 209
124 183 463
185 34 498
118 85 206
76 10 540
227 133 971
161 105 460
20 223 905
159 150 565
141 29 899
133 205 559
182 169 276
211 7 479
69 25 974
77 161 178
121 15 987
200 209 327
127 113 416
151 217 103
37 98 851
201 123 667
223 49 66
220 9 758
41 7 239
13 91 948
9 205 380
19 55 858
1 70 251
115 80 633
67 137 188
199 118 762
75 73 787
209 58 599
29 41 622
73 195 294
196 178 193
88 172 836
104 20 132
4 83 341
89 191 619
125 48 993
79 22 982
196 180 971
182 133 755
79 27 787
123 5 145
37 125 394
195 13 105
126 58 818
149 134 989
69 185 511
105 209 448
133 201 808
187 20 674
143 209 353
158 177 642
91 182 810
77 175 659
207 119 194
11 35 434
27 169 407
139 68 225
113 120 593
62 29 424
163 205 440
77 179 423
207 130 184
211 52 849
198 49 287
119 75 354
211 164 465
2 165 333
176 127 236
49 124 178
218 31 376
157 153 265
175 157 971
4 79 778
184 176 961
109 35 963
119 63 716
217 170 460
134 217 867
54 133 271
50 40 54
106 199 617
11 36 995
184 151 762
140 155 962
67 48 748
130 89 53
8 1 180
167 12 89
70 203 752
61 64 315
157 46 302
155 199 809
172 115 887
223 153 355
148 53 859
61 102 83
175 214 317
154 79 39
41 61 675
33 58 659
16 145 640
173 87 563
219 109 689
200 25 633
137 40 312
45 211 811
97 156 9
81 197 925
4 155 366
79 72 813
226 107 648
100 20 674
96 167 341
172 97 592
118 133 116
165 4 99
139 215 817
144 217 179
203 81 511
125 163 860
17 5 473
44 34 66
217 87 261
31 25 437
109 87 64
37 71 900
67 34 191
225 97 570
118 69 233
156 133 676
41 56 54
31 85 284
61 63 553
109 198 228
196 171 191
129 91 535
81 198 717
49 122 286
65 209 473
193 116 7
33 153 274
36 176 895
27 43 186
169 64 90
92 145 823
16 37 462
177 179 6
77 51 569
189 212 65
43 196 220
4 10 732
25 42 58
186 103 623
217 106 389
49 211 921
132 41 714
69 171 39
65 49 821
7 121 96
223 157 249
165 112 847
133 75 397
126 27 662
217 133 788
198 77 133
60 53 971
127 154 214
55 111 592
160 93 493
39 49 131
79 172 367
3 61 179
8 41 782
70 201 568
45 73 776
91 5 885
41 121 573
223 176 328
219 218 512
94 103 379
172 43 725
94 118 731
204 225 427
47 1 179
109 117 971
125 73 232
181 183 684
151 177 686
39 205 926
157 185 23
164 160 102
194 181 780
121 139 431
170 169 628
166 46 470
51 11 507
199 221 627
136 79 302
157 198 485
116 20 876
165 123 674
225 205 500
11 100 482
40 195 313
136 144 522
145 171 191
205 167 589
89 225 793
61 181 631
112 127 319
208 121 497
182 36 192
41 139 60
76 105 173
83 178 463
70 105 873
217 198 813
90 13 953
9 11 732
40 169 52
52 124 871
3 48 320
65 161 23
157 184 977
155 97 793
172 37 200
61 155 231
141 52 431
4 163 313
19 78 635
206 22 11
224 63 618
136 109 823
59 124 950
107 75 391
199 163 939
149 215 153
13 205 29
81 57 78
17 219 708
91 121 569
181 192 970
172 63 605
85 97 326
60 191 364
2 194 914
103 196 988
51 99 946
217 94 980
33 105 312
216 1 30
73 217 172
216 145 50
115 196 430
31 166 950
153 106 811
219 77 270
212 20 353
52 163 480
173 191 206
17 174 503
31 150 290
187 199 80
54 27 201
185 197 35
57 227 448
85 61 451
133 61 243
1 9 370
15 9 255
221 64 976
79 9 680
113 161 489
28 11 223
5 151 261
109 223 755
221 70 962
94 71 227
163 45 430
185 121 361
77 121 831
227 199 479
117 51 322
133 91 59
223 136 673
211 226 979
203 37 259
6 206 409
67 81 729
106 117 730
223 145 532
117 40 135
173 228 536
201 216 494
19 144 261
5 211 166
165 130 936
62 81 364
43 141 796
41 58 68
220 15 896
4 84 947
82 33 298
112 147 913
76 211 26
20 34 425
199 145 672
31 87 112
227 93 210
49 133 293
39 171 501
71 170 239
105 77 259
25 136 27
76 106 136
130 85 383
110 139 978
34 7 497
40 168 605
214 127 54
223 9 571
85 10 384
103 38 484
137 58 178
170 211 785
143 155 380
55 53 406
214 197 213
145 129 684
17 43 476
155 37 344
17 121 911
101 153 485
65 77 89
69 124 339
25 123 768
149 161 344
28 73 332
9 151 823
75 184 682
174 213 498
57 75 197
132 149 190
74 223 855
205 15 687
177 19 937
131 22 780
189 45 471
94 133 236
113 73 424
7 101 925
43 60 187
85 196 727
157 76 771
127 91 215
145 220 950
30 156 653
71 154 988
31 157 646
107 207 193
223 107 967
181 219 969
205 170 793
83 220 927
90 173 925
211 126 574
53 153 679
187 217 765
17 198 140
109 50 103
135 200 486
3 41 411
196 177 244
134 53 932
29 125 772
211 55 640
220 75 69
163 209 596
203 127 342
20 73 305
199 37 749
45 103 103
47 224 436
51 108 403
7 104 658
192 27 755
125 81 384
169 97 723
10 117 576
31 115 263
108 50 396
133 25 117
213 153 6
136 54 431
181 175 624
169 2 926
124 57 33
63 67 197
49 14 174
217 175 576
109 226 642
217 140 305
16 117 209
136 73 897
148 50 898
187 147 396
13 197 800
116 58 183
223 113 890
220 191 798
33 193 694
17 133 525
219 1 851
162 69 784
130 181 638
6 61 455
219 19 358
223 111 605
8 189 432
100 171 424
74 167 20
155 73 56
35 67 348
173 111 152
191 145 552
206 185 859
86 68 96
122 77 376
127 223 657
73 158 662
223 70 965
152 225 32
151 164 609
49 118 910
166 25 324
2 81 397
22 83 942
207 154 396
25 32 109
151 141 228
26 101 168
4 40 741
1 88 485
203 41 424
64 133 906
37 119 623
223 125 312
61 159 250
99 101 352
204 76 999
153 211 579
58 113 638
35 73 481
208 1 126
163 26 480
70 191 620
101 54 886
141 72 656
121 74 253
148 215 401
163 19 679
37 42 578
185 25 474
40 25 120
13 221 331
103 139 299
169 227 943
61 173 823
81 35 890
145 13 640
196 59 815
223 128 675
85 178 450
49 3 32
47 78 150
205 136 956
202 27 310
217 101 684
163 85 518
105 213 854
227 166 696
121 151 17
106 27 831
88 16 606
39 85 488
41 115 137
200 187 48
115 50 999
96 171 824
71 109 632
185 139 917
115 35 779
113 19 9
151 17 463
77 39 402
227 115 983
134 39 631
16 33 256
184 189 960
81 26 744
136 112 285
97 46 748
91 189 317
65 157 583
224 211 817
82 193 682
227 18 903
173 67 727
76 163 489
55 7 935
95 122 601
29 217 487
129 226 977
169 63 148
94 131 971
217 69 224
199 18 602
125 40 661
69 184 591
221 169 926
101 53 709
97 35 999
117 129 694
202 50 946
129 13 590
87 219 737
189 159 734
201 158 919
86 95 859
192 169 974
85 26 51
228 63 385
92 139 702
94 41 243
69 100 293
153 113 163
225 172 878
185 1 111
221 35 738
65 58 1
17 153 902
104 145 251
46 146 185
214 115 528
21 122 312
146 199 288
150 85 564
146 148 45
1 221 413
21 203 172
40 149 928
59 178 190
69 225 419
102 97 382
217 67 970
205 110 995
188 87 395
29 79 729
173 209 733
56 213 384
32 177 902
100 61 49
153 91 671
142 223 626
214 116 749
111 1 555
99 9 704
119 4 785
209 99 775
89 69 141
191 111 433
71 152 699
88 66 39
13 217 415
105 160 174
146 225 508
109 149 353
221 17 737
209 161 958
210 52 278
156 52 543
60 117 55
26 217 160
55 200 739
125 160 360
31 72 805
25 101 911
105 153 674
173 105 431
209 199 674
19 43 947
75 18 990
208 61 173
34 193 486
77 58 59
217 157 5
169 100 64
72 64 19
165 75 791
127 159 975
97 7 182
68 189 4
178 191 545
197 103 397
45 33 420
7 31 113
48 25 756
193 205 118
169 181 279
100 216 203
15 97 281
166 189 790
41 183 646
25 183 599
191 8 670
137 138 678
85 4 471
121 92 705
180 112 466
166 121 386
35 183 733
212 91 712
47 109 202
131 143 504
102 16 620
199 46 696
155 203 232
87 181 717
169 17 315
57 142 879
37 49 76
97 112 415
11 14 303
137 172 337
96 165 414
63 135 327
49 6 597
151 41 941
147 205 399
64 176 204
58 160 803
91 181 799
137 10 443
89 86 101
53 129 408
87 67 999
57 98 120
110 217 266
149 165 222
211 119 920
122 135 366
195 181 194
109 131 369
16 52 891
67 71 608
20 99 850
208 113 719
137 9 495
126 195 992
171 115 609
205 73 203
202 199 283
167 57 364
57 209 943
57 63 873
97 201 184
73 104 159
1 214 379
58 61 154
163 29 397
148 165 853
19 101 769
183 169 168
83 117 44
177 145 133
9 170 389
67 24 543
177 163 358
161 85 455
156 134 919
34 214 615
48 194 697
201 124 120
73 156 814
76 124 438
208 34 164
223 86 553
153 97 109
77 171 482
102 213 106
71 21 918
216 163 189
58 68 459
153 121 286
226 49 740
221 142 553
13 15 159
189 23 992
16 2 683
69 186 98
189 199 705
165 145 889
154 189 146
25 15 969
192 12 150
45 181 866
171 149 824
33 5 489
155 113 799
214 59 683
187 61 900
37 189 211
207 161 182
94 52 689
94 208 22
193 71 620
109 72 69
10 177 391
109 127 710
176 4 518
228 213 446
26 89 159
3 220 375
161 154 620
7 77 848
57 1 849
67 95 570
71 44 396
61 151 960
89 7 619
155 124 668
10 81 685
191 40 896
112 169 730
139 217 592
121 23 121
49 146 53
175 151 596
19 202 769
1 51 892
184 193 955
31 17 889
143 97 964
190 157 869
64 225 986
153 11 954
9 161 144
101 46 640
89 133 426
130 45 337
152 50 31
65 83 468
101 137 685
109 160 688
63 69 505
54 74 719
147 31 162
222 61 839
182 121 502
77 153 778
220 201 604
42 86 327
33 115 579
19 122 998
220 7 403
109 145 137
189 211 784
77 142 695
61 49 716
11 67 972
40 200 3
113 193 743
73 219 821
3 78 795
137 113 434
22 111 779
28 59 624
31 225 958
135 189 342
154 143 561
157 11 699
75 106 675
35 1 749
141 169 510
101 133 801
99 137 135
31 160 234
143 105 961
197 115 227
226 131 31
5 103 465
72 1 163
67 69 953
41 186 782
127 54 660
9 172 550
199 169 935
41 1 237
153 197 595
53 163 318
103 151 505
115 6 140
141 49 341
211 105 847
118 185 238
34 133 130
15 67 380
160 150 982
15 145 219
49 57 571
216 142 251
43 65 725
130 201 113
136 16 982
43 127 379
213 176 348
64 153 927
153 7 349
61 4 267
139 118 478
100 189 901
89 16 104
92 188 670
89 149 171
25 113 397
217 115 61
88 205 939
93 49 512
228 41 232
211 161 62
31 84 181
121 8 774
176 217 322
91 141 650
223 186 380
49 184 661
133 214 77
22 149 525
221 137 153
4 202 676
115 208 431
181 81 73
57 149 288
193 48 130
33 117 923
135 37 745
163 33 718
173 145 844
29 19 730
157 183 582
53 119 93
126 13 57
145 226 70
225 25 645
37 73 606
91 149 576
70 145 862
23 72 643
50 1 223
