239 5371 70
152 50 464
95 177 783
160 23 908
131 201 975
217 92 898
49 115 923
154 206 471
13 43 443
84 25 705
176 23 795
30 95 176
108 156 744
7 192 403
175 190 364
229 37 87
228 207 328
217 229 201
139 136 814
198 147 731
68 226 862
189 180 863
2 10 63
114 62 198
4 204 45
185 24 867
125 162 442
99 140 721
178 73 9
229 157 850
59 234 457
225 96 11
223 17 420
90 43 907
200 126 42
76 28 137
66 124 972
41 113 745
105 73 195
236 115 228
185 213 407
239 29 252
4 129 418
81 86 779
184 40 725
171 158 485
211 21 869
58 170 836
197 196 740
14 231 630
58 126 610
71 143 858
185 97 639
20 229 948
45 26 886
164 72 514
36 122 698
24 89 255
63 208 822
163 48 218
62 68 812
117 170 951
210 88 449
71 65 669
142 67 1000
104 1 144
19 152 473
13 86 183
101 116 528
124 135 886
43 87 675
170 136 97
205 153 825
136 175 62
149 88 373
194 209 29
101 154 835
156 233 965
106 70 830
35 207 267
224 166 958
222 43 80
84 143 25
50 55 83
29 228 257
232 153 108
125 155 695
144 44 232
160 185 57
165 169 775
83 204 47
201 22 445
233 83 623
40 114 440
144 164 53
22 143 164
81 20 48
33 218 43
157 141 727
156 75 335
159 69 25
105 95 423
233 158 302
222 207 512
60 192 647
112 123 538
98 201 696
31 80 68
87 149 900
97 56 611
41 169 193
58 228 792
4 59 1
145 132 744
62 175 728
31 167 649
168 181 237
49 66 26
175 152 695
177 133 991
28 80 461
208 85 661
139 236 671
183 163 995
99 182 908
156 169 162
100 34 982
122 108 609
175 43 474
184 200 123
173 183 492
66 29 789
181 161 127
81 163 618
193 60 545
217 145 313
178 107 602
91 231 743
112 170 454
60 111 943
126 14 30
83 199 347
160 21 435
196 60 225
57 146 669
145 85 473
135 215 420
126 166 704
45 186 384
47 161 539
43 159 620
114 35 833
176 166 31
49 131 801
12 147 276
127 225 371
190 199 417
203 15 120
48 147 478
44 108 524
6 233 967
170 73 565
233 177 481
73 113 646
68 22 778
1 25 886
25 85 407
129 125 746
166 23 200
28 101 393
201 45 746
151 205 607
216 96 614
149 124 254
220 194 567
56 218 791
151 214 544
101 112 772
33 109 832
239 157 303
163 142 783
102 123 642
9 238 739
132 109 208
74 209 669
28 114 741
166 206 476
124 17 977
42 35 181
183 195 472
32 201 317
72 94 836
34 102 1
101 39 200
200 239 444
171 52 915
200 142 204
99 61 800
19 57 419
188 203 464
231 78 735
164 200 860
41 228 703
32 189 921
175 137 323
229 149 568
121 62 127
23 40 119
201 152 987
113 229 805
24 15 727
104 153 408
127 136 800
102 32 486
204 128 848
152 41 972
175 221 57
224 222 682
18 214 918
207 133 126
132 93 512
47 15 534
48 135 804
9 151 876
177 148 827
136 3 521
144 77 158
228 38 510
39 18 911
140 107 88
38 203 646
156 147 526
236 134 280
70 48 176
95 13 486
102 218 649
104 53 110
115 221 682
94 206 188
59 162 243
229 141 143
186 210 388
110 231 900
197 98 886
61 229 83
135 16 378
179 232 278
198 229 386
158 59 660
96 101 481
190 46 278
187 136 39
170 182 1
44 5 775
171 156 777
33 22 383
138 42 481
203 89 674
234 87 433
220 118 252
88 49 690
194 212 636
22 223 681
32 119 397
121 110 689
2 105 25
188 195 288
198 215 464
174 7 209
158 205 145
96 224 353
105 34 607
150 134 937
148 91 998
43 50 175
124 206 510
73 86 561
139 62 780
89 74 888
206 19 119
56 65 722
30 159 653
171 107 264
41 59 839
43 58 525
114 147 823
95 20 604
133 164 502
190 180 779
234 181 461
131 83 110
192 17 867
73 207 608
173 157 485
10 146 652
206 12 948
120 129 599
164 238 750
13 213 332
165 170 945
7 110 134
138 198 662
177 2 755
71 134 56
88 198 75
15 225 765
111 237 410
66 137 961
196 167 445
46 195 312
1 194 71
212 115 245
120 220 271
28 38 367
145 127 617
96 12 558
120 162 237
227 132 462
119 12 185
123 113 783
24 116 316
70 49 342
234 200 62
190 74 988
190 37 17
87 215 832
36 184 216
143 126 456
160 123 426
118 201 348
78 227 873
21 46 575
177 89 681
51 184 95
239 10 59
214 209 847
143 19 44
61 84 477
212 49 493
203 148 824
200 87 225
199 127 750
124 132 750
232 224 244
111 3 114
234 215 451
22 155 106
197 8 135
221 159 576
106 87 631
145 20 950
173 146 185
187 151 472
98 213 433
196 121 192
35 25 154
224 8 549
159 190 32
30 100 561
160 119 607
68 180 369
112 56 475
198 23 199
235 59 747
8 148 928
29 210 462
115 48 463
144 126 638
16 116 114
37 111 578
62 106 342
19 20 593
232 173 674
1 22 26
81 133 379
40 157 5
94 159 840
91 225 386
99 214 535
72 114 413
84 216 259
187 156 426
123 29 862
121 4 70
146 197 406
119 149 505
87 220 436
70 120 812
135 169 117
104 211 593
229 23 408
121 100 489
195 119 409
23 26 441
109 194 626
182 210 756
118 86 234
93 116 936
56 239 694
27 64 497
37 171 334
5 134 166
29 204 908
21 232 665
61 162 847
239 174 227
126 132 944
200 5 820
123 231 820
125 128 312
149 98 735
180 100 142
47 224 285
145 15 100
114 51 414
93 115 209
17 100 58
56 46 987
234 135 758
65 114 313
208 50 916
62 56 183
168 157 7
214 58 599
154 191 305
80 192 213
113 90 503
188 17 806
227 44 237
172 61 849
144 132 11
111 177 897
218 193 536
209 231 999
122 162 173
225 117 347
180 83 79
14 177 599
167 134 962
60 99 388
4 148 206
187 4 24
14 47 572
3 147 979
226 223 934
238 8 61
80 146 631
188 52 777
52 170 150
152 31 962
32 184 156
70 41 915
198 174 421
146 75 623
208 66 142
104 86 840
220 239 601
226 91 415
154 60 211
107 51 8
144 208 861
2 20 686
78 151 205
126 93 716
103 160 332
124 186 488
102 131 150
132 177 848
194 116 985
224 216 541
39 195 480
143 175 816
89 142 929
215 8 973
36 130 941
73 183 486
235 57 770
45 28 873
7 143 69
208 4 356
140 66 186
96 162 170
51 144 659
22 45 782
205 172 391
81 90 894
21 188 126
152 167 520
118 59 619
65 92 326
189 91 161
120 99 376
93 134 306
223 91 91
157 178 596
86 52 240
223 57 116
6 125 703
17 113 882
183 40 286
141 61 464
215 95 610
170 1 78
28 33 615
211 184 706
104 154 267
155 219 770
127 163 133
100 175 633
187 3 258
158 49 815
1 82 936
59 20 450
18 107 10
186 135 328
131 14 985
50 108 862
145 164 129
33 112 804
149 15 354
94 236 464
45 191 882
44 148 795
143 81 833
168 47 57
32 29 862
118 143 38
61 81 162
236 111 63
64 31 368
44 158 446
214 30 686
19 202 695
189 9 521
112 6 867
16 118 703
17 183 29
72 139 670
157 160 16
41 107 295
31 36 650
160 127 92
212 210 487
234 46 911
52 79 7
80 185 532
42 204 252
183 47 501
169 194 155
38 78 620
51 29 552
178 39 465
120 108 23
90 64 675
56 205 588
201 100 207
162 79 878
149 239 956
168 192 915
126 16 578
93 136 130
89 11 863
56 87 948
13 206 976
197 170 137
211 187 142
135 176 488
108 38 405
239 164 177
67 42 602
113 142 669
201 153 253
115 177 225
221 73 410
104 222 234
209 47 82
226 92 705
56 81 448
111 227 553
93 141 213
166 214 870
98 131 814
96 154 277
104 208 379
110 98 962
106 174 953
51 181 44
12 24 234
199 119 816
199 50 482
152 126 141
183 228 993
151 141 54
217 179 228
145 136 526
41 54 994
142 88 533
12 20 498
79 205 115
55 95 452
153 81 208
61 89 140
223 153 750
120 27 195
61 184 45
48 41 400
50 211 739
16 31 656
135 91 172
134 90 122
83 121 387
23 88 910
92 46 890
146 208 315
119 139 419
119 42 30
230 23 731
5 233 620
165 196 701
91 41 553
38 93 198
28 180 710
126 112 165
106 88 317
197 15 353
135 153 155
99 110 349
239 177 481
162 20 905
172 171 772
119 26 452
4 58 981
213 79 959
125 8 15
9 69 311
221 224 215
134 39 79
194 25 409
206 40 213
117 63 247
47 62 816
196 123 577
134 139 937
44 197 287
224 214 377
4 15 884
117 50 947
232 170 759
53 177 558
214 136 238
237 211 124
171 65 712
219 50 633
209 129 64
61 224 962
76 193 867
66 187 328
61 34 993
37 135 618
125 216 87
147 103 557
66 103 302
144 147 734
60 195 534
207 185 53
196 71 618
4 217 435
100 77 314
57 12 574
224 127 939
65 49 399
11 90 874
126 38 830
20 53 489
57 152 420
98 15 947
205 57 777
32 44 436
159 100 363
191 151 312
26 55 455
2 154 24
235 223 915
123 201 164
212 65 10
94 78 123
95 74 43
110 168 366
179 175 61
8 80 750
165 203 564
63 191 365
147 171 74
31 49 582
238 112 729
121 50 61
219 189 889
153 145 993
104 87 237
61 230 397
138 12 63
6 21 649
215 159 572
220 116 964
49 64 184
117 8 193
82 16 82
22 129 397
137 89 815
74 16 44
165 94 699
234 31 840
111 169 214
14 235 851
9 44 702
8 192 269
90 167 500
116 196 624
67 124 447
84 105 943
232 63 413
220 142 87
228 138 450
95 45 778
114 111 323
122 16 263
103 121 734
32 225 919
150 171 652
143 90 841
184 33 862
101 52 278
85 70 356
62 227 353
143 21 538
19 238 349
12 110 633
29 186 680
159 19 203
43 69 52
155 204 499
40 75 937
164 83 518
87 79 904
195 9 409
13 156 248
109 216 147
91 75 293
216 3 557
126 191 461
106 155 747
178 92 133
74 6 28
92 25 324
37 110 570
121 215 693
101 17 451
208 13 151
129 57 579
96 102 868
193 167 304
190 78 520
212 154 487
186 216 675
3 146 547
91 166 22
225 69 635
116 154 267
166 102 709
73 91 597
177 32 93
173 228 233
103 194 116
213 237 499
4 164 916
138 4 469
78 59 394
55 156 401
127 83 942
198 141 407
111 12 913
82 95 681
120 188 45
39 215 878
144 119 332
210 148 434
147 219 251
75 180 384
103 237 887
135 223 211
139 47 624
45 56 78
160 192 593
140 173 45
7 141 321
77 184 214
141 200 10
18 34 783
48 82 729
53 218 364
131 225 730
78 229 246
223 172 91
172 111 166
100 7 236
95 17 273
73 108 519
211 218 905
20 56 305
58 25 152
223 110 812
55 16 691
133 98 584
129 19 491
134 36 974
75 200 526
87 80 531
189 181 49
185 99 848
176 181 30
51 108 342
23 79 560
169 172 762
225 18 122
132 120 43
67 133 85
89 97 603
126 123 427
181 112 400
179 181 920
85 174 222
132 116 690
35 115 791
33 90 587
211 43 571
10 30 984
15 237 711
185 231 955
6 120 484
66 57 990
235 214 59
238 83 1000
109 163 511
128 7 129
55 187 866
171 140 252
214 67 701
183 28 831
52 226 612
157 180 457
83 49 750
168 194 717
108 162 807
148 133 476
90 148 415
210 13 981
15 94 964
126 69 967
175 14 604
1 129 750
228 91 655
168 82 872
163 77 45
223 213 702
204 14 772
204 228 235
43 70 936
178 139 726
195 31 672
75 44 399
58 31 501
128 132 908
70 193 356
73 232 99
20 70 827
86 150 611
194 227 336
221 49 482
176 51 922
96 72 954
83 219 345
168 17 600
16 193 375
114 21 438
7 234 554
148 181 389
84 179 537
154 233 43
64 37 444
161 5 673
97 198 626
124 91 528
36 111 992
130 91 235
233 111 658
19 123 264
121 16 331
102 111 462
19 127 622
211 142 339
84 62 532
206 171 616
41 151 788
99 137 249
35 218 674
161 80 260
143 168 576
76 113 936
36 138 852
5 186 855
115 139 864
233 226 460
45 108 278
150 76 80
114 219 174
158 128 93
227 158 138
75 165 888
59 67 615
46 102 100
231 128 353
120 147 843
19 63 2
197 51 12
207 91 911
180 52 763
62 217 56
104 118 646
51 123 909
57 216 195
183 202 93
31 69 673
189 225 986
121 71 771
73 215 98
93 118 9
1 125 275
226 159 950
69 67 607
59 225 805
160 96 555
116 55 201
40 5 287
67 101 324
59 119 744
65 184 151
225 180 629
1 198 484
195 144 394
132 28 717
171 14 665
225 47 352
35 150 344
68 201 771
66 44 96
108 22 357
13 15 191
127 97 362
51 146 764
199 101 523
134 41 729
134 185 20
167 105 848
124 20 488
9 180 10
30 67 187
151 163 713
120 62 592
18 40 201
58 149 291
200 228 801
141 4 829
96 15 866
120 1 507
73 198 480
71 106 924
62 152 855
32 110 727
16 164 253
157 232 325
61 26 438
188 199 777
50 18 235
179 100 405
80 195 848
223 201 409
209 42 305
13 10 627
45 94 896
17 111 98
182 201 837
17 18 979
20 87 792
215 172 176
23 222 414
78 84 446
78 67 861
161 16 343
154 90 446
207 214 805
133 211 275
119 205 65
6 218 69
8 234 525
142 176 487
156 212 916
64 166 266
78 118 45
186 17 505
164 143 376
105 142 590
47 222 232
228 175 668
208 47 125
47 66 405
195 30 270
34 210 81
42 131 365
27 201 55
149 104 790
70 109 367
11 145 191
238 86 862
164 79 502
36 217 885
52 210 561
113 116 353
74 86 120
70 180 77
224 122 874
208 55 643
41 193 865
179 156 103
159 47 706
129 47 354
230 172 312
148 110 402
94 200 726
39 171 998
146 220 880
157 221 369
143 205 322
121 73 215
239 15 729
133 86 763
83 188 974
77 199 785
102 145 367
50 19 37
195 217 902
169 222 805
191 80 722
65 124 229
8 62 20
226 82 958
65 162 985
29 39 572
132 202 727
16 89 254
116 81 985
213 26 479
60 17 571
5 29 179
224 45 392
70 165 69
238 156 307
95 161 629
141 77 521
225 33 876
172 208 394
37 114 558
117 64 25
84 127 903
173 172 447
29 12 735
59 152 246
93 146 683
184 208 693
1 209 517
32 185 518
20 165 493
102 53 941
152 156 44
178 218 205
92 64 388
142 121 117
26 49 774
227 56 731
16 9 200
3 167 883
108 15 740
175 165 425
237 154 165
33 174 381
170 40 462
198 236 413
15 92 342
27 107 615
6 144 899
51 194 386
66 196 455
118 64 530
204 23 363
87 160 486
201 23 345
82 59 289
140 73 789
233 114 118
136 138 670
145 111 808
198 132 274
189 217 956
1 176 8
145 151 58
109 225 293
41 215 925
64 76 31
70 57 171
103 40 492
218 95 447
168 133 897
148 161 896
128 90 465
62 16 729
159 202 520
64 131 409
70 130 431
182 34 364
90 231 870
89 51 36
1 90 202
122 199 48
128 13 965
167 29 902
84 47 359
191 203 673
121 209 713
70 59 40
70 35 44
10 108 590
5 167 246
94 210 1
90 213 260
27 35 317
232 176 919
204 238 486
113 107 104
124 35 477
117 194 625
128 75 30
97 15 823
165 48 246
184 161 574
70 158 286
137 38 114
185 91 92
161 2 206
131 90 914
158 216 556
183 49 83
21 187 382
29 182 631
151 15 604
132 25 553
157 202 517
2 5 435
127 231 24
214 130 402
1 109 808
166 7 551
62 129 202
187 138 808
79 93 215
31 50 110
90 109 212
21 121 643
196 91 348
205 2 113
122 53 60
50 23 361
92 119 919
239 231 695
144 89 12
190 196 648
160 165 920
142 222 232
64 150 402
233 171 617
135 183 168
43 76 313
88 153 839
135 168 817
119 45 390
75 107 115
74 9 205
204 202 855
134 100 500
82 89 209
211 178 367
93 72 896
125 201 211
60 109 328
67 170 995
128 81 829
151 45 663
159 224 129
109 76 395
12 85 386
218 230 195
224 44 485
93 154 775
198 214 984
152 12 945
19 92 324
137 207 832
112 187 579
100 138 408
87 211 567
47 199 77
92 114 311
218 204 631
85 19 178
172 60 810
137 183 219
104 204 186
172 88 863
67 80 134
101 92 815
122 63 584
110 11 460
115 100 928
191 160 784
92 155 284
69 149 533
215 203 185
77 174 613
182 173 955
120 149 210
153 48 609
5 78 400
185 60 145
143 154 803
149 13 896
101 215 658
153 166 14
131 171 233
9 157 589
42 16 372
106 211 290
7 23 784
45 2 918
2 151 89
204 35 102
56 169 237
94 207 535
163 46 348
163 143 843
201 57 904
110 233 553
95 53 196
202 8 723
153 132 582
31 179 779
56 129 102
154 80 172
148 115 984
5 196 566
203 11 27
61 187 741
207 54 658
45 167 181
230 194 947
84 68 661
27 194 926
182 178 99
222 24 603
101 81 718
119 217 892
91 132 121
54 96 764
26 143 601
237 224 27
228 219 733
127 220 771
46 110 371
56 184 377
165 15 608
85 28 668
38 171 216
45 75 923
2 171 655
97 175 673
152 186 149
132 107 122
200 230 522
40 83 292
106 97 799
118 150 157
10 216 964
61 150 846
102 6 948
51 231 937
79 124 974
141 68 696
17 2 988
66 61 366
226 154 93
110 77 944
26 42 933
192 151 928
220 45 796
173 154 900
192 15 158
94 103 100
233 211 365
144 173 84
166 60 506
122 49 638
85 115 156
39 187 51
226 111 941
114 29 264
215 138 664
216 22 823
83 67 379
176 16 788
116 36 292
229 105 201
178 35 871
225 95 183
199 29 235
50 58 749
230 135 786
27 6 666
113 163 378
135 24 720
68 199 153
82 190 294
174 110 617
218 237 711
10 109 814
80 220 126
35 83 514
138 162 333
117 178 556
8 196 463
19 41 686
69 76 662
13 232 858
149 25 217
97 82 836
207 5 775
221 60 435
161 27 924
130 25 834
191 77 130
233 115 208
208 230 439
116 104 753
117 209 83
45 140 877
218 26 849
1 13 269
67 145 323
42 194 748
39 139 621
23 175 318
208 212 502
95 173 963
101 203 537
89 14 442
92 149 844
99 95 797
8 176 424
102 122 706
163 169 18
84 133 173
151 23 230
198 196 599
1 130 43
232 78 60
81 161 469
63 46 836
89 70 523
25 117 897
50 239 557
141 106 451
175 89 986
124 150 713
157 24 95
234 221 103
154 63 600
59 170 84
73 181 598
234 61 982
186 126 60
26 222 606
5 9 735
200 76 246
239 173 927
9 79 9
21 85 577
72 232 370
22 88 186
238 70 601
95 227 918
206 54 333
110 195 319
30 84 171
223 144 174
159 197 39
237 2 672
192 112 25
57 98 903
9 4 876
232 210 386
28 182 307
34 74 476
114 144 835
219 94 688
75 53 252
178 17 929
105 36 69
189 158 817
8 24 543
42 182 532
9 13 327
133 150 358
189 172 413
168 179 94
218 139 150
230 64 289
149 221 660
127 141 552
121 145 234
208 56 486
152 117 225
152 82 861
97 118 890
48 9 7
17 153 488
187 31 723
135 75 972
232 146 903
83 165 947
177 64 186
46 97 209
59 31 860
117 190 425
221 156 645
87 193 333
124 226 439
173 90 467
204 221 271
118 131 910
34 35 207
166 108 86
195 44 404
128 31 285
7 190 523
141 206 506
169 208 944
123 227 545
68 122 287
53 120 68
219 37 259
123 41 899
114 58 402
218 128 949
106 120 661
110 123 401
173 149 257
102 119 847
198 194 960
129 136 395
7 2 993
68 65 302
5 18 140
28 189 616
110 220 847
61 75 794
232 35 690
7 40 326
177 190 349
117 232 278
108 148 608
180 71 416
100 87 649
12 44 325
206 105 629
22 72 869
213 51 766
235 225 501
16 194 684
103 90 479
219 199 28
105 143 166
220 158 148
115 47 260
124 93 497
153 212 335
26 169 884
141 34 421
146 225 651
131 54 751
79 50 627
159 70 338
158 179 105
135 30 847
55 219 744
144 152 411
122 51 656
74 125 737
42 84 888
104 162 224
99 145 433
20 149 888
186 108 583
216 174 910
1 121 430
3 19 653
165 214 274
233 116 123
133 121 204
104 117 294
141 237 873
70 164 533
162 204 22
195 121 668
146 13 328
35 222 244
219 4 239
234 196 226
184 170 249
73 39 38
16 203 179
146 109 484
202 111 119
1 218 859
32 129 312
222 187 621
95 221 133
119 170 439
52 150 3
138 204 359
162 83 177
48 14 472
227 87 614
126 9 779
5 118 995
171 188 243
96 22 240
149 157 246
82 119 64
144 93 122
204 61 860
35 195 66
143 159 223
82 47 817
200 178 189
80 196 69
10 166 562
190 215 810
12 71 4
143 145 747
147 39 634
142 110 871
208 10 234
77 28 113
98 143 490
209 227 50
142 17 589
107 181 944
89 121 599
226 108 76
95 46 8
72 210 545
41 45 149
219 11 541
165 162 721
131 94 718
199 235 799
211 228 800
107 25 178
66 45 60
68 236 381
218 123 973
144 96 666
95 33 276
132 179 603
30 31 972
178 210 852
239 72 646
158 237 270
77 157 947
150 82 73
153 111 302
65 137 72
59 79 68
218 97 618
160 136 484
61 223 450
131 21 33
43 88 819
124 107 415
1 6 588
127 232 230
85 176 200
194 239 964
1 175 50
74 114 939
102 228 486
123 68 750
8 81 107
53 34 496
205 15 748
122 204 832
104 68 262
25 145 814
79 105 456
5 162 666
12 233 39
1 3 171
48 139 743
119 1 456
157 201 529
102 186 677
32 127 633
163 206 579
25 116 754
22 146 312
117 87 538
50 226 225
226 75 363
39 198 962
98 78 792
211 219 917
32 105 704
91 152 339
60 117 512
50 128 64
99 83 787
3 46 200
228 45 553
231 7 202
203 112 186
236 182 778
148 29 859
94 126 82
208 65 401
203 6 814
15 115 974
218 170 259
36 17 714
153 202 120
105 149 999
146 200 340
239 97 71
170 80 50
87 235 780
23 37 546
131 218 24
71 181 813
64 188 608
58 39 746
126 43 252
162 194 22
181 33 204
75 147 614
230 201 708
128 1 373
32 152 284
155 131 74
228 225 920
5 175 893
6 149 467
192 4 683
49 151 461
37 221 622
114 157 830
212 215 109
60 71 146
32 111 174
12 180 868
7 11 358
10 60 964
194 49 53
138 208 161
20 160 917
185 37 286
87 217 150
182 136 512
107 57 452
96 2 386
23 220 316
32 145 847
236 83 237
109 173 794
81 215 428
87 103 657
10 49 949
183 92 516
106 222 834
75 67 263
80 48 5
28 16 665
118 158 616
80 57 682
73 190 84
182 121 512
104 78 540
43 18 381
209 72 995
25 46 506
157 71 126
224 231 693
191 168 549
3 10 285
181 68 738
53 79 181
127 203 588
61 199 218
21 150 92
153 69 737
174 230 827
116 212 498
3 208 96
49 179 681
50 227 670
129 192 323
93 156 428
154 190 657
29 95 650
171 32 200
137 91 755
21 167 600
79 155 650
229 7 897
73 137 1
6 17 558
37 121 575
202 82 76
35 149 570
62 103 644
123 170 602
200 1 140
9 71 931
145 199 910
139 112 698
67 183 327
170 135 472
176 184 414
119 204 537
149 101 569
103 26 21
8 173 268
109 19 484
104 30 174
179 72 957
206 183 943
218 158 799
199 176 831
190 156 300
200 185 620
15 238 722
52 32 989
175 148 698
108 29 856
74 29 582
32 47 144
38 71 707
88 99 360
36 49 608
166 78 45
199 45 284
85 63 153
183 120 574
33 15 370
226 109 886
184 48 887
145 197 953
164 233 897
217 85 85
206 46 622
134 17 728
129 155 697
1 92 115
24 208 823
17 235 515
48 159 386
153 7 237
33 211 872
106 90 158
187 18 963
228 189 355
18 189 866
51 93 454
238 73 268
239 23 758
233 102 995
31 175 156
140 84 593
192 33 428
33 68 262
152 141 917
10 68 468
91 134 785
156 121 849
60 232 336
126 136 168
116 214 314
42 157 897
196 195 743
196 55 958
216 60 938
97 206 972
92 10 906
47 83 615
72 181 581
148 143 27
147 77 294
54 52 260
11 28 805
2 191 111
81 16 63
35 163 23
156 101 933
167 40 623
137 152 417
219 48 579
104 146 563
136 4 388
207 62 507
169 61 86
77 169 887
186 69 340
53 48 518
117 36 552
232 1 708
63 62 82
71 194 94
93 198 167
65 129 573
53 225 120
224 207 778
104 207 630
237 28 921
206 157 40
17 91 598
102 223 994
172 6 659
238 104 413
231 63 478
88 72 80
35 3 61
161 126 712
16 110 610
158 160 970
38 163 407
96 135 22
79 34 459
100 223 618
147 222 269
152 184 813
40 19 554
9 192 120
124 94 840
20 175 580
182 50 706
24 71 656
94 93 216
69 157 604
203 155 837
54 55 654
177 52 50
52 161 643
211 98 49
60 219 187
55 237 460
219 76 806
83 167 112
188 215 160
55 131 621
206 98 417
23 156 2
153 1 286
137 214 934
155 23 133
64 223 677
68 112 419
227 162 180
178 50 104
105 98 715
193 201 240
196 174 566
93 15 454
104 80 994
201 77 850
88 58 73
140 82 872
63 214 59
126 85 300
3 239 8
49 50 577
176 82 332
187 206 572
216 6 165
194 171 457
81 49 830
48 238 63
126 31 507
35 58 657
78 105 536
94 188 95
146 201 767
138 153 384
184 112 85
32 146 474
144 120 888
221 133 237
116 181 925
199 109 643
8 21 687
35 230 813
152 109 597
25 161 454
159 228 672
175 144 901
13 64 308
162 215 88
206 191 403
234 115 14
67 110 435
229 104 157
204 169 310
205 123 566
15 59 130
138 86 521
92 74 368
80 210 462
43 148 674
42 87 845
122 127 548
217 72 386
183 45 741
123 69 440
32 78 432
234 74 564
55 87 227
46 55 396
171 117 916
119 226 293
140 148 793
30 141 569
145 73 394
151 239 2
26 149 799
95 64 428
235 215 340
90 62 150
196 150 755
21 175 300
217 65 680
97 92 709
117 5 974
3 58 58
146 153 882
203 172 545
9 37 561
230 36 757
181 170 141
1 114 463
166 140 416
160 180 278
211 41 600
93 99 193
227 1 379
196 72 488
133 53 979
128 74 114
177 51 206
18 105 959
207 20 542
10 87 977
120 146 504
156 182 781
44 114 799
44 221 430
101 88 298
81 118 482
62 38 852
74 213 604
17 41 379
202 20 610
72 218 784
28 171 566
3 22 97
146 147 989
185 68 13
93 237 893
218 229 740
213 127 193
153 178 997
94 60 170
134 149 173
87 101 262
38 180 212
59 9 684
49 175 883
174 145 191
152 208 805
165 176 96
189 40 87
220 121 230
170 132 822
39 161 373
206 111 61
155 227 521
223 155 430
42 10 759
54 71 350
202 145 97
29 80 21
193 62 72
205 103 4
40 238 796
165 13 626
105 114 103
230 50 508
31 65 92
209 21 527
6 127 396
165 155 559
12 145 397
174 222 480
214 25 201
214 212 343
127 67 854
52 115 462
9 19 870
149 180 466
2 76 157
198 84 336
73 142 479
124 235 210
25 197 429
36 216 344
177 11 968
145 188 248
205 223 683
20 51 846
219 204 560
35 185 494
102 184 907
7 232 192
43 75 768
10 20 232
4 235 296
166 73 148
193 182 739
112 78 188
122 119 668
109 219 774
6 117 244
69 6 693
55 223 594
1 17 165
85 164 80
82 171 604
171 21 267
124 194 962
201 43 170
193 61 125
64 85 650
131 190 30
143 124 139
15 176 202
211 24 933
198 11 226
31 94 657
99 234 632
210 87 823
214 1 639
230 113 312
34 212 550
139 23 703
31 74 243
146 195 315
114 207 452
239 221 200
222 216 325
5 203 805
77 220 404
63 174 171
223 43 640
102 217 37
160 139 600
124 39 666
92 56 660
38 205 237
239 135 916
71 53 871
193 230 853
147 178 408
26 66 635
113 165 590
163 37 378
11 153 857
137 150 966
164 10 276
5 12 117
60 51 741
97 177 558
58 36 148
141 10 432
239 160 395
58 183 618
191 16 433
55 146 580
162 123 739
113 104 829
115 63 257
192 36 162
52 182 534
60 61 701
129 190 213
180 145 539
25 126 777
147 70 515
199 95 148
224 164 601
102 108 8
61 87 522
1 162 191
69 239 808
217 113 814
221 199 554
40 163 554
62 235 900
172 42 321
35 13 691
159 41 147
165 211 198
90 166 928
18 85 155
88 48 524
126 133 877
101 181 101
138 160 80
19 208 201
189 237 141
46 216 475
178 84 313
193 196 872
100 2 695
146 54 68
219 238 908
230 65 562
94 137 419
63 38 876
56 212 459
102 92 236
23 56 659
168 221 634
64 40 944
154 19 909
28 111 31
82 142 27
97 166 222
136 119 773
46 131 148
91 120 124
49 94 843
90 160 392
212 223 183
1 155 331
15 236 332
221 128 474
183 190 660
233 108 624
120 78 600
2 118 267
215 128 398
216 201 363
12 159 633
93 224 106
213 206 991
237 176 454
99 2 131
17 135 142
107 45 756
129 107 150
104 47 230
115 4 779
121 169 534
86 71 266
234 77 986
155 64 863
132 200 258
86 146 88
52 168 759
215 140 138
97 33 705
155 160 767
8 169 173
113 145 14
136 112 313
39 57 469
188 180 781
27 234 174
104 42 497
11 197 66
125 230 122
15 80 46
60 208 350
205 207 648
28 37 300
219 9 675
176 66 150
181 239 644
171 199 762
230 68 33
124 134 560
130 208 823
203 182 412
194 4 283
190 212 956
88 123 958
236 46 732
23 62 48
174 132 757
219 230 448
198 129 67
122 18 192
168 160 186
182 79 657
23 54 710
30 91 170
159 149 364
221 65 270
203 60 973
228 36 460
154 195 134
102 64 435
16 27 872
93 217 112
86 137 532
183 37 984
43 108 607
98 32 953
108 225 301
163 188 499
96 64 472
200 216 471
20 189 372
70 173 522
196 130 365
161 7 911
126 231 691
41 131 671
27 186 550
68 81 614
25 52 324
191 47 962
172 198 828
180 113 138
52 36 236
216 112 107
105 232 768
2 187 177
63 215 641
15 206 64
37 148 161
170 191 821
153 95 351
238 116 646
3 118 357
238 202 193
138 120 5
225 97 429
14 101 626
51 209 969
215 231 607
167 125 785
126 116 212
19 168 850
55 239 262
218 146 284
234 189 234
164 184 480
35 28 530
139 131 272
117 228 88
117 93 869
93 186 290
82 133 893
130 132 507
107 54 834
18 56 533
16 61 334
64 38 937
71 130 503
222 134 983
70 138 592
45 143 380
10 14 405
18 140 957
86 85 519
170 147 366
13 121 174
104 131 366
57 59 449
193 203 213
194 29 410
184 141 259
218 114 173
43 55 217
175 27 719
44 200 834
226 87 550
157 124 944
120 98 467
198 76 301
31 125 536
160 62 273
147 197 275
155 115 515
128 169 907
194 228 349
141 218 792
4 171 784
236 48 465
118 210 94
211 176 778
48 89 756
225 229 996
20 188 445
71 175 15
64 218 794
37 47 781
203 42 968
152 3 97
174 60 740
216 37 915
74 167 4
84 187 617
139 75 482
187 224 242
77 150 1
239 42 783
197 206 222
2 179 168
17 120 201
228 43 1
21 208 859
238 235 142
113 124 317
6 54 451
54 151 391
233 55 81
130 209 380
208 51 184
60 187 729
1 127 531
110 25 392
115 217 784
46 156 861
48 162 829
32 207 953
69 160 109
89 182 734
13 48 64
207 87 514
88 177 158
52 228 786
40 173 104
182 148 415
207 124 588
180 205 530
145 233 476
67 73 361
174 83 903
214 86 90
14 11 393
97 193 492
163 5 871
149 236 93
47 164 676
227 93 710
10 160 174
166 96 840
167 192 894
157 54 409
174 208 836
171 10 140
156 170 469
146 116 270
120 137 460
173 31 729
211 77 48
51 161 283
133 232 803
219 65 679
219 212 909
186 232 636
63 210 713
10 131 691
163 200 700
52 184 646
52 239 978
150 232 691
18 181 267
175 40 374
224 119 97
207 30 636
135 181 884
64 127 88
133 143 520
109 218 922
128 27 631
210 213 226
122 88 375
212 80 318
118 120 233
11 45 24
16 228 230
163 194 817
138 96 124
52 72 445
184 71 904
191 97 322
220 96 16
207 33 594
109 29 868
98 2 566
80 229 761
105 132 247
68 7 270
141 81 175
42 110 793
7 175 676
119 72 98
126 138 281
48 224 912
187 145 398
69 128 540
76 10 586
192 46 708
129 76 36
45 91 47
60 20 296
33 197 405
64 113 919
90 41 142
143 34 810
165 95 392
29 157 596
121 49 505
202 137 595
184 89 247
186 100 916
228 154 366
44 85 133
88 226 503
219 217 826
141 23 734
12 150 360
88 152 972
100 130 542
25 186 496
35 56 491
75 56 881
71 118 266
109 23 915
205 138 649
158 170 614
159 46 74
217 24 562
185 224 201
96 19 339
144 49 170
11 224 210
95 120 197
76 229 303
198 166 123
231 16 720
155 78 832
135 33 71
68 38 277
203 3 457
206 212 337
107 42 492
39 110 965
169 189 256
116 9 187
57 150 684
172 107 701
96 111 484
1 144 58
10 78 799
10 223 997
15 124 214
211 26 420
6 63 864
226 206 958
110 175 52
109 77 177
101 200 482
185 85 323
5 178 649
92 28 271
82 98 655
168 215 101
223 229 420
175 75 637
66 86 538
122 69 455
79 183 510
47 53 434
152 209 374
123 161 999
31 214 537
79 222 940
150 236 424
187 217 152
211 208 138
95 209 40
11 96 144
31 130 724
69 137 858
173 42 690
163 222 407
11 127 369
58 133 401
168 79 276
40 31 53
210 194 76
179 51 789
31 22 274
170 43 532
99 101 346
7 230 444
210 41 116
22 29 942
160 162 223
53 96 745
118 207 662
189 55 225
154 141 813
157 48 67
49 80 193
171 217 814
41 154 476
199 131 852
189 37 330
122 106 511
141 49 320
194 101 733
210 10 779
229 150 869
35 143 177
167 71 254
132 50 314
214 88 866
162 62 696
37 132 195
67 213 904
163 158 161
96 199 724
76 50 61
152 160 384
213 142 687
107 237 629
17 144 746
82 29 591
176 77 891
58 139 712
33 229 912
211 56 346
53 55 389
140 207 376
223 40 106
6 134 221
219 207 309
87 95 204
161 4 166
133 115 466
191 197 129
16 44 595
219 96 919
192 82 22
104 123 254
24 57 127
147 8 724
160 226 22
144 16 154
230 33 297
54 66 884
5 115 680
131 133 312
59 222 789
57 135 461
29 85 981
11 131 775
21 218 934
64 119 511
126 211 78
202 11 601
128 138 523
83 128 300
159 80 796
63 228 959
227 193 604
216 39 496
103 58 160
1 60 184
228 27 460
51 131 901
201 226 337
191 190 558
193 232 381
106 223 728
41 217 920
188 63 101
87 118 421
38 77 977
15 194 937
2 57 154
85 166 774
4 213 918
217 212 512
142 156 31
105 21 937
207 77 236
23 157 569
39 146 530
195 40 310
123 81 850
155 162 493
139 102 575
124 117 394
235 122 947
11 118 151
36 137 772
190 163 238
56 88 262
126 176 183
47 118 169
44 55 301
106 127 131
75 145 964
225 23 987
203 201 365
100 10 351
122 159 152
101 159 617
102 128 687
85 78 379
199 135 211
148 70 654
199 159 9
216 148 900
63 160 839
83 207 253
185 67 618
118 136 292
67 221 686
142 108 594
222 4 83
215 96 31
25 222 283
41 156 724
49 9 844
169 96 547
191 1 579
110 116 571
69 1 302
15 99 587
172 199 993
189 118 401
21 172 566
131 176 590
137 181 399
60 235 510
122 86 516
239 215 134
167 63 931
62 89 416
124 25 333
228 185 952
114 98 30
226 60 350
16 232 164
159 14 589
210 151 630
69 37 319
137 64 60
31 44 189
2 62 898
158 143 513
52 232 861
17 19 477
116 106 425
80 95 364
10 97 173
192 107 450
76 144 280
212 225 3
138 63 98
66 221 808
206 176 827
159 86 424
36 162 876
121 35 667
229 137 726
128 70 127
28 205 82
191 14 577
55 155 1
164 148 517
100 153 552
38 84 374
219 17 609
163 119 845
216 164 686
147 132 903
186 136 386
158 74 973
81 36 276
176 226 144
224 100 805
135 47 742
10 234 535
215 207 771
134 153 429
106 133 219
13 125 462
205 12 661
156 61 487
138 88 624
135 46 213
35 128 419
113 43 452
239 198 186
212 220 633
41 171 407
144 154 58
83 214 744
209 50 594
22 9 341
1 49 637
8 183 346
176 152 315
129 90 978
219 191 197
111 207 645
59 224 298
24 100 913
222 195 141
72 77 370
215 197 57
57 20 31
60 156 36
116 160 638
82 100 276
84 137 646
115 114 335
99 1 418
236 197 574
24 65 844
207 112 462
154 148 895
198 169 513
99 126 72
1 48 165
202 186 44
224 111 19
66 183 511
28 108 541
221 64 174
46 88 864
56 49 240
80 75 643
213 182 735
64 6 375
230 41 756
138 61 71
206 1 166
170 30 9
224 208 848
211 180 457
220 57 67
149 164 976
120 140 379
175 135 253
217 220 469
137 184 536
61 125 998
83 29 714
58 226 495
172 132 152
127 179 316
70 203 500
119 106 184
46 157 145
172 91 574
207 199 796
143 4 760
187 186 998
226 190 336
81 112 353
236 218 136
189 45 985
57 189 244
68 171 358
49 84 923
19 39 266
159 223 354
134 164 541
39 66 728
149 170 107
204 209 94
199 90 431
56 154 31
96 206 389
187 100 374
226 208 149
184 5 407
146 27 48
212 171 875
116 71 669
95 170 393
207 217 622
124 45 53
137 81 926
40 49 763
123 118 538
103 3 887
135 10 706
93 152 501
79 91 315
1 192 898
235 202 702
72 15 256
79 81 331
70 83 482
98 18 649
1 188 556
199 229 304
14 220 75
39 12 949
228 235 558
216 106 161
48 166 191
20 29 687
231 65 631
42 82 431
71 112 857
216 160 448
82 109 529
100 59 829
123 47 481
191 175 834
61 127 460
192 196 190
182 135 686
21 25 96
226 31 814
102 85 403
229 164 131
146 193 786
13 124 843
220 64 499
26 137 865
109 73 827
175 48 65
103 118 557
206 106 235
166 199 917
155 214 683
34 4 586
71 32 878
169 30 666
164 167 789
166 34 23
179 64 838
219 157 384
114 235 646
5 114 19
104 196 328
67 100 905
89 92 821
178 224 173
36 85 179
139 158 374
120 39 449
154 105 844
94 27 501
115 230 399
173 208 422
62 209 731
14 51 581
174 163 460
112 118 765
23 168 855
158 92 565
137 193 999
79 191 1000
196 70 601
221 77 945
23 138 91
66 165 762
21 80 991
97 30 380
67 39 97
97 160 460
48 62 823
38 152 887
35 175 210
149 97 260
12 165 853
134 23 940
231 111 305
94 160 173
102 182 659
199 82 487
81 152 986
93 27 522
45 44 352
10 191 443
34 5 254
2 182 580
145 205 795
93 113 669
124 212 681
38 44 656
172 219 474
200 59 980
127 153 520
112 53 406
172 232 680
26 120 207
143 142 636
153 168 657
58 104 177
166 124 850
77 13 676
63 48 516
55 112 976
2 93 349
71 182 386
45 14 63
150 159 412
12 1 505
154 202 467
16 222 383
215 180 144
9 117 78
95 158 898
25 4 244
182 115 264
87 115 112
143 228 111
131 70 186
116 42 149
184 29 984
130 7 936
190 168 307
177 171 225
37 26 749
172 95 723
6 169 533
29 222 294
183 207 773
22 35 543
146 175 637
182 190 585
208 36 218
98 123 869
193 188 810
1 126 177
138 177 391
59 93 662
212 104 51
181 151 956
181 100 489
118 18 240
171 134 153
177 162 769
216 24 783
178 109 869
7 109 589
104 95 912
103 65 763
192 87 452
65 97 45
103 70 628
127 27 270
46 61 241
39 72 919
94 183 760
114 145 167
62 45 973
199 223 537
49 45 223
130 78 551
163 156 337
170 108 378
199 53 438
194 100 68
105 163 174
101 114 100
32 179 400
57 225 334
156 105 320
109 235 626
104 172 529
85 210 16
167 150 504
50 129 94
148 157 955
1 151 589
178 136 189
106 210 935
189 15 408
212 236 309
39 183 790
131 151 869
90 211 348
132 213 428
33 120 144
152 49 98
61 123 513
174 199 185
61 33 665
11 40 481
91 43 530
140 161 607
88 114 75
36 159 964
13 45 738
204 71 640
22 133 119
118 122 50
32 9 904
45 32 658
189 68 176
215 132 598
154 236 953
82 204 865
171 77 169
97 162 722
147 110 405
8 72 638
169 39 679
109 31 69
142 127 646
13 29 319
33 238 669
134 4 274
121 210 707
17 156 514
221 56 725
152 157 855
225 64 697
53 117 412
217 20 227
220 176 335
184 83 556
127 126 161
236 71 344
142 166 881
141 21 270
167 33 831
49 113 263
66 146 230
37 196 226
93 11 997
143 147 572
180 19 182
165 42 833
85 111 473
180 99 179
180 217 457
168 147 101
153 68 229
126 236 693
12 236 181
144 122 301
195 157 17
114 166 664
137 70 785
132 27 384
1 238 741
139 172 594
196 24 608
214 135 308
62 74 111
63 70 117
190 81 972
106 137 926
56 166 591
19 203 261
70 223 26
28 175 600
124 38 194
137 180 199
94 79 117
113 42 185
232 202 142
218 177 387
109 120 998
214 85 555
161 202 931
197 102 508
148 99 630
161 220 309
161 130 818
203 194 114
140 8 871
25 208 829
60 144 284
23 228 383
9 235 832
90 121 339
191 99 479
217 149 894
29 53 182
194 38 122
138 145 202
63 218 824
142 164 176
198 231 546
41 21 429
29 175 477
164 78 698
55 79 74
37 82 938
113 83 547
57 233 94
163 184 884
3 143 42
126 142 27
166 17 75
9 43 287
86 195 987
202 97 161
67 139 474
95 130 575
60 207 16
34 145 358
152 89 141
232 138 468
147 43 658
231 10 463
26 65 750
12 215 814
31 139 254
104 227 296
233 92 807
36 82 696
47 39 262
202 188 869
174 84 633
74 183 603
10 232 367
173 45 172
184 60 606
78 198 820
185 237 928
130 47 963
168 203 452
78 161 704
221 58 800
134 22 431
164 222 846
1 207 977
56 79 46
176 186 174
237 90 130
118 36 727
126 29 591
193 32 371
112 160 402
147 138 237
226 128 333
196 219 573
238 231 783
129 16 332
156 224 748
19 201 7
198 135 122
82 70 371
107 186 523
214 208 804
49 108 937
12 124 564
181 146 248
61 226 60
54 86 863
169 102 749
19 182 687
190 218 130
225 125 384
149 55 308
155 107 676
133 69 69
138 182 152
117 97 355
97 190 169
88 167 614
20 46 646
133 64 872
78 183 468
223 163 630
224 163 472
93 13 936
67 13 158
193 109 414
4 202 78
170 144 696
229 211 798
112 80 760
226 172 168
58 71 267
84 55 875
23 235 212
119 125 590
65 147 179
173 222 77
188 78 382
215 67 988
212 185 550
229 97 392
51 196 765
147 173 993
52 68 641
159 208 86
155 187 942
107 165 238
32 18 932
111 160 73
7 106 581
51 199 974
121 179 402
99 198 726
7 38 146
93 4 572
187 86 145
104 103 639
115 33 717
215 42 691
152 103 991
58 86 398
91 179 823
12 7 395
235 194 285
213 61 862
95 102 708
180 32 997
198 115 478
48 138 11
123 167 914
91 144 908
49 215 696
100 104 878
105 139 615
148 149 288
185 184 928
65 148 603
69 227 583
165 16 758
112 89 999
1 226 131
145 238 205
166 69 975
216 53 986
143 39 602
195 127 458
150 230 332
222 30 228
1 233 940
235 72 246
171 94 583
17 163 585
159 239 701
210 175 995
115 132 660
174 115 108
85 47 686
177 208 937
103 231 471
160 128 773
130 5 364
108 20 961
64 33 955
96 17 440
45 97 635
96 31 459
30 21 181
36 33 677
81 93 955
171 204 55
171 180 770
134 64 631
25 18 373
43 173 646
74 134 414
218 172 578
112 88 488
18 77 638
210 214 787
91 32 329
48 183 877
20 68 794
12 170 621
94 190 124
206 62 12
83 181 604
107 49 223
11 71 200
60 105 205
146 7 577
154 99 231
44 162 658
129 158 609
205 222 362
131 157 867
191 119 816
98 200 809
237 23 106
191 176 495
234 45 676
164 111 28
61 206 953
36 135 740
202 127 682
188 173 484
216 118 99
155 87 964
38 117 411
104 152 935
9 122 289
171 198 380
181 197 372
58 196 927
189 63 187
237 188 579
167 84 538
103 230 794
16 140 511
87 107 754
32 132 806
79 1 931
4 14 336
154 189 402
128 177 6
80 194 372
10 124 484
209 172 789
202 122 640
131 185 204
30 99 397
62 101 955
198 213 995
166 155 862
206 37 404
132 150 538
71 212 788
100 184 807
141 108 786
87 163 202
192 166 1
33 216 647
180 139 544
158 39 958
7 222 64
21 51 220
115 207 282
150 152 137
46 136 37
77 145 668
101 100 108
228 115 326
15 223 953
20 184 37
146 214 953
191 31 16
13 172 973
197 61 436
33 30 226
205 142 273
26 175 509
74 94 280
153 218 205
140 168 196
95 108 984
193 151 656
146 28 66
113 149 442
16 181 366
200 151 339
96 195 963
108 236 614
65 181 142
155 184 486
237 191 69
198 125 774
180 212 891
77 2 544
188 192 967
208 88 882
20 123 112
151 221 408
196 126 318
142 20 421
60 73 450
183 9 348
130 195 198
72 110 10
198 2 995
128 161 741
151 46 20
20 122 275
45 164 801
187 16 150
37 119 433
189 171 755
83 212 276
131 77 763
60 229 125
26 200 136
58 187 615
78 139 736
167 65 916
163 161 589
13 233 912
181 66 469
161 227 60
193 79 490
10 62 124
198 91 342
49 193 160
163 187 305
177 142 537
90 12 947
238 150 595
175 151 924
164 227 885
1 111 346
80 56 875
95 180 229
109 22 791
133 40 383
84 80 828
4 7 159
123 28 675
224 15 588
203 137 17
1 15 79
100 27 784
83 192 693
7 157 304
131 17 710
235 166 515
236 184 308
7 152 963
229 51 427
145 189 671
76 234 771
12 191 246
91 125 172
38 220 813
118 30 714
103 124 813
113 189 805
19 77 364
94 198 372
231 46 925
155 57 131
73 46 628
142 68 171
182 4 817
40 123 423
7 42 360
161 235 615
125 166 144
101 33 695
238 196 72
79 180 21
12 74 922
179 15 519
80 149 702
116 72 112
151 96 852
228 77 661
7 76 827
200 206 22
25 181 452
89 59 329
12 34 58
65 107 722
114 151 885
119 181 294
182 73 787
108 144 416
222 161 907
188 176 687
50 237 930
43 229 928
236 135 825
194 167 739
122 97 831
85 188 618
103 195 887
17 112 248
190 84 983
224 186 845
80 181 992
89 56 59
21 118 714
138 143 533
89 161 145
151 177 333
22 75 507
11 222 844
9 172 553
36 15 891
1 11 92
126 216 502
65 176 764
155 42 405
199 93 994
228 150 809
120 94 768
147 54 733
200 214 660
202 12 861
139 120 454
134 61 163
71 192 850
177 63 16
11 12 343
83 119 855
178 135 427
37 79 137
196 187 981
144 150 267
119 185 221
187 33 637
162 180 927
86 102 833
169 161 105
205 212 865
75 123 716
155 24 687
169 89 955
222 180 865
20 137 721
122 73 709
82 197 635
17 77 27
83 197 311
45 73 672
163 82 682
18 141 674
176 32 215
33 47 776
145 181 827
7 121 117
26 108 500
63 108 349
215 236 22
78 182 193
132 73 58
42 202 991
37 27 130
13 49 838
37 8 27
27 89 949
135 190 917
38 112 713
230 188 38
218 196 6
220 20 528
33 125 414
135 67 693
9 137 650
170 9 84
181 163 313
6 145 199
2 145 829
145 45 560
23 146 532
229 214 533
210 57 51
2 131 605
70 71 117
1 21 81
90 30 114
98 170 461
215 1 909
176 168 119
57 110 270
1 61 626
135 137 171
59 52 81
64 111 65
89 96 435
120 54 484
21 239 983
84 152 670
214 59 195
2 42 949
2 172 942
2 123 972
39 45 50
146 238 232
11 167 168
5 52 199
140 12 215
131 239 477
149 238 364
39 180 375
231 73 752
151 208 610
186 54 907
87 168 370
133 108 528
57 204 92
58 136 748
223 41 846
39 225 519
199 1 618
22 44 419
84 79 856
122 60 122
152 116 821
38 179 54
239 154 401
80 145 620
204 130 494
148 56 838
185 239 710
230 40 462
45 85 379
194 47 789
62 150 532
25 81 516
157 73 30
66 23 264
159 222 217
71 135 948
189 125 805
210 71 125
145 66 872
76 162 881
126 90 510
151 73 936
198 22 365
11 212 497
129 153 712
66 225 133
160 45 475
61 145 739
6 13 282
198 64 537
196 186 942
117 156 250
68 139 167
118 72 149
10 165 730
87 186 741
20 18 946
48 110 613
25 14 257
54 68 403
24 11 193
165 167 260
126 12 894
34 103 556
137 220 171
54 176 134
3 60 494
37 153 165
90 80 902
51 74 918
51 58 254
215 119 392
96 165 135
16 157 158
84 129 676
54 145 840
51 86 244
11 6 681
181 1 911
50 191 639
232 45 594
126 219 642
6 26 271
224 184 34
238 29 392
187 152 71
126 78 189
35 191 638
191 187 572
2 32 361
212 134 406
14 28 987
190 83 737
140 177 567
81 166 671
78 225 579
151 172 678
15 118 962
233 109 725
27 116 30
141 52 527
69 156 716
155 35 863
116 156 518
170 188 46
150 7 139
79 75 851
136 10 166
128 56 113
182 112 371
187 150 472
2 190 520
53 32 904
235 110 934
177 230 491
235 56 778
42 167 833
26 72 56
223 82 321
189 162 932
124 8 761
90 206 163
11 32 157
194 216 464
42 112 513
82 125 454
130 62 884
16 51 776
212 67 230
56 197 965
166 203 512
85 199 987
204 146 596
201 63 18
139 133 444
101 145 267
83 97 461
44 216 479
81 31 342
10 110 363
185 151 898
52 98 711
215 176 880
126 131 462
23 170 218
89 4 647
5 68 159
67 98 67
2 84 985
1 139 871
80 233 76
217 148 23
207 44 558
81 64 135
159 193 416
239 209 363
225 208 179
188 82 195
138 146 957
174 176 117
27 101 159
48 218 390
33 127 362
172 64 761
59 192 182
149 196 857
126 156 149
170 18 434
15 147 253
183 38 808
63 182 510
125 87 604
102 58 336
224 218 742
59 109 264
160 110 329
67 15 198
17 87 41
204 17 734
15 3 767
76 230 500
237 239 813
231 141 809
140 117 96
116 69 665
58 106 423
136 218 996
121 19 496
97 51 550
53 203 597
47 77 724
154 107 358
127 31 457
106 105 515
159 184 691
223 117 361
109 56 514
161 34 797
108 138 538
237 184 591
6 92 951
211 207 786
90 168 619
74 18 340
156 181 321
60 200 36
85 66 160
180 218 764
173 101 163
152 71 413
166 112 584
217 182 26
143 80 183
137 50 713
105 89 283
54 185 113
153 164 438
21 42 203
196 27 616
236 165 957
76 203 597
21 213 996
236 104 422
101 42 31
50 98 771
188 71 651
184 196 819
99 188 74
186 234 976
227 239 933
120 60 576
201 72 92
102 231 742
193 115 108
140 98 843
132 66 306
227 180 900
106 215 695
92 172 510
57 140 192
134 154 88
185 169 86
77 149 983
210 28 273
216 29 997
3 185 930
161 73 665
125 191 820
11 51 893
211 120 684
213 31 901
193 101 119
150 205 447
85 114 260
198 80 697
199 153 453
111 119 403
74 175 138
138 91 972
152 92 470
80 16 110
21 35 892
158 80 634
232 14 75
201 84 466
206 148 496
190 65 260
24 80 517
58 207 280
7 156 352
53 132 661
185 177 820
155 70 604
33 21 418
183 191 112
92 140 218
176 197 63
199 71 356
124 90 530
125 238 745
18 4 700
64 204 106
21 65 383
80 182 639
90 98 385
211 19 790
89 102 600
239 204 721
157 65 312
112 210 350
133 197 284
190 50 400
239 218 614
110 221 829
208 140 490
131 228 456
205 168 623
133 49 706
108 89 854
47 171 267
171 145 822
8 107 175
23 169 367
192 12 635
112 185 999
54 158 797
100 36 55
4 128 853
166 67 656
34 106 415
181 165 860
200 93 194
54 163 183
29 223 738
98 198 499
52 8 452
155 192 848
209 16 516
193 172 588
83 60 713
34 114 115
150 157 688
73 189 794
11 64 996
58 168 341
54 28 435
111 38 326
225 84 933
6 124 367
233 45 524
15 178 516
208 48 135
204 192 43
71 231 858
152 47 789
102 112 405
104 7 215
135 105 642
68 216 806
21 3 450
21 55 207
128 144 60
47 25 39
73 218 257
228 2 328
164 208 884
33 18 594
58 181 777
219 123 434
107 146 901
44 37 524
195 202 87
28 159 82
89 36 589
140 222 448
160 201 670
72 199 301
193 57 930
10 56 735
202 13 987
132 159 509
93 122 768
92 82 43
56 194 980
199 86 619
202 70 630
222 125 494
21 122 682
202 104 853
174 122 403
56 158 262
181 141 564
6 183 305
25 33 779
171 80 863
124 76 804
112 91 771
176 106 876
61 191 917
25 134 114
111 157 894
229 172 937
30 49 678
172 8 286
63 220 143
181 187 518
69 145 97
231 120 119
26 20 661
182 9 63
199 186 711
42 99 878
203 57 515
239 7 286
160 214 139
175 189 941
34 201 378
72 182 249
24 69 454
207 155 795
84 135 169
21 64 561
125 153 230
12 30 29
209 2 694
54 39 586
108 42 530
121 88 487
224 34 809
32 38 78
49 51 626
205 118 243
163 3 137
190 194 150
106 227 727
197 60 530
1 36 880
94 21 973
31 157 499
66 198 317
212 96 742
130 203 119
150 23 658
145 170 649
76 148 510
66 70 959
235 218 413
222 73 440
120 215 309
47 24 7
62 57 49
4 205 859
33 195 76
26 13 631
158 8 421
42 171 962
2 16 276
193 103 31
202 198 646
114 94 739
24 18 393
166 99 887
172 84 782
238 113 224
218 27 228
197 179 596
144 189 752
144 113 824
191 52 535
113 215 481
51 25 319
166 219 522
232 56 25
5 26 910
134 137 384
153 32 123
117 138 272
41 51 699
196 172 382
222 71 179
221 152 553
159 160 725
49 191 64
58 125 766
74 187 141
184 46 156
166 186 450
218 200 760
222 90 105
47 150 193
237 180 224
94 107 774
193 84 130
164 137 730
4 41 356
171 220 403
200 179 387
71 129 861
213 172 242
28 72 950
69 177 4
201 79 604
226 134 127
54 77 271
162 178 143
12 127 783
123 60 105
75 155 904
206 139 238
209 46 447
171 97 466
9 220 141
211 114 409
9 23 755
69 189 691
162 184 191
239 223 589
157 91 712
63 56 844
86 170 104
74 27 397
185 147 682
145 110 680
30 134 587
166 29 285
111 77 65
173 1 221
44 51 402
126 41 993
20 203 64
11 175 92
13 170 476
217 81 840
81 134 932
25 128 401
185 6 386
28 151 888
164 123 611
173 71 441
16 87 380
53 116 499
119 182 178
177 25 996
63 5 591
84 136 334
222 54 981
154 31 527
90 150 592
137 141 303
52 216 905
46 213 30
110 134 952
162 133 520
107 10 640
226 76 841
70 233 954
26 230 777
194 113 381
16 114 160
67 210 128
143 122 577
190 144 855
105 101 602
193 37 748
215 47 253
40 16 87
116 237 522
74 138 965
90 163 208
74 170 805
28 165 421
47 43 716
201 138 805
12 123 896
166 39 204
18 200 76
94 186 938
58 199 819
189 17 576
12 92 205
212 70 819
203 73 373
44 147 346
108 112 546
142 152 1000
92 144 740
159 67 935
86 201 434
100 81 184
158 9 198
228 230 861
169 123 767
65 17 831
146 134 414
199 37 481
145 167 894
216 40 107
107 157 723
212 114 781
125 117 392
118 204 205
20 198 301
230 19 477
7 28 862
118 117 558
212 161 639
230 28 233
111 186 423
66 50 990
141 59 215
85 152 250
112 149 49
216 28 330
226 170 785
11 144 34
169 153 409
93 71 518
51 163 187
141 64 602
154 200 366
205 24 737
132 238 70
202 30 917
235 172 786
134 172 599
47 93 454
54 184 842
172 152 824
219 108 926
230 207 524
46 54 373
14 15 330
49 147 142
42 1 570
10 39 451
200 211 548
136 35 821
205 234 473
36 133 129
234 239 740
214 182 413
239 8 647
214 46 365
189 106 924
229 1 687
97 222 842
89 201 243
224 4 346
120 153 914
196 11 717
99 12 882
165 61 870
132 90 325
156 157 580
176 71 828
85 148 937
193 85 884
121 149 218
208 223 204
134 2 228
223 225 886
127 150 207
51 103 399
7 173 724
208 186 432
130 121 614
7 101 589
211 48 283
69 53 309
224 87 498
211 53 845
87 62 418
122 147 288
65 161 125
61 181 143
217 99 412
189 227 396
162 216 276
76 141 27
135 74 440
127 187 180
107 13 595
105 43 227
1 148 848
117 13 495
60 65 341
151 109 2
26 203 248
22 57 845
112 176 481
166 135 493
170 113 578
159 142 821
135 144 520
133 209 869
214 38 798
22 62 650
206 202 964
53 49 543
234 159 362
158 36 397
222 235 844
230 176 242
157 106 128
182 56 851
154 178 187
8 186 214
231 29 875
79 82 619
9 230 849
77 20 348
135 110 59
208 75 469
87 132 621
5 127 492
32 123 982
3 169 447
83 26 999
73 1 751
180 181 31
139 238 796
226 121 549
102 54 42
35 164 128
154 61 223
214 78 240
13 89 696
151 38 61
191 6 524
209 115 685
52 234 371
194 151 856
67 99 114
182 207 673
231 94 85
147 214 822
132 235 495
150 92 907
23 67 613
189 222 457
125 213 174
219 164 356
103 93 73
13 78 850
60 43 86
29 147 123
186 26 939
39 43 738
81 234 38
99 143 233
194 43 293
120 209 881
178 194 209
57 172 259
26 233 589
168 128 911
182 230 239
81 147 177
150 204 700
138 57 301
227 146 938
211 124 371
158 90 540
210 73 621
187 56 146
55 158 175
217 127 45
8 113 733
6 155 770
29 124 886
218 181 782
113 111 83
61 129 537
206 42 622
129 236 976
63 84 743
145 129 496
54 72 962
5 239 235
233 204 359
212 47 783
39 236 749
120 105 755
215 206 670
54 94 709
33 77 978
69 54 280
227 230 744
225 159 670
224 227 173
46 187 609
128 170 586
54 60 935
30 86 149
55 218 920
150 29 292
62 219 835
193 173 577
210 7 703
66 48 377
44 167 380
216 231 259
9 8 569
143 41 460
182 103 839
171 238 504
99 73 737
99 24 947
87 50 316
4 54 530
82 63 456
113 197 872
61 114 853
179 120 287
232 77 167
35 14 555
88 139 82
197 193 608
151 112 664
224 84 223
37 99 976
29 120 100
5 172 55
221 14 269
69 16 711
209 167 676
10 148 790
11 68 288
193 69 179
187 113 132
12 139 542
109 231 549
92 123 187
63 121 691
51 42 228
238 239 74
162 156 867
71 80 889
13 145 941
200 183 954
214 122 324
36 191 750
82 96 82
185 167 87
59 102 72
238 230 619
29 201 467
32 106 972
211 80 266
53 183 579
132 56 700
140 62 727
102 137 273
7 120 862
191 22 579
64 154 981
214 91 620
30 109 140
67 156 832
144 172 806
163 63 832
41 88 128
143 173 952
235 108 328
81 72 210
219 145 378
77 45 419
46 127 194
14 167 64
107 14 697
233 69 82
85 120 536
62 135 450
158 72 77
201 94 1000
166 50 591
184 192 925
95 222 545
166 202 500
2 141 639
239 64 357
180 135 852
201 180 750
179 237 414
1 122 333
31 210 392
16 105 624
106 168 635
100 215 173
181 229 263
66 136 137
38 182 826
78 114 106
138 66 881
161 30 232
106 113 71
86 192 621
59 203 49
203 199 209
56 138 872
160 202 530
142 128 879
82 94 558
32 169 748
174 26 784
216 151 496
19 49 504
23 102 755
181 30 549
56 160 900
136 222 16
84 87 556
138 39 609
109 35 922
33 31 585
5 122 227
106 74 583
36 48 658
31 28 544
176 212 427
131 192 36
124 47 294
110 184 201
67 171 109
6 217 968
190 43 741
101 205 585
103 54 419
211 189 752
164 122 962
45 178 71
123 62 937
24 156 23
231 133 416
229 77 674
16 5 925
212 18 568
221 88 523
97 189 292
69 136 730
179 221 741
161 178 548
118 198 670
221 190 3
146 162 428
234 204 813
209 80 381
130 140 886
68 129 108
22 80 656
168 107 597
104 203 831
42 11 30
230 137 17
150 173 928
128 210 198
31 12 40
43 207 88
195 218 120
65 100 293
56 94 88
204 129 907
113 63 883
47 110 3
48 37 953
126 204 320
208 70 642
37 6 684
216 91 205
23 179 208
133 30 471
234 138 451
110 161 951
196 101 384
76 192 26
230 108 541
223 96 380
187 185 81
6 139 720
47 184 894
164 160 648
122 90 416
55 166 946
116 1 605
189 90 136
78 132 745
103 180 625
36 54 415
3 8 603
26 113 333
170 87 852
200 66 895
188 32 273
113 78 207
155 113 933
34 28 463
205 73 389
227 167 637
213 36 577
77 124 921
131 72 251
1 2 128
48 107 553
18 13 629
236 226 288
189 52 336
157 95 553
82 102 15
59 33 186
129 213 814
3 93 590
22 206 537
110 107 600
44 59 996
92 208 662
17 117 787
173 119 487
81 97 324
137 194 7
205 137 866
116 171 591
198 12 919
136 131 705
190 63 708
81 66 107
43 1 714
125 120 910
38 113 493
101 121 57
163 15 442
104 14 506
153 20 816
48 198 418
229 189 396
170 126 455
197 157 762
27 66 514
82 7 362
110 55 627
103 142 547
13 215 723
115 178 628
32 54 386
202 48 880
16 15 17
61 183 488
132 181 722
237 86 697
82 132 376
63 91 129
111 176 197
169 157 437
46 164 598
237 70 320
86 198 507
158 43 498
75 133 543
228 55 811
167 19 913
18 102 48
196 21 338
214 202 840
1 70 356
127 22 829
74 226 577
24 231 652
165 80 502
217 3 125
1 112 51
34 136 451
82 111 527
36 161 545
129 149 24
136 36 675
138 174 910
1 27 770
70 54 607
197 182 15
57 160 9
1 108 936
186 4 249
147 135 67
206 186 722
16 94 795
147 46 871
121 34 40
192 64 991
185 47 312
175 237 694
118 67 415
174 107 446
188 39 867
149 115 268
86 69 971
200 128 965
189 81 701
103 1 753
236 22 70
117 219 425
52 73 777
16 34 974
108 209 624
183 80 443
17 159 693
217 213 279
136 215 635
11 223 368
183 198 834
150 142 738
62 184 730
199 64 312
107 184 386
109 34 711
59 84 578
37 71 515
169 129 388
212 226 316
33 82 616
104 205 800
81 120 475
89 87 827
203 99 972
126 42 420
72 153 467
110 119 541
107 156 3
150 153 74
117 29 456
235 70 128
92 47 355
235 188 361
80 176 556
154 126 17
50 64 933
162 233 469
106 186 961
225 34 834
122 153 720
19 145 374
174 229 483
158 42 430
67 86 818
24 75 328
97 88 210
3 25 521
94 87 632
40 121 917
121 78 446
60 163 492
21 161 617
27 20 479
29 45 597
177 158 368
152 45 459
68 191 151
114 82 150
219 225 508
179 19 138
199 27 333
70 163 398
60 39 40
97 161 741
139 205 853
158 169 83
183 19 568
70 62 462
232 3 604
24 42 597
174 215 192
195 199 674
130 167 948
1 157 907
106 144 361
144 53 494
114 192 657
58 127 852
65 210 596
137 239 730
168 222 674
217 27 980
231 218 616
229 215 640
183 213 483
205 144 568
65 201 895
204 10 386
97 71 362
217 5 996
25 75 174
71 197 605
101 18 297
140 147 110
227 30 983
208 141 995
19 216 850
50 15 759
32 175 672
56 150 324
26 210 755
70 40 133
222 64 10
40 6 772
154 146 516
16 214 78
173 52 865
96 59 6
100 72 808
91 21 39
9 119 8
218 151 904
225 52 938
136 102 782
82 93 563
60 100 315
151 154 172
184 233 559
22 110 145
101 126 793
58 151 182
134 3 867
67 17 202
136 176 670
77 35 426
172 121 461
95 111 609
6 196 417
172 33 709
124 138 768
201 61 32
215 182 666
108 150 734
233 77 380
234 178 104
91 115 818
98 124 910
93 205 749
87 4 934
85 101 633
116 205 194
108 62 777
96 204 986
189 196 717
200 91 269
194 221 426
53 9 862
47 42 305
144 107 810
199 227 22
128 73 12
193 125 251
102 91 147
87 191 409
58 40 910
53 201 624
196 19 88
26 95 597
206 48 723
34 47 834
167 43 191
151 235 74
227 226 4
149 209 665
117 174 262
180 123 430
3 125 444
38 1 151
138 19 368
152 105 455
168 54 213
9 72 685
155 85 138
230 226 356
153 26 915
15 7 266
172 81 632
117 91 267
136 238 698
73 239 302
50 155 571
30 189 691
167 207 545
17 151 863
234 143 198
72 200 45
44 211 274
104 64 795
1 98 557
211 132 947
20 30 290
84 52 608
126 44 464
61 216 421
36 11 602
227 159 528
114 234 962
39 194 659
31 97 157
135 235 639
226 13 536
212 181 511
128 124 6
83 57 502
209 126 865
237 220 344
191 143 336
64 58 176
6 207 397
153 198 440
89 200 913
178 96 30
26 105 531
30 184 581
96 40 948
2 15 263
39 80 683
58 68 983
87 25 924
103 29 539
111 154 13
186 34 223
72 5 427
43 63 631
191 43 103
191 37 337
188 76 497
126 160 496
227 177 367
75 227 722
116 183 528
181 31 681
148 20 465
169 16 14
145 209 272
69 236 457
63 216 508
196 108 592
228 167 947
204 97 604
178 78 342
171 127 862
197 219 7
207 123 243
16 172 677
69 87 988
54 238 583
59 154 618
221 13 357
154 175 209
182 239 147
146 35 244
23 98 541
135 115 414
235 32 412
163 182 325
196 15 88
78 135 129
230 101 15
57 33 839
167 8 914
221 225 555
81 155 995
48 60 208
180 15 611
115 105 843
161 134 626
81 197 953
184 140 107
3 12 232
151 164 601
189 166 240
185 238 652
1 87 233
28 79 132
129 41 729
217 144 899
145 198 489
202 229 968
120 141 622
14 124 379
114 205 492
140 46 887
38 85 328
134 121 135
35 113 795
171 122 676
32 67 645
161 197 808
160 144 886
84 24 138
145 128 859
24 150 948
127 68 376
70 190 155
124 57 683
11 91 838
103 174 656
181 191 340
106 68 426
197 38 608
75 108 679
83 22 309
9 142 303
130 57 916
98 203 32
13 157 101
117 134 304
153 116 994
57 34 944
115 200 778
199 230 503
44 53 317
25 159 383
59 159 745
51 158 243
119 238 693
47 102 918
139 145 808
21 31 77
55 73 54
6 60 479
40 81 506
77 189 890
167 139 718
188 29 686
202 68 759
134 157 99
123 236 417
201 110 895
103 109 343
63 83 341
86 41 862
137 188 625
18 160 237
158 73 545
67 108 131
236 29 520
58 172 380
97 50 818
117 160 666
46 180 491
165 79 842
130 216 22
208 28 142
120 24 212
52 217 976
172 3 470
23 90 19
187 161 619
156 82 550
84 188 637
206 7 26
126 172 560
2 199 414
184 203 295
161 115 381
179 141 264
2 218 717
27 33 981
16 195 22
1 4 781
119 162 217
56 26 195
58 17 627
141 83 48
81 99 707
89 5 248
214 128 700
129 132 739
109 162 92
231 11 151
217 28 523
77 165 552
118 153 147
228 145 468
65 197 236
167 12 93
188 14 492
222 150 522
70 209 826
215 103 15
100 213 805
194 33 873
228 49 330
115 72 561
86 23 813
122 61 471
156 219 999
133 219 171
22 76 93
100 91 384
52 111 737
48 137 317
78 207 205
14 96 518
134 58 567
27 12 204
134 214 199
164 223 225
73 97 430
223 187 513
23 113 17
93 23 214
53 21 83
95 98 830
230 217 837
150 215 663
119 164 382
234 65 919
148 196 863
51 91 943
74 150 730
176 60 503
216 152 629
141 197 865
86 169 978
142 157 696
8 233 311
87 187 844
219 206 543
229 19 752
12 16 108
132 112 896
70 56 50
161 191 289
40 57 202
192 16 869
219 220 253
217 86 632
169 57 346
203 189 823
94 111 538
233 15 446
77 121 591
103 102 950
88 193 767
226 3 307
220 238 209
11 233 959
74 100 772
32 131 365
120 196 313
44 223 308
150 147 256
118 50 763
193 112 235
8 98 224
71 221 388
11 238 961
54 148 172
156 103 874
98 74 886
145 87 631
164 178 139
169 97 635
216 147 855
233 42 261
93 231 762
204 50 839
219 79 163
51 126 150
7 20 940
178 185 916
216 18 644
95 1 925
107 97 906
75 111 333
134 83 903
194 229 250
160 176 719
155 111 240
186 235 5
227 134 888
207 195 722
68 90 226
79 106 832
162 32 753
37 158 992
6 72 91
115 60 384
53 167 132
218 4 315
217 170 49
115 38 811
236 11 712
201 166 719
158 50 250
153 226 454
239 13 581
221 200 93
101 192 50
14 225 678
5 43 861
113 118 930
173 91 912
91 40 776
209 49 116
105 56 710
188 116 368
132 176 726
94 71 204
94 13 979
189 108 922
194 222 84
136 45 724
52 132 629
41 1 332
110 130 796
235 44 717
148 194 427
183 208 139
98 5 198
62 41 768
134 165 318
205 14 889
46 80 5
187 108 182
5 145 539
14 98 923
22 192 554
95 16 376
22 101 62
10 149 156
161 143 89
174 154 146
239 81 418
176 94 751
65 16 368
124 112 968
190 231 408
178 165 90
25 191 377
150 48 996
222 84 757
1 107 952
141 60 421
54 59 894
199 31 228
130 219 296
162 222 390
10 174 176
110 34 221
44 23 573
188 182 466
49 22 207
195 11 413
43 135 948
213 154 62
235 111 511
100 53 443
120 194 366
9 206 268
80 125 557
184 1 190
57 35 842
23 192 590
201 213 668
213 17 664
9 208 902
58 206 260
25 100 211
93 55 60
131 172 569
185 233 903
228 188 736
10 83 977
204 148 807
220 53 830
166 38 196
225 62 367
43 237 820
6 29 762
67 113 935
164 225 212
59 206 128
78 66 232
114 67 569
171 30 489
202 27 809
170 220 483
11 101 446
171 174 436
152 78 822
20 48 117
186 155 814
83 158 654
199 43 824
44 184 284
213 81 371
103 28 86
206 173 366
88 9 699
198 25 356
14 94 383
175 114 902
74 22 257
181 221 812
107 198 719
197 226 495
129 88 537
121 153 212
88 31 553
169 92 634
224 160 967
52 29 78
57 108 394
162 140 72
133 28 944
217 120 757
1 160 91
75 201 85
187 200 674
224 202 19
49 103 674
53 128 66
124 126 25
108 177 618
239 96 290
78 144 848
205 112 179
48 148 483
135 23 254
105 29 676
231 8 337
13 217 695
196 3 751
88 201 221
59 120 300
215 54 897
114 154 219
177 169 559
210 86 169
181 36 305
159 189 948
64 61 502
122 186 967
37 164 972
113 159 919
117 127 201
88 117 459
26 208 453
224 147 420
31 47 423
131 29 947
218 171 541
98 215 472
104 132 404
17 26 327
84 116 223
79 223 588
31 84 695
5 212 188
160 143 510
86 155 899
35 96 895
225 20 232
10 96 301
84 232 194
37 33 685
28 62 796
101 132 942
3 174 871
65 69 68
174 180 761
7 49 619
168 137 372
168 180 217
141 25 629
205 62 266
22 187 93
48 171 847
122 52 39
103 139 121
25 27 335
92 157 500
112 227 522
