247 1231 201
31 232 485
48 21 4
18 230 510
16 95 51
247 218 19
24 105 534
190 217 651
183 117 43
103 169 929
90 206 708
87 219 695
29 237 368
118 247 138
105 135 893
195 1 647
157 6 170
118 193 210
166 237 873
135 86 215
11 214 655
41 106 47
51 115 901
13 66 266
183 245 841
48 153 241
173 10 760
146 213 275
92 129 334
162 125 378
149 166 978
134 89 301
27 119 527
52 223 69
245 135 858
53 67 520
158 174 125
157 16 991
92 128 483
136 23 847
102 26 413
104 177 721
162 204 340
203 243 670
1 222 159
66 22 636
157 142 736
63 83 245
195 222 574
118 33 676
77 247 647
213 231 766
206 153 218
33 154 234
92 206 163
174 64 647
54 64 277
44 143 965
213 160 192
188 236 54
10 213 99
112 26 792
109 183 562
9 122 207
52 106 409
7 20 891
102 142 196
48 51 489
148 225 101
183 229 934
117 142 501
124 147 898
226 238 20
41 193 376
54 135 640
64 208 862
225 112 636
233 97 63
48 126 834
41 125 955
43 33 9
60 68 939
158 246 353
166 192 552
235 33 972
84 244 147
1 5 352
26 196 937
104 189 916
105 204 288
91 153 213
43 7 911
36 186 94
75 173 129
160 60 544
174 246 424
74 79 852
5 21 544
154 119 485
33 223 262
222 11 690
154 208 959
68 117 497
195 157 327
43 229 552
196 220 91
23 38 271
141 1 531
96 171 269
24 192 259
229 105 917
170 237 838
157 80 544
4 242 46
160 80 100
4 6 499
40 116 395
245 220 603
97 95 267
201 230 987
186 216 457
131 122 358
172 153 628
33 70 684
125 46 53
162 218 433
209 134 43
214 155 840
218 191 441
105 209 530
172 202 475
219 13 841
226 86 136
81 82 588
32 35 164
90 13 312
130 115 723
28 230 968
191 141 178
117 152 94
17 46 59
96 143 470
60 125 495
131 3 612
21 27 277
35 136 950
81 200 278
68 130 687
229 241 496
34 55 824
196 126 490
246 74 303
103 195 632
210 124 230
59 183 521
1 225 367
14 104 244
148 72 152
43 243 961
104 222 1
121 167 789
32 164 255
157 213 196
231 157 384
164 6 214
184 189 745
185 103 972
127 112 687
61 48 280
29 34 13
183 97 586
176 217 122
12 71 538
60 31 348
71 8 861
193 247 648
56 61 340
143 22 511
235 206 557
195 155 352
87 103 814
37 157 439
184 122 384
148 43 47
223 50 204
130 84 866
84 105 259
247 67 111
68 14 465
87 106 142
109 101 981
175 179 109
234 215 543
44 144 31
80 72 960
60 161 207
144 50 229
151 244 764
117 96 175
232 4 942
79 65 4
51 91 143
99 31 3
225 101 346
132 61 771
68 116 953
135 161 89
106 76 978
22 237 892
66 147 494
188 128 891
108 146 888
1 73 423
147 38 483
118 125 92
61 95 37
100 40 968
198 79 132
135 196 490
154 4 223
67 224 46
40 166 666
83 14 567
162 183 20
85 95 379
146 170 77
35 129 360
174 171 780
58 186 19
136 103 383
71 205 806
6 16 225
242 211 702
124 1 176
86 196 217
77 67 650
28 69 352
30 143 750
31 145 32
180 34 287
2 4 126
111 176 573
209 75 514
245 113 843
105 159 924
109 144 400
53 9 539
108 75 750
38 5 749
219 203 802
215 192 142
49 223 167
31 81 846
38 170 391
118 187 964
229 197 249
219 134 6
66 72 519
5 175 270
178 234 731
14 199 952
64 135 746
196 210 683
77 52 337
175 105 217
154 186 841
92 96 298
146 169 75
54 166 407
105 223 610
16 26 327
88 177 917
159 115 267
198 56 324
106 199 938
101 82 922
30 8 451
134 107 35
6 236 431
209 189 315
166 190 404
75 30 557
17 65 426
170 177 560
55 129 259
102 212 392
1 219 199
108 134 967
65 85 163
238 61 388
65 139 846
223 93 842
14 166 928
243 28 405
210 4 401
55 247 739
183 11 421
20 237 770
203 167 596
8 143 818
188 206 595
153 20 810
240 18 392
159 196 866
71 36 570
46 53 233
131 144 962
187 227 988
172 148 671
141 176 644
84 12 257
169 208 519
168 21 820
185 64 982
242 180 833
227 157 179
77 87 206
215 167 150
59 151 80
195 70 998
1 35 620
13 18 622
217 156 525
130 190 54
162 149 377
15 67 317
142 156 339
105 147 545
25 32 216
75 175 503
101 126 743
109 153 234
243 1 103
88 124 35
40 43 425
66 32 788
209 151 321
201 82 691
177 162 663
86 82 58
236 139 778
9 30 887
58 131 285
117 138 808
141 74 916
60 207 571
20 90 136
229 201 957
93 182 142
126 174 552
79 148 197
1 3 827
99 210 181
75 121 66
120 184 24
55 137 462
129 174 262
33 184 845
79 143 657
243 80 528
77 16 539
247 24 484
67 32 653
145 217 832
45 3 651
15 126 375
181 105 404
72 96 996
38 119 837
149 44 994
71 143 398
97 98 305
223 87 502
31 234 830
7 98 565
30 66 280
196 18 644
19 231 721
108 191 389
197 63 980
145 218 53
192 1 890
46 157 918
229 170 592
171 169 678
27 155 468
174 112 343
192 230 320
100 7 77
203 155 759
46 57 294
91 176 116
28 99 355
175 115 66
34 36 520
193 92 279
188 145 492
174 159 325
83 168 93
41 133 454
116 199 468
26 93 347
108 216 808
188 126 61
1 7 101
94 95 947
1 19 928
40 26 692
16 206 985
177 178 737
77 138 927
77 74 494
71 191 456
49 212 865
107 195 396
157 56 88
143 238 975
143 78 486
218 30 762
157 113 34
143 151 845
201 89 235
167 205 973
241 80 392
62 114 661
10 37 507
108 39 820
202 204 398
71 91 406
76 168 788
91 109 32
43 31 788
70 176 594
105 115 858
58 155 814
93 143 813
158 93 365
217 243 116
13 41 987
79 237 455
152 158 951
40 49 831
77 208 367
130 188 899
48 90 398
45 232 582
67 26 564
1 162 766
144 217 969
55 40 682
125 203 843
50 218 170
1 31 123
104 60 856
151 174 198
165 36 98
98 12 487
112 242 971
14 63 311
218 99 166
186 95 709
181 94 74
66 212 545
232 237 276
39 85 625
17 125 544
17 51 619
242 16 202
197 92 616
77 111 624
214 131 135
45 100 640
238 92 588
218 121 121
59 76 605
103 164 751
239 9 460
105 126 554
144 111 136
118 1 735
50 148 586
183 191 525
49 240 430
83 164 449
69 171 998
235 39 610
4 97 252
109 193 629
89 2 891
9 243 529
120 134 30
245 37 719
134 137 245
188 177 898
116 229 737
170 219 854
1 239 5
212 35 326
37 49 706
168 157 28
40 58 707
131 209 160
223 95 548
36 193 969
79 115 970
243 186 629
98 111 823
16 118 765
6 192 751
24 112 697
82 220 608
141 233 758
105 157 785
133 181 392
21 164 646
5 69 748
118 8 89
235 128 892
168 202 201
1 72 40
66 67 964
239 217 158
74 29 298
8 97 348
10 159 390
237 64 380
201 1 494
46 178 114
44 79 208
14 96 34
164 65 840
1 230 246
9 147 22
28 149 825
137 187 183
185 66 825
186 209 204
175 212 286
29 49 478
25 229 810
189 226 914
4 10 337
97 19 255
38 160 255
6 200 555
117 62 562
98 142 897
1 155 101
64 127 544
184 118 503
20 157 892
75 90 38
8 27 830
153 26 740
112 96 714
47 76 501
12 83 51
44 141 48
10 45 484
229 164 305
103 208 738
225 67 402
102 154 67
51 164 968
41 55 476
57 157 121
98 236 775
92 55 245
206 93 428
22 104 928
169 199 313
159 54 910
89 53 122
172 40 204
86 152 136
238 187 303
49 113 917
198 238 224
49 76 869
1 236 697
37 138 45
81 15 649
141 59 953
169 122 991
157 126 642
240 114 65
91 92 162
164 247 782
204 109 668
91 167 836
92 11 154
159 209 331
240 73 132
221 71 70
149 35 714
134 118 461
47 131 515
143 15 959
67 8 845
82 165 923
138 118 811
183 125 297
125 141 351
224 66 248
33 134 78
162 40 436
144 159 90
1 52 634
138 168 923
180 215 472
58 23 531
42 62 881
64 199 805
172 98 946
26 233 794
129 98 918
22 52 584
47 134 828
182 247 804
213 115 950
220 171 211
60 127 85
22 214 734
9 6 752
163 166 958
4 7 585
95 170 391
136 152 150
237 246 118
24 118 656
42 116 693
18 24 208
159 172 554
170 16 43
161 160 896
137 191 163
59 66 19
48 29 576
3 75 737
155 174 638
94 235 656
181 230 306
43 108 133
33 194 157
17 89 566
69 29 411
9 196 606
51 104 499
44 107 873
101 210 632
57 2 85
210 205 922
54 179 180
172 58 540
89 25 235
122 67 787
1 98 814
139 66 402
85 196 987
142 125 615
188 183 793
222 153 934
224 115 399
171 241 106
102 12 888
139 150 719
215 210 532
65 14 148
222 32 712
242 39 572
201 238 478
227 182 359
19 222 231
103 11 633
73 43 203
106 7 183
233 94 603
199 211 472
50 61 360
140 40 68
224 183 756
235 155 984
20 84 730
6 8 770
222 242 608
84 125 354
113 141 451
127 29 308
116 103 331
59 243 879
80 35 673
223 230 593
168 115 581
58 59 923
195 48 826
149 161 280
204 30 76
189 17 788
15 109 127
181 187 854
4 31 454
78 123 781
9 15 498
129 230 500
172 105 793
146 222 265
34 54 555
77 158 774
129 179 722
233 161 961
10 202 809
58 39 614
193 236 511
196 42 299
137 185 748
45 206 723
117 197 58
229 58 87
219 158 953
62 140 844
48 177 170
77 39 283
156 25 902
215 160 976
115 131 53
10 204 159
196 206 618
66 156 48
50 209 413
20 3 616
113 52 827
244 63 88
218 93 75
187 103 965
27 153 759
33 160 416
157 161 519
241 104 922
166 227 281
99 12 899
112 191 260
200 129 116
129 168 488
52 149 786
86 34 449
189 191 897
151 187 426
172 151 166
95 197 627
29 65 702
210 20 97
49 101 582
24 80 24
87 234 786
94 183 406
193 176 814
75 78 312
220 145 582
124 53 201
80 70 386
4 156 224
162 47 478
113 210 62
28 47 813
232 209 935
232 157 292
105 53 8
15 57 123
218 215 618
108 105 228
20 94 756
56 10 687
105 212 86
25 33 582
219 178 713
95 117 885
223 208 910
82 40 5
164 139 333
240 148 641
118 141 939
113 14 572
40 239 19
200 132 363
167 170 616
183 66 466
63 213 202
105 203 311
9 59 992
11 23 541
52 20 780
2 9 924
197 129 866
115 144 553
74 7 542
27 175 149
229 92 927
44 3 337
184 20 770
43 194 291
63 110 330
222 132 715
197 187 635
26 143 422
139 207 599
20 27 410
134 54 580
129 66 871
78 204 267
8 112 755
1 106 322
32 47 844
187 107 153
179 195 473
204 52 636
43 105 687
7 126 701
79 138 307
45 115 586
27 110 830
66 178 259
107 39 790
165 198 342
177 197 949
170 97 726
6 206 927
20 33 259
106 165 371
45 82 473
31 46 79
54 129 354
209 196 246
99 148 924
92 61 820
80 93 855
116 150 542
41 72 730
57 232 57
37 2 968
96 212 359
81 165 922
238 81 189
142 132 523
171 194 630
172 195 958
236 58 591
233 193 646
1 39 706
65 198 67
11 56 201
6 100 134
218 81 888
241 209 808
38 60 489
3 81 658
77 97 406
27 82 224
131 225 593
178 91 485
239 117 910
243 224 527
185 171 907
155 230 848
160 240 971
209 190 703
127 179 889
92 102 633
31 121 644
31 74 942
14 110 387
174 29 536
30 228 622
152 162 312
133 146 250
14 58 350
195 80 9
58 54 572
91 238 514
141 4 530
8 29 233
62 173 531
44 234 945
108 132 705
156 39 159
22 76 868
43 44 205
139 205 276
244 54 894
190 239 810
27 94 450
109 224 774
118 209 357
184 151 576
227 209 613
35 140 124
46 184 104
44 115 1000
72 130 171
119 72 470
5 22 479
3 6 228
64 214 670
91 88 725
77 23 587
37 156 902
126 229 791
15 42 497
234 222 146
211 157 747
88 123 240
198 116 548
17 216 734
79 169 941
223 222 241
63 165 439
222 152 473
158 166 197
118 80 910
88 17 528
63 53 670
233 195 966
160 172 302
26 164 962
17 184 453
124 76 637
115 118 397
183 135 832
166 131 941
196 91 180
103 179 822
19 40 145
185 159 957
93 82 111
229 143 581
72 19 756
90 201 839
16 21 190
166 145 569
151 130 941
210 97 365
24 1 767
210 105 171
3 74 743
172 68 333
163 94 177
125 83 700
25 31 758
230 109 818
207 53 87
159 237 985
233 36 527
28 190 645
214 245 204
139 14 861
141 163 164
208 141 101
81 87 256
157 222 864
173 132 406
46 105 434
108 93 639
242 65 906
236 24 720
20 188 142
95 165 649
202 229 203
163 134 633
38 98 617
79 172 703
201 222 250
3 17 939
179 235 143
236 216 444
96 131 115
244 152 937
121 241 809
96 224 152
95 168 838
41 229 364
92 124 336
207 77 358
16 101 214
241 187 166
121 205 388
138 165 70
92 215 743
151 245 779
125 100 357
230 242 514
59 202 26
120 194 60
82 144 189
31 102 803
161 129 391
230 237 539
58 176 255
178 11 429
105 107 24
225 5 141
155 159 819
76 181 3
22 28 403
115 46 28
36 86 117
246 131 123
20 168 288
13 236 736
1 109 597
114 134 807
40 72 76
75 158 240
172 43 326
172 177 363
151 205 789
184 134 121
17 77 124
191 96 138
1 12 474
3 13 485
39 208 434
146 126 22
36 48 303
29 170 788
207 103 471
34 149 130
55 59 152
3 19 226
189 39 673
105 49 569
48 244 940
1 175 844
132 224 997
126 103 679
20 214 506
246 137 29
47 129 78
42 72 682
17 25 311
79 39 526
19 45 790
222 77 117
70 73 744
21 18 651
226 97 243
14 116 987
91 105 308
103 73 847
1 50 734
164 241 16
222 8 482
244 12 243
245 206 702
3 67 920
36 124 517
234 27 369
168 244 200
21 216 111
129 204 971
111 47 686
166 32 930
75 99 718
154 100 251
233 209 91
92 209 361
109 213 354
61 205 941
105 146 42
8 139 972
103 9 526
166 245 212
92 131 474
131 4 137
11 19 86
46 91 75
115 229 144
231 64 699
127 106 644
183 17 775
196 36 583
48 24 756
94 32 340
108 124 104
195 238 295
213 93 686
82 88 883
210 236 900
36 227 359
32 20 953
34 241 266
2 38 537
115 187 106
202 138 715
61 20 57
79 77 664
247 246 8
152 109 777
172 14 682
40 179 998
191 9 450
107 1 904
43 203 596
126 209 424
40 139 528
217 109 41
42 181 752
92 169 210
119 196 545
216 157 462
79 170 281
83 186 601
49 228 347
163 231 383
1 2 780
108 169 583
107 10 162
193 95 68
191 229 114
85 107 89
209 35 97
79 235 961
69 102 146
98 201 442
174 79 953
10 43 874
224 142 299
93 152 294
91 184 506
195 36 765
135 209 348
61 71 873
27 122 915
39 9 133
48 133 360
171 3 788
3 145 418
210 143 564
208 157 181
79 60 197
66 100 964
90 50 456
96 20 377
149 180 602
19 245 939
14 165 465
5 179 38
19 189 66
25 9 649
111 83 687
15 138 349
84 53 127
222 90 705
78 15 115
217 168 336
157 109 187
65 57 978
208 6 410
16 54 687
165 237 659
101 221 275
221 214 505
27 18 67
115 206 666
89 23 382
5 27 77
191 143 820
13 134 550
216 19 656
117 39 422
222 109 472
138 78 989
26 225 790
30 87 761
58 120 939
9 197 1000
19 169 941
214 71 509
53 102 843
148 27 609
62 14 841
216 189 536
79 220 856
54 218 464
22 37 83
39 207 958
182 235 450
84 6 178
41 124 211
140 183 481
110 16 996
66 16 686
110 86 787
172 93 830
194 103 588
150 198 387
195 240 78
124 61 307
31 222 509
73 138 363
234 64 533
83 1 989
225 205 757
209 1 446
107 162 695
16 31 613
235 19 508
177 79 426
92 130 714
155 54 675
117 172 960
124 155 174
18 198 104
159 23 766
216 148 431
63 98 955
5 11 914
205 29 694
167 180 133
1 14 729
49 116 964
167 224 401
144 126 531
182 126 707
45 62 296
185 144 230
245 91 687
1 131 950
205 64 509
12 156 552
67 153 491
245 115 285
3 191 122
127 79 294
