252 5403 110
125 72 808
95 236 509
199 167 578
109 154 585
64 232 240
117 23 776
209 84 561
197 134 837
51 15 178
210 197 961
100 153 774
119 109 617
37 33 426
89 43 941
190 127 198
37 127 634
62 70 379
197 208 467
163 207 293
172 247 864
64 88 544
169 232 196
3 113 30
181 93 65
225 43 132
93 214 572
204 109 374
13 15 968
133 151 584
175 205 843
130 172 347
41 162 693
53 169 474
133 216 997
87 109 358
41 125 397
43 127 672
115 118 891
55 59 934
77 235 707
136 21 184
33 85 362
127 64 515
57 7 953
85 42 566
157 169 594
81 37 473
193 146 741
237 184 334
76 174 532
1 121 4
167 62 898
117 105 260
25 28 610
37 95 58
99 87 314
101 17 966
167 1 591
169 13 953
169 107 713
28 218 729
169 33 785
205 121 841
77 89 896
182 247 891
217 3 437
235 156 667
7 1 468
142 61 789
67 176 564
36 173 800
185 149 600
213 91 614
176 90 11
55 58 960
21 107 837
59 185 87
227 33 28
37 35 636
65 45 502
102 1 387
217 240 135
211 209 612
124 97 717
160 97 212
184 29 552
55 109 791
225 169 574
183 239 387
250 61 994
181 105 951
193 8 487
110 212 936
16 225 91
113 67 594
235 43 258
215 225 9
57 217 228
199 43 559
13 41 887
127 237 576
94 53 88
86 96 528
26 221 656
115 103 300
103 64 658
37 53 108
91 88 521
125 81 482
19 153 12
22 127 626
217 82 343
137 184 504
36 28 628
219 73 310
91 165 985
215 10 651
169 239 520
37 166 991
83 37 812
85 31 742
15 217 986
1 187 6
19 148 621
67 71 463
61 113 234
57 116 439
179 217 537
232 133 810
95 172 675
35 1 369
190 193 898
181 74 550
127 246 162
53 241 271
244 173 670
112 29 107
232 7 959
83 5 238
197 120 414
191 136 777
191 134 723
221 87 166
44 103 350
25 105 681
87 246 269
244 145 573
179 64 526
73 40 359
165 112 415
218 25 199
211 120 651
231 232 412
7 105 676
17 241 40
21 164 602
251 127 102
188 190 95
197 237 988
241 117 145
180 100 308
193 81 989
89 136 713
88 13 902
247 179 759
187 135 892
221 112 962
11 205 92
211 15 930
117 137 478
105 155 914
153 202 81
120 102 526
55 154 742
50 147 759
15 163 263
9 60 947
1 125 222
10 131 160
120 133 319
43 1 651
159 37 546
56 212 739
87 235 371
145 225 809
133 246 79
249 8 255
193 237 72
85 239 172
147 75 957
173 80 633
222 143 149
163 27 546
169 38 286
196 221 490
25 34 455
85 65 782
18 251 790
73 120 315
71 82 32
2 141 698
177 3 684
196 53 977
93 13 242
9 239 818
245 40 58
43 109 689
191 97 478
22 114 363
75 207 558
69 243 108
56 10 498
17 220 371
137 217 628
57 51 715
37 39 909
214 25 374
173 27 118
93 235 135
178 5 831
227 79 527
127 77 513
57 85 552
218 141 276
45 40 599
139 61 592
64 9 877
196 118 270
161 13 731
159 93 775
121 153 825
195 244 252
28 103 367
1 217 951
108 61 553
229 163 774
71 250 271
173 61 66
43 155 22
158 207 49
47 163 19
35 247 253
239 197 737
145 181 355
171 150 896
177 17 784
229 192 15
55 78 855
237 139 582
205 225 621
85 173 445
3 37 833
71 172 552
101 31 861
213 235 699
130 101 905
85 113 575
121 120 836
131 135 336
1 45 218
40 154 246
187 181 171
71 89 768
90 189 173
121 191 928
1 239 561
229 37 46
227 82 712
109 1 33
37 43 567
37 217 605
112 242 684
225 127 37
1 34 191
109 205 648
205 226 337
141 198 132
129 231 539
112 188 304
163 176 457
23 224 939
57 136 323
89 181 231
160 227 191
200 1 161
47 127 504
197 57 813
55 133 75
29 104 611
234 46 853
33 130 607
205 50 323
49 202 501
228 22 708
29 97 203
107 181 872
211 1 401
37 41 702
19 40 144
69 109 244
211 31 788
37 189 767
1 95 66
37 17 749
56 176 571
60 43 161
133 195 723
41 81 48
199 53 520
21 50 829
221 247 32
153 43 622
175 93 979
135 209 865
211 249 820
97 235 171
79 68 801
192 77 353
86 202 411
88 188 479
109 157 877
131 115 387
109 136 713
163 217 768
89 235 201
233 250 523
229 190 969
33 141 80
12 241 838
91 193 469
205 141 814
185 201 717
201 101 745
125 247 282
34 217 815
143 194 267
181 237 806
59 173 859
227 47 125
135 8 249
133 77 28
226 125 994
93 1 428
109 223 909
1 8 272
154 127 793
235 100 821
207 37 199
125 194 449
205 178 725
211 226 795
51 106 467
116 218 573
113 237 86
165 28 959
199 212 891
55 52 580
231 136 160
169 200 685
173 190 187
2 83 323
219 21 860
81 147 306
130 15 633
91 124 649
141 127 130
85 157 42
77 177 914
83 149 958
246 55 886
69 46 299
5 17 854
58 189 157
229 175 778
127 101 503
197 97 535
71 7 415
123 169 561
138 240 125
241 25 855
55 114 615
133 99 343
211 123 45
213 83 45
53 205 931
222 137 506
1 53 930
238 207 185
79 213 406
196 219 568
236 133 755
31 202 239
189 235 970
127 241 783
149 1 151
55 195 650
237 125 775
183 226 738
1 127 719
64 172 26
41 99 274
30 190 750
97 64 970
127 201 938
51 94 942
9 85 336
139 57 50
85 162 375
23 220 39
9 109 530
221 189 901
61 239 875
125 100 339
46 45 336
92 158 25
231 162 876
197 213 213
121 17 106
93 96 491
67 197 303
161 67 977
61 148 103
205 120 359
141 17 936
75 43 924
65 198 50
161 209 159
213 25 583
203 235 928
250 121 937
19 59 599
85 196 592
54 29 33
85 230 866
72 61 146
190 11 728
33 82 944
229 225 226
182 91 641
231 206 956
181 129 805
182 214 963
170 41 602
193 232 152
196 7 193
69 97 239
9 49 377
139 30 277
161 37 714
79 212 255
131 217 792
15 198 49
109 114 122
192 55 527
181 25 464
217 89 636
229 97 364
107 252 381
247 197 425
1 243 403
149 106 446
91 138 966
229 35 217
154 205 260
159 207 545
65 226 554
22 246 115
109 71 610
145 121 260
15 73 414
83 141 632
225 149 465
97 20 407
83 127 35
109 34 963
52 218 734
73 71 279
23 244 994
38 29 527
65 73 224
139 91 759
149 205 227
205 179 260
28 211 389
137 163 202
75 73 8
78 245 813
6 19 353
76 170 496
145 146 401
183 163 322
232 180 237
65 193 196
213 82 471
17 129 888
93 135 332
133 73 150
235 70 42
9 141 447
219 103 125
241 222 514
40 75 269
174 40 159
169 141 745
109 67 567
237 121 823
78 177 998
66 186 828
31 199 232
209 130 948
89 36 681
55 68 348
246 165 705
71 166 201
85 147 605
61 241 440
134 93 108
79 135 120
221 2 934
197 71 757
1 81 560
163 142 640
43 17 505
36 148 369
207 247 579
109 173 501
24 205 710
43 29 767
46 199 222
224 153 461
85 77 992
2 6 970
1 32 866
89 148 571
106 229 138
41 249 293
211 150 41
126 184 311
63 152 2
125 205 795
221 250 216
173 33 857
137 147 827
239 161 936
137 75 940
180 169 263
211 189 820
61 123 480
72 57 264
30 158 845
125 225 134
61 99 175
101 216 828
135 186 538
169 183 913
145 3 238
29 99 526
232 57 515
49 249 560
47 73 181
173 10 162
12 40 852
217 136 883
65 152 999
229 245 3
169 17 503
37 177 269
107 126 264
121 169 616
81 25 391
191 210 554
123 93 153
201 64 928
225 23 879
190 90 734
153 17 932
19 65 883
241 177 406
101 133 178
24 116 939
76 43 625
15 71 568
115 133 503
197 181 589
204 162 601
53 213 437
217 210 762
224 121 441
181 148 498
193 251 376
78 215 98
113 246 847
57 208 408
103 128 160
139 135 532
85 132 222
45 37 145
13 213 654
71 210 31
148 49 469
4 12 109
165 1 860
101 115 513
220 210 576
171 181 596
117 65 583
209 230 951
75 211 936
208 41 984
135 73 529
169 7 231
144 223 405
241 181 675
99 211 84
82 105 911
1 15 638
45 27 213
187 113 588
50 106 552
99 189 729
117 63 489
19 37 354
14 181 765
85 244 690
225 163 423
217 83 236
199 111 635
50 85 806
87 231 44
63 76 22
162 50 685
5 46 374
109 133 368
25 73 420
37 251 17
181 164 893
13 242 979
208 140 941
163 61 810
96 90 204
245 1 726
82 37 436
103 15 815
181 186 624
37 105 431
200 233 592
231 25 9
154 181 618
246 203 28
121 65 148
157 118 63
19 179 10
201 1 24
204 199 124
167 163 782
121 57 297
73 208 707
65 191 840
163 204 168
173 213 72
109 235 982
121 73 9
19 41 274
197 2 103
1 183 274
88 157 683
223 176 489
163 94 93
19 246 367
213 77 332
131 172 423
133 225 647
203 217 621
232 63 839
189 218 47
77 244 496
165 234 442
85 153 698
220 117 231
154 241 480
63 47 441
85 241 180
15 170 358
85 172 351
103 77 159
1 233 769
121 89 152
133 244 908
141 61 786
196 189 634
170 53 386
136 27 501
50 132 774
79 140 423
91 84 620
59 133 437
161 218 739
185 187 163
39 176 630
217 4 317
232 30 583
45 11 541
49 241 685
244 118 836
199 181 213
223 115 355
73 27 324
163 19 77
43 106 787
189 191 413
127 15 790
10 113 831
145 154 880
209 48 651
124 178 779
239 218 971
169 23 480
112 197 778
240 211 661
157 39 418
85 43 222
49 89 190
195 184 830
236 4 726
150 83 762
209 251 481
36 211 328
88 209 809
160 241 704
81 190 283
179 40 424
205 85 864
52 193 977
163 46 760
157 226 270
64 177 994
166 41 77
193 154 508
213 64 326
231 5 581
23 24 76
170 202 155
138 178 682
183 91 935
113 221 803
22 57 439
85 78 950
67 204 247
93 76 107
37 113 44
169 71 874
197 106 382
250 49 605
169 145 985
249 37 317
43 72 538
202 38 825
95 57 802
91 33 785
127 71 313
235 44 145
103 80 371
249 199 136
1 160 191
2 101 436
1 164 587
43 149 634
101 92 3
153 1 822
42 31 728
190 151 12
169 64 377
180 15 452
157 33 750
128 127 684
249 69 713
121 187 700
211 197 323
241 214 777
109 82 714
229 137 688
251 1 870
25 178 137
8 245 8
220 217 558
141 115 401
93 85 950
165 195 887
10 141 370
70 193 416
70 226 158
211 97 697
111 203 65
127 172 661
247 229 313
247 181 908
141 241 373
215 169 27
126 147 16
109 232 400
97 32 83
117 239 351
6 195 624
196 229 991
79 162 588
233 65 428
8 233 353
97 204 741
133 217 91
22 199 992
148 166 448
169 223 60
56 197 406
127 233 963
67 121 579
89 25 162
217 167 733
32 39 729
240 69 109
46 154 874
225 119 335
156 100 754
169 70 395
127 55 364
105 249 502
139 51 295
105 144 781
100 202 783
47 8 736
211 200 488
15 25 434
232 225 379
55 175 532
185 163 619
103 131 685
29 35 105
148 114 687
145 13 826
109 13 28
88 227 252
134 37 528
19 55 41
94 1 429
29 205 133
155 225 971
201 145 436
28 173 110
67 93 365
75 97 817
187 209 162
215 103 460
181 243 761
99 239 190
205 208 659
170 12 227
193 250 377
4 93 523
140 177 320
185 193 649
223 235 741
2 27 2
165 149 789
235 238 687
235 232 789
197 203 867
211 247 681
211 140 998
112 241 556
41 169 485
1 79 986
241 31 830
83 154 134
211 228 594
148 146 968
23 233 470
109 152 933
245 145 627
127 211 808
221 57 419
139 178 796
209 172 524
71 29 804
40 63 945
25 197 964
118 112 936
197 191 376
215 61 163
85 55 452
91 243 226
93 213 688
43 222 308
247 193 861
173 198 180
199 239 153
148 187 358
64 142 137
139 29 821
67 145 592
244 187 650
80 169 340
104 145 250
29 39 359
13 140 660
1 113 932
86 121 905
1 215 180
197 81 601
17 25 620
222 127 150
31 138 7
172 217 979
9 219 289
51 220 603
71 187 662
156 197 791
190 197 54
106 202 106
97 82 557
85 231 496
45 195 963
251 145 743
147 18 261
149 84 428
60 195 381
137 17 811
29 249 207
7 53 808
241 208 585
45 57 156
3 59 313
249 68 5
136 220 607
171 127 779
181 163 801
71 225 202
79 57 849
5 182 105
43 139 991
148 178 135
43 245 508
46 85 844
145 120 364
77 121 44
201 235 334
28 94 831
36 137 651
37 10 505
29 215 761
161 89 764
190 117 262
1 55 300
117 212 938
105 120 234
79 134 803
228 120 962
145 153 692
85 133 965
151 249 988
169 98 183
211 169 951
102 109 668
159 97 712
65 25 713
140 187 663
194 79 402
196 193 572
16 137 919
217 36 742
206 211 872
25 82 620
155 139 664
23 172 69
85 179 547
37 129 617
241 22 646
17 197 78
49 225 20
37 109 591
148 25 876
33 181 970
197 8 505
187 55 955
99 23 429
155 169 64
106 34 892
57 235 986
29 192 142
187 247 345
8 127 247
141 79 937
208 88 405
9 29 711
64 156 181
10 240 562
166 209 701
112 127 972
157 95 979
100 46 343
181 172 57
208 5 125
59 209 914
111 131 191
47 142 63
41 57 928
91 85 628
63 73 912
177 31 603
109 126 324
32 157 9
224 178 208
76 237 972
81 133 722
109 239 454
69 197 508
182 241 520
78 211 683
1 119 940
187 97 390
169 76 486
84 139 45
202 29 789
25 145 903
211 91 183
178 7 996
6 141 551
109 147 543
110 175 181
33 43 154
244 169 903
49 81 185
91 61 643
88 169 167
25 137 971
16 130 735
61 205 487
169 175 870
37 125 986
171 223 799
174 157 512
3 96 531
179 53 670
236 91 137
1 47 146
99 57 214
172 164 270
183 52 198
31 109 989
21 115 793
47 145 635
177 57 498
37 220 787
16 205 652
229 70 258
109 229 138
236 51 4
133 82 592
84 95 668
15 208 242
79 181 643
64 41 983
187 123 95
58 177 582
55 230 483
28 117 696
187 63 813
217 31 192
125 120 373
73 22 835
169 27 52
218 57 236
113 8 749
127 63 815
201 125 909
1 9 916
151 79 28
133 181 801
169 185 140
34 40 710
29 131 35
185 226 49
9 113 262
106 239 702
1 184 125
58 93 186
17 78 849
73 43 305
71 6 135
139 93 944
39 156 449
52 226 151
249 40 860
247 225 392
125 208 11
28 130 419
117 211 168
94 157 193
167 218 242
69 218 405
37 214 439
30 25 918
60 120 788
157 239 586
29 92 475
235 65 948
190 239 659
145 100 991
31 218 532
4 232 992
175 52 786
58 169 133
190 43 639
21 70 761
21 63 139
31 226 298
25 235 856
37 101 819
227 117 291
25 155 469
41 53 628
113 230 151
181 120 846
15 85 668
169 198 887
57 241 469
117 139 637
55 170 990
172 187 67
19 137 799
144 34 92
85 232 123
139 171 684
145 248 372
243 37 688
73 205 619
127 205 630
83 64 357
229 183 886
241 100 714
249 237 852
181 147 453
199 203 458
119 135 964
178 165 560
21 129 896
71 191 615
84 124 490
73 148 622
214 85 883
66 106 843
25 157 103
161 23 314
53 237 970
180 241 841
208 97 98
151 181 58
43 208 458
151 209 488
168 120 994
154 204 333
249 244 307
20 180 227
230 201 4
193 214 389
53 107 605
217 124 776
63 145 512
19 102 937
221 97 126
212 73 588
119 221 343
157 194 466
64 115 8
221 43 938
199 218 106
19 3 341
214 47 78
201 96 70
232 229 388
183 224 344
34 141 863
107 221 294
107 209 87
34 61 805
19 26 813
169 151 445
75 15 653
41 116 990
118 71 760
137 73 614
91 112 537
195 64 898
221 167 170
91 21 542
144 111 610
75 23 115
3 116 181
97 7 608
197 202 845
65 190 898
157 38 996
157 75 794
136 237 41
1 191 129
197 217 634
85 10 541
45 145 866
9 172 306
189 149 586
229 55 915
232 26 7
226 5 223
205 193 404
21 217 966
204 129 705
129 54 495
169 106 748
84 69 704
42 72 450
252 25 581
3 7 932
187 199 593
61 155 131
237 240 477
66 131 495
25 162 965
57 181 411
4 58 706
57 8 823
235 112 272
244 198 609
156 109 798
118 167 365
211 252 562
217 71 880
162 11 880
5 30 467
43 207 111
170 7 961
229 132 559
120 10 356
75 143 594
130 165 270
154 81 744
41 40 303
144 57 713
105 202 650
82 113 559
9 179 500
127 187 693
195 145 513
43 158 10
164 32 687
107 235 536
80 249 694
42 149 563
113 155 46
64 157 455
85 203 781
46 103 286
229 208 406
15 41 385
189 91 197
131 151 702
130 61 284
190 246 985
115 212 837
159 19 38
115 119 799
45 33 25
75 45 511
45 78 986
113 201 981
89 85 579
235 113 5
174 59 671
1 250 516
143 249 918
13 178 20
101 129 953
25 216 451
152 53 518
87 145 771
223 157 736
71 43 894
64 92 85
199 52 551
129 113 436
111 73 243
155 199 999
29 103 2
138 22 260
23 29 964
191 213 98
136 185 411
169 153 458
189 97 463
29 118 185
103 129 794
107 17 205
96 242 76
163 76 190
73 153 44
70 202 255
78 13 708
82 228 376
166 157 947
137 136 51
193 181 154
175 43 496
197 115 317
249 84 415
209 181 637
167 170 318
217 127 62
133 11 501
13 65 580
239 249 413
10 15 432
93 129 151
99 15 163
28 96 620
237 236 262
117 57 314
181 121 688
133 193 91
109 115 458
66 4 694
121 185 268
151 137 314
93 109 540
192 85 262
99 81 902
147 173 45
37 209 495
224 115 814
197 167 441
27 193 522
134 241 736
226 193 211
193 143 487
125 218 894
225 46 454
237 109 464
213 45 753
229 235 261
134 14 126
93 57 329
25 21 925
109 169 224
216 203 474
105 10 548
1 40 539
181 202 370
29 105 654
77 210 418
247 190 922
91 53 576
43 79 952
106 110 819
95 91 720
100 165 558
11 142 772
16 204 373
57 105 38
205 157 559
39 199 202
193 187 893
141 245 743
143 223 583
157 241 919
44 153 759
20 73 936
19 201 90
5 61 747
190 33 400
99 37 148
37 198 548
209 51 614
173 172 522
111 55 268
251 51 754
85 237 221
239 113 248
13 217 758
190 64 331
1 111 179
249 245 821
190 241 170
33 127 297
55 57 911
13 114 23
145 55 497
237 169 134
190 85 92
86 105 982
221 190 399
31 79 235
6 57 913
25 206 502
211 121 829
29 145 159
38 93 951
173 99 586
56 1 84
17 57 593
107 28 917
109 187 303
115 67 828
81 76 411
191 223 79
60 12 666
107 165 103
211 73 770
248 169 622
105 73 653
28 187 867
85 115 618
60 91 744
35 145 52
15 18 89
235 159 529
169 184 763
31 175 279
43 124 933
113 141 288
247 25 6
112 43 816
97 17 59
101 32 103
124 85 780
199 117 435
95 159 573
3 68 881
10 172 190
194 211 862
23 28 666
155 229 442
13 150 96
82 252 38
181 61 456
11 67 112
56 61 984
55 21 628
211 34 81
191 115 570
17 82 32
45 9 944
246 154 566
129 85 376
244 165 161
225 112 924
158 46 495
145 22 77
241 95 340
145 101 340
247 233 20
201 241 298
127 134 930
62 182 881
79 42 245
213 43 729
128 219 362
193 58 264
160 235 505
201 135 409
85 218 902
43 193 40
106 187 576
169 78 211
173 145 818
81 17 247
4 14 350
43 159 947
122 17 695
172 78 556
4 182 10
53 163 984
197 161 214
117 193 87
205 64 214
20 71 784
88 184 150
73 173 529
247 37 357
147 208 279
247 4 879
26 213 740
57 5 403
244 70 475
241 43 184
189 127 465
197 64 344
241 166 207
6 241 623
164 37 344
175 208 810
72 244 435
221 146 260
29 91 854
128 149 861
33 250 1000
97 109 24
50 229 355
89 13 486
13 23 240
43 46 486
71 10 877
17 93 851
64 113 371
201 67 336
7 92 826
153 99 825
13 211 49
49 85 335
33 166 243
127 244 805
144 109 2
78 99 27
42 218 796
190 113 386
225 97 160
49 43 995
217 33 139
69 174 895
60 182 164
125 249 936
36 54 811
195 138 331
45 133 685
31 246 342
250 190 318
163 16 729
232 71 445
237 153 63
226 167 569
185 229 493
240 1 347
78 145 537
225 22 303
243 109 725
137 1 623
22 141 972
49 52 688
239 105 68
133 239 410
111 41 247
41 51 720
181 16 120
69 3 648
39 61 833
19 23 603
208 9 927
100 246 725
85 151 496
92 12 753
137 166 597
130 181 756
113 87 78
169 139 582
92 225 565
183 145 913
1 244 133
141 226 729
91 241 539
206 57 711
85 235 688
141 232 876
122 135 660
89 156 658
78 84 935
34 184 825
69 119 906
127 105 165
237 129 103
210 124 981
101 105 270
143 141 138
15 133 326
234 94 897
126 129 743
17 214 146
191 233 755
13 46 40
230 164 643
249 1 574
226 19 726
91 132 438
129 206 304
92 205 673
175 141 233
127 138 357
245 225 668
92 57 905
22 154 523
235 193 664
136 29 811
224 65 494
121 39 61
87 127 45
94 230 931
34 73 591
243 141 671
153 63 715
247 177 828
234 215 950
113 53 116
208 40 794
229 43 413
85 94 536
34 110 914
117 10 992
236 213 269
223 9 958
161 65 658
81 207 766
249 83 805
151 177 141
239 45 630
137 205 609
37 239 25
121 209 134
10 242 990
169 57 614
172 145 449
169 55 479
127 210 309
217 166 982
37 147 217
117 145 22
217 226 748
10 181 626
71 31 904
34 143 596
116 145 645
141 235 528
130 205 78
202 221 463
196 231 804
89 31 998
169 100 137
79 29 936
215 28 262
135 219 504
157 43 451
88 233 79
208 225 809
1 179 223
141 41 342
169 69 892
163 69 62
13 85 960
115 169 927
29 101 891
49 192 347
127 9 615
45 187 377
97 153 484
153 157 195
57 202 822
148 43 590
217 121 54
8 213 721
217 225 951
62 57 836
82 12 156
3 16 661
28 190 99
136 97 400
67 45 722
100 207 367
135 17 244
79 183 737
142 169 703
19 27 526
163 36 215
203 215 198
100 66 33
49 53 886
205 1 632
105 236 836
145 43 326
229 33 778
19 63 467
111 21 332
205 41 227
177 169 705
163 211 401
57 249 574
239 235 800
149 57 791
93 177 606
186 247 914
216 209 881
242 81 360
127 153 132
19 149 640
39 113 782
151 139 430
213 49 544
71 5 695
132 173 274
160 181 410
17 39 965
163 241 164
61 189 233
206 141 770
237 220 186
71 154 573
245 91 875
55 91 971
109 77 996
167 51 529
93 61 969
53 81 443
184 48 387
109 128 719
87 157 954
218 102 873
16 73 797
223 209 820
241 155 339
244 178 612
129 249 36
244 213 333
73 187 323
130 82 450
211 245 63
33 2 884
205 204 21
183 29 571
12 61 261
206 37 20
108 232 200
248 239 946
111 181 374
163 11 25
197 79 953
225 211 962
127 118 759
73 59 798
16 38 193
71 245 552
88 246 99
233 189 318
141 101 383
22 99 627
155 28 258
97 185 723
209 10 418
240 183 68
64 119 407
8 142 551
233 97 42
141 165 81
5 36 96
1 61 146
121 69 734
188 22 183
50 220 418
185 85 793
9 243 446
237 73 606
193 36 928
73 193 589
25 238 109
109 121 392
13 141 469
208 143 585
37 58 321
92 21 977
162 91 559
190 13 250
163 81 105
188 133 525
101 165 508
75 145 755
197 60 159
163 201 808
85 155 900
55 134 136
42 197 495
61 176 909
50 65 618
75 215 858
127 129 884
7 181 525
37 242 51
89 213 808
176 131 998
181 87 157
249 217 655
121 236 248
131 222 664
8 33 966
169 77 507
221 186 769
68 2 144
98 84 573
163 25 24
55 29 765
9 210 827
229 36 597
127 192 492
235 137 463
22 79 261
247 127 189
7 151 569
121 160 50
229 162 917
23 157 368
120 154 414
71 226 904
109 193 593
81 239 425
113 91 595
127 20 491
220 154 871
45 99 180
100 181 446
241 29 931
109 27 529
183 197 376
217 143 10
123 99 787
127 100 314
14 69 986
145 99 238
171 225 88
86 142 977
221 208 720
79 90 598
239 17 139
83 199 991
45 97 510
3 171 744
64 69 126
1 235 843
57 87 252
112 10 411
32 175 67
46 49 313
191 105 597
151 57 181
145 205 131
157 99 650
16 51 50
217 40 288
19 9 853
32 247 38
128 220 187
88 20 110
79 225 283
238 142 275
233 37 251
57 68 503
7 225 602
221 149 64
42 43 910
143 67 645
91 169 227
85 195 813
13 37 469
225 17 530
21 133 941
168 211 365
244 113 309
95 11 784
146 81 85
211 8 561
19 109 829
181 85 942
19 249 330
190 125 31
117 157 690
40 57 865
201 85 79
189 77 136
65 199 622
163 73 427
91 225 5
99 31 452
145 49 592
73 129 150
177 148 787
119 235 714
247 161 597
241 88 933
211 221 545
105 205 616
55 106 885
49 175 531
57 106 24
88 134 387
34 132 865
43 151 941
190 101 61
127 19 533
231 217 495
15 4 360
196 177 342
138 159 659
133 173 438
97 205 854
249 201 16
218 73 787
232 105 749
125 29 411
115 42 162
101 55 53
148 118 390
175 247 522
109 245 665
130 215 214
106 4 348
2 17 957
102 190 525
145 223 853
11 183 638
121 112 882
249 228 120
119 247 700
201 150 967
133 64 981
37 205 474
1 106 967
40 112 355
13 61 732
137 216 42
57 134 108
18 231 475
5 79 503
177 201 56
213 113 912
55 220 6
95 243 619
213 129 959
151 41 328
76 201 782
217 195 44
73 115 953
97 134 933
69 17 5
109 165 866
209 189 206
142 106 453
155 126 317
244 35 202
76 73 732
217 161 235
193 123 3
51 133 713
226 46 490
212 58 80
109 142 118
5 209 362
208 192 726
230 33 350
165 175 797
230 31 585
232 123 87
19 111 738
213 224 561
39 21 526
80 93 542
123 239 627
94 83 865
139 217 489
35 64 649
69 188 433
169 46 704
1 130 272
77 22 181
224 169 839
247 73 527
250 197 532
53 219 656
187 232 330
63 173 262
42 109 838
163 129 801
127 160 929
27 13 728
64 43 569
190 31 475
65 197 550
61 109 203
22 61 321
124 193 89
169 135 866
228 57 452
187 65 965
85 135 52
111 201 98
229 151 971
221 88 20
160 133 270
233 225 639
85 169 753
136 37 499
229 233 234
127 13 912
185 190 334
52 237 883
48 243 732
64 124 368
119 232 419
151 173 376
181 128 703
93 225 38
145 61 857
19 171 97
217 130 282
127 184 539
118 169 254
212 232 375
8 137 548
10 213 936
7 13 998
236 59 788
151 26 25
42 61 376
19 10 988
118 61 118
34 113 453
113 185 898
211 21 833
121 33 860
78 173 868
30 85 319
223 108 816
247 217 465
25 97 516
132 201 605
171 109 401
1 72 947
24 139 645
73 30 644
57 237 555
149 61 32
13 163 688
1 226 802
55 90 680
85 121 495
185 127 880
129 211 200
89 155 428
5 29 837
95 225 841
116 197 93
223 77 182
153 241 973
238 113 154
166 199 270
99 88 480
68 239 69
82 141 459
224 138 876
92 193 176
7 77 202
229 158 118
129 105 564
129 166 604
142 41 983
37 213 955
57 29 386
13 73 536
57 162 813
226 148 120
246 46 325
101 1 210
224 131 918
64 189 609
190 165 875
163 118 215
109 57 828
217 111 456
71 239 575
57 132 506
249 195 444
23 163 141
77 49 910
43 74 341
218 56 367
30 46 250
99 223 473
171 112 408
99 126 628
11 82 897
40 133 803
197 199 938
141 135 483
85 225 962
46 205 806
36 41 74
235 33 433
16 237 665
217 105 157
86 169 279
73 26 115
38 192 509
68 1 601
131 40 70
68 237 233
244 93 121
85 251 544
245 49 854
238 87 173
205 172 28
73 213 862
134 90 148
105 52 463
177 73 893
119 199 307
131 161 967
181 27 743
155 184 247
63 98 439
105 196 659
145 179 382
85 19 249
121 54 482
13 167 964
55 223 420
248 62 494
212 145 8
237 13 591
217 65 972
138 37 419
91 141 854
57 30 76
64 209 766
133 191 323
55 82 190
210 195 224
43 181 957
153 181 535
145 1 128
7 61 893
208 127 889
10 178 771
84 118 789
20 93 419
201 71 945
214 11 194
188 221 233
120 235 460
169 75 154
201 13 232
43 113 153
121 247 527
139 109 702
145 171 654
154 190 745
39 13 5
203 73 13
238 8 967
4 102 662
13 8 923
202 62 543
16 8 645
167 162 442
203 195 279
97 149 960
147 13 228
13 99 345
78 199 169
181 34 850
93 55 818
88 181 975
75 199 535
197 186 616
7 73 14
31 90 614
234 1 794
99 103 722
7 136 803
190 87 670
101 198 124
21 169 937
25 79 450
173 204 131
178 60 711
125 224 741
91 184 907
1 41 458
193 57 715
47 238 542
91 227 789
91 190 793
120 34 248
190 22 866
246 43 427
55 4 919
196 175 145
145 31 173
245 73 46
226 238 847
31 41 806
189 92 454
225 129 592
161 101 464
1 129 892
14 88 275
59 217 244
161 194 129
121 118 151
133 102 405
129 117 131
89 23 632
233 5 171
8 229 707
187 249 300
250 37 424
46 138 317
145 229 430
145 93 460
120 183 515
51 193 658
134 61 569
55 37 526
233 217 958
229 213 146
179 112 445
43 189 506
117 15 314
230 217 839
49 151 162
193 61 756
87 44 11
157 181 446
213 31 94
115 79 139
141 70 8
179 184 977
19 225 69
165 81 105
42 49 653
207 1 776
59 211 389
49 240 246
56 113 162
197 131 717
4 71 362
89 65 341
206 117 608
204 211 857
131 33 484
181 11 421
25 57 844
61 235 304
64 168 937
29 239 897
47 67 243
19 170 607
137 110 565
197 157 277
169 178 685
190 131 431
190 166 965
55 157 494
156 244 682
247 173 803
137 169 873
247 89 392
193 163 49
151 109 714
46 26 480
8 165 394
113 88 41
64 158 360
41 148 849
100 37 874
222 152 335
209 215 787
55 13 82
46 121 285
151 99 796
15 64 248
11 232 398
71 128 553
155 127 403
11 141 27
88 119 771
145 115 781
79 199 267
85 199 26
19 211 291
178 242 795
199 198 125
107 218 899
181 190 903
165 226 549
1 92 235
22 117 998
48 87 679
177 144 945
225 235 62
75 112 931
33 1 275
227 125 68
148 149 676
93 94 1
156 206 740
53 166 396
85 12 260
34 245 311
48 78 326
225 9 2
238 13 629
167 233 816
1 27 449
167 11 276
115 211 182
211 37 108
59 25 475
85 164 210
32 55 180
160 10 203
167 82 470
25 229 767
57 137 756
137 49 125
186 148 576
148 246 371
136 73 578
181 137 559
205 15 177
231 172 46
104 227 550
127 14 362
226 142 498
26 37 238
169 146 474
162 121 203
205 22 801
1 223 849
13 112 72
13 94 124
194 19 835
55 22 517
199 97 279
145 127 291
218 95 695
169 246 668
241 232 201
53 97 737
179 89 737
61 179 375
29 49 661
91 136 346
193 85 730
215 37 561
120 201 731
29 84 898
61 229 866
65 151 563
78 15 150
211 239 419
183 41 817
43 197 599
58 75 50
162 217 648
61 161 478
190 74 171
25 75 880
156 233 877
238 232 550
1 104 927
43 216 943
85 82 969
141 37 634
41 213 13
45 109 453
179 39 811
228 166 974
235 13 460
71 213 513
124 37 5
85 213 525
15 120 621
215 126 925
252 197 68
221 1 481
177 190 197
249 243 235
25 130 915
139 9 936
192 25 884
234 73 921
218 131 920
134 151 829
66 225 165
169 238 131
80 25 337
190 73 823
219 170 293
115 55 873
140 230 340
109 96 288
28 157 979
171 151 71
125 242 495
94 190 24
247 109 826
189 28 384
9 229 917
7 166 907
81 69 41
127 221 200
145 71 915
224 1 87
73 17 451
151 141 713
15 237 390
78 5 913
29 127 354
118 50 483
134 78 776
241 235 231
64 73 251
122 169 392
85 87 807
201 21 222
238 91 960
43 19 390
121 212 881
39 145 423
111 141 182
123 107 962
20 145 314
189 3 95
61 83 11
121 82 690
151 244 256
48 238 592
82 134 452
170 225 840
208 61 560
245 130 897
241 5 458
245 85 377
205 134 372
127 42 955
178 223 522
245 129 300
41 210 736
187 84 998
145 24 366
129 136 724
179 81 991
7 9 476
121 235 736
112 115 595
37 24 233
118 218 790
103 245 860
24 55 459
145 196 641
163 222 450
184 131 577
27 148 188
43 13 928
127 46 834
169 227 687
107 206 61
205 113 715
138 69 205
73 145 542
157 5 119
196 238 96
217 125 125
77 197 410
36 2 190
175 193 189
237 145 941
73 89 650
40 160 494
51 77 940
37 57 490
159 176 223
231 103 237
99 242 972
64 55 680
101 169 569
10 27 95
137 98 756
75 30 107
109 46 392
237 37 998
226 109 882
209 202 355
136 171 369
86 228 121
250 112 719
106 172 149
5 183 324
37 240 479
205 51 238
26 82 9
11 115 902
229 153 50
217 56 286
197 19 555
89 33 256
183 172 816
89 55 84
49 169 136
105 141 806
22 139 630
148 6 239
9 17 922
217 76 571
124 17 329
83 235 42
244 134 130
241 62 134
64 77 985
220 157 343
217 99 526
205 4 743
127 61 700
163 64 777
65 248 872
77 209 607
1 105 864
1 110 626
22 81 465
37 163 898
42 211 269
9 22 98
15 19 434
217 11 495
106 155 995
103 1 299
185 29 934
112 213 10
45 129 463
1 169 685
76 130 916
45 43 116
157 81 576
127 94 280
205 171 611
177 88 715
61 63 344
169 37 426
94 173 395
241 93 972
209 244 894
208 141 363
27 124 183
61 8 755
19 91 289
127 123 403
56 117 16
181 46 498
160 246 52
155 94 1000
197 145 989
165 217 39
49 160 789
70 85 477
13 223 190
232 83 440
19 25 844
37 29 708
64 105 787
219 181 341
2 135 370
45 226 520
174 158 936
137 96 865
5 149 734
11 17 112
157 69 653
229 105 613
33 17 653
62 205 259
235 184 327
119 93 782
182 113 977
169 31 595
53 63 997
187 223 925
18 114 521
181 169 745
154 221 83
217 214 402
44 200 850
205 63 592
47 178 707
205 57 35
121 102 425
247 237 460
196 214 269
49 211 15
235 105 20
232 208 496
25 208 423
95 61 577
203 37 809
102 50 30
25 211 132
73 142 491
97 169 33
99 130 193
143 52 928
71 113 881
145 163 659
223 142 578
29 169 58
31 165 416
176 73 923
145 81 223
209 159 665
102 85 409
102 167 180
232 155 695
197 15 651
243 26 838
113 133 953
83 114 565
244 53 389
181 69 830
65 38 598
185 33 39
158 202 942
98 179 649
127 137 479
183 133 48
72 193 931
115 167 700
154 56 81
181 97 557
52 217 724
71 135 592
157 251 936
12 21 386
145 126 93
21 29 790
47 45 798
226 23 329
237 22 1
173 205 885
100 115 953
219 37 836
237 190 667
56 222 18
204 241 86
1 232 49
6 117 578
162 193 478
36 105 591
155 23 484
181 196 585
33 136 22
188 127 757
217 211 114
186 15 765
190 174 932
67 97 706
51 118 159
225 29 181
16 19 349
134 219 520
173 13 351
205 241 209
58 143 918
93 176 437
69 187 962
216 148 589
55 112 268
154 148 535
13 187 366
162 184 850
72 82 355
93 169 818
7 150 431
181 106 265
205 88 218
115 177 87
225 177 511
89 107 4
1 173 155
91 216 523
25 171 323
208 169 626
169 34 870
217 113 384
175 57 489
5 13 572
101 73 607
103 196 718
155 45 27
97 127 824
34 78 818
223 217 490
37 11 570
167 121 369
1 204 379
97 176 59
97 65 596
35 104 640
21 160 900
13 153 369
1 97 444
33 58 581
149 241 149
103 217 801
92 241 410
13 91 500
3 93 133
64 95 62
193 197 690
104 49 351
175 249 854
109 64 37
33 143 460
96 134 624
235 154 284
41 25 993
1 186 875
127 10 480
13 183 576
239 59 62
134 169 258
155 149 294
29 14 60
85 29 387
220 56 276
84 141 265
238 137 40
162 113 858
25 42 371
162 29 247
211 65 926
187 107 826
208 160 230
163 105 452
29 27 745
228 139 714
79 13 583
220 87 196
143 1 542
74 25 925
79 99 102
47 209 320
157 184 718
127 65 956
1 177 682
85 236 474
186 123 833
190 5 127
217 177 890
184 59 887
33 202 895
236 62 818
232 117 864
133 1 805
136 199 683
112 22 638
13 1 438
11 121 241
224 209 120
147 127 423
173 163 774
137 135 195
78 29 243
127 220 468
241 99 292
123 1 1
113 65 778
237 95 903
183 51 165
117 148 957
235 8 881
239 101 616
168 227 170
247 64 896
97 241 47
167 154 634
125 85 179
247 160 850
211 106 743
92 169 362
163 85 57
73 201 470
49 187 778
59 172 597
188 64 263
25 169 351
198 143 949
55 217 701
147 26 931
183 235 920
168 153 998
97 9 871
52 121 702
28 227 51
78 11 403
197 109 886
189 123 109
184 117 47
221 169 40
157 51 245
157 219 776
153 52 170
106 244 241
67 183 110
161 64 221
51 103 343
250 111 295
201 155 952
159 203 550
249 121 209
103 177 894
197 125 305
31 139 807
119 22 192
163 109 593
245 97 540
33 196 281
80 127 710
205 162 779
152 221 65
166 223 537
49 15 209
155 49 206
238 190 852
151 125 454
217 155 160
45 105 617
145 235 701
123 5 63
30 145 692
149 12 477
127 245 146
117 213 445
218 133 2
51 134 373
227 5 413
130 29 491
64 220 207
65 64 74
33 113 328
126 21 798
228 141 788
171 1 824
70 37 593
223 125 475
10 133 292
45 199 867
5 169 321
225 98 147
118 53 440
197 225 750
157 237 252
172 159 943
190 153 293
74 244 435
172 211 547
109 141 739
239 210 651
31 76 749
236 92 567
201 223 444
55 39 317
103 197 195
9 98 545
232 47 604
199 163 402
157 214 679
122 211 559
158 1 120
233 193 316
51 223 152
133 119 708
109 130 335
169 28 606
4 178 726
231 91 896
217 243 304
153 163 295
87 178 281
69 186 144
17 65 498
21 237 879
7 229 94
90 49 813
19 67 743
164 129 641
202 17 531
55 53 668
113 123 669
240 82 433
8 106 321
234 128 169
241 86 446
1 172 585
50 1 453
240 70 913
113 196 95
114 9 98
229 219 221
151 225 618
49 129 155
190 71 778
148 115 453
97 165 569
183 198 976
218 181 463
170 174 451
89 169 914
94 184 443
37 74 3
92 251 674
157 131 744
133 97 378
81 67 148
10 238 700
193 170 332
15 242 439
252 19 3
113 94 495
103 109 458
43 24 765
49 92 198
159 195 511
131 163 223
211 85 173
237 233 442
1 78 666
21 27 250
69 172 164
235 181 603
110 134 715
234 47 688
138 64 549
97 194 984
45 115 57
112 60 920
127 91 946
2 222 940
13 205 503
11 227 379
114 52 946
37 97 502
113 169 39
157 115 389
65 57 236
103 143 148
49 109 114
9 193 423
196 133 435
163 124 408
1 99 486
22 136 693
51 172 953
238 12 416
190 1 154
1 64 477
177 121 631
185 43 112
176 235 409
206 13 90
37 27 463
161 159 207
229 133 536
30 50 899
130 225 163
29 190 604
131 204 202
1 209 301
82 199 872
9 248 401
215 145 46
225 61 53
217 101 776
25 77 158
139 127 528
115 29 876
29 134 928
217 53 563
74 85 537
160 57 732
121 43 46
43 249 168
205 123 820
29 56 677
199 12 564
82 232 342
205 209 740
118 72 709
114 120 736
4 99 104
243 156 408
8 161 495
112 148 51
74 91 986
105 150 712
115 143 413
137 21 763
23 59 591
154 15 279
127 179 785
52 141 790
31 116 988
155 148 899
232 65 732
148 91 798
61 169 619
33 88 447
6 83 536
197 4 716
43 100 857
149 158 825
163 238 936
85 248 489
119 113 877
199 174 965
218 249 249
71 57 337
59 202 10
109 196 415
113 204 728
65 29 307
5 65 205
91 10 550
221 29 61
25 118 394
109 184 793
95 232 930
235 19 421
138 168 19
181 156 178
241 111 838
19 133 974
19 60 142
56 66 627
161 208 535
37 197 240
69 80 787
205 83 815
221 85 260
231 14 227
56 109 268
40 167 274
48 133 495
126 119 743
10 20 891
109 177 409
154 239 551
33 219 776
100 29 418
35 48 234
247 163 983
205 213 376
56 49 72
177 205 485
101 247 876
64 244 913
121 193 361
82 131 265
114 136 531
64 50 149
53 137 511
85 64 881
195 37 584
189 125 2
63 236 776
57 82 24
76 233 87
37 21 434
225 243 424
229 157 955
77 141 585
173 25 343
29 219 658
117 133 842
1 163 714
2 55 892
111 124 282
91 161 919
60 217 360
170 28 159
219 127 356
148 217 613
194 39 903
239 193 525
77 113 663
116 55 295
161 225 583
244 193 711
225 118 232
101 241 818
197 130 513
57 133 851
25 113 723
75 241 495
162 181 378
33 139 535
9 249 946
97 167 667
17 226 341
77 45 202
250 5 293
177 230 531
178 85 199
57 31 806
235 173 368
151 176 368
2 5 311
109 170 155
1 181 600
157 4 844
109 153 332
131 41 827
211 141 110
49 1 525
235 197 290
69 85 79
28 199 621
145 48 267
190 205 25
118 139 641
175 145 690
95 247 652
87 201 532
186 19 813
1 150 47
105 168 98
135 163 239
36 83 768
3 110 313
189 245 824
211 20 742
49 153 463
203 61 887
22 226 315
151 235 34
225 1 71
145 231 284
109 54 442
113 175 767
207 233 333
151 61 690
233 18 903
182 127 564
28 109 744
180 22 43
219 114 128
166 149 916
109 33 973
200 157 390
145 64 314
49 165 711
163 43 424
252 208 825
226 143 746
19 13 898
197 163 353
152 37 778
4 9 49
176 85 341
246 107 429
187 201 942
199 127 546
130 39 388
127 174 168
185 198 606
135 218 361
166 102 177
121 117 123
29 247 699
175 22 433
106 243 222
251 113 260
197 246 302
179 193 93
73 32 306
229 65 403
53 181 925
34 199 363
173 175 209
63 169 172
206 85 322
57 145 631
85 137 309
64 71 312
227 23 133
32 25 860
22 239 578
217 62 820
85 197 122
99 85 987
10 94 14
204 158 779
169 127 307
225 109 663
73 45 37
121 26 298
51 191 754
101 181 5
91 205 873
157 13 480
141 209 313
88 154 494
48 52 470
35 102 800
13 53 92
130 153 697
124 203 968
221 214 828
251 125 931
34 43 953
125 36 254
111 85 674
173 193 676
199 49 694
50 184 641
161 51 87
244 199 517
79 97 538
151 73 195
116 199 595
140 125 186
73 94 833
197 118 744
129 239 606
235 73 288
130 5 789
190 100 99
1 142 867
119 10 542
151 165 863
111 77 522
49 232 188
83 1 232
183 127 557
121 157 964
37 170 849
25 233 623
141 164 275
69 154 115
58 153 576
124 71 644
65 218 401
50 61 790
209 7 508
217 108 615
9 39 259
203 13 685
235 249 62
145 26 286
61 244 103
49 181 29
229 68 88
183 28 988
43 41 791
31 1 175
127 249 233
81 8 168
11 164 317
197 13 645
245 205 918
128 91 88
130 133 833
204 197 682
67 177 829
42 91 967
64 112 337
1 218 810
227 45 334
56 47 363
143 37 670
65 220 466
51 62 732
87 115 53
76 57 990
201 202 215
17 195 732
123 157 211
227 85 366
232 211 576
10 41 82
148 142 154
209 197 659
23 31 16
127 195 742
36 124 449
212 22 343
53 22 104
53 29 512
145 16 641
29 149 422
117 221 399
197 245 527
101 182 415
240 189 94
89 127 65
15 61 511
97 101 437
200 209 328
62 211 773
115 3 213
125 211 689
121 116 8
196 93 901
233 2 917
138 73 552
101 208 787
213 29 581
209 145 440
77 151 439
219 190 333
215 239 607
25 195 525
177 85 244
205 233 92
176 225 747
195 128 31
223 232 397
40 181 255
101 243 489
169 15 827
171 121 804
175 199 61
193 53 742
133 37 800
71 157 453
21 225 105
145 211 542
165 19 878
109 65 966
145 97 808
120 67 272
127 59 476
225 173 881
83 39 693
238 148 451
21 157 279
109 111 942
55 197 639
217 25 597
61 46 751
115 47 184
201 222 762
196 180 223
143 101 296
85 136 83
22 181 70
54 211 472
58 61 460
127 88 568
137 109 572
127 164 440
15 156 94
19 232 161
108 109 970
161 28 712
141 1 876
97 6 39
147 190 609
15 62 137
155 19 101
199 217 286
148 53 834
153 239 385
151 19 143
211 9 128
18 81 412
10 25 307
134 22 500
85 148 431
21 1 174
35 71 630
223 58 821
233 184 234
102 181 534
177 133 30
171 169 835
13 6 604
73 23 41
143 247 94
104 120 565
96 205 601
133 230 623
6 163 225
231 169 759
61 101 623
155 175 670
133 205 1
154 99 924
17 19 915
213 97 628
92 229 32
53 235 886
81 3 532
230 233 245
5 197 844
181 109 267
52 133 523
173 91 133
242 168 814
82 244 791
178 141 632
226 121 801
60 3 701
201 86 835
127 115 285
127 177 813
19 33 786
4 179 113
147 64 148
61 177 235
1 12 174
5 127 915
225 58 45
105 121 15
46 116 268
8 145 799
106 129 506
210 44 459
225 183 960
141 40 144
129 32 729
193 19 466
82 191 566
175 105 468
109 179 248
143 173 662
185 55 38
172 82 930
153 57 67
104 146 106
218 38 476
143 63 896
181 231 565
69 103 710
225 241 487
149 237 7
55 239 939
128 153 43
203 45 409
106 69 629
189 13 461
209 25 663
106 225 930
1 11 108
11 238 353
77 21 638
199 153 150
157 146 725
181 35 533
76 208 419
55 235 595
50 44 768
103 166 37
170 130 708
204 149 233
73 36 615
7 116 383
13 105 486
232 88 11
157 37 247
198 209 665
17 237 861
66 242 949
195 10 90
173 155 656
185 138 875
244 45 324
188 199 585
229 197 704
148 229 951
55 181 970
141 157 417
27 217 696
203 139 117
103 19 234
41 147 774
19 5 883
127 103 665
19 143 606
115 237 576
169 99 833
121 233 413
88 163 568
49 157 58
148 79 300
190 175 221
249 102 684
32 168 623
111 213 294
73 140 901
246 158 466
70 96 364
232 55 132
243 211 209
199 121 50
113 22 178
106 49 737
249 185 47
33 22 201
69 229 849
123 181 993
149 175 544
214 46 699
28 97 40
181 176 411
193 242 171
88 47 617
29 1 574
251 225 903
237 250 546
245 19 531
233 19 923
163 106 942
214 177 85
73 231 198
40 44 310
59 243 884
147 149 152
227 78 725
89 231 322
157 15 742
109 25 870
171 125 761
25 153 459
197 185 185
81 10 244
85 168 748
54 177 498
58 73 47
185 23 762
6 60 765
1 237 107
142 113 129
1 132 109
245 101 981
82 111 593
217 85 572
169 213 178
245 153 264
189 244 202
99 121 584
232 53 16
145 133 973
1 189 870
159 221 801
67 37 860
52 181 460
179 22 848
184 181 65
5 64 931
165 73 320
45 217 74
190 9 896
221 161 138
88 89 908
124 109 738
197 159 451
89 35 341
176 25 172
235 133 918
182 13 230
1 57 335
3 44 320
71 181 702
121 97 337
116 85 216
245 48 356
138 43 703
128 241 550
136 46 277
161 92 16
6 181 380
106 217 5
93 11 90
141 18 136
205 181 51
101 163 759
247 79 943
135 239 985
49 183 29
202 175 21
176 37 267
137 67 588
209 76 769
5 49 330
10 51 233
37 64 578
130 171 442
65 244 460
56 233 154
177 113 604
14 64 838
175 225 338
168 178 863
185 25 824
141 5 4
218 55 750
100 129 716
111 51 523
108 154 527
87 217 122
45 202 382
25 71 373
45 229 865
116 104 149
211 244 64
208 85 384
79 106 630
211 191 568
103 229 322
93 149 60
226 208 241
21 209 839
10 189 152
98 242 804
116 4 831
181 167 24
99 181 462
57 225 98
177 82 841
175 177 650
185 172 620
192 185 484
166 141 189
149 31 827
22 50 224
37 49 893
137 223 418
234 190 408
147 10 742
99 172 335
223 132 754
42 11 472
1 19 194
75 202 489
207 218 442
127 235 909
109 140 514
80 183 233
68 219 305
221 141 391
15 46 767
85 5 629
145 250 903
152 141 511
165 145 859
73 139 402
137 195 214
239 217 366
1 174 914
155 55 450
70 69 238
35 100 366
13 80 957
63 67 409
25 101 432
23 145 562
106 61 77
51 241 799
223 117 379
26 237 257
237 175 706
137 165 802
47 190 603
202 117 191
189 193 192
139 77 175
135 5 929
80 18 80
65 157 301
6 100 359
97 141 303
229 13 793
45 173 827
225 174 291
185 148 466
163 227 937
213 102 942
217 12 967
215 59 404
223 71 148
163 169 459
79 40 273
29 148 966
119 249 857
207 57 665
243 230 129
10 28 562
10 126 812
183 19 864
190 201 470
11 223 352
177 197 148
181 246 304
159 158 90
118 65 826
59 136 275
199 29 636
97 207 897
64 217 176
60 42 368
109 143 563
73 244 590
17 61 383
45 49 747
97 209 834
4 141 303
225 99 412
29 123 920
27 149 235
121 170 246
193 1 418
229 100 571
1 134 750
106 5 863
125 243 389
113 245 280
97 21 525
69 208 555
10 54 102
89 67 253
61 143 806
223 25 489
103 101 835
17 49 839
230 75 510
83 31 522
247 85 705
191 29 126
153 141 569
118 229 779
12 52 61
179 43 380
1 185 723
160 199 914
67 218 836
172 153 633
127 229 899
67 208 578
7 179 253
205 89 173
25 115 856
229 136 139
117 235 804
133 9 240
96 16 219
106 148 170
127 69 902
1 122 698
159 142 597
85 97 750
185 3 110
113 189 967
235 153 906
241 109 98
22 223 357
81 225 995
24 225 582
28 185 577
88 219 54
113 70 553
145 247 815
73 6 601
130 68 497
77 226 634
118 60 481
197 11 473
25 154 482
160 45 236
73 241 918
214 197 683
156 188 533
37 44 312
22 83 202
129 109 702
251 42 641
190 161 167
233 79 80
155 97 803
133 50 934
29 121 80
205 93 225
15 65 936
169 217 171
190 217 444
38 116 950
225 185 193
55 225 477
13 58 186
157 36 59
43 51 889
166 213 219
75 70 771
5 94 978
73 127 798
21 105 426
231 10 550
89 64 822
9 169 567
188 11 676
131 148 747
179 71 565
237 29 843
238 17 828
142 35 861
78 51 952
151 220 149
199 109 539
169 205 770
241 185 329
226 151 25
183 193 941
211 213 301
99 127 33
69 173 489
55 119 405
138 17 577
245 36 501
49 188 327
85 141 787
25 149 889
233 141 759
250 169 250
145 139 74
4 149 402
163 95 444
55 237 463
187 19 822
29 95 458
157 160 11
201 59 651
103 49 300
235 60 764
243 31 296
136 244 941
157 235 745
154 160 251
149 46 66
82 229 848
5 109 642
119 206 873
58 207 742
217 145 756
23 137 415
9 197 142
233 145 927
157 207 944
151 81 460
55 100 667
73 130 908
34 197 709
8 73 908
246 12 487
23 217 785
235 41 608
132 145 29
133 67 474
53 99 380
66 129 343
75 29 691
222 99 592
77 172 594
1 82 336
40 107 770
135 217 293
196 169 348
229 140 512
57 69 921
85 60 817
73 97 785
229 47 327
83 89 620
235 37 708
83 159 877
85 223 574
94 82 875
37 85 292
199 225 94
117 189 989
241 10 519
211 205 423
8 112 299
211 173 205
125 193 494
211 242 269
123 136 517
101 211 66
169 190 21
100 85 419
134 104 736
146 234 843
13 113 68
238 144 94
50 161 399
222 1 390
229 73 33
201 109 742
48 71 742
157 178 751
4 113 26
113 93 802
112 25 633
235 34 266
170 195 680
205 81 911
16 193 73
241 145 710
118 34 873
26 109 344
22 48 1000
107 1 471
219 69 293
237 199 957
96 140 582
5 129 337
131 211 231
145 119 431
187 40 619
161 121 883
177 129 520
163 159 78
197 50 240
99 199 24
61 55 21
161 176 9
241 223 533
68 141 738
169 82 566
185 100 928
148 250 276
246 145 507
141 29 761
199 120 354
83 192 414
75 152 505
40 15 556
1 3 526
161 33 450
117 106 53
5 211 993
101 157 798
159 238 397
5 1 392
19 72 25
155 224 790
113 5 450
28 17 282
187 252 834
193 127 75
88 100 36
35 131 478
28 224 528
173 221 698
226 223 404
151 1 604
46 1 649
197 82 291
226 153 387
205 185 459
34 52 378
49 116 76
235 221 532
138 85 287
237 241 856
239 176 529
246 57 212
145 7 36
25 133 516
208 217 2
6 31 911
229 49 149
57 157 849
115 163 62
100 245 314
190 20 911
183 154 491
212 169 846
15 109 372
19 135 875
28 167 50
180 93 208
73 2 994
239 82 421
217 22 576
91 240 931
229 1 519
159 1 954
99 237 82
29 193 801
125 222 632
1 208 791
45 197 11
228 1 813
37 187 872
225 13 253
181 191 75
36 79 287
133 169 394
24 57 11
76 154 358
90 137 194
124 57 137
96 128 200
131 239 87
128 123 447
141 49 63
102 149 341
221 82 995
189 129 460
124 221 604
158 37 606
91 133 658
246 176 746
117 198 1000
37 77 442
246 49 730
33 225 836
203 184 660
139 10 106
142 37 482
148 232 304
193 164 221
226 102 126
155 5 534
121 55 175
139 113 441
95 151 223
245 149 212
11 193 496
45 235 607
8 181 736
232 25 410
117 169 365
9 31 594
100 213 61
161 1 384
133 165 173
37 22 237
39 181 155
37 38 376
58 244 368
123 35 179
181 220 622
81 217 468
93 73 508
205 187 841
64 236 426
39 232 584
51 249 878
21 67 681
239 33 744
211 100 41
81 175 472
93 190 386
12 81 12
173 135 552
216 167 603
168 127 163
76 199 673
193 21 93
31 237 930
225 131 781
161 187 676
91 1 534
129 91 183
135 49 526
125 82 249
241 66 449
163 121 365
145 33 710
61 111 979
217 78 2
22 207 717
183 190 912
61 35 726
204 192 321
95 181 221
200 217 588
157 73 413
232 80 263
127 125 928
23 33 218
119 121 211
229 169 983
125 39 883
144 241 644
227 9 157
53 33 198
51 31 947
243 239 744
134 183 733
221 122 573
202 115 269
13 4 126
198 64 449
6 17 121
171 114 722
161 15 960
117 243 932
103 145 20
78 117 54
153 193 638
126 175 596
109 85 771
247 103 56
225 190 401
22 169 377
183 162 89
55 34 519
225 37 591
73 172 602
199 125 426
87 165 264
118 114 689
244 68 505
193 221 563
140 7 23
239 173 789
241 161 420
1 69 137
161 69 459
7 10 673
31 14 192
215 15 542
17 1 98
217 205 134
61 64 830
27 206 94
149 73 463
44 245 704
238 33 938
49 117 868
204 40 179
53 141 458
226 207 947
136 247 116
153 251 344
37 154 25
50 15 691
66 29 675
217 191 941
249 209 483
55 17 347
139 85 261
241 206 569
37 76 291
25 64 281
127 119 68
45 110 281
181 143 900
87 108 820
151 233 566
188 242 800
180 191 218
225 137 491
13 107 918
208 185 911
57 184 576
241 211 752
108 10 909
217 181 293
73 33 347
67 157 749
187 229 796
111 65 582
159 136 887
113 161 127
43 103 999
205 235 943
87 159 941
134 109 439
97 222 16
99 11 932
28 101 177
217 61 156
125 40 489
178 40 935
13 111 5
129 215 848
141 162 815
78 161 955
43 55 335
208 228 531
210 145 212
80 36 37
213 160 429
233 149 732
148 225 652
172 62 106
201 181 507
175 1 303
114 163 549
75 52 506
117 62 260
91 217 503
175 157 637
127 159 16
29 64 926
136 119 389
244 229 912
31 181 623
200 9 92
155 165 49
105 211 76
162 218 844
148 201 867
155 99 697
1 176 359
133 141 857
70 131 592
1 44 176
42 10 152
1 140 249
95 177 734
117 85 883
228 28 336
101 16 643
7 45 138
251 148 670
92 181 725
190 19 987
67 225 263
139 229 727
246 183 533
11 49 800
143 214 593
37 172 996
28 85 254
237 44 135
127 25 853
115 81 141
149 41 881
1 241 562
7 15 199
7 34 606
74 195 853
217 188 935
106 234 30
154 9 792
49 142 656
29 15 237
169 105 593
153 41 885
159 169 462
60 167 272
113 149 18
178 199 363
217 28 726
45 146 497
154 244 956
32 160 719
187 245 151
91 37 767
157 193 459
7 67 426
107 15 908
37 89 282
82 211 280
157 167 680
173 129 545
206 197 503
126 25 232
51 115 947
57 103 460
59 221 340
211 103 764
81 177 850
5 225 375
76 173 370
58 6 421
215 190 420
46 52 692
191 13 385
232 28 332
68 169 257
25 136 153
115 241 40
128 141 390
15 149 614
144 78 705
183 247 883
112 88 278
22 120 945
122 71 973
79 3 562
109 149 993
171 235 954
21 231 254
101 235 462
106 85 35
145 148 662
149 164 436
193 55 588
51 74 905
65 135 529
166 25 739
199 213 946
89 108 74
65 61 178
81 97 703
92 69 219
154 1 80
46 211 716
25 1 313
1 63 16
37 181 914
200 100 227
151 145 670
106 39 474
71 131 333
203 67 434
155 248 125
186 49 495
172 178 278
89 5 75
38 132 267
181 189 396
233 129 45
97 107 27
109 7 681
227 197 261
43 57 354
217 29 705
140 55 885
96 168 767
35 47 997
16 37 764
181 19 334
76 106 775
32 75 192
242 78 642
217 19 928
31 70 458
181 119 327
115 217 970
40 148 894
162 225 251
9 181 226
31 163 387
106 215 486
33 46 405
127 157 612
145 69 779
50 208 370
40 108 430
139 108 914
82 46 489
177 29 139
113 57 200
61 175 74
165 10 513
225 136 832
97 212 1
124 190 512
55 183 231
148 233 881
204 189 320
199 1 912
199 205 685
196 233 396
72 233 629
5 133 967
73 24 952
216 125 171
87 155 972
78 64 762
113 68 632
197 107 344
121 13 617
23 1 933
237 11 986
85 103 106
67 14 565
28 69 273
121 49 761
16 166 357
7 58 192
8 58 922
7 21 224
64 125 729
160 5 808
214 251 822
69 115 438
157 159 878
1 166 414
122 73 569
181 232 316
44 83 447
61 107 435
191 109 338
157 151 483
39 169 606
85 73 714
181 173 26
37 52 474
209 132 586
149 87 549
148 1 266
116 169 303
154 12 101
247 118 49
105 97 486
127 151 927
19 61 67
5 121 596
133 127 644
33 60 648
25 221 530
91 79 691
69 209 822
58 233 975
150 15 204
151 206 965
190 75 312
77 199 984
141 244 525
137 97 637
49 93 362
173 160 691
76 194 632
185 199 206
181 142 243
235 111 502
118 31 175
80 99 644
8 198 779
22 238 229
15 121 358
46 179 884
185 112 4
103 16 745
19 169 134
183 181 886
181 41 112
229 117 772
57 211 936
136 10 45
136 157 333
78 181 862
1 22 868
61 133 244
167 106 913
113 49 92
79 153 765
206 137 317
184 45 847
181 50 488
201 41 8
17 45 213
193 217 512
31 37 747
229 220 521
65 169 634
245 223 876
67 207 245
165 61 847
238 72 438
127 121 416
145 142 896
111 138 704
145 158 580
160 177 421
217 153 873
140 232 946
233 105 875
144 164 824
209 61 737
181 112 311
33 195 365
169 199 230
181 165 986
106 99 880
33 193 574
145 159 277
58 121 579
36 68 644
79 9 421
120 127 13
185 82 446
23 91 94
93 120 91
190 139 422
121 156 528
63 217 229
220 7 625
64 40 768
199 252 371
49 136 896
1 37 524
161 195 910
129 13 807
159 73 870
211 223 145
193 79 241
13 151 761
226 27 569
205 196 169
166 109 414
197 165 697
157 187 825
5 99 917
232 205 506
85 61 755
225 4 606
33 18 810
247 31 776
223 97 100
193 145 104
34 220 738
124 127 676
201 100 508
109 194 81
244 205 627
205 5 273
65 145 736
131 247 901
141 57 991
57 97 730
226 190 694
37 179 130
231 146 732
164 239 13
208 83 955
81 93 135
77 206 993
76 26 472
73 250 636
189 187 565
202 225 326
211 133 455
157 14 180
243 49 136
249 61 965
73 29 614
92 83 62
178 1 619
61 37 488
113 127 54
16 142 973
224 92 439
146 197 634
29 243 985
231 118 481
97 55 799
229 5 584
7 163 30
205 165 728
246 81 713
1 157 452
153 55 855
136 55 185
217 134 884
217 235 302
73 117 260
73 21 985
137 15 809
30 93 444
125 113 402
199 4 885
51 128 31
241 41 311
43 177 302
57 226 372
109 148 939
178 97 683
145 208 288
161 109 957
83 33 19
21 245 548
48 75 537
29 33 173
145 106 975
136 173 384
189 65 367
125 178 327
170 231 608
70 197 128
148 65 438
15 129 519
187 226 875
136 118 633
160 172 518
166 61 972
13 198 27
31 239 878
89 241 967
160 143 200
117 217 233
233 125 725
205 183 601
227 211 47
64 243 593
85 207 496
139 241 91
103 246 116
82 127 957
207 244 147
125 241 541
131 235 644
181 229 443
78 9 340
199 173 430
163 35 332
100 172 68
93 105 168
29 83 533
97 202 167
45 119 399
163 127 836
178 213 24
113 145 778
60 161 625
41 118 65
175 109 374
47 68 337
18 29 959
193 49 511
178 164 230
217 251 561
227 71 779
40 165 970
23 109 920
37 193 821
227 17 408
73 191 658
3 136 738
82 29 909
217 141 945
73 185 344
229 205 671
223 84 485
79 87 54
21 23 617
91 93 720
223 204 736
132 25 106
252 163 71
180 237 475
73 225 276
178 46 597
181 248 686
111 169 96
246 73 831
137 170 235
235 214 186
175 72 359
243 20 721
39 185 611
73 249 659
1 2 928
153 189 682
157 202 851
71 163 218
209 217 491
211 33 60
130 37 164
204 33 982
39 72 944
185 139 907
197 78 690
181 36 163
55 99 255
205 163 999
57 219 550
55 122 539
113 41 178
34 36 329
205 23 508
11 85 87
85 242 465
161 211 86
185 57 154
171 73 68
133 175 742
207 94 663
22 203 7
112 105 341
213 135 693
217 104 720
33 249 445
89 79 185
13 199 720
49 83 834
95 122 884
149 169 413
208 157 726
183 99 775
3 158 82
127 176 56
141 239 186
169 209 919
109 22 9
79 208 403
80 181 151
235 21 858
231 124 157
232 237 674
124 160 352
67 57 710
73 1 725
175 73 113
83 225 58
148 138 185
41 136 558
55 241 772
29 157 834
161 245 911
251 163 273
24 154 778
9 95 874
5 165 85
58 91 454
1 212 359
101 183 47
159 225 947
187 208 343
181 29 409
220 57 322
169 241 131
207 73 913
23 127 878
118 239 727
41 246 414
188 85 751
37 68 766
19 88 499
130 9 894
211 89 636
153 191 994
120 85 575
193 82 138
26 148 238
169 214 955
101 139 87
77 203 317
207 162 824
45 169 1000
186 22 22
64 107 870
77 41 398
202 92 656
190 109 682
219 233 725
8 10 163
205 218 857
85 16 131
238 1 604
237 5 726
29 218 963
112 63 253
245 178 452
58 64 939
1 88 851
77 110 609
210 25 514
135 45 796
106 175 861
197 196 721
230 212 92
66 173 277
229 24 878
141 25 958
25 103 522
19 172 561
114 157 324
125 57 671
31 93 383
7 41 502
244 241 357
88 192 740
169 51 493
225 144 778
111 154 36
55 221 180
50 73 705
79 138 628
91 155 761
241 60 974
111 132 46
72 37 562
97 22 739
24 190 776
189 9 215
183 209 975
33 179 782
140 239 654
85 187 998
167 207 56
168 115 206
221 111 519
73 239 597
69 29 901
113 109 112
61 199 396
216 173 432
1 16 237
25 225 838
245 45 207
64 140 440
92 232 669
232 5 854
243 5 202
145 89 386
190 199 841
219 1 888
73 57 711
91 59 246
10 252 436
197 58 560
97 94 362
85 229 169
141 189 410
7 8 308
73 181 431
174 197 57
230 79 364
228 150 888
39 208 469
158 114 304
37 8 473
15 97 221
245 61 876
5 16 706
106 109 860
101 41 887
236 106 563
1 80 94
88 92 843
239 213 20
65 245 373
127 158 701
201 169 937
193 169 911
193 32 403
29 197 814
5 181 43
59 53 87
102 185 898
224 88 725
99 221 706
197 169 149
187 217 860
36 43 526
72 153 862
58 5 147
196 91 36
1 90 767
217 157 984
133 179 789
241 37 438
79 85 522
11 145 21
14 250 236
112 85 57
205 240 875
10 63 39
43 205 801
49 78 916
41 193 387
124 243 984
35 215 299
43 69 129
64 3 536
123 57 448
85 88 350
9 147 119
85 127 697
9 131 876
35 121 414
137 185 648
57 161 676
159 109 86
237 133 827
97 104 815
97 42 327
109 145 539
152 238 639
89 175 692
157 41 295
166 250 242
163 10 512
189 85 729
113 143 401
190 235 705
185 84 485
223 64 609
32 45 717
100 136 854
232 107 859
105 39 692
40 13 850
187 105 298
197 141 13
69 215 718
91 64 469
113 73 875
37 248 404
81 169 910
16 221 611
223 193 859
196 100 557
71 119 146
23 121 787
176 193 759
9 202 304
71 173 355
218 217 437
175 8 96
201 237 73
199 118 782
193 129 743
217 73 76
80 217 493
73 109 291
41 45 345
34 193 562
233 104 108
169 234 358
36 117 998
223 7 250
115 37 471
226 175 911
156 49 675
141 39 456
136 145 403
53 85 662
85 183 184
11 249 421
49 22 709
97 13 113
211 114 788
206 29 544
239 175 110
209 221 862
57 173 906
123 41 435
246 109 692
216 217 390
113 232 378
202 55 217
31 105 644
125 61 968
89 187 371
53 120 957
37 73 571
135 99 852
121 129 416
197 175 659
1 98 154
73 233 415
161 172 642
121 165 706
225 78 453
100 41 372
127 16 714
15 35 156
237 33 619
14 18 765
91 235 517
229 216 824
53 40 309
226 201 848
199 245 119
143 145 515
113 24 574
208 49 544
37 107 34
35 133 360
175 211 511
237 43 610
101 177 328
76 19 618
189 88 455
159 177 196
19 30 596
73 119 885
59 183 992
105 41 925
28 223 330
222 100 96
160 196 575
71 235 167
161 19 730
100 80 230
211 207 28
157 133 656
129 174 471
194 117 132
79 185 715
43 61 111
225 53 464
101 229 349
79 203 652
61 232 19
81 87 147
57 223 387
28 250 354
5 251 222
3 43 329
147 152 306
178 56 687
242 205 486
37 23 121
246 75 46
8 43 514
129 229 691
181 117 990
136 142 393
53 211 409
76 71 802
79 123 461
29 109 1
225 165 230
149 75 287
217 49 499
73 4 363
146 165 826
81 149 126
181 127 110
206 69 146
139 3 652
55 129 69
115 161 175
137 208 794
109 211 595
169 74 307
176 16 75
113 66 804
232 73 764
107 178 209
225 181 107
35 38 581
1 197 553
13 3 274
196 97 247
69 5 281
28 39 734
113 176 960
118 137 282
1 4 546
112 9 880
161 193 555
73 49 838
165 67 537
223 229 887
222 10 728
113 160 342
209 184 176
25 37 881
233 85 926
21 104 448
176 238 991
145 105 298
202 41 284
12 49 958
92 115 489
202 121 399
145 111 177
45 137 760
142 29 444
133 208 23
217 183 98
148 135 839
226 213 21
62 109 847
127 109 6
208 251 854
204 141 131
13 64 937
72 99 792
221 143 358
166 93 937
209 210 871
43 251 40
101 7 147
99 111 896
243 22 216
1 213 721
169 43 806
190 157 272
134 43 636
109 21 982
193 218 961
233 181 495
38 197 427
2 91 687
78 193 274
243 235 295
94 158 732
76 228 874
34 105 716
77 95 16
75 141 255
225 31 763
204 108 150
1 118 995
238 197 713
223 19 498
64 99 744
91 45 439
96 145 849
22 245 255
131 220 257
97 113 693
213 92 254
183 218 893
185 183 730
252 113 303
39 229 796
169 192 783
193 14 599
180 247 786
249 137 939
202 76 998
113 95 780
24 53 512
233 83 718
19 132 487
55 113 743
40 210 604
91 199 670
162 55 424
215 193 113
106 89 259
208 81 492
135 125 359
11 77 826
232 110 402
237 23 703
28 246 348
210 175 376
231 1 76
232 154 103
195 97 702
13 220 178
190 118 472
226 216 305
26 163 530
34 115 585
229 241 12
1 115 113
247 176 710
177 97 581
222 103 382
120 250 43
25 55 463
85 210 692
243 169 931
238 55 758
220 30 176
199 193 142
127 53 338
22 29 693
235 169 636
171 183 778
189 23 942
95 155 673
186 52 324
23 238 806
209 29 673
157 218 774
141 55 933
66 89 866
60 109 945
17 175 239
134 179 764
242 71 475
93 37 462
173 84 709
81 88 151
15 158 367
134 145 309
235 17 556
237 225 579
247 57 770
75 239 256
141 21 609
57 251 646
134 155 141
120 229 672
92 127 38
232 69 527
159 25 402
3 41 951
1 136 688
81 139 98
217 20 193
128 57 870
145 51 640
117 72 374
73 125 185
76 60 771
233 221 290
110 121 413
130 155 986
154 103 982
211 126 702
187 190 354
101 13 658
34 208 383
209 73 555
163 29 735
71 97 387
181 249 512
49 16 423
81 46 749
135 112 340
205 151 138
245 55 704
14 224 596
95 235 227
129 22 685
229 121 959
157 183 593
237 61 611
157 238 430
121 9 947
205 49 182
185 150 497
17 155 874
63 149 145
35 103 510
81 89 216
205 33 188
87 134 19
248 198 729
141 173 164
23 42 153
67 85 844
150 204 668
113 209 392
149 37 487
249 99 340
203 188 43
107 70 611
188 215 971
127 31 917
196 1 859
221 217 621
223 29 285
131 5 801
101 87 145
241 217 705
202 85 951
1 188 824
22 167 710
125 181 14
105 83 292
28 196 171
78 186 38
1 85 485
39 27 820
169 249 844
14 24 12
245 179 308
180 73 950
81 31 140
141 181 602
226 169 483
169 167 455
237 56 923
38 229 180
223 15 501
13 160 555
217 72 967
125 134 618
189 36 664
157 249 65
217 94 148
127 7 830
91 229 101
60 81 489
94 169 778
10 226 906
55 226 988
185 9 483
247 213 845
213 33 494
25 5 11
165 169 584
201 117 466
250 149 599
160 71 609
64 191 602
146 31 299
247 47 442
1 247 24
233 15 613
123 153 232
175 235 536
183 33 685
55 209 917
185 104 103
57 120 648
120 135 962
112 69 903
201 217 744
204 9 782
227 16 823
97 35 205
111 22 132
121 126 866
124 222 422
34 67 70
93 10 921
233 183 272
169 40 145
81 127 327
190 40 140
79 121 843
40 76 158
241 4 885
161 43 342
75 222 580
17 179 976
77 36 149
73 5 980
121 183 642
172 155 87
101 179 263
79 168 286
239 67 815
100 124 166
229 217 598
227 193 455
57 172 110
133 106 912
88 49 374
238 133 387
5 201 641
35 225 27
17 217 835
241 118 791
1 77 450
112 73 383
55 69 881
61 197 922
248 121 418
199 113 900
155 82 556
103 133 731
166 189 935
203 1 170
224 233 307
95 81 719
155 237 476
179 113 351
190 61 418
33 52 261
225 140 738
165 199 372
95 127 519
204 169 696
208 177 505
69 247 979
171 229 589
74 167 956
13 244 886
1 86 641
208 191 344
225 64 17
145 85 80
86 211 865
239 165 428
202 165 953
97 157 346
177 27 939
67 169 307
33 27 878
217 245 301
46 29 636
145 187 278
50 49 549
31 193 232
181 132 916
169 73 491
153 11 921
19 140 563
17 91 153
1 96 398
246 85 425
21 208 134
165 42 914
16 241 531
99 186 263
217 112 453
8 189 833
94 233 14
57 229 488
121 81 576
177 161 597
91 31 722
37 118 161
146 215 767
145 92 587
232 89 489
246 157 353
37 79 601
