263 2951 226
90 36 918
180 235 653
19 227 399
108 41 834
10 110 437
217 245 624
262 127 398
63 121 594
187 255 404
4 7 435
29 97 496
112 143 734
107 68 604
40 123 194
76 4 448
127 123 247
206 107 790
167 227 976
140 2 555
241 213 151
75 135 635
262 223 59
39 67 581
170 161 868
122 53 242
112 220 536
121 27 538
218 224 986
64 241 470
137 209 461
231 203 874
255 63 825
40 99 862
111 172 186
168 4 91
191 199 711
224 15 460
197 97 42
141 116 324
175 56 351
115 166 287
248 86 20
35 70 921
259 225 237
158 45 772
93 245 617
164 119 540
103 203 465
61 82 911
182 155 485
13 76 806
163 26 895
123 155 427
167 117 64
63 118 59
240 143 30
19 100 733
248 49 834
145 6 216
107 51 556
194 100 959
221 112 350
157 223 288
101 189 921
205 81 832
122 174 717
10 99 573
102 198 866
187 78 699
40 200 667
62 224 70
141 145 331
142 123 458
252 76 878
174 183 128
100 12 610
172 59 689
239 258 709
28 233 877
94 58 196
187 58 764
19 2 994
117 81 462
239 225 198
185 131 215
171 244 63
82 245 622
134 121 745
164 28 145
263 161 631
155 157 622
86 250 283
146 38 963
85 27 730
197 7 105
245 47 175
261 121 217
232 61 322
125 63 865
203 159 496
237 202 813
207 83 767
191 31 80
76 246 452
27 38 409
2 24 779
120 112 47
81 214 308
203 135 242
34 90 59
115 253 940
33 113 241
51 126 193
162 94 223
32 189 620
129 65 23
53 254 360
53 57 214
89 87 40
19 183 948
245 149 923
133 159 839
237 150 264
140 112 887
91 64 575
137 255 581
158 41 637
236 13 905
251 239 315
235 88 361
155 103 139
241 73 327
109 213 871
38 115 392
103 96 452
211 207 666
151 107 540
131 126 779
244 245 767
109 161 318
142 74 724
195 161 38
128 155 869
147 242 432
114 46 948
243 214 170
1 118 531
36 181 864
175 141 635
9 11 459
41 53 743
106 242 605
176 132 419
187 81 652
65 157 810
193 7 618
80 87 289
70 250 663
171 257 850
260 197 461
89 224 329
116 50 473
114 174 727
112 236 620
229 187 344
71 118 374
83 172 944
26 120 953
158 179 153
146 122 213
116 251 532
4 8 154
153 157 834
81 28 798
46 87 459
20 169 635
39 75 687
160 41 115
169 194 604
103 82 744
230 222 214
190 216 519
206 225 815
161 55 714
208 1 891
119 195 547
228 64 82
156 99 260
122 207 10
23 25 520
110 243 367
15 214 223
238 230 369
238 173 580
130 182 114
100 236 164
80 214 111
134 230 326
93 87 968
160 163 328
17 135 462
197 201 696
219 224 742
259 49 867
161 200 679
246 94 271
39 123 161
200 120 746
255 243 970
192 156 621
224 163 404
5 144 219
252 92 679
217 150 898
4 185 995
196 2 302
99 169 503
2 205 281
89 63 58
62 146 126
27 81 44
233 77 475
17 83 468
214 100 602
77 181 451
169 54 884
67 114 943
62 138 281
16 115 459
52 66 640
7 124 592
14 189 833
75 66 583
171 235 128
18 98 956
130 178 34
188 51 770
149 63 171
22 128 83
182 41 691
28 46 269
211 139 531
100 171 651
190 197 378
104 189 20
149 115 879
117 6 681
188 143 430
32 24 327
80 219 892
49 124 874
59 191 60
186 137 108
1 58 632
87 184 89
119 99 40
98 89 497
63 54 868
27 174 15
261 96 824
27 105 79
145 195 493
88 232 541
155 202 544
122 72 540
55 134 686
168 115 885
22 122 767
49 255 25
118 104 994
251 98 989
259 251 428
140 58 957
33 140 969
143 130 222
123 78 838
122 235 630
25 35 530
20 39 926
1 198 189
210 253 338
59 14 699
79 170 821
249 59 440
108 61 323
176 47 877
216 251 823
5 203 11
136 240 336
14 128 298
101 94 283
111 94 176
53 261 68
57 177 840
19 222 196
40 96 568
160 204 264
17 109 830
190 102 399
73 223 708
37 55 769
109 236 16
202 244 299
44 174 947
15 4 316
61 39 340
251 162 152
222 60 749
29 12 312
38 52 695
119 262 438
162 185 701
128 60 420
64 259 304
66 18 346
58 205 172
52 258 217
129 78 878
113 246 916
81 59 21
145 26 701
216 135 219
69 2 859
199 142 253
99 19 931
146 244 419
80 42 594
96 149 44
17 165 589
206 1 303
102 99 524
26 89 29
118 82 733
219 59 295
126 132 89
54 204 270
37 219 535
100 120 331
124 131 630
7 21 792
105 7 271
112 146 5
101 259 584
62 129 119
234 24 361
258 22 589
2 23 54
48 200 696
15 91 723
6 82 83
144 115 274
217 161 606
133 190 234
177 10 960
73 84 12
21 14 502
172 146 578
33 224 748
182 137 430
214 232 139
17 30 259
210 245 127
89 205 442
6 210 435
154 163 54
175 108 671
150 96 92
210 178 447
100 35 707
16 85 910
170 145 1
5 199 178
79 161 123
1 199 867
24 260 385
260 17 629
202 211 859
229 159 716
67 207 703
84 70 981
8 16 181
5 6 722
140 88 458
131 173 334
263 250 482
46 139 127
118 201 165
206 102 900
105 107 327
103 106 129
97 66 53
50 194 55
124 259 922
58 30 606
228 24 490
179 169 162
171 259 274
173 166 763
215 178 698
196 104 562
56 166 831
190 28 326
115 181 769
58 54 653
35 158 886
188 16 474
1 260 519
253 235 447
244 236 514
24 12 131
253 52 212
89 237 529
104 59 338
109 132 805
196 256 684
82 40 803
128 191 898
18 24 613
83 1 899
239 51 956
121 247 899
198 168 641
133 120 469
40 93 24
114 224 133
194 236 326
247 1 164
38 93 976
1 135 343
232 146 973
55 57 951
245 127 730
111 185 816
109 77 111
242 73 591
112 94 489
27 21 987
248 258 796
246 8 320
13 211 820
10 121 834
14 202 558
172 134 651
7 153 371
159 125 346
48 149 126
33 56 826
32 162 644
50 16 842
162 234 587
157 209 950
137 73 711
85 190 424
65 243 149
8 188 340
58 126 308
205 56 354
107 9 151
106 190 113
203 134 176
263 109 618
70 157 485
228 198 552
192 49 96
51 249 473
237 20 75
175 232 282
111 250 493
247 52 258
36 104 587
191 225 779
220 189 25
213 6 235
236 147 7
95 82 250
254 163 72
220 37 765
154 171 257
105 218 413
131 35 517
217 99 579
3 83 502
248 220 212
101 6 737
94 167 437
88 78 295
33 109 986
9 80 201
221 259 951
230 243 231
165 100 145
54 168 590
121 249 859
212 69 262
227 230 859
59 127 838
156 193 522
213 30 312
106 262 813
154 258 3
57 145 937
127 58 381
138 252 542
30 183 375
242 46 35
224 136 763
142 39 393
222 8 727
18 106 559
165 200 554
22 133 632
163 47 116
174 227 283
180 151 92
59 21 732
44 94 135
243 206 881
121 2 504
183 194 380
216 198 29
185 112 199
95 56 995
8 165 223
4 23 579
214 119 235
60 140 49
3 138 887
87 32 163
156 88 587
58 213 196
164 163 311
7 221 886
67 256 669
85 197 494
120 115 913
110 86 208
56 131 463
3 16 399
47 246 623
105 82 962
9 208 99
194 207 151
190 59 323
245 40 165
59 192 30
220 30 371
123 5 717
218 213 540
135 48 102
244 80 983
241 1 155
31 102 148
89 74 278
79 10 152
81 241 466
191 61 36
77 51 322
58 176 374
116 75 305
60 7 311
14 32 201
87 138 382
28 84 61
31 25 542
63 248 505
190 166 24
249 2 850
160 96 898
50 66 651
57 173 763
59 107 636
213 127 934
173 56 163
47 101 967
103 133 987
219 82 418
1 173 807
130 166 636
184 49 528
177 41 117
194 130 855
47 262 719
176 195 597
177 13 947
116 68 273
116 154 694
71 244 150
187 189 384
31 134 98
201 221 543
218 143 440
196 204 553
37 71 801
102 254 808
107 236 500
55 145 902
47 105 903
179 20 847
57 69 970
23 77 848
261 94 639
121 102 988
214 257 286
85 66 333
169 256 936
16 83 700
49 175 776
64 109 662
197 141 503
168 189 464
52 93 682
42 148 564
71 39 301
187 6 482
52 160 650
228 134 845
258 251 177
176 46 893
3 55 707
182 19 575
15 222 952
59 130 647
143 115 274
44 137 191
89 193 730
16 26 691
124 234 226
84 156 429
194 159 726
62 248 624
209 215 543
213 144 494
224 5 372
1 259 488
163 86 584
197 23 377
6 14 7
123 66 830
247 146 502
90 118 715
230 204 917
217 77 714
146 78 855
167 189 106
230 81 6
236 3 821
156 186 913
115 215 292
254 127 889
146 130 304
10 23 724
167 101 98
123 59 676
167 262 556
220 231 447
94 262 558
16 180 240
51 167 530
25 234 991
230 157 115
115 208 244
21 98 795
144 32 499
67 255 300
135 195 701
155 198 957
181 126 695
63 128 819
28 88 372
255 194 618
77 1 633
174 89 425
249 87 750
248 176 526
81 82 876
231 256 505
250 83 943
253 96 67
114 117 644
112 180 769
182 141 213
26 137 762
74 139 947
130 168 967
156 37 470
126 212 920
112 103 253
76 100 19
231 119 487
3 130 107
79 130 702
240 77 485
143 104 132
24 93 582
76 155 420
224 162 765
20 236 386
241 36 370
16 56 942
144 80 940
255 134 434
53 24 105
57 146 290
136 117 673
194 259 613
199 241 320
254 95 732
26 263 49
92 197 491
197 261 334
67 204 754
178 124 791
11 186 861
87 201 384
231 44 276
227 166 731
149 72 940
45 139 174
238 18 644
7 103 969
160 105 533
30 167 482
98 153 425
246 230 596
179 97 474
43 178 989
71 202 548
135 236 416
82 36 90
45 105 986
224 129 804
8 29 555
134 42 2
171 7 116
241 243 254
61 153 369
10 37 22
64 68 800
2 34 565
207 140 561
4 64 435
44 239 514
234 133 812
59 103 900
57 204 451
72 176 566
109 107 767
131 156 471
195 183 97
54 31 531
106 108 227
19 197 836
106 135 348
10 60 999
212 156 381
76 72 34
8 239 757
85 35 799
147 36 780
75 196 814
109 226 383
142 150 342
168 70 916
169 185 8
35 6 291
140 77 255
59 157 961
151 24 458
258 47 399
243 218 948
107 233 675
185 136 393
242 35 968
1 225 283
198 201 42
111 124 672
104 142 505
4 93 988
118 248 635
262 200 795
206 186 360
10 212 986
95 131 267
64 83 77
163 252 806
85 93 282
83 133 947
174 236 919
65 163 876
258 5 578
145 201 667
51 245 551
140 262 743
97 251 258
13 45 69
69 105 176
51 65 922
171 113 908
114 1 502
50 221 911
153 205 72
127 75 30
230 131 518
261 168 429
62 60 687
254 72 97
108 53 327
130 142 715
40 28 455
250 230 610
39 141 248
40 1 846
233 86 554
64 251 316
112 151 684
1 153 182
39 207 690
200 90 237
260 158 656
135 81 898
148 162 133
232 128 674
191 229 420
94 233 247
133 19 553
118 50 834
49 42 210
155 151 467
165 250 923
19 254 242
228 161 626
31 214 736
59 2 275
194 98 592
208 211 703
73 237 84
180 156 596
132 157 194
214 96 202
198 251 666
214 22 635
6 16 674
135 65 131
176 113 297
52 120 909
200 187 79
73 53 54
18 72 672
217 49 686
64 135 51
87 216 198
122 206 154
238 224 235
47 12 215
137 146 904
16 154 557
228 222 102
229 238 454
175 208 444
243 216 818
166 187 728
119 12 206
59 61 737
20 92 967
124 163 151
129 74 461
1 2 1
169 55 306
1 70 106
29 86 593
127 220 863
158 104 194
162 182 289
140 229 702
211 46 968
60 79 353
11 39 61
32 30 615
8 68 610
33 142 99
77 106 390
76 40 190
83 228 419
246 261 398
16 203 294
87 246 109
123 134 641
219 260 165
211 263 586
30 120 779
123 82 30
25 61 700
163 166 177
185 57 530
71 123 897
232 209 673
212 74 745
6 182 746
131 84 333
252 113 572
246 256 33
233 119 93
100 189 158
136 17 1000
253 203 565
161 204 499
3 8 595
112 18 749
199 211 55
74 101 42
63 28 240
104 89 46
34 110 300
242 41 406
106 146 321
176 135 875
17 187 832
86 30 48
112 20 809
13 191 789
178 33 106
221 43 755
258 170 385
108 214 114
51 190 515
147 53 725
202 232 821
217 225 952
253 113 11
133 195 837
244 70 782
159 4 890
84 177 601
95 18 276
209 239 594
2 48 814
238 136 518
155 249 149
87 157 8
126 243 752
257 227 339
192 253 264
161 202 490
136 71 128
207 234 825
37 170 727
141 256 63
256 137 358
91 103 774
26 125 503
177 136 241
143 255 174
97 242 670
12 125 608
7 12 81
200 218 592
70 125 397
236 1 82
226 242 885
57 45 935
101 55 809
110 194 405
47 138 583
184 162 802
51 53 437
46 173 505
187 242 333
197 191 402
171 55 110
132 152 18
1 217 357
168 105 160
112 115 770
226 49 963
1 60 561
104 170 990
102 28 276
135 88 467
13 101 959
42 73 153
112 1 452
153 235 729
22 123 429
58 145 99
145 17 193
228 102 844
184 60 847
204 127 199
166 122 880
14 81 676
59 124 116
35 253 783
101 108 905
51 216 402
177 27 129
17 85 378
8 211 579
47 57 922
224 255 193
160 219 555
173 73 207
18 242 756
105 4 948
228 225 302
235 46 609
152 246 602
89 61 312
163 32 309
132 231 872
50 112 217
108 57 480
226 114 99
45 195 605
188 38 758
21 19 519
127 179 375
71 222 495
113 177 253
154 243 567
101 228 529
203 81 430
100 91 360
11 240 201
201 164 689
158 63 970
37 81 62
65 227 970
129 139 222
92 30 467
132 77 455
20 192 651
109 128 101
130 206 584
106 156 290
137 211 246
59 112 39
21 1 525
120 156 428
73 202 255
50 5 795
263 119 739
107 125 853
252 260 254
77 239 562
190 13 377
23 235 407
167 245 314
12 226 842
92 235 304
215 183 902
144 237 284
209 221 708
14 95 918
159 144 772
238 154 482
45 141 876
125 220 584
193 81 900
138 153 810
22 158 467
237 176 949
68 131 807
102 20 836
198 148 895
67 164 920
56 184 831
33 94 869
167 7 762
21 26 592
26 206 467
49 113 561
228 232 185
2 221 908
166 37 530
196 130 64
79 40 443
130 36 320
119 89 272
10 46 273
109 221 372
254 75 251
170 18 144
229 198 195
228 234 395
187 130 621
116 94 328
33 98 958
76 101 600
144 148 230
200 214 712
225 17 512
126 100 779
178 201 280
185 201 468
248 106 536
236 182 825
101 238 801
40 73 870
102 255 593
44 173 396
93 102 290
237 227 527
1 220 56
204 79 251
249 14 317
11 226 684
130 174 849
36 259 173
223 129 391
18 147 733
188 202 512
248 251 870
25 233 877
125 90 611
65 113 653
35 137 777
201 195 224
142 145 226
186 139 282
239 141 146
4 36 300
234 2 576
214 201 92
104 79 354
6 7 119
8 127 706
86 7 194
89 243 812
185 159 720
204 219 179
226 45 349
131 9 394
77 66 507
191 260 197
143 185 224
250 106 795
42 219 810
44 123 34
221 252 705
33 99 713
110 195 953
21 66 948
211 222 803
58 66 270
232 195 627
89 108 215
182 21 168
163 215 574
55 118 816
91 232 447
26 216 765
263 14 834
205 100 91
56 206 849
13 195 726
204 251 921
203 58 534
13 242 570
230 135 912
85 174 804
242 170 76
93 184 814
175 220 227
168 118 741
181 37 536
235 148 847
186 73 203
141 90 650
203 178 137
57 132 578
248 209 886
62 115 558
248 125 777
132 36 858
156 14 573
29 192 538
111 148 853
250 114 152
95 60 407
30 123 39
196 22 894
198 18 752
187 9 375
130 41 10
83 135 806
126 40 172
83 127 742
29 112 738
211 182 998
48 20 893
17 156 443
13 17 785
81 5 174
21 156 109
131 164 471
250 4 956
7 70 77
35 193 629
34 216 787
38 234 681
178 200 954
145 30 598
45 194 798
24 181 732
86 54 37
139 191 185
47 181 907
233 227 672
66 36 813
143 162 897
235 93 192
238 195 953
23 182 361
121 184 682
186 240 735
19 91 57
27 117 555
111 139 467
195 19 629
160 211 595
82 160 389
194 150 287
208 140 202
197 233 766
130 78 224
5 139 681
254 153 480
89 59 85
134 109 234
195 146 476
184 92 430
68 184 783
8 19 825
65 67 655
199 173 8
174 102 790
223 28 318
123 1 431
110 163 545
92 89 699
190 25 670
55 238 207
190 215 502
170 192 629
56 144 524
22 36 562
132 246 124
251 154 384
38 7 353
7 98 934
198 122 29
32 152 814
214 92 992
243 28 146
49 218 256
216 78 792
81 52 345
200 189 426
144 140 812
145 235 708
215 65 521
115 89 102
245 121 237
1 183 884
157 171 219
231 50 592
62 28 235
13 111 820
90 240 606
122 148 883
79 19 884
249 53 680
145 114 497
82 110 120
195 124 472
56 112 914
75 173 101
253 18 495
260 10 479
159 197 435
71 225 123
213 176 59
223 230 741
201 104 247
192 175 501
198 76 644
105 240 331
235 237 938
91 51 559
227 136 525
92 237 180
130 190 936
159 87 855
88 220 2
225 208 974
248 132 941
130 17 510
183 128 534
230 46 358
25 136 441
177 78 297
235 98 604
167 158 977
204 42 706
218 149 269
177 247 957
39 228 394
20 262 183
65 140 211
154 83 368
191 10 390
40 243 683
119 204 693
112 105 606
172 133 720
152 112 280
158 226 12
128 153 738
195 182 807
21 179 312
59 108 797
26 180 438
85 153 454
170 60 410
147 177 560
61 53 453
1 22 60
177 124 945
79 157 980
248 158 885
72 185 408
83 122 802
127 233 191
188 116 443
220 155 534
207 35 899
244 175 870
2 96 318
44 140 714
212 238 344
260 100 382
158 93 849
159 85 107
120 174 634
16 196 797
230 175 621
213 165 77
19 61 826
223 169 30
212 106 166
136 112 722
85 68 51
30 243 895
27 248 905
12 203 659
231 169 304
171 204 368
113 209 512
8 63 572
40 213 915
146 23 817
50 56 333
41 1 577
11 127 583
260 238 497
161 11 27
210 132 919
80 155 413
100 79 88
81 133 85
4 63 36
179 225 835
97 228 548
249 123 385
225 121 535
73 13 825
160 185 78
80 238 432
98 161 81
229 200 334
252 107 465
32 209 446
69 256 770
61 167 323
208 20 595
1 39 950
34 133 977
30 262 322
255 11 415
65 10 20
178 243 242
263 77 904
97 232 115
170 235 846
4 5 210
141 227 998
203 65 828
74 256 765
49 89 154
29 92 433
206 158 620
13 105 421
137 204 121
211 67 626
3 192 50
236 160 206
263 68 233
95 75 821
132 86 81
212 222 647
249 31 156
137 51 779
3 145 633
127 80 878
19 240 300
66 254 331
236 56 547
147 89 876
258 3 746
89 144 700
191 168 245
201 235 596
185 36 460
6 217 996
57 226 874
74 247 673
263 251 810
109 163 789
44 1 203
177 216 849
259 193 917
263 187 174
96 74 67
1 57 771
2 143 885
10 50 219
1 188 633
141 261 324
221 159 419
46 250 223
134 72 260
45 211 156
190 119 882
229 16 672
88 9 258
98 207 544
126 8 318
61 31 305
232 238 304
77 102 269
131 250 460
212 160 204
168 163 807
125 186 641
70 253 270
261 262 304
4 101 1000
256 110 344
188 80 34
26 127 231
37 135 48
19 175 251
145 9 543
181 130 883
218 56 938
10 135 861
70 62 400
230 240 646
123 105 450
7 260 531
227 109 966
70 237 661
150 140 974
216 2 130
148 218 996
235 22 53
135 31 469
182 205 306
126 197 487
179 7 508
77 191 329
25 126 995
83 234 771
234 130 132
70 196 457
111 239 339
211 245 374
229 221 974
29 177 307
5 141 672
216 46 697
236 85 131
232 120 196
258 6 722
125 246 23
32 127 841
56 39 646
13 40 698
81 100 896
49 26 471
74 160 60
41 119 399
156 145 404
30 186 796
75 164 491
13 228 22
188 58 389
133 98 492
90 93 801
7 145 809
12 21 126
1 109 235
15 50 989
83 116 203
189 139 484
16 98 315
241 15 956
31 36 654
67 21 130
248 122 184
181 164 513
192 160 749
68 74 771
19 204 824
47 10 885
158 58 799
55 193 2
6 168 356
246 163 513
205 166 570
144 142 756
79 189 788
249 225 428
63 242 285
151 194 918
29 36 321
236 149 981
60 110 565
208 212 113
227 26 94
137 128 196
129 16 476
66 11 209
148 96 810
35 195 556
138 256 320
240 198 564
148 199 112
172 241 474
246 257 331
143 184 551
28 89 141
95 189 244
214 259 949
102 17 383
72 98 180
86 33 760
80 64 796
203 55 783
82 233 769
10 13 764
218 242 47
62 228 522
7 180 225
128 240 926
194 202 323
7 213 351
211 151 959
185 152 523
241 167 774
154 202 371
133 165 492
116 262 2
109 219 515
185 9 367
186 95 591
77 156 212
4 236 57
145 118 129
131 226 415
177 231 583
227 262 897
1 213 307
245 103 86
105 244 31
226 249 928
253 260 815
9 244 599
257 261 872
7 59 811
242 263 327
12 188 453
141 232 533
140 54 980
107 227 893
232 254 938
55 80 331
245 128 431
205 164 200
93 170 465
72 255 101
48 211 945
55 259 525
135 227 851
22 86 972
46 120 912
45 128 887
134 118 966
25 108 42
91 106 405
48 152 456
72 30 647
109 209 266
177 50 660
242 92 726
72 19 289
234 235 312
39 29 623
29 174 508
252 215 10
39 145 678
159 243 721
49 114 248
190 84 811
196 243 860
12 121 500
1 31 721
3 4 616
37 15 826
51 86 307
205 135 621
233 36 627
247 260 608
243 44 656
65 257 94
239 144 868
191 35 268
59 187 438
4 161 714
163 135 354
33 144 40
221 237 638
251 79 975
254 253 764
92 48 909
246 112 708
226 39 790
249 202 51
162 183 430
5 159 252
6 51 58
70 64 877
75 74 43
17 123 187
179 235 819
13 30 278
77 65 690
167 242 22
44 175 16
15 47 479
224 121 3
93 143 432
50 141 425
14 42 261
233 250 838
230 101 765
63 91 751
34 203 771
88 165 455
146 63 641
248 16 448
177 58 204
151 116 102
42 106 309
234 49 276
109 137 249
254 32 306
135 169 912
62 150 137
167 106 707
122 177 637
35 127 315
91 164 217
142 170 193
121 9 234
41 63 648
13 20 966
55 152 320
213 67 874
116 235 239
125 161 945
5 155 279
98 12 856
163 48 67
142 165 77
194 178 217
30 6 497
122 147 413
224 18 326
48 102 319
42 29 508
41 237 853
143 83 343
15 202 1000
53 49 35
17 209 253
206 121 102
2 259 121
88 260 655
124 19 925
224 148 63
175 137 621
78 17 88
81 140 590
225 152 893
133 194 482
77 184 930
236 165 327
10 104 275
47 177 434
130 64 171
258 232 127
216 173 831
189 19 297
44 154 790
95 71 252
44 27 702
29 50 375
105 121 194
37 111 20
94 155 807
27 238 801
42 174 804
85 57 187
129 86 313
243 141 253
96 206 550
74 30 588
192 129 354
63 51 927
65 75 563
250 228 177
217 181 519
174 21 187
46 56 846
187 156 142
200 215 152
113 228 800
197 9 211
190 165 226
158 212 986
200 202 150
246 213 246
153 229 944
114 166 152
176 37 349
54 99 612
126 261 813
61 100 79
129 206 645
99 171 444
58 141 288
73 69 335
178 147 40
149 152 130
65 131 536
124 40 926
74 161 509
58 209 264
110 68 709
120 68 90
256 165 747
227 7 41
153 33 885
230 76 113
11 16 835
78 107 881
109 201 311
21 51 213
43 175 735
171 107 567
101 83 131
35 43 996
23 199 27
153 108 668
204 249 228
85 228 543
144 203 777
75 62 538
228 117 353
104 181 644
157 164 971
222 144 669
155 14 203
134 33 211
186 172 388
105 227 677
66 183 576
84 250 408
114 237 341
155 162 701
168 85 297
36 143 521
124 89 191
137 81 507
209 173 42
51 85 109
207 133 21
41 199 67
176 60 723
74 153 454
202 24 405
13 69 892
52 212 607
223 14 857
52 180 655
248 242 914
104 45 798
109 189 795
11 42 459
109 145 189
210 97 259
231 131 488
90 247 327
22 233 199
157 89 27
148 100 889
95 102 729
9 140 42
194 246 762
33 49 638
216 240 358
186 101 290
120 5 312
65 111 19
68 100 401
86 249 787
37 114 426
75 169 427
56 27 235
165 94 186
39 85 284
218 89 409
51 54 459
218 79 487
38 34 1
167 209 778
141 1 657
186 261 368
132 76 755
163 182 856
52 208 803
32 36 593
140 223 698
180 166 361
142 110 717
20 160 267
261 67 308
99 78 981
126 139 479
77 250 231
219 10 333
28 25 155
192 103 197
255 208 368
156 71 995
72 150 107
242 236 50
238 254 111
39 134 594
119 185 643
143 106 998
217 55 926
15 11 179
69 1 767
131 206 79
86 174 59
210 80 441
259 188 627
22 139 688
210 127 318
255 120 482
41 211 830
99 205 746
200 82 183
206 18 619
261 260 667
140 108 179
55 79 15
3 18 872
44 256 254
45 203 584
255 212 654
201 191 307
245 200 153
190 209 528
231 257 178
26 248 869
233 170 469
92 172 343
102 207 115
143 99 887
66 229 991
203 90 862
89 241 881
136 251 878
211 243 375
220 193 977
13 206 723
66 244 836
197 124 923
13 130 430
55 14 961
16 76 642
150 57 977
59 69 760
120 40 800
26 239 750
186 40 466
58 121 779
147 33 489
129 209 829
217 84 634
91 90 522
11 225 126
249 77 484
241 201 480
27 58 49
80 204 867
127 101 738
219 7 942
170 38 14
7 52 844
134 222 423
12 88 358
39 263 410
189 144 551
189 203 128
7 168 234
159 207 395
27 246 997
234 57 878
139 15 845
226 139 602
70 116 399
259 217 178
173 263 712
131 259 844
231 192 690
73 102 604
147 73 475
251 172 616
246 79 644
117 65 569
81 175 200
25 19 302
223 50 871
137 79 445
61 102 643
1 81 495
228 12 491
31 12 687
185 189 520
157 163 332
26 223 746
182 78 105
56 85 291
106 96 257
81 121 342
137 183 962
7 69 503
50 263 109
118 188 808
196 73 37
91 109 227
23 244 949
161 128 638
165 214 318
67 235 609
229 61 532
113 126 505
31 38 472
204 143 69
122 134 821
147 80 338
70 119 761
197 213 188
141 186 464
64 32 519
86 244 554
125 210 805
200 108 626
59 44 12
155 22 82
184 46 355
234 263 94
128 237 677
178 17 615
224 199 990
202 173 48
184 212 567
85 157 690
1 151 496
23 112 425
27 215 489
58 107 568
89 58 560
63 171 251
149 157 594
160 111 568
77 63 396
212 21 888
40 119 305
174 32 428
114 239 276
125 218 556
181 135 337
72 243 360
167 161 992
222 195 80
125 190 104
189 178 953
173 258 783
178 56 239
88 123 296
257 103 572
200 119 753
65 166 629
225 52 899
19 108 418
12 149 313
152 194 461
201 112 446
126 12 905
26 217 685
139 239 179
49 70 777
133 192 505
30 175 991
3 158 318
46 67 87
130 213 717
45 9 958
128 86 505
29 149 554
67 55 327
207 199 781
224 179 11
135 7 314
245 100 599
71 238 160
262 146 753
71 115 68
49 148 568
25 258 54
192 131 157
84 53 117
199 205 84
4 119 178
21 163 798
178 42 81
94 133 758
94 99 775
93 202 204
2 44 103
75 87 482
143 172 697
70 101 740
101 162 817
110 42 663
128 29 322
174 74 989
104 28 844
123 132 834
170 200 337
238 216 511
160 89 125
171 88 804
135 147 929
168 211 413
98 4 847
65 151 991
185 97 399
92 145 616
222 48 260
209 101 106
108 239 748
93 178 238
9 66 155
178 195 830
203 4 248
26 6 993
125 132 296
239 69 664
60 29 545
64 41 15
170 126 571
112 183 577
250 171 315
163 256 9
40 227 161
35 147 639
94 76 13
166 28 139
1 164 498
139 204 269
154 147 730
41 251 563
235 117 293
81 167 277
31 21 715
127 39 15
74 20 420
167 1 335
4 16 569
256 168 334
8 12 933
44 257 53
197 178 652
119 101 369
83 124 997
108 119 301
61 177 739
3 93 137
119 81 26
261 224 941
16 171 449
60 130 667
233 52 785
53 242 626
196 118 479
218 196 415
25 115 765
144 184 811
145 12 178
248 92 669
141 81 588
70 148 656
162 173 490
161 212 850
190 114 744
252 179 944
84 212 796
175 255 104
160 225 425
212 207 706
213 217 688
54 185 106
258 257 747
163 150 678
118 214 210
253 153 470
236 86 135
51 90 269
1 239 583
234 76 684
22 176 158
92 21 181
167 256 971
2 184 961
19 169 592
23 137 347
94 180 285
145 121 921
228 114 993
126 123 340
71 186 591
6 218 516
189 103 560
153 184 906
251 174 128
21 118 92
249 168 567
250 254 785
5 114 481
163 235 998
3 133 159
72 232 464
191 72 931
180 184 657
218 29 770
6 144 32
170 151 521
75 16 491
141 37 967
42 74 789
217 112 869
120 169 621
149 203 984
185 231 752
86 201 249
171 213 730
148 208 741
238 169 739
34 57 985
190 140 20
146 103 616
31 59 165
161 230 678
55 163 645
47 67 765
168 83 216
8 13 311
44 197 539
38 75 259
5 169 561
47 70 739
263 231 45
9 239 824
31 62 248
51 193 627
135 140 248
83 54 474
181 190 946
106 140 343
199 156 415
95 176 798
236 25 195
31 52 841
43 53 462
105 65 204
204 176 806
108 224 79
171 177 838
114 135 888
259 172 83
141 78 987
37 72 737
176 215 809
226 253 8
67 181 525
41 159 53
240 148 462
193 41 61
107 91 859
18 213 975
124 162 722
24 48 815
228 135 191
74 221 627
38 157 531
101 199 980
98 137 264
100 199 668
219 56 738
124 187 32
215 172 87
221 261 253
175 36 840
47 120 104
89 227 899
123 122 258
120 15 924
219 123 277
151 14 912
41 169 182
13 26 596
114 236 941
78 131 856
205 228 628
7 9 154
89 199 373
149 182 871
260 8 770
4 152 816
136 247 197
194 91 753
24 263 713
261 75 265
132 82 869
56 146 118
224 142 153
13 54 295
148 103 862
217 14 484
125 208 239
67 57 848
46 258 685
102 14 822
205 110 50
160 127 209
184 82 415
111 7 600
253 33 587
236 29 657
16 160 879
122 227 855
97 145 688
147 6 334
208 4 155
180 213 314
6 206 780
75 193 639
19 28 544
250 161 113
133 8 854
223 53 895
122 155 663
146 47 127
199 81 598
51 197 603
91 233 829
114 203 456
159 217 67
192 234 39
132 204 377
88 237 86
103 235 814
194 155 496
111 85 78
102 222 272
124 198 882
163 192 931
213 172 305
241 75 658
74 40 559
13 29 319
37 91 106
86 15 672
125 183 316
60 28 478
114 169 851
127 263 237
257 43 811
208 247 661
245 177 587
68 78 305
113 219 397
20 174 679
4 112 779
143 6 273
129 153 6
150 123 858
192 220 580
132 93 796
210 58 842
252 131 591
144 133 292
97 108 26
44 79 777
43 149 778
69 227 170
90 218 819
146 158 854
226 225 934
1 245 235
161 117 941
198 152 817
183 167 235
66 92 236
114 63 785
222 9 53
61 109 309
75 101 433
106 227 658
95 172 872
50 129 19
60 6 349
3 10 155
85 95 521
223 238 48
140 17 146
5 160 638
215 194 845
15 41 556
94 90 790
78 175 387
48 101 984
70 16 685
158 237 651
187 195 414
254 222 42
71 113 201
239 200 696
78 215 501
202 139 106
67 237 55
111 1 946
150 8 476
118 225 534
100 247 137
66 70 326
45 229 268
161 138 921
146 72 15
108 162 588
175 125 769
159 8 642
114 208 920
171 27 457
216 134 28
175 206 381
5 188 793
202 160 646
9 49 826
9 51 553
153 10 633
105 88 908
31 146 133
108 47 29
8 129 963
215 139 782
174 254 520
33 131 58
159 121 673
77 177 176
202 167 10
75 50 806
7 47 36
133 6 462
56 109 444
211 158 414
138 248 162
198 125 215
109 76 855
20 128 973
129 72 689
172 137 285
213 11 913
17 258 335
232 79 980
81 75 322
257 41 948
144 45 159
10 57 610
139 165 441
206 75 596
1 91 101
168 51 428
68 205 162
242 104 596
157 92 545
113 99 971
78 28 293
19 220 766
98 225 801
10 40 512
242 134 911
7 199 697
51 241 155
200 134 526
236 219 85
70 59 183
115 80 693
136 156 851
175 263 524
124 170 935
85 49 290
127 49 332
25 117 772
13 27 594
61 75 693
52 42 216
234 216 133
82 129 591
259 7 74
202 51 99
180 61 977
198 177 866
105 141 989
76 65 687
193 168 564
246 248 992
84 135 130
39 59 163
244 29 76
225 83 734
241 166 780
180 92 440
55 156 980
239 175 568
160 150 385
187 174 79
258 31 402
54 260 188
31 76 137
260 124 155
34 74 655
145 54 552
80 135 988
259 160 850
155 235 580
75 23 471
192 12 991
245 193 56
2 15 864
130 207 293
194 31 371
241 101 770
83 186 979
185 200 707
29 184 251
83 240 563
226 96 906
18 27 194
17 32 415
56 53 898
61 49 300
118 19 160
175 2 36
106 200 587
110 261 247
22 56 285
1 229 757
75 155 158
79 247 279
220 73 110
137 196 44
106 188 431
18 254 789
239 131 409
37 240 213
144 83 57
164 248 520
124 71 357
137 129 36
15 63 331
120 188 266
26 133 42
99 194 330
16 240 36
137 80 454
7 247 348
133 158 449
26 69 615
198 204 762
24 123 732
127 184 61
85 173 443
17 19 418
235 178 937
49 68 141
57 159 487
10 15 356
59 155 166
43 32 567
248 78 129
22 165 863
5 56 755
237 1 245
137 111 438
261 99 892
15 78 863
24 119 141
66 249 671
201 147 687
200 26 223
3 163 163
5 69 280
112 235 875
220 156 487
124 168 261
239 214 218
142 49 692
246 170 175
186 72 680
223 172 808
217 5 486
22 231 792
120 199 761
188 153 970
16 28 164
31 99 113
24 87 196
244 98 84
46 161 731
163 181 187
134 130 141
126 18 266
63 231 584
138 204 87
191 220 99
231 164 346
78 90 709
232 112 927
150 154 981
84 82 317
33 40 454
171 82 198
54 240 243
66 23 548
208 169 6
198 249 929
247 251 503
234 237 543
240 63 261
32 35 728
31 56 568
159 216 513
21 61 215
205 158 216
104 174 239
142 188 556
128 221 553
61 29 894
85 261 837
139 193 724
207 154 580
167 134 979
19 128 834
5 135 750
247 3 151
102 80 224
251 237 498
156 166 730
225 229 767
218 183 272
2 169 973
246 40 527
39 201 476
39 55 564
117 151 673
72 35 186
102 66 756
167 48 329
32 54 431
6 71 144
115 184 12
155 242 706
231 48 272
226 41 508
161 243 865
138 155 502
252 256 249
212 48 187
29 66 881
69 97 642
130 137 228
83 71 161
181 61 889
34 10 828
167 235 34
68 254 665
130 88 556
93 46 443
252 122 866
75 25 570
31 257 372
63 37 225
151 228 386
205 221 738
5 71 691
74 98 761
110 152 386
24 70 651
50 60 4
211 127 302
136 8 447
253 223 60
200 58 77
137 184 961
23 74 480
120 176 976
1 3 135
152 263 805
75 2 578
23 166 753
243 172 725
214 16 875
101 232 66
128 206 557
20 142 427
162 80 680
4 122 161
136 191 6
203 160 72
87 96 175
130 68 157
142 260 252
223 96 615
33 199 768
81 4 523
20 101 296
5 79 316
101 243 385
26 121 844
190 251 806
189 190 407
108 77 119
229 230 985
224 128 237
67 32 870
153 237 505
48 94 412
225 13 508
248 71 505
186 215 935
118 79 44
198 65 51
70 138 943
198 224 266
38 213 579
58 218 477
56 13 744
57 72 133
3 219 666
95 15 669
55 133 253
247 215 8
20 42 856
37 199 571
42 63 365
149 6 540
33 48 717
117 55 449
6 132 851
69 143 188
3 207 39
209 41 922
192 69 409
70 214 709
49 186 514
12 184 526
240 158 85
89 95 502
119 107 819
235 11 101
57 63 236
194 95 359
228 106 495
197 217 786
88 39 677
50 128 646
74 215 525
216 262 895
50 252 172
152 52 443
97 17 29
115 256 461
115 104 934
204 9 688
237 110 980
159 132 725
18 4 274
235 123 836
218 59 333
132 89 354
224 158 76
114 80 79
231 79 496
124 204 675
135 183 229
197 148 656
241 104 528
19 64 686
251 159 698
252 51 277
64 85 985
257 173 156
148 95 370
253 154 202
174 201 813
54 56 566
69 176 347
78 77 1
183 13 195
18 47 190
139 255 823
131 50 523
74 209 765
137 9 92
193 169 231
107 136 114
143 145 78
97 26 320
17 99 776
74 48 607
150 186 767
122 186 75
1 254 53
115 74 122
53 103 272
185 56 146
183 15 872
171 126 199
163 96 558
8 90 380
137 242 966
38 103 306
47 238 722
213 9 482
72 90 731
76 74 242
65 172 907
83 261 907
104 237 654
205 22 475
230 226 411
155 193 147
173 224 592
82 250 942
13 23 416
130 85 181
1 73 542
227 206 343
17 33 228
177 130 369
28 187 84
257 147 462
191 46 445
151 167 580
254 129 125
63 139 539
111 117 954
236 5 824
193 249 122
184 71 237
173 122 162
125 2 180
194 58 428
55 175 226
229 113 376
88 255 295
96 94 923
12 138 915
246 43 721
50 166 231
46 128 584
54 60 366
4 148 525
202 82 958
66 188 152
95 116 924
171 168 559
88 76 249
155 218 546
184 254 589
105 58 42
78 219 289
24 170 194
174 11 664
56 213 826
28 131 744
90 191 916
92 168 706
180 261 659
241 99 604
132 172 544
33 74 321
133 166 933
144 229 563
51 201 902
37 259 828
168 215 822
241 162 216
128 135 332
155 56 313
224 193 228
90 239 868
48 50 401
134 4 129
1 186 422
253 23 220
119 156 961
124 159 351
211 161 800
93 172 729
29 216 204
48 80 221
167 76 660
4 118 905
149 105 882
1 10 133
122 76 399
56 103 348
116 134 332
260 228 156
189 206 38
66 240 787
176 226 486
23 211 662
168 47 492
47 165 911
137 158 491
27 251 59
184 32 469
156 242 272
222 29 125
77 73 185
57 18 435
81 259 50
226 104 650
87 147 377
68 194 516
162 242 938
221 191 255
55 154 759
101 234 777
175 9 955
206 124 756
141 82 765
188 79 757
110 255 448
219 187 705
199 63 446
137 106 685
172 34 82
192 240 560
192 245 581
89 33 272
13 31 81
235 32 75
48 242 124
234 41 492
15 102 513
117 121 575
218 178 23
145 159 255
181 1 898
82 16 252
221 250 934
68 104 376
20 238 921
125 200 160
170 100 877
210 113 755
26 107 523
177 95 54
58 234 343
33 125 160
80 69 170
258 224 726
189 249 902
199 141 537
159 235 554
134 227 5
212 29 835
107 111 236
204 105 538
247 31 67
223 122 825
175 71 72
205 86 598
22 69 222
57 51 230
105 26 619
133 246 565
223 206 819
47 232 980
96 194 650
109 49 933
82 210 441
245 23 623
256 205 120
207 217 525
104 254 39
157 104 554
13 234 615
228 67 791
163 64 158
124 41 952
