150 2666 82
43 117 35
61 113 639
133 6 164
122 128 145
23 81 333
17 81 485
82 75 54
63 51 269
43 80 364
31 23 831
97 49 741
53 132 882
83 22 943
127 9 527
121 9 311
139 97 332
8 137 704
121 71 121
71 58 258
25 100 223
115 63 92
38 54 25
61 125 619
5 11 125
101 46 839
82 1 192
82 55 559
64 141 952
43 118 478
21 124 725
21 54 187
9 34 643
46 59 901
22 17 308
41 91 873
74 10 325
127 77 512
84 75 875
81 125 865
22 58 594
36 45 999
83 25 426
91 48 474
1 77 88
19 146 254
66 127 389
3 121 610
35 34 987
78 11 474
136 10 435
61 15 963
128 67 624
14 46 981
74 22 157
107 100 585
85 103 834
31 66 776
6 63 518
19 11 184
145 9 221
115 95 380
1 4 468
26 19 884
7 145 985
63 36 970
104 121 644
76 16 754
7 51 468
99 4 363
112 124 558
43 95 876
121 57 83
145 85 862
61 121 175
61 119 228
126 83 771
103 134 508
105 62 291
109 124 181
97 41 649
26 10 757
149 31 612
124 76 876
1 43 3
85 97 126
121 145 953
98 39 266
45 1 285
87 131 833
43 27 449
61 76 105
63 82 267
145 115 954
51 145 187
29 34 669
26 85 10
99 61 150
69 138 172
82 47 483
64 145 798
105 144 468
133 142 33
116 67 843
6 116 713
150 3 275
103 94 363
137 17 405
66 81 975
20 43 828
8 141 113
70 61 633
63 62 739
85 21 538
106 109 942
109 46 378
67 1 472
100 61 440
143 147 926
67 37 373
87 29 595
66 70 909
3 5 534
139 105 928
28 63 523
130 51 152
95 19 278
127 105 605
103 25 778
84 76 505
21 49 948
11 13 141
16 108 318
72 1 70
47 73 827
32 38 430
1 46 739
115 114 716
96 141 801
46 97 815
85 16 523
10 99 993
67 25 767
91 21 482
61 53 960
47 89 960
67 48 248
127 49 252
49 51 926
9 105 490
61 97 620
43 116 522
52 100 160
35 67 62
37 138 850
121 107 666
76 91 202
91 118 582
1 15 168
115 101 660
10 34 634
143 95 258
100 79 560
148 40 217
61 127 811
91 106 63
148 139 501
90 23 209
122 129 702
149 33 822
110 41 836
62 73 672
126 32 19
1 28 441
31 39 195
136 76 151
37 9 294
61 112 324
137 139 882
149 83 691
39 33 38
22 91 503
35 139 610
35 36 237
23 145 661
7 44 506
105 121 10
7 103 736
115 131 299
142 127 508
121 87 316
9 137 712
2 46 201
18 83 784
129 90 125
128 125 606
55 36 845
54 75 2
123 61 646
77 52 657
62 36 419
61 11 383
25 109 343
146 78 598
63 142 850
70 131 262
40 25 372
49 61 968
91 57 8
58 131 84
55 85 728
72 41 293
91 9 267
1 62 358
19 133 502
73 59 950
115 147 58
106 89 608
51 106 154
102 31 963
61 67 592
115 132 849
53 86 210
88 139 540
129 1 386
17 29 618
113 19 293
41 103 609
129 49 765
67 96 96
91 80 884
147 46 155
111 27 992
91 66 346
89 138 730
51 54 621
109 51 182
139 112 205
139 103 302
45 54 167
47 98 647
77 73 851
58 10 202
103 111 62
1 148 848
108 28 594
73 7 936
130 106 994
57 11 591
34 75 896
81 126 956
147 87 577
59 5 638
96 57 182
115 141 372
127 27 832
26 31 374
127 7 448
27 13 245
40 87 933
55 23 699
37 143 209
117 81 868
16 26 994
100 41 804
141 5 816
113 67 936
61 22 174
89 13 965
131 67 674
139 56 22
93 131 889
40 19 39
31 127 394
94 100 249
91 36 407
16 12 801
8 118 403
10 21 579
79 16 614
99 91 784
115 57 50
69 31 621
7 136 216
131 117 777
77 25 740
121 148 354
43 6 183
11 139 633
21 19 122
86 97 694
91 13 692
62 81 558
51 53 864
52 95 283
121 86 369
92 55 517
73 11 52
55 2 431
21 47 97
51 16 927
73 76 731
93 2 599
97 81 181
43 91 291
55 11 637
106 71 348
121 147 147
41 10 926
21 116 636
5 127 133
75 72 958
139 125 441
66 16 909
5 135 883
101 121 923
87 141 128
69 126 412
95 127 739
132 139 93
105 61 914
14 67 641
68 127 883
4 22 406
27 1 32
19 35 239
69 137 846
65 61 383
16 110 76
131 91 471
86 79 215
149 112 637
73 121 580
25 117 92
121 60 133
71 47 997
85 31 795
19 25 659
16 7 507
115 50 504
1 3 804
91 31 799
55 61 329
91 54 80
3 117 646
107 105 468
121 41 10
62 19 147
34 61 594
28 79 743
103 66 142
19 136 968
75 91 246
16 47 163
41 85 586
109 62 1000
117 1 593
118 139 168
63 139 304
21 130 42
95 57 707
5 17 645
138 137 822
28 53 447
19 108 217
11 80 130
53 49 753
100 109 197
67 76 221
61 106 698
57 127 268
102 69 106
51 146 798
34 13 54
73 142 930
110 146 942
45 133 767
46 135 877
16 13 800
43 28 744
67 143 857
49 69 934
59 135 207
28 45 121
9 1 941
147 11 4
78 37 109
127 112 807
149 127 494
11 45 142
89 9 435
49 76 261
101 59 917
95 107 302
76 3 315
55 116 584
37 112 910
111 67 876
147 97 621
73 147 546
136 57 522
33 25 146
91 52 701
136 127 990
121 32 52
129 67 220
91 97 731
82 25 411
148 17 450
76 11 443
146 65 582
31 68 976
61 138 381
52 137 843
37 64 613
133 132 771
60 103 593
9 83 635
11 121 290
97 25 565
130 20 769
95 147 307
130 73 48
137 101 861
19 97 494
75 31 329
2 5 289
86 55 515
107 69 514
49 64 14
31 58 929
80 102 716
141 43 931
91 121 553
62 125 409
10 25 596
76 27 490
34 31 772
8 61 556
113 63 261
13 66 626
17 114 629
2 133 217
47 139 511
38 42 412
63 121 984
107 147 67
10 121 43
87 10 76
76 87 681
81 22 497
139 5 420
79 131 234
48 51 465
22 97 986
55 146 569
1 75 507
31 3 766
39 115 870
106 85 110
59 83 666
1 65 887
21 30 902
5 71 285
129 87 963
115 19 623
60 134 527
109 15 774
82 27 819
135 125 840
21 103 262
54 145 173
34 81 503
54 55 54
43 46 96
129 142 423
76 135 976
93 52 527
72 58 309
9 11 969
29 97 544
44 31 928
49 139 629
6 147 922
47 37 486
97 144 78
16 27 121
46 126 18
76 51 309
63 104 811
132 58 716
103 44 647
150 7 782
106 101 494
101 61 793
16 63 739
139 31 414
61 26 219
62 7 719
25 31 777
134 35 526
51 65 213
14 89 738
91 94 731
148 111 574
133 112 494
69 85 143
11 100 194
147 55 882
23 91 298
136 109 110
143 112 486
64 83 435
10 22 314
11 79 118
88 73 28
65 117 904
96 133 259
136 82 355
125 77 746
1 102 530
108 99 817
76 26 15
131 135 811
64 7 61
86 2 489
61 35 891
139 44 469
89 103 362
5 61 357
119 85 182
3 7 265
17 15 881
123 46 333
3 43 903
101 37 429
112 1 612
37 91 881
142 96 812
63 4 710
99 27 717
120 88 781
61 131 271
95 132 439
13 62 467
127 104 936
97 141 926
15 112 102
39 127 646
31 97 781
99 3 625
113 92 200
58 38 84
121 46 295
68 88 488
97 39 690
81 44 483
61 59 182
105 82 512
7 97 770
67 65 166
31 70 213
118 7 645
79 35 305
150 121 933
102 45 301
122 144 706
73 43 665
109 120 669
123 40 304
49 73 89
127 79 264
110 67 854
94 109 113
87 41 627
4 119 578
1 105 640
113 121 46
69 26 545
140 76 914
61 85 653
89 91 71
43 70 895
127 69 732
49 141 166
7 23 911
36 51 385
92 120 782
51 142 809
21 34 540
69 73 6
88 44 847
15 97 464
26 27 116
127 55 365
18 142 370
92 125 514
61 146 872
22 44 130
133 47 744
30 123 82
15 121 6
103 113 490
91 47 557
8 91 442
115 92 91
53 4 41
55 71 559
15 21 233
131 11 52
77 87 1
122 61 639
55 30 648
47 75 214
139 76 164
95 51 599
13 96 252
55 67 487
23 127 489
97 101 989
1 114 581
35 101 188
56 1 752
135 25 810
5 26 180
146 111 553
6 121 133
136 93 339
66 116 236
50 29 459
136 81 188
59 100 877
13 19 467
82 31 387
3 63 64
25 22 693
81 29 416
7 15 166
48 113 409
25 123 944
81 7 808
57 116 519
86 73 850
101 16 861
29 23 133
100 136 950
77 111 459
41 128 965
87 51 98
81 76 1
125 98 115
26 117 620
11 21 122
116 101 404
22 103 161
102 85 674
99 101 513
67 66 168
10 13 272
40 133 498
32 31 492
75 141 132
23 43 923
120 16 182
87 25 721
88 148 6
148 145 389
22 37 184
21 121 489
121 139 445
66 146 658
146 88 204
17 61 209
102 119 167
120 61 178
70 9 567
124 64 392
47 43 677
118 94 841
103 81 902
1 2 743
1 107 590
84 31 106
93 129 389
125 111 538
51 141 124
28 136 677
11 65 361
21 87 950
1 32 758
16 71 632
119 133 537
25 2 459
126 76 613
71 15 412
136 145 682
115 17 24
66 85 575
25 23 577
8 124 950
1 58 156
44 96 692
40 137 747
146 59 713
111 37 559
47 31 875
95 3 605
33 55 153
33 89 493
69 13 446
41 19 400
47 103 386
85 127 506
103 144 544
49 79 839
87 13 419
2 131 714
124 1 940
84 34 774
105 76 699
91 46 253
101 64 279
113 27 600
27 51 556
117 23 92
111 122 285
79 47 760
37 43 308
35 11 836
147 47 964
147 61 270
143 31 314
143 70 695
35 148 327
52 64 665
37 135 752
11 109 265
78 97 676
32 86 279
99 73 418
121 56 280
124 103 968
55 59 260
121 13 300
79 34 989
83 51 311
101 85 221
126 45 237
121 110 317
1 116 102
115 41 956
7 115 424
66 147 470
81 107 843
45 55 89
67 13 59
73 79 129
109 88 185
136 1 106
146 39 896
125 107 897
64 1 198
100 67 640
1 88 6
41 45 162
32 55 428
121 26 433
59 97 510
91 135 13
31 41 758
61 69 883
14 140 572
86 47 383
108 29 607
34 106 573
97 13 434
61 81 73
137 79 495
118 38 692
139 34 776
123 13 796
71 129 512
93 76 759
11 142 176
65 127 928
6 29 718
79 31 547
10 101 954
33 75 88
76 31 7
138 1 620
31 61 187
8 13 232
127 139 458
112 29 391
112 57 165
147 33 398
1 143 725
61 145 102
99 55 81
29 121 771
141 31 469
130 91 627
85 43 227
103 1 212
129 143 386
66 6 524
73 81 483
91 39 922
4 115 855
43 66 221
115 16 378
63 83 381
131 146 732
136 117 752
53 20 502
67 121 236
127 37 328
22 45 951
97 142 560
78 67 271
49 115 100
51 40 501
36 106 831
82 7 144
29 71 84
83 121 761
20 113 333
11 52 22
6 26 610
82 131 756
135 149 464
135 3 788
46 136 310
67 10 255
55 75 402
9 53 956
91 1 982
41 61 330
53 55 48
6 65 980
104 92 308
79 51 310
22 70 787
59 122 83
9 104 979
101 44 534
89 125 856
33 8 283
145 42 252
38 37 810
107 91 600
1 70 757
126 105 470
33 51 981
123 8 383
4 127 217
102 28 570
77 61 514
112 130 459
109 13 437
82 29 125
132 116 510
55 94 566
116 61 594
57 46 940
41 107 42
43 110 525
63 23 587
124 147 730
63 1 237
21 86 639
3 9 973
73 141 926
106 79 990
124 122 157
78 103 694
40 1 126
49 130 734
77 40 598
129 97 240
115 10 229
65 110 164
137 64 201
71 34 409
31 137 780
36 103 323
139 8 303
137 103 319
123 41 566
91 113 950
64 106 900
103 69 824
1 17 974
59 134 509
61 133 200
101 25 3
138 36 173
46 141 795
61 45 427
131 145 859
4 78 620
1 127 525
4 121 668
83 32 908
81 71 938
29 11 826
136 101 46
67 133 787
91 10 703
84 64 13
43 53 992
17 91 560
106 100 150
149 81 586
111 76 900
88 69 872
32 92 349
55 128 821
13 31 959
73 16 597
55 115 878
91 15 897
148 31 417
145 109 149
1 66 513
126 36 930
4 71 85
133 51 106
129 39 981
58 51 849
89 71 346
61 139 307
37 99 298
25 85 503
75 27 457
53 38 74
76 7 730
41 55 912
79 136 421
55 5 717
42 121 896
112 46 66
141 15 211
19 23 977
79 114 64
73 97 177
38 72 639
145 27 571
145 1 151
41 141 802
7 50 626
37 107 481
41 136 471
13 33 717
76 142 179
35 74 156
14 90 757
51 28 981
141 61 846
87 127 278
12 109 491
61 39 73
19 85 929
6 85 245
146 123 69
79 113 512
115 70 233
111 101 40
80 81 841
136 11 875
136 91 651
51 121 620
148 19 546
96 121 614
149 10 334
67 137 505
19 20 177
49 19 572
19 111 765
141 35 711
7 42 817
103 87 620
55 13 482
9 85 680
109 138 464
71 111 300
99 71 759
106 131 372
138 101 376
45 46 903
76 99 15
64 33 174
148 39 985
40 46 868
23 123 224
31 110 772
88 71 891
134 3 925
25 145 129
123 133 657
79 61 971
121 79 873
27 109 515
43 44 413
145 45 152
89 100 414
46 111 346
51 11 441
56 69 850
66 35 937
51 57 32
125 31 280
102 112 636
109 61 665
112 115 614
1 133 185
42 67 131
43 13 71
65 145 140
126 63 105
3 48 695
13 56 965
148 117 29
10 147 731
7 91 905
82 106 164
35 33 691
10 69 764
76 146 379
2 81 144
78 85 183
135 13 57
47 109 972
23 61 593
119 115 196
76 121 796
16 132 868
115 111 252
45 99 136
111 99 362
73 45 602
3 114 967
16 133 602
51 61 48
89 105 549
119 16 356
104 25 14
61 36 270
148 77 906
83 131 984
122 41 707
135 35 444
81 25 699
15 113 470
41 57 233
31 103 168
7 56 845
3 113 423
40 108 192
80 86 881
98 35 805
103 64 606
11 67 342
1 125 653
13 103 855
23 1 257
16 53 284
123 15 247
133 37 506
145 79 945
5 149 503
146 79 126
75 148 106
82 121 890
75 37 39
1 7 563
123 76 158
76 56 142
3 127 582
95 1 489
26 62 376
147 76 523
129 13 253
97 11 260
149 141 25
124 91 751
63 53 876
100 111 982
23 100 558
20 1 638
8 55 997
121 124 565
145 49 98
86 43 775
141 139 457
81 40 141
26 137 786
65 82 614
7 55 777
70 121 27
52 81 532
17 37 342
64 53 149
73 105 874
69 109 193
41 106 466
113 21 318
111 127 158
127 91 718
116 103 506
94 56 122
121 14 676
67 51 286
111 81 707
14 1 980
111 26 203
115 45 969
49 82 173
95 46 115
95 31 956
55 145 952
7 93 335
91 25 782
67 104 37
92 34 841
123 43 150
57 144 287
145 96 495
34 45 87
22 42 949
4 100 75
9 94 179
144 52 70
85 128 324
108 43 685
139 89 27
51 31 849
35 1 985
51 127 818
17 127 945
32 136 142
30 77 961
33 71 345
51 149 949
71 22 536
66 97 83
62 91 491
25 131 708
125 103 483
27 125 131
109 85 13
41 25 151
100 97 93
121 37 568
106 148 630
64 104 299
25 134 275
31 123 259
5 75 495
103 16 973
25 61 238
137 21 73
76 88 989
5 6 527
11 26 898
143 45 802
59 123 625
76 101 286
136 16 217
120 103 268
90 7 324
116 23 817
4 97 998
102 15 51
97 95 868
49 10 704
87 75 183
30 131 730
45 79 799
25 93 987
91 150 173
31 49 52
127 53 539
121 131 909
137 91 201
103 49 926
73 116 29
125 37 138
136 106 297
71 97 661
85 13 652
46 15 113
109 129 873
113 139 333
91 125 734
91 114 675
97 26 454
16 106 719
91 78 393
139 147 637
133 115 596
120 47 668
86 7 27
91 56 450
85 113 511
96 103 351
144 74 216
15 34 621
117 137 441
20 30 259
74 121 322
35 52 37
49 88 304
48 119 394
133 89 568
109 121 855
41 1 653
139 99 527
64 61 873
76 63 118
113 53 459
128 10 948
103 67 235
133 3 734
103 3 783
57 35 605
55 136 930
105 94 8
77 139 829
40 52 47
130 143 316
107 79 343
127 11 442
78 31 70
100 85 525
79 139 301
28 37 562
105 41 468
139 117 818
53 128 661
78 115 678
109 31 812
127 101 885
2 115 634
21 41 797
109 149 648
61 143 882
93 127 895
99 79 982
88 129 20
121 77 465
83 143 585
133 31 971
49 100 741
91 132 628
115 11 939
100 58 916
26 28 295
109 127 605
78 39 695
73 148 770
47 67 793
7 87 629
22 95 951
5 9 365
79 1 887
25 59 823
61 60 606
139 43 689
11 129 39
88 62 10
118 146 63
89 115 420
51 129 62
79 29 719
140 97 335
135 133 227
6 94 333
86 49 168
121 23 215
47 145 879
106 81 587
129 79 510
67 102 670
25 13 699
141 79 696
85 51 118
31 43 108
97 64 375
126 1 343
2 94 194
109 21 684
49 133 684
77 26 993
1 21 474
13 84 287
88 43 134
82 51 68
79 87 332
88 13 384
6 33 86
3 120 735
9 109 36
66 145 352
26 73 350
88 31 214
72 15 460
135 101 481
95 49 826
135 143 2
57 16 20
76 24 283
18 139 189
10 1 938
71 41 123
13 9 280
115 35 164
96 91 496
67 36 903
88 87 905
46 7 422
109 23 219
31 100 535
51 43 704
37 145 630
7 147 715
7 79 896
73 61 462
8 41 674
85 108 89
25 4 867
24 129 436
100 76 601
16 20 255
34 49 43
92 61 331
17 21 305
139 52 2
29 36 151
4 37 191
31 80 485
43 133 238
36 102 939
90 32 849
74 137 915
49 131 319
49 27 823
134 1 106
145 122 543
111 85 857
63 60 84
3 67 274
76 43 471
11 43 924
66 61 876
117 37 266
98 31 326
135 49 56
4 49 851
75 51 864
55 34 63
102 51 960
107 141 651
57 130 343
19 126 741
104 131 332
145 6 86
51 115 85
59 108 279
85 107 694
31 35 243
59 49 366
31 5 749
142 136 656
137 111 331
41 133 943
139 85 215
11 91 503
115 71 537
57 101 621
141 1 672
71 31 527
58 130 668
121 35 442
106 26 96
38 88 990
58 121 870
3 18 663
7 99 144
123 112 149
137 63 196
37 31 165
52 41 539
77 2 221
100 69 314
67 29 466
35 140 669
26 41 728
15 39 127
122 1 981
21 25 424
93 31 88
77 53 590
45 71 691
73 37 817
129 91 900
93 96 508
70 19 877
59 54 403
14 32 797
114 41 596
71 139 77
74 50 41
109 141 284
65 45 570
79 76 916
112 87 26
3 70 482
131 52 574
4 113 969
89 97 115
5 89 153
11 15 698
109 35 318
29 92 495
91 45 944
74 11 892
94 73 951
58 11 203
11 7 237
76 37 33
130 11 667
37 120 47
67 85 513
61 86 455
19 31 628
6 51 549
141 95 649
26 114 691
5 83 244
19 61 951
95 55 37
36 127 739
118 79 510
91 145 797
67 87 939
120 26 611
81 55 483
67 101 144
149 37 993
1 71 454
106 31 37
135 26 924
10 14 261
101 91 30
32 91 555
29 55 480
91 19 731
3 78 825
29 37 723
46 96 818
34 121 684
21 139 578
119 91 71
124 6 609
132 121 830
119 121 506
13 51 424
96 131 459
133 111 611
97 111 3
100 43 918
43 145 486
31 16 592
59 22 112
133 110 734
127 99 741
31 83 331
131 85 517
31 63 214
132 87 493
28 127 651
33 1 382
93 105 504
101 63 914
67 79 698
32 63 769
126 129 392
5 97 198
83 29 716
65 13 962
7 71 486
133 71 645
115 56 927
115 61 442
69 123 403
110 11 732
7 126 431
12 11 817
34 19 104
17 72 715
21 60 525
95 142 477
137 46 54
141 37 791
41 111 361
121 115 264
85 50 347
9 61 335
133 146 335
105 43 922
4 79 459
49 65 270
95 41 113
40 27 634
95 131 787
79 143 82
75 124 719
124 62 400
38 1 624
55 25 512
77 99 565
131 133 556
15 55 730
115 79 471
16 109 854
139 143 210
49 121 156
79 2 189
118 96 238
9 22 869
41 74 477
46 70 146
21 75 161
61 13 51
37 139 90
147 29 806
76 71 776
126 79 154
1 111 726
52 145 692
115 85 852
16 43 365
99 21 850
91 116 829
67 125 567
107 130 895
49 25 85
57 137 83
26 7 609
106 120 314
56 125 330
116 94 440
78 47 475
64 57 269
99 36 723
50 109 741
17 7 383
111 55 376
101 145 102
91 3 914
53 115 706
145 86 549
76 133 133
51 111 233
31 96 322
83 39 568
25 147 743
130 118 627
14 115 799
11 36 144
23 107 32
49 125 586
133 118 818
31 73 291
133 114 301
91 147 680
136 21 734
63 17 256
79 19 378
21 111 228
69 111 687
49 147 808
5 51 868
55 78 155
81 85 172
79 105 167
85 76 514
87 111 553
31 48 465
75 101 338
61 56 294
64 121 995
143 104 821
29 58 151
77 67 440
73 21 115
22 121 841
26 65 778
22 87 13
36 82 506
21 33 923
16 1 5
73 64 204
37 82 444
102 47 199
6 7 52
13 118 6
49 39 488
140 127 864
52 1 211
69 118 425
139 55 484
127 16 301
116 121 86
85 142 878
16 139 987
54 61 916
8 116 723
124 43 935
139 29 664
135 47 82
112 88 401
61 40 68
88 89 675
137 124 100
13 14 373
135 41 551
19 3 588
1 19 583
115 13 338
107 135 180
47 25 852
107 55 173
15 92 912
127 121 965
49 44 349
7 40 993
41 51 907
28 61 441
89 51 78
15 4 740
17 55 664
141 81 770
57 19 474
121 69 831
48 98 257
24 75 281
51 108 424
31 145 498
84 83 815
131 43 600
121 40 487
36 97 247
104 54 776
41 20 41
51 107 355
65 91 590
45 127 322
55 73 399
17 145 103
70 67 443
127 92 811
49 118 807
81 37 228
121 52 104
49 149 449
91 72 818
43 115 43
131 105 227
12 137 19
63 145 363
127 131 426
51 97 677
9 143 924
37 40 737
116 9 478
17 97 690
9 16 337
147 44 279
55 137 109
17 23 238
95 34 730
89 22 900
85 7 89
136 75 3
57 141 580
50 28 110
109 137 593
67 83 872
149 2 510
23 118 697
69 115 767
108 17 348
37 51 666
1 18 735
134 77 357
143 131 804
88 45 602
22 82 48
144 19 923
101 31 962
1 51 459
143 138 811
119 145 669
81 96 518
127 143 706
94 59 429
28 130 431
123 118 319
100 95 248
46 61 356
96 49 839
67 99 990
16 19 159
3 41 13
5 67 197
55 121 427
10 51 838
147 101 454
21 88 102
1 83 54
10 133 853
17 101 942
9 28 345
61 136 257
16 61 277
81 139 89
5 91 116
68 138 891
7 95 768
1 61 720
9 140 41
37 69 288
121 133 204
46 133 104
125 64 98
16 49 640
121 75 131
1 13 732
1 59 926
13 100 192
49 60 818
105 71 277
128 141 571
11 38 138
146 50 200
141 77 893
67 112 190
46 85 625
129 101 478
49 1 533
67 115 750
131 40 781
96 136 678
139 25 409
144 135 257
118 51 158
91 81 927
15 43 276
19 107 537
31 140 516
57 55 747
13 125 680
1 140 106
101 113 329
81 104 137
45 67 842
145 40 159
26 56 951
31 9 726
39 101 315
103 143 211
62 140 815
27 101 782
101 126 87
127 76 417
131 101 596
101 98 356
143 142 278
106 1 106
149 145 734
28 132 339
32 8 89
12 55 563
19 55 223
70 129 715
25 43 157
104 136 579
35 24 74
11 31 804
44 97 980
109 19 811
87 64 358
79 74 747
13 116 558
55 39 485
44 142 237
27 70 47
49 7 909
104 97 458
81 143 889
74 91 426
49 3 626
16 105 190
35 126 724
46 64 782
133 139 116
139 145 643
13 35 812
133 27 540
2 12 688
85 121 639
1 47 925
52 71 160
65 41 144
81 68 724
149 1 87
135 31 101
92 87 25
139 22 43
6 13 55
75 132 1
46 73 172
89 55 283
127 41 630
76 143 381
1 57 762
77 110 198
35 93 198
109 91 631
116 29 467
31 56 753
40 134 425
9 55 570
41 147 893
61 110 425
67 91 486
69 63 363
16 64 970
41 101 674
143 68 763
86 81 66
73 27 422
113 76 139
29 66 397
117 19 593
127 59 3
40 73 571
58 23 607
133 101 378
41 129 633
111 23 40
79 91 185
48 117 518
37 61 99
85 73 456
8 66 75
111 52 668
32 81 484
55 93 924
39 19 427
64 148 488
51 131 960
144 119 962
103 70 59
72 48 906
31 10 129
76 19 132
148 65 700
101 29 980
81 4 540
22 76 91
117 89 959
28 57 658
22 98 562
107 132 612
25 9 383
150 31 191
25 65 251
87 113 597
8 17 550
63 21 497
88 14 382
7 121 613
147 125 579
46 19 262
97 109 293
103 51 988
75 111 968
37 55 35
144 6 694
73 111 996
77 109 172
49 116 129
61 47 116
33 116 156
146 121 823
93 91 585
101 100 126
146 54 184
45 93 998
11 141 992
2 31 998
80 46 630
79 43 439
14 114 446
19 127 969
51 25 720
125 133 144
65 5 415
79 39 753
142 99 454
7 139 215
23 56 813
31 113 456
136 146 464
87 123 382
70 79 46
22 79 564
7 88 694
45 9 116
117 31 314
9 66 147
17 141 407
116 112 712
101 45 966
3 20 940
52 80 565
70 91 283
82 104 166
49 43 456
28 56 112
103 136 39
83 43 665
43 45 795
11 135 183
1 36 775
31 107 964
95 16 289
20 99 782
143 75 976
124 73 633
111 106 658
118 61 948
81 63 430
144 9 88
28 81 819
23 79 951
41 47 772
28 131 588
70 145 7
135 84 545
31 46 854
111 43 744
105 52 377
52 12 801
115 81 355
124 31 321
21 27 721
97 103 573
83 17 532
133 138 615
43 39 475
31 129 100
34 82 516
82 3 171
63 111 665
133 113 800
138 73 70
147 1 154
147 31 945
1 25 772
49 87 204
79 37 119
21 35 395
115 31 43
62 71 557
19 37 491
9 69 216
113 34 89
147 131 956
23 40 515
73 112 996
31 90 667
85 11 52
145 111 969
11 94 700
56 143 482
74 28 444
131 13 421
100 150 29
115 44 721
21 79 197
25 15 302
74 87 319
149 19 991
65 84 154
133 8 588
79 101 622
75 149 687
33 46 958
33 76 364
61 27 145
73 136 322
27 135 185
91 61 53
19 50 674
118 149 857
65 106 487
49 111 595
74 70 173
35 83 546
3 136 174
11 4 356
53 19 185
121 97 345
31 67 109
19 135 40
103 145 211
45 146 410
81 79 350
106 10 398
13 142 714
141 101 708
52 58 435
115 86 6
139 101 904
121 141 283
107 52 707
1 39 902
64 10 965
73 109 204
115 109 604
73 91 349
116 131 876
72 121 719
113 16 305
115 38 520
19 112 487
130 43 667
65 9 643
130 148 382
41 5 999
19 103 650
29 47 697
69 65 552
73 137 512
57 85 18
77 36 956
31 1 415
4 62 790
66 52 200
5 122 478
117 142 291
77 76 909
132 37 387
144 75 935
11 16 910
86 51 930
32 118 132
27 44 963
131 29 2
77 97 268
25 3 869
31 59 705
59 133 268
1 131 906
131 71 907
103 27 986
87 119 514
13 21 105
116 31 905
26 113 980
49 55 239
121 19 782
29 77 382
3 61 826
43 149 444
121 33 194
137 11 283
149 55 55
117 22 958
11 47 96
100 83 123
53 139 261
31 111 47
47 76 27
123 117 768
4 10 918
71 87 604
121 136 876
100 16 346
115 142 737
25 116 686
13 112 392
68 44 358
106 115 489
15 101 688
19 123 786
41 34 485
111 130 676
106 35 932
150 46 84
37 131 158
14 40 983
25 127 958
51 101 394
16 125 383
121 25 896
20 145 284
61 93 732
117 130 890
1 130 400
50 121 937
127 67 570
41 119 108
108 61 166
145 59 517
97 38 762
96 34 17
7 142 133
20 24 85
37 85 3
148 141 395
33 81 881
105 106 658
131 66 476
49 77 499
9 29 714
94 1 583
112 76 846
83 136 710
145 116 858
1 115 581
73 19 257
101 81 171
91 103 670
19 99 739
43 81 485
33 24 947
69 34 270
9 77 227
10 90 905
146 47 749
55 142 515
88 83 29
58 141 433
1 81 739
107 145 691
39 96 459
133 33 91
15 111 457
149 61 865
49 109 756
139 13 354
32 67 400
51 44 272
55 109 527
50 31 941
33 29 280
61 126 671
27 96 331
19 139 200
130 85 494
110 1 45
123 138 170
22 39 743
97 43 845
59 109 587
31 105 188
145 138 488
127 80 26
133 55 345
85 136 338
87 31 775
143 141 925
71 103 456
44 129 317
43 103 689
136 113 256
33 53 364
65 135 538
69 89 270
121 126 566
51 117 925
91 148 424
10 65 751
1 69 141
33 98 824
49 99 809
120 135 490
8 49 843
145 77 181
9 59 717
31 7 742
76 23 406
96 1 781
43 63 318
88 127 938
85 117 236
91 139 815
65 81 316
6 11 618
31 81 227
19 59 547
37 36 584
39 52 686
61 103 638
97 115 811
145 76 288
93 73 123
103 104 556
109 111 744
89 144 323
150 107 838
94 43 980
113 107 660
18 101 305
145 105 800
65 20 55
63 49 478
145 11 925
3 37 106
83 125 487
1 121 597
36 147 934
1 109 146
43 61 670
105 13 641
60 99 548
139 41 521
130 115 558
17 27 963
81 5 543
116 70 870
7 19 814
10 145 334
71 46 840
110 103 261
25 76 265
57 107 697
76 130 838
35 107 299
97 18 191
35 69 423
119 81 292
67 26 614
1 119 489
88 53 946
51 119 21
76 69 887
70 122 233
135 145 209
66 119 205
51 45 54
43 55 668
5 4 804
129 121 580
119 106 868
25 11 167
13 68 232
81 24 290
139 26 453
147 27 179
86 101 175
95 27 693
145 93 21
103 88 708
105 123 197
135 121 890
101 1 407
81 13 341
121 81 765
106 40 267
31 55 564
86 11 372
46 13 23
82 97 829
31 15 700
149 58 42
1 90 190
42 61 599
87 99 178
79 133 424
112 4 21
142 94 883
100 99 881
11 106 998
8 121 216
46 55 658
3 32 147
46 76 436
79 46 192
39 45 880
136 141 974
29 43 627
4 91 123
69 91 995
26 37 628
140 145 484
9 39 655
70 81 419
76 109 309
100 14 554
13 136 195
91 49 284
81 9 48
1 37 964
107 115 198
95 48 221
128 19 476
101 58 742
83 37 330
113 75 473
81 46 623
134 145 32
137 126 951
127 15 100
95 91 413
69 82 244
3 110 779
109 139 578
46 42 1000
115 33 669
37 35 190
53 46 561
33 83 609
53 73 581
27 97 11
30 104 88
63 91 30
121 142 376
66 11 261
138 82 23
7 143 436
127 84 751
133 5 700
20 103 1000
41 29 659
26 145 488
32 112 632
1 139 665
3 139 607
61 6 849
144 91 838
118 82 483
102 16 951
46 28 117
49 71 66
33 11 903
71 26 760
147 37 330
64 29 973
37 102 158
88 90 229
46 49 716
141 85 926
141 113 481
61 89 160
67 7 882
115 143 576
93 79 14
132 83 348
57 52 272
83 46 598
113 25 201
37 128 537
46 36 933
67 57 523
106 21 937
4 58 88
19 101 123
100 131 41
40 76 263
84 39 37
91 16 779
136 133 713
51 66 875
100 127 673
127 103 397
75 61 466
121 100 245
59 112 311
52 28 336
115 127 806
37 8 621
148 56 414
29 141 83
18 11 133
62 39 696
113 41 713
87 5 522
62 131 83
126 133 223
122 63 484
21 51 717
69 53 281
22 49 359
75 76 643
25 64 260
67 64 438
115 91 20
13 49 807
145 81 702
51 123 174
19 131 22
139 51 993
71 118 105
11 111 489
9 7 302
68 75 81
31 112 246
118 55 281
22 67 986
115 105 737
41 73 500
59 16 817
133 106 595
88 61 918
142 45 934
7 148 573
37 136 166
109 43 635
21 39 654
89 135 331
82 99 570
94 41 120
25 57 914
123 86 955
66 53 812
145 125 65
133 137 46
7 37 751
22 34 582
11 42 70
23 101 716
119 13 808
19 63 857
130 86 980
61 7 555
6 82 229
109 81 823
136 52 248
13 111 692
115 5 671
3 10 892
125 73 991
115 99 213
67 149 80
11 59 116
92 91 885
141 137 86
89 136 41
121 43 759
138 52 572
61 135 582
99 92 649
100 9 318
49 124 721
110 148 719
62 61 297
109 71 777
67 21 396
87 18 762
115 88 300
23 15 360
17 10 909
86 125 312
7 41 753
64 31 589
121 95 787
19 47 15
75 128 528
30 91 903
2 8 30
97 55 422
84 1 830
1 85 635
131 9 306
101 49 25
51 20 195
17 146 626
13 79 239
46 117 14
79 103 361
5 129 248
73 51 455
56 81 772
141 69 898
99 132 135
94 127 531
88 113 647
96 76 16
103 45 380
35 91 512
30 71 35
101 73 454
39 58 500
51 15 142
21 101 293
135 113 850
91 83 944
51 30 485
4 101 526
115 47 513
141 45 413
74 1 63
111 65 778
28 36 981
7 112 793
115 23 198
8 52 642
118 83 298
79 57 972
76 1 687
47 150 850
56 103 391
127 97 315
1 137 493
41 68 841
15 139 470
121 90 95
25 142 578
4 133 867
19 142 851
77 119 652
18 37 566
1 97 648
97 137 111
40 55 553
115 76 365
22 65 117
111 39 972
116 51 555
131 141 423
131 107 286
61 129 840
49 146 630
135 85 764
16 147 757
105 51 380
92 121 851
77 133 462
83 95 925
6 1 54
43 128 409
33 103 717
71 113 380
76 2 19
25 7 543
130 26 177
107 26 566
127 130 288
47 136 679
67 81 669
121 88 207
73 82 573
37 97 531
131 69 996
14 83 542
43 113 702
55 1 477
61 57 957
65 121 902
136 29 22
135 70 962
41 126 234
83 146 647
3 11 699
140 64 240
144 1 330
37 25 15
111 91 313
43 120 200
9 95 175
81 133 891
49 36 659
117 129 596
31 6 597
79 83 49
101 3 163
31 108 427
1 44 281
28 123 879
111 61 806
101 94 774
72 50 393
101 87 148
129 111 984
133 127 862
140 43 521
41 42 812
104 43 190
133 94 633
71 107 76
58 63 417
9 19 935
81 110 610
83 19 832
91 82 121
39 25 810
142 71 331
25 149 743
31 121 862
87 1 97
115 15 137
106 73 698
106 126 715
127 123 842
9 108 602
77 71 378
133 39 956
15 81 774
112 71 365
12 85 858
27 141 867
89 121 9
26 39 673
146 11 122
111 93 830
59 26 917
36 31 394
87 73 139
25 96 710
83 141 69
43 75 793
149 113 663
51 91 92
149 121 677
145 58 851
48 114 410
107 83 372
77 84 423
106 7 400
21 149 762
137 85 265
106 13 82
73 1 866
62 22 669
7 101 728
68 91 860
76 55 898
143 133 890
55 51 857
133 73 834
118 1 661
17 25 244
82 137 776
117 91 415
26 55 75
91 85 5
29 13 48
109 74 236
1 92 783
91 141 130
126 127 646
21 131 362
19 43 133
127 40 441
11 1 10
31 42 246
44 3 943
126 3 445
101 109 225
133 78 321
