300 3045 90
99 257 33
116 73 652
85 283 875
247 261 949
40 88 60
229 86 549
19 105 654
7 145 3
157 133 323
287 201 669
229 222 998
91 267 556
57 43 793
103 275 217
247 281 443
79 108 79
265 76 327
181 25 317
169 295 36
94 1 633
257 231 607
97 211 801
261 145 131
151 251 128
169 211 508
191 281 757
62 51 849
129 25 553
73 197 510
173 197 889
253 241 120
227 289 472
101 114 348
175 231 219
57 196 717
229 137 560
145 131 525
183 151 153
247 268 174
47 272 459
199 61 867
25 229 447
21 257 12
261 295 741
13 263 767
189 247 108
182 113 162
8 48 252
277 96 267
140 26 758
205 232 3
31 256 625
33 121 654
259 103 487
217 41 920
259 10 238
211 1 703
225 186 738
4 191 779
277 6 403
239 295 240
189 13 245
76 202 239
41 121 64
175 91 177
265 147 559
165 113 298
141 157 781
124 148 668
166 94 192
271 33 978
164 182 296
184 195 556
26 5 917
231 53 567
76 31 445
173 85 753
190 285 243
121 275 304
229 106 705
161 17 719
125 45 603
193 16 940
175 277 164
49 29 692
219 295 296
41 21 53
299 1 177
49 199 826
251 1 689
140 266 545
265 57 512
214 297 894
292 141 740
271 79 219
25 108 247
213 151 710
205 281 349
72 137 835
71 121 214
176 251 935
142 125 582
65 76 569
81 251 262
265 233 401
80 71 298
25 274 261
171 221 122
22 52 643
30 281 200
253 187 378
252 261 162
226 232 765
21 181 859
205 121 77
289 258 806
261 66 307
271 295 722
76 241 297
187 229 895
171 181 278
13 213 654
273 235 263
65 257 785
49 54 1
20 151 31
61 274 335
61 37 448
12 113 921
1 271 923
129 88 576
197 3 368
220 57 50
88 109 395
161 271 978
274 298 509
61 257 193
1 85 461
1 104 726
174 47 131
1 10 608
1 34 717
191 51 424
215 245 752
51 7 266
275 145 187
211 151 678
209 127 12
155 232 363
101 133 416
168 101 949
226 97 748
201 293 242
121 141 335
145 293 77
27 153 35
135 10 374
99 61 934
246 80 391
49 61 498
247 221 561
237 147 272
89 45 798
163 212 656
134 295 22
58 139 860
41 106 769
247 61 595
21 169 508
149 181 937
118 298 622
223 200 739
127 254 100
159 190 685
36 14 14
25 61 10
109 121 866
285 269 906
65 61 37
23 94 150
198 221 10
115 116 185
49 56 840
165 1 497
46 181 683
173 65 90
65 13 166
81 265 981
78 107 105
290 193 419
294 85 727
157 163 636
144 132 165
157 190 43
113 153 812
189 91 400
105 151 139
1 193 361
197 181 37
179 161 487
158 49 698
199 113 911
73 151 642
256 272 118
277 61 852
289 229 156
157 211 250
256 137 877
201 267 991
24 91 992
140 126 479
157 113 493
169 287 676
226 277 992
105 1 329
169 256 311
196 66 345
217 235 932
139 293 736
69 121 249
213 221 570
232 166 613
19 193 209
241 277 507
29 269 49
55 51 539
55 271 959
7 133 825
208 148 970
61 21 441
217 241 408
1 253 555
31 97 901
172 199 225
91 36 510
51 273 345
280 201 880
9 40 333
181 280 766
16 209 702
151 161 846
211 255 74
101 274 362
33 22 221
181 9 72
251 141 957
223 67 310
6 187 765
46 271 755
1 240 531
91 1 28
280 156 370
172 283 422
160 297 801
59 121 239
91 45 162
263 134 310
163 213 718
153 97 611
139 124 65
161 132 366
89 13 797
201 81 41
87 85 576
142 25 33
253 291 379
213 245 981
13 294 406
274 231 479
61 171 578
79 5 728
261 117 239
131 41 420
217 71 442
22 5 72
1 3 420
25 201 189
241 161 354
126 157 204
140 257 838
5 181 221
28 26 214
137 239 312
133 251 781
272 37 600
229 265 421
283 167 745
94 293 58
50 150 827
14 250 197
211 274 172
215 166 159
139 246 459
291 208 282
189 201 622
49 225 736
171 208 792
281 293 525
268 26 841
5 47 191
161 252 228
33 26 409
46 153 833
55 124 648
151 142 481
139 172 37
193 130 29
249 46 83
239 146 299
120 139 617
153 251 966
199 88 919
95 277 832
241 196 964
204 161 890
164 46 827
13 28 321
202 256 69
121 101 192
256 151 59
181 238 257
227 41 246
136 209 76
181 36 53
49 153 662
241 103 906
171 121 374
97 201 623
85 151 660
103 205 476
151 19 908
2 167 498
101 286 984
115 184 500
169 202 307
91 12 495
170 136 579
152 21 461
31 29 684
148 193 109
116 43 956
1 187 332
178 91 82
235 277 799
235 46 459
109 148 420
269 224 96
196 149 758
33 74 85
167 297 498
81 33 571
180 234 434
91 47 43
241 157 795
241 247 789
251 82 598
49 144 670
145 294 837
193 73 46
111 44 235
251 28 896
71 157 697
138 3 31
151 16 30
72 38 888
68 235 682
134 143 910
181 110 755
61 97 45
133 151 968
234 20 518
26 31 301
284 107 997
9 148 245
31 205 568
148 101 679
1 32 752
112 43 876
150 289 294
92 222 731
26 40 672
56 81 617
179 280 409
59 143 860
263 281 406
8 282 427
32 241 809
22 7 554
199 45 459
212 21 395
46 214 921
145 257 973
197 262 543
203 213 313
89 268 91
37 162 396
241 283 360
231 265 941
119 205 933
148 130 805
41 45 993
128 7 473
145 26 44
1 276 373
91 5 536
19 165 256
39 115 973
102 281 165
235 284 146
41 194 284
214 199 880
26 213 807
129 33 143
28 163 489
229 21 760
139 9 418
71 5 349
253 102 383
245 265 665
157 207 583
61 146 286
51 286 60
43 71 813
251 40 646
145 161 424
109 55 103
271 175 997
275 57 113
73 278 104
241 258 419
181 265 197
273 21 431
233 91 315
242 245 542
137 171 806
61 160 940
73 289 973
155 196 422
169 187 376
37 159 268
289 10 854
157 297 252
286 49 280
289 31 957
201 257 843
87 225 336
17 85 211
21 101 598
89 232 657
23 201 559
61 175 916
257 280 257
133 153 690
68 291 468
76 51 67
149 211 471
241 172 145
95 280 503
125 250 694
207 91 602
151 75 102
183 295 417
238 25 54
241 261 826
283 121 687
136 62 401
34 49 381
201 17 527
113 300 985
161 187 957
145 251 388
206 269 407
155 206 871
114 269 44
250 37 954
272 293 55
151 97 394
181 31 536
64 47 883
138 90 294
167 253 895
77 145 509
198 178 153
21 225 52
283 209 489
1 21 408
1 197 560
29 105 67
141 111 90
136 128 604
28 128 154
13 25 192
85 113 620
40 73 389
16 166 389
1 29 586
251 189 565
210 121 931
13 18 374
267 226 563
31 269 534
189 127 228
177 208 150
273 253 405
248 174 974
184 146 579
46 37 390
236 97 883
176 295 703
57 189 620
253 93 423
53 176 807
73 154 410
277 271 442
17 185 998
200 225 351
3 195 785
293 121 830
1 112 698
133 111 463
241 108 428
136 225 156
251 285 384
27 118 118
288 31 204
125 259 946
118 286 617
293 221 716
181 289 187
109 267 670
67 21 423
75 140 386
216 193 860
281 36 763
275 211 336
170 125 494
4 211 721
133 237 435
97 285 110
281 172 129
5 141 956
277 181 280
11 196 12
256 96 844
37 271 331
245 239 222
270 25 106
15 17 444
16 183 959
142 6 836
221 182 420
133 171 92
188 210 107
33 102 562
289 193 419
295 289 520
226 244 681
239 26 858
271 82 684
123 203 626
151 31 572
13 106 810
172 221 198
102 261 236
76 104 486
197 231 243
100 160 149
33 49 311
69 15 451
82 71 844
216 26 664
194 141 387
89 51 621
51 169 361
253 229 364
17 51 520
235 3 566
64 188 373
155 191 161
132 252 527
261 76 676
253 113 686
147 223 196
145 221 795
1 9 856
1 298 883
181 39 327
126 261 445
144 125 160
156 293 46
287 61 69
151 207 134
139 249 519
185 267 203
279 253 399
199 126 263
9 85 217
202 9 505
94 72 326
173 25 899
14 24 284
278 181 695
241 135 638
259 112 156
77 201 449
237 241 866
21 100 721
46 91 352
185 36 807
19 21 71
82 221 879
247 289 700
175 176 879
89 71 798
161 247 28
157 33 817
247 71 186
32 286 837
119 167 207
18 60 847
259 133 31
12 256 593
161 205 780
101 118 461
244 133 609
237 178 353
27 253 758
225 15 522
128 172 136
169 226 546
61 187 134
145 85 707
141 61 123
299 158 532
189 233 644
201 157 843
1 181 468
169 190 952
175 60 859
131 211 269
151 26 526
181 251 152
261 79 7
3 126 972
231 151 794
37 219 742
69 61 448
116 61 812
157 247 391
161 59 796
76 153 189
89 67 586
97 199 964
29 253 735
31 25 357
28 43 237
27 181 206
276 184 424
253 209 37
89 77 974
127 139 612
233 33 514
286 229 370
70 273 591
208 289 649
91 6 559
231 148 330
173 274 762
33 119 991
267 157 934
61 203 82
118 236 601
61 67 975
264 241 105
117 121 324
31 265 258
196 104 930
166 31 249
185 252 519
79 32 838
199 95 542
61 191 791
259 121 434
22 76 427
169 161 913
13 286 864
295 73 873
151 127 498
112 85 454
44 169 234
139 190 32
19 292 487
157 67 291
2 3 718
105 268 363
222 208 813
86 65 327
241 191 631
73 5 371
229 49 131
1 30 611
37 81 285
117 247 228
203 154 88
295 22 189
31 184 77
128 137 639
201 111 378
73 97 73
175 125 203
171 283 838
201 34 361
117 109 496
299 103 507
124 141 135
13 26 43
76 13 111
281 277 529
40 175 930
157 129 685
41 100 276
291 265 257
145 76 566
112 159 833
173 136 103
9 189 620
6 261 975
93 213 41
251 241 403
81 271 263
238 253 476
43 102 75
94 256 203
142 285 629
89 103 666
269 91 875
211 95 984
82 181 872
161 211 795
253 57 59
117 199 293
197 277 645
163 7 529
13 210 251
251 193 887
138 68 286
1 89 517
41 276 11
212 256 72
289 145 437
251 91 661
41 251 646
97 147 380
259 115 625
1 109 498
121 280 694
233 285 258
80 65 839
77 251 597
208 89 350
95 123 902
276 91 626
77 181 385
88 239 626
216 247 921
137 265 752
121 10 295
9 197 511
181 235 957
82 201 948
129 271 662
37 1 933
256 293 942
127 19 773
281 78 250
44 177 787
201 149 134
157 147 126
83 131 833
160 258 817
213 244 593
9 35 447
1 279 733
1 26 635
277 220 254
115 163 126
37 169 715
221 21 654
259 171 246
7 45 151
121 217 153
106 21 221
21 148 633
244 101 545
281 282 868
269 19 722
185 271 202
226 225 593
186 43 546
220 124 955
283 41 485
241 213 422
64 279 146
77 295 541
181 281 651
66 62 940
234 271 191
82 9 652
271 190 435
78 241 682
76 41 371
178 240 851
185 110 752
137 141 579
61 253 341
151 187 312
101 289 165
229 19 202
133 142 136
217 138 208
165 91 842
40 226 489
184 165 96
181 67 540
235 229 185
244 281 503
211 238 727
144 211 206
41 49 765
187 103 247
254 57 382
175 7 571
73 141 729
16 207 64
1 145 179
151 112 327
24 32 334
263 269 657
65 202 70
17 72 935
163 178 768
250 161 265
33 149 448
61 297 410
120 167 907
139 289 6
55 104 214
31 175 745
43 236 163
141 81 954
61 34 711
13 101 752
233 25 98
26 38 940
254 163 412
51 49 600
273 30 929
8 203 639
24 90 796
77 289 829
9 291 609
65 233 967
108 269 295
251 101 127
73 17 628
85 111 302
246 24 729
66 220 644
49 157 185
85 63 590
127 128 140
198 287 135
262 274 897
172 244 841
175 9 412
65 223 698
73 157 697
174 15 59
105 109 611
101 77 406
119 165 82
171 185 138
223 268 423
169 159 593
251 109 350
17 83 748
223 217 619
106 141 102
76 126 15
88 241 749
69 13 939
259 61 248
89 225 14
169 106 161
275 289 310
106 81 800
121 231 906
46 82 222
103 278 793
145 217 749
281 121 680
85 43 562
227 241 183
113 193 152
137 4 362
178 257 35
21 145 645
99 28 825
163 290 45
281 61 224
81 176 322
89 187 174
282 296 532
131 109 166
241 19 284
93 265 942
121 236 215
255 193 315
61 228 763
121 81 150
67 121 377
176 36 284
166 241 52
46 139 24
88 96 542
21 76 395
143 281 984
66 255 172
261 221 64
43 271 563
189 188 400
237 33 807
285 184 577
17 285 550
123 141 512
277 101 297
181 169 487
101 157 125
65 56 558
85 21 806
258 181 152
31 143 144
257 26 667
247 211 335
131 13 907
25 148 107
69 181 338
247 123 915
239 166 590
31 9 197
13 175 425
61 216 257
113 67 728
16 229 351
77 13 62
12 23 628
1 4 36
53 49 389
257 193 402
143 25 231
221 118 388
259 163 722
1 243 608
199 165 889
60 174 913
91 171 691
191 83 972
126 133 283
169 109 376
297 217 47
197 274 592
46 186 564
205 211 502
47 68 618
49 263 501
145 229 580
201 259 383
13 40 685
10 107 661
266 37 536
111 240 655
131 111 107
69 267 716
64 221 341
55 125 565
22 206 714
25 152 927
67 281 434
139 85 621
79 226 19
204 227 185
121 298 374
46 24 943
216 269 752
122 46 510
246 237 971
181 200 8
43 50 275
23 273 940
157 17 233
211 166 917
181 71 394
195 121 222
107 268 926
113 155 860
85 177 602
137 37 208
27 192 7
105 73 916
142 181 282
251 115 360
9 91 737
155 229 868
116 97 914
73 260 276
269 51 726
52 188 164
31 261 794
1 262 636
20 121 723
21 31 701
18 29 321
249 291 481
93 217 400
241 61 576
121 244 363
291 161 228
111 261 936
253 90 463
97 25 750
237 66 323
129 237 674
43 226 776
1 209 414
223 203 953
43 61 627
181 37 272
7 187 206
283 26 702
69 115 121
161 296 244
115 139 935
169 241 572
25 109 351
70 37 973
32 251 645
66 149 279
38 122 144
49 141 583
261 289 667
189 253 211
51 277 684
151 113 964
277 276 483
182 103 972
190 165 516
257 1 915
58 114 919
60 9 915
28 286 573
62 167 160
157 229 720
1 5 560
226 228 540
1 7 401
14 170 11
240 172 322
3 65 309
195 249 65
67 275 699
9 27 429
36 97 831
155 60 885
117 101 338
208 233 467
13 227 123
160 24 990
181 146 481
263 21 430
271 219 730
72 81 660
77 169 66
25 223 703
1 41 411
16 21 378
121 202 851
32 124 869
129 41 337
151 277 370
57 66 443
39 41 755
276 245 579
43 254 262
221 181 944
117 139 621
136 21 171
55 242 23
77 156 745
120 29 896
39 5 518
131 86 849
179 174 505
157 91 369
75 205 455
61 129 139
291 241 840
269 3 245
14 159 701
256 207 226
16 163 760
275 196 964
161 100 29
130 185 16
85 220 379
201 268 196
37 98 904
105 136 192
117 13 927
85 121 916
164 78 882
131 26 131
259 45 613
299 112 966
49 201 555
271 139 214
167 177 340
121 197 7
82 121 312
83 97 652
226 247 835
1 247 274
49 111 708
45 19 512
209 161 204
175 259 29
199 261 715
61 201 87
49 181 448
226 175 138
37 225 639
79 69 264
97 105 978
191 149 647
50 7 990
148 157 54
106 91 651
201 126 803
148 160 68
181 186 935
1 201 371
147 173 387
5 261 577
1 161 170
265 205 762
226 76 794
271 109 9
187 75 742
286 113 979
16 145 751
283 31 118
110 202 81
209 21 154
225 128 85
222 287 239
226 123 227
185 272 533
13 177 451
202 15 741
165 181 593
158 39 824
21 269 408
1 130 400
101 163 971
137 84 783
1 205 779
62 166 968
109 253 954
256 259 585
161 217 672
137 85 718
239 259 422
241 31 996
37 218 89
154 82 254
79 225 241
201 63 882
120 20 518
213 91 355
137 296 853
153 7 90
205 50 415
28 271 146
255 265 882
41 69 230
103 51 993
241 46 375
289 58 445
119 223 385
249 7 205
171 213 67
216 263 300
166 196 286
46 43 351
100 126 349
255 91 495
30 207 983
13 277 188
65 145 725
134 1 683
28 117 538
7 97 979
5 6 572
289 281 743
209 95 774
219 199 359
283 240 153
1 118 878
237 141 618
286 115 448
61 231 914
209 9 835
189 175 58
105 116 96
5 207 363
177 291 411
49 58 250
46 118 688
46 151 290
257 73 901
205 56 808
9 58 395
130 166 636
199 157 633
217 185 810
9 101 290
241 39 762
157 106 265
21 223 542
265 293 235
125 242 430
7 226 984
29 147 523
163 31 931
158 105 255
43 169 274
133 217 831
271 61 65
214 56 916
191 91 396
2 115 274
177 181 924
19 145 913
98 247 257
23 220 425
249 10 419
136 261 138
64 21 804
47 59 55
265 97 895
115 298 62
33 126 609
61 213 8
213 31 654
101 167 795
141 271 798
19 177 26
45 73 584
281 106 817
139 247 991
221 137 579
190 166 811
103 109 657
55 238 386
2 251 211
16 280 769
194 58 299
50 151 670
288 137 452
10 156 606
274 195 597
99 298 893
17 127 810
84 219 320
226 81 484
97 207 972
25 300 888
275 181 542
274 233 250
121 255 978
76 97 145
202 1 370
91 261 675
73 212 864
181 291 347
97 21 148
157 185 299
242 165 783
23 66 223
195 34 620
20 147 602
75 262 664
245 163 369
5 103 340
185 201 387
55 209 195
1 58 928
25 62 764
91 289 142
125 192 867
268 34 75
59 106 914
117 49 652
77 45 246
145 254 840
181 134 38
96 23 667
1 241 110
95 241 300
211 286 154
233 61 882
49 283 632
25 281 673
106 115 897
67 9 20
205 97 246
165 69 342
142 178 573
5 243 308
214 221 357
5 175 342
56 17 817
61 127 108
237 175 557
5 52 344
173 118 777
101 215 7
183 163 500
179 58 657
22 133 217
37 120 126
153 204 85
216 277 298
22 108 451
25 261 944
253 220 115
1 6 637
113 137 514
13 176 408
82 59 84
198 143 672
181 100 474
81 101 625
152 277 245
76 85 451
61 289 296
69 43 895
145 225 611
81 250 667
157 231 157
253 251 388
220 257 69
165 55 985
34 59 626
107 181 234
31 136 225
145 247 93
1 168 606
139 1 310
117 99 173
187 213 38
61 145 461
69 106 504
281 286 821
151 135 872
255 1 210
285 1 743
280 61 941
141 8 128
184 121 213
22 105 559
41 154 591
293 190 171
247 81 254
201 196 475
271 137 77
241 187 945
61 50 415
177 229 2
201 150 101
61 39 154
133 277 660
257 23 513
58 115 251
167 292 408
207 112 528
5 14 786
217 265 501
201 76 359
62 142 845
115 187 495
28 42 864
241 49 364
117 120 862
193 145 431
167 265 857
10 254 705
104 81 716
201 286 726
187 16 945
171 1 898
177 283 633
249 142 877
276 57 605
167 228 118
173 253 777
145 253 834
241 199 173
50 153 278
151 88 134
145 41 952
163 247 136
118 191 787
103 161 371
25 121 61
233 151 16
149 41 522
41 289 36
120 21 474
76 279 504
1 63 44
49 175 42
53 11 169
241 211 7
283 150 587
73 271 815
129 1 970
10 185 254
45 85 862
294 232 24
220 91 974
133 61 131
136 232 186
119 181 303
206 187 26
253 117 383
81 238 992
167 166 855
250 277 512
73 136 354
281 85 231
147 31 364
181 173 260
52 198 419
253 181 711
69 226 111
115 9 819
157 65 257
181 225 897
1 102 694
181 15 915
129 163 630
13 169 204
181 244 276
197 94 342
187 50 815
165 298 316
114 211 746
159 29 90
10 271 356
43 91 564
61 100 723
9 224 977
259 295 284
27 241 891
71 251 782
85 101 578
272 278 464
57 209 429
268 46 834
111 89 724
274 192 226
101 149 239
1 76 49
249 25 348
238 169 933
151 33 224
49 21 235
52 100 977
163 25 650
196 117 757
225 135 79
196 193 634
256 141 559
121 289 52
223 193 157
207 136 434
271 176 284
253 161 813
86 270 115
19 295 666
2 81 786
93 46 189
245 261 930
215 228 628
181 23 968
17 125 564
169 280 661
281 210 9
64 137 668
286 139 219
95 110 591
256 263 90
241 15 174
110 241 394
229 88 161
195 133 545
131 1 943
241 62 782
238 121 625
25 49 134
169 249 650
15 265 983
154 157 796
205 81 61
205 258 250
115 73 958
296 121 828
171 165 269
289 299 191
165 153 1000
21 25 410
31 57 479
201 46 451
61 283 270
187 279 295
91 145 229
258 107 532
133 106 415
49 151 563
75 211 703
116 219 94
76 205 310
211 143 532
61 15 638
163 63 367
16 279 444
89 175 707
256 64 85
121 203 996
159 27 995
131 61 697
287 19 294
133 75 496
177 254 113
179 82 483
112 211 531
154 85 945
5 33 448
226 293 961
217 104 77
203 3 94
170 247 452
129 205 152
256 145 219
229 104 536
61 118 496
272 42 998
253 185 487
17 53 102
121 1 310
109 101 141
193 155 947
187 226 126
226 241 806
225 51 596
45 151 803
13 300 751
119 145 794
257 97 722
213 1 109
45 23 918
181 151 633
127 103 398
25 279 867
286 241 206
162 83 341
15 20 811
233 298 287
253 158 167
178 216 203
11 112 762
234 84 496
13 45 330
161 206 403
73 89 894
189 94 477
181 141 510
1 295 714
107 191 753
97 235 516
281 1 588
78 2 770
249 112 80
289 201 939
1 36 427
164 26 967
40 106 254
246 299 424
235 2 58
153 233 505
1 254 274
48 267 664
73 183 819
78 208 619
289 109 205
37 226 669
167 138 579
235 85 515
161 165 478
115 19 477
209 202 720
182 232 61
221 115 965
4 109 568
1 12 22
166 217 741
265 114 219
9 11 756
67 124 122
101 259 925
145 281 802
10 49 836
61 300 682
53 153 973
250 271 96
151 94 780
137 101 941
17 129 209
121 249 506
11 141 748
217 168 798
34 47 293
211 31 462
45 166 705
244 21 88
113 235 32
36 50 127
124 151 925
153 5 198
38 188 143
118 164 217
36 189 157
117 10 688
146 116 17
25 1 837
94 265 744
61 256 71
29 87 11
23 251 740
145 173 460
25 17 404
161 22 288
171 149 920
1 172 372
184 192 855
97 173 753
83 201 937
41 137 477
96 79 893
271 197 104
251 271 886
295 157 426
153 181 263
134 137 533
193 91 416
175 133 89
87 103 397
134 49 111
31 156 705
85 51 262
279 121 426
155 21 386
231 25 791
64 290 288
138 201 440
255 70 222
69 179 177
192 34 878
156 281 159
151 234 415
117 146 105
63 139 904
120 13 665
74 189 118
291 231 414
139 256 456
253 201 360
226 13 602
106 151 380
160 76 946
103 70 792
61 265 382
298 201 456
155 169 519
127 91 527
258 71 253
212 46 298
58 229 584
221 225 697
153 73 248
83 29 11
225 31 716
51 214 404
89 178 64
293 217 994
190 81 738
259 187 621
145 177 982
76 186 314
229 153 233
193 7 750
76 20 810
189 155 989
91 109 305
70 241 500
272 123 886
61 95 119
199 31 829
76 227 231
34 260 665
185 131 237
64 201 7
202 225 426
280 123 928
127 133 812
177 40 492
295 117 445
227 211 140
166 271 300
271 281 861
2 166 223
193 32 991
226 265 646
67 1 730
7 156 60
289 272 651
213 289 652
299 203 279
9 158 161
261 151 760
123 291 108
13 21 478
41 181 90
1 235 711
109 166 102
39 128 789
110 25 783
81 61 219
79 106 405
151 199 633
45 82 285
59 11 746
34 289 347
10 298 386
271 104 863
166 85 782
265 289 80
181 145 214
85 250 652
1 52 534
55 61 645
289 21 498
250 91 489
209 289 47
89 37 745
69 286 150
283 227 99
33 58 278
9 214 620
51 293 592
205 229 271
259 71 177
166 193 951
127 161 686
187 109 206
252 137 287
145 51 182
25 164 389
215 49 669
166 154 900
56 145 171
276 133 420
33 11 118
250 163 303
295 139 583
19 126 717
277 16 455
276 55 142
85 205 917
22 205 965
116 133 565
266 195 436
197 13 590
37 253 981
105 67 292
199 298 276
141 225 974
121 73 231
188 157 8
173 31 732
253 169 787
259 151 263
169 274 441
181 120 7
296 93 767
253 82 338
206 31 905
209 130 365
277 49 1
283 101 40
133 140 595
202 51 869
101 241 849
21 37 148
101 223 108
42 227 453
99 176 849
185 245 538
72 194 834
157 262 362
63 151 512
256 165 428
43 181 384
247 19 499
133 81 421
181 193 700
175 210 709
151 41 697
188 151 528
234 262 634
297 6 57
5 37 458
1 246 73
85 61 784
97 109 445
163 296 182
275 63 9
109 76 321
129 31 776
101 107 428
76 149 360
64 111 588
201 206 279
265 96 223
127 196 400
49 291 179
19 107 415
76 11 967
181 64 79
211 13 297
225 209 914
283 125 952
161 64 586
266 277 692
119 294 88
43 276 33
253 81 454
221 283 952
1 287 98
80 245 483
93 22 136
61 29 424
124 241 295
239 65 554
270 124 427
125 185 555
154 49 336
237 181 791
126 298 664
116 137 929
217 247 191
281 185 614
201 40 92
57 286 783
71 85 721
212 81 212
85 106 317
70 83 284
103 193 980
17 277 273
269 22 241
262 115 343
223 172 888
26 56 578
217 259 389
125 161 255
166 37 438
226 50 7
211 121 39
160 89 941
157 294 99
44 112 966
52 253 57
43 79 75
259 67 554
158 285 778
19 49 832
21 28 879
217 261 450
99 185 78
181 34 248
214 274 860
151 175 299
265 235 719
21 167 63
93 163 281
71 130 200
223 169 246
201 105 626
242 255 639
7 221 524
157 99 455
87 109 330
33 51 936
94 277 233
121 138 63
85 73 703
88 157 19
87 269 977
49 76 43
201 246 557
95 37 776
21 96 634
103 17 630
139 24 80
142 97 467
109 247 446
36 110 541
201 181 300
157 136 969
42 80 403
256 179 443
33 193 809
169 203 221
61 221 35
181 283 193
245 151 168
119 125 645
55 101 279
133 205 890
241 125 882
241 80 826
173 295 551
249 137 253
227 291 375
37 40 240
181 241 705
163 13 385
149 251 843
11 149 293
121 146 27
24 151 421
244 254 418
221 264 473
61 225 905
245 292 120
91 185 528
71 99 884
13 43 366
151 37 912
173 19 875
181 73 942
11 228 92
220 169 443
197 145 927
133 55 524
196 119 113
74 78 146
13 207 333
31 72 343
151 217 801
199 211 864
1 2 173
1 217 833
67 165 344
100 81 66
113 118 437
94 264 325
67 51 344
72 59 680
250 241 654
113 25 791
295 141 693
221 133 77
295 277 65
65 1 955
140 93 396
245 196 235
97 43 253
229 85 18
26 121 488
215 69 616
169 81 634
76 273 820
1 231 697
25 244 793
293 109 712
141 118 686
193 180 27
249 160 340
284 85 518
289 241 752
25 135 889
19 200 45
103 201 116
136 121 56
173 241 971
151 253 945
145 73 606
149 106 167
1 150 469
85 31 239
298 151 511
111 57 636
223 291 862
121 95 603
89 49 972
1 16 48
52 3 871
45 25 929
251 142 640
1 123 967
141 1 768
48 172 34
97 133 682
241 75 536
181 112 679
109 136 360
60 248 806
274 181 33
21 144 54
217 117 197
268 224 711
261 7 152
189 109 950
17 13 468
13 256 862
13 135 295
298 53 277
181 199 599
73 60 4
292 247 651
133 41 679
270 106 508
52 64 323
281 167 355
176 121 200
172 133 246
1 273 645
271 138 490
271 229 377
201 271 314
271 292 603
71 220 235
241 126 944
11 55 204
241 13 157
31 55 923
73 76 777
280 211 171
136 223 382
155 262 294
101 61 253
106 190 791
137 241 934
271 103 732
181 217 670
127 53 321
219 256 91
43 111 758
270 211 890
202 261 394
200 211 786
275 15 566
82 163 859
269 1 93
253 133 527
175 76 881
103 300 156
41 40 912
81 249 618
274 125 919
181 160 241
47 209 659
25 169 589
283 169 733
247 193 535
73 226 818
41 201 229
45 223 726
211 145 16
211 113 407
139 145 145
241 145 607
199 235 462
173 71 856
115 85 238
136 49 585
297 181 18
1 265 950
43 41 16
11 22 57
136 85 221
256 93 353
299 61 136
261 61 606
83 181 170
117 5 753
58 101 94
241 233 555
216 94 961
295 85 161
277 265 461
113 84 883
169 292 71
181 166 387
81 1 576
81 216 777
241 281 841
32 109 228
262 13 99
276 181 592
181 286 699
169 52 407
153 151 330
277 2 516
49 222 302
81 52 781
73 19 707
127 225 711
15 112 241
231 120 859
85 159 380
268 173 214
193 121 460
167 151 152
226 227 270
161 4 374
90 268 58
181 87 404
142 146 526
250 211 123
166 91 624
290 118 211
214 1 772
173 251 836
7 241 758
136 272 78
121 137 73
81 186 90
221 241 943
265 49 438
56 266 997
73 235 76
199 156 411
255 97 665
29 86 703
295 227 969
81 115 174
1 267 611
11 89 455
109 142 18
31 81 872
53 151 704
60 67 458
96 4 653
122 21 579
121 9 126
277 174 436
164 109 378
116 241 248
295 13 119
42 4 854
221 151 737
87 101 938
257 101 934
150 228 181
261 270 137
225 23 473
51 35 469
235 186 120
255 79 801
270 33 704
115 109 111
89 145 187
290 121 641
287 263 18
101 174 831
31 298 564
181 164 322
58 91 262
180 25 48
77 151 628
271 15 318
28 36 722
6 292 302
241 91 55
289 103 208
233 10 330
167 73 266
81 261 912
17 43 32
91 281 748
37 256 126
95 15 642
13 242 957
189 169 477
161 55 861
25 139 350
33 156 53
16 165 668
241 151 453
158 91 289
236 183 446
192 285 767
173 112 567
179 1 963
162 221 652
266 127 669
1 54 713
109 37 741
195 297 338
77 76 528
45 215 448
275 187 403
161 25 329
238 21 883
261 154 622
146 201 509
55 185 116
114 137 249
130 89 218
38 177 7
101 253 657
31 61 845
33 295 811
171 176 985
193 136 748
181 4 595
7 225 177
25 225 970
139 136 754
71 57 77
124 102 79
64 134 682
163 141 967
269 277 558
169 208 779
81 151 650
217 222 384
257 241 793
37 105 274
225 245 595
163 61 184
206 49 720
295 49 827
181 60 988
123 241 678
105 82 730
85 105 793
58 209 688
166 65 23
253 221 651
125 91 286
291 259 63
251 274 479
37 213 109
136 217 715
92 30 510
135 9 481
230 181 429
231 94 723
31 296 767
57 45 320
259 159 714
161 86 553
81 244 934
141 244 710
109 43 283
241 197 379
131 91 606
298 61 17
25 100 98
1 218 633
117 280 18
97 249 435
91 21 362
219 85 854
42 53 623
157 259 895
225 105 919
169 229 97
54 130 991
131 269 979
115 277 633
95 77 427
152 13 452
158 21 632
55 141 392
157 142 535
151 76 374
276 217 933
82 30 895
262 263 999
80 25 495
11 121 735
49 161 876
107 200 235
57 162 210
133 31 431
241 189 929
91 271 654
8 9 217
91 61 637
273 71 578
13 64 65
19 170 432
31 11 72
226 64 764
227 74 855
189 157 578
257 265 418
14 173 386
124 221 974
181 223 351
99 165 443
35 232 73
1 17 259
225 169 578
37 129 154
251 30 825
1 274 125
37 9 266
297 31 288
181 89 692
289 141 159
13 105 940
33 194 890
65 241 141
181 101 644
10 262 206
90 99 290
146 82 265
105 284 548
154 285 904
45 196 236
185 148 505
158 204 3
61 181 793
121 5 481
31 139 14
43 171 814
13 224 155
113 117 592
205 20 350
96 217 21
292 49 228
109 162 276
145 49 631
135 61 53
176 235 876
200 106 992
81 222 821
211 181 495
169 263 405
166 125 137
229 1 300
231 182 13
69 64 921
41 153 582
235 36 366
182 261 454
181 256 150
117 37 853
265 271 842
189 31 661
175 126 116
194 101 713
11 42 432
173 154 34
221 226 586
226 100 456
252 241 982
33 91 368
121 288 688
120 241 666
9 61 309
219 261 989
169 257 616
253 162 749
91 244 747
61 149 736
181 133 811
79 41 997
141 97 76
251 229 812
81 165 543
94 116 475
196 1 980
53 84 30
64 92 285
126 24 515
3 251 691
162 276 495
109 283 802
283 206 94
265 106 990
102 173 248
79 105 336
11 173 874
277 116 196
31 65 904
1 152 827
241 184 196
65 297 321
257 191 814
114 196 542
11 47 797
151 193 44
67 154 787
61 157 41
265 201 539
1 117 643
188 133 893
264 297 881
1 101 928
116 162 564
183 14 397
145 58 962
216 1 706
241 121 773
19 176 331
151 79 914
221 1 298
181 121 539
5 94 753
97 169 450
173 124 390
214 268 823
95 32 222
30 80 76
191 73 428
26 192 911
293 5 512
155 91 66
182 244 307
92 1 463
277 109 103
43 211 111
225 121 48
11 115 617
298 136 479
109 235 557
61 41 727
273 211 322
251 281 765
215 191 615
243 279 448
286 64 544
51 46 730
31 157 477
202 139 638
211 292 504
199 145 697
10 139 718
145 37 447
156 145 611
117 256 372
149 241 918
148 247 529
245 17 233
36 96 153
21 132 881
261 97 994
179 141 977
202 125 916
65 121 380
21 166 801
71 253 622
4 8 842
136 257 823
70 297 388
131 241 371
145 178 287
157 256 752
274 215 802
181 53 570
249 277 247
141 195 572
118 187 128
41 206 553
121 188 446
13 23 431
79 83 486
115 91 778
237 169 563
217 87 641
61 26 384
63 157 891
61 229 650
62 147 558
188 148 702
151 12 896
232 73 263
49 133 326
166 201 95
9 263 71
141 115 329
160 79 381
28 226 97
127 7 793
61 1 296
160 157 137
32 185 692
228 187 930
286 97 587
127 228 744
96 201 659
57 199 950
101 33 894
9 98 344
216 253 445
269 77 411
79 217 335
121 268 702
118 147 872
287 170 979
151 266 21
161 5 655
26 71 438
214 253 643
1 49 44
145 151 253
273 196 505
266 157 269
214 117 436
23 145 17
216 271 161
273 18 155
145 53 120
171 66 211
185 153 18
262 52 754
25 157 384
55 230 541
211 204 741
2 45 200
88 25 914
87 93 184
221 229 598
181 271 811
97 41 914
34 193 552
111 151 782
27 73 218
251 59 346
37 36 696
185 273 824
13 134 276
277 1 820
55 211 766
93 178 842
217 215 415
129 153 163
241 85 420
133 161 944
163 289 588
64 139 207
241 159 593
157 286 529
6 210 469
225 199 814
220 94 542
151 155 795
160 91 62
251 187 683
101 41 556
139 88 224
291 277 368
229 116 956
93 94 252
100 73 327
136 25 281
145 44 173
277 297 850
27 32 429
85 170 358
262 31 582
241 249 353
64 179 774
19 293 617
145 66 364
31 219 11
141 196 739
226 186 33
93 173 777
295 226 4
32 97 430
297 43 873
205 267 771
241 215 722
171 226 441
120 253 537
211 193 94
47 1 579
97 149 65
158 193 56
269 109 425
69 14 735
97 89 734
55 57 901
140 249 560
47 191 659
49 221 960
31 69 269
165 176 192
133 281 923
61 255 580
17 11 492
230 135 304
248 49 142
69 171 563
193 81 731
46 29 715
181 156 458
100 251 175
97 215 605
13 148 810
26 125 483
201 94 778
21 135 923
259 49 978
99 249 106
138 221 45
241 156 162
85 88 798
132 209 58
217 251 872
297 184 856
220 193 500
46 185 661
233 242 771
31 17 548
295 238 728
13 165 650
4 30 16
286 80 465
25 5 150
274 51 488
193 280 338
271 131 567
187 211 926
67 49 65
73 249 438
70 195 130
137 157 588
149 216 204
241 262 103
268 113 523
180 217 341
101 235 867
67 265 211
82 95 321
201 137 333
37 205 476
87 160 396
157 85 430
106 271 920
101 111 246
259 281 666
224 286 365
55 265 452
15 125 948
43 99 743
217 127 341
51 181 619
176 133 1000
185 1 422
139 151 342
9 81 880
13 283 291
1 174 711
57 19 807
57 281 23
193 106 654
4 31 51
173 1 106
169 1 358
261 49 380
253 213 383
21 206 456
229 264 607
72 175 696
41 271 359
113 203 428
177 224 999
260 107 594
21 180 456
259 297 707
261 146 611
115 181 939
166 197 300
161 295 264
216 217 484
104 241 241
43 21 961
265 85 591
13 79 546
277 280 13
176 225 509
17 270 153
181 10 874
173 178 111
124 85 613
226 153 719
261 13 322
14 13 973
265 145 460
183 265 733
161 281 53
70 284 148
36 236 782
161 29 358
2 61 1
157 173 41
187 235 257
205 49 388
17 187 795
19 121 256
101 131 92
126 70 640
13 1 178
100 113 469
63 71 39
7 70 18
84 182 452
281 153 219
56 213 645
133 196 891
11 21 982
247 242 528
163 145 16
61 197 931
187 91 278
223 167 758
265 157 864
187 233 93
146 25 709
106 57 616
5 44 132
9 106 864
109 157 360
271 237 700
285 201 970
123 176 462
76 234 72
53 1 505
87 237 347
3 48 127
121 123 195
187 167 286
100 130 78
105 34 159
160 25 83
257 292 696
181 290 549
207 1 873
1 73 872
293 266 589
41 16 920
59 7 115
125 61 553
91 76 912
169 133 88
181 209 494
121 133 894
296 181 73
101 26 192
109 217 997
166 25 225
103 268 711
241 17 937
270 157 137
16 271 621
268 209 260
272 204 527
103 91 283
3 15 526
247 181 222
86 35 476
25 82 350
283 285 330
56 206 541
16 100 93
241 81 473
70 134 946
216 192 10
88 175 905
169 59 855
201 294 911
29 151 91
205 215 817
42 241 419
289 233 42
151 1 65
1 46 276
127 241 437
293 105 183
186 176 928
240 109 229
279 259 783
1 57 67
187 192 914
281 157 153
274 100 967
46 283 834
40 297 84
118 125 937
96 11 617
10 273 224
196 97 857
181 97 900
13 82 546
66 246 989
43 77 909
195 294 725
286 138 75
297 11 544
213 271 336
35 199 589
116 5 772
201 199 398
157 28 495
122 215 275
185 103 240
226 151 390
45 255 419
289 226 537
130 262 140
160 1 260
81 13 226
12 263 515
1 153 82
256 148 590
126 281 414
105 215 463
27 1 555
277 199 654
121 79 457
208 69 590
76 207 542
1 199 184
151 275 607
91 298 277
23 299 982
26 271 613
28 201 309
67 201 464
115 31 737
298 137 807
190 251 128
141 249 487
1 155 213
43 251 815
289 117 603
53 98 137
146 49 295
7 294 693
126 167 935
271 259 235
239 79 760
163 237 895
257 291 904
166 73 495
157 217 808
111 13 303
289 52 931
125 193 959
213 41 879
176 68 390
265 290 697
43 73 785
163 277 415
169 2 579
130 35 200
117 233 675
245 214 710
226 190 304
277 239 693
233 299 711
273 281 514
22 264 823
22 66 371
91 62 891
105 110 548
49 79 301
45 61 250
155 55 153
101 40 585
115 136 202
181 117 107
271 19 139
281 217 240
226 181 518
195 201 926
23 39 521
32 53 155
295 164 872
37 217 717
55 235 135
169 195 701
295 88 11
221 187 153
10 40 725
11 145 878
34 211 741
70 173 895
193 201 567
241 178 560
40 265 818
112 37 40
217 257 769
25 241 739
221 139 839
43 157 583
92 45 503
91 257 929
219 193 651
26 256 298
101 280 980
121 166 388
208 253 325
265 73 960
196 103 426
186 198 301
226 121 213
41 112 289
41 281 852
210 105 600
1 127 121
145 259 554
205 185 896
135 239 562
55 59 140
133 189 205
286 151 518
161 186 851
1 261 156
293 182 481
7 67 832
283 20 145
106 52 566
49 184 365
22 249 850
286 85 29
81 109 252
291 298 811
281 176 427
276 59 290
245 69 316
51 11 645
85 91 181
136 172 268
51 71 629
61 124 48
251 25 678
281 134 446
49 216 720
145 121 24
95 181 651
261 169 899
265 273 27
221 245 755
207 241 548
201 261 787
263 181 56
252 6 265
189 97 181
238 271 536
77 193 466
235 93 282
126 106 755
19 55 858
212 300 618
16 262 712
30 226 72
169 26 283
241 94 622
14 95 634
81 161 175
169 281 343
25 199 404
129 181 216
267 261 225
236 10 67
265 46 833
129 125 461
64 151 883
293 61 959
137 277 435
219 233 189
15 259 989
61 73 90
273 37 726
1 289 166
183 233 809
75 22 480
77 53 695
7 13 775
25 50 636
109 181 417
169 61 471
17 158 148
1 19 28
37 241 875
217 88 698
141 199 155
37 13 458
277 183 680
201 145 661
39 75 164
265 41 666
17 141 584
221 26 679
257 165 971
187 70 486
105 25 909
107 117 815
106 287 815
76 116 436
106 238 907
133 193 412
103 145 875
67 119 843
49 148 494
