305 7218 282
111 201 94
92 251 594
246 138 791
41 69 645
22 130 644
154 54 776
153 216 51
158 6 522
102 71 799
113 32 669
26 245 134
114 305 472
259 271 894
65 26 926
71 236 605
298 192 728
186 231 945
276 5 856
50 267 974
235 231 943
168 76 932
132 29 188
62 241 530
134 297 323
255 235 530
173 38 520
75 132 122
256 25 897
122 8 427
12 57 975
91 235 309
190 94 695
193 199 901
1 27 107
119 121 775
169 51 134
136 188 800
292 88 578
91 208 417
167 157 376
186 206 588
282 88 645
178 191 10
246 245 946
180 166 614
295 101 983
57 121 870
33 62 395
261 243 256
218 65 875
292 201 393
232 132 280
96 36 96
291 13 309
87 112 906
296 62 250
211 77 791
154 66 1000
29 276 717
148 62 521
137 157 781
97 105 879
193 13 780
202 291 505
173 101 507
12 143 71
78 256 870
198 247 904
177 81 280
123 119 908
224 163 694
141 36 13
110 276 474
121 296 986
111 296 819
267 18 548
146 17 178
76 1 821
225 241 846
17 40 761
39 201 982
75 26 119
144 164 723
305 217 118
181 272 48
44 76 194
23 89 606
227 156 347
80 245 115
28 283 576
235 264 175
13 90 107
62 206 602
126 36 321
9 68 815
221 91 77
278 135 464
135 183 74
168 54 561
11 205 747
52 187 956
23 26 404
170 42 216
56 81 683
290 67 958
98 205 443
97 17 553
256 71 548
293 177 26
99 46 369
73 103 999
165 71 676
5 14 817
211 52 754
137 296 716
283 246 454
186 176 48
125 151 312
244 176 478
102 252 317
94 207 641
173 128 79
241 267 253
21 258 628
32 178 221
251 146 559
201 183 897
246 13 214
236 240 609
254 115 861
155 236 865
162 245 864
43 252 478
1 139 361
277 250 347
191 24 543
235 100 819
198 8 925
159 243 736
4 6 623
166 165 381
181 297 212
61 99 825
24 268 900
1 40 739
297 52 104
139 77 654
201 191 690
76 96 138
43 16 785
85 181 404
217 44 771
126 151 790
77 30 494
151 123 244
240 86 463
276 280 751
83 86 504
166 138 538
93 141 628
26 171 58
301 88 331
31 21 329
34 49 859
298 28 280
16 298 732
80 174 484
23 293 656
52 227 120
279 145 497
305 116 426
178 8 853
190 31 246
291 250 589
189 61 854
78 123 96
15 245 2
201 172 647
266 241 352
210 221 635
100 193 143
290 206 392
87 267 295
179 251 222
53 141 266
37 219 965
272 1 967
171 120 398
237 85 85
95 90 725
230 255 283
163 257 936
191 234 209
177 57 542
141 110 34
1 225 745
195 100 576
218 279 123
38 61 52
12 286 990
2 296 203
274 209 379
150 122 208
280 180 728
126 1 406
279 92 397
283 236 646
161 1 835
1 21 147
33 258 18
120 260 154
1 86 504
1 5 666
190 6 571
64 41 93
9 267 95
136 43 50
202 166 791
281 185 776
95 152 624
278 214 898
140 211 446
5 160 706
183 246 663
61 184 740
285 46 708
13 1 589
230 89 940
292 181 361
88 211 799
75 66 510
147 193 421
26 79 693
79 218 950
241 196 202
4 70 142
119 176 425
16 259 190
98 178 791
298 251 594
265 184 992
173 71 8
304 49 936
174 111 919
273 183 94
199 151 412
1 185 772
227 126 718
20 268 409
287 118 428
238 87 555
135 49 740
17 22 648
68 16 550
200 26 416
16 201 237
96 158 612
276 297 197
111 129 137
147 275 269
1 94 412
71 239 680
111 303 349
245 147 730
35 18 495
31 172 742
37 107 58
37 297 398
14 226 652
180 281 177
151 266 912
277 52 756
205 263 639
15 171 564
113 168 105
134 194 906
1 252 594
7 171 664
146 257 337
267 19 324
195 167 889
167 264 486
86 192 719
171 105 749
60 55 571
85 216 574
171 82 49
141 302 996
51 290 66
6 276 534
6 66 351
75 104 961
56 167 286
139 299 342
136 273 87
111 248 606
62 243 796
1 251 446
71 5 955
212 80 200
91 119 213
259 305 223
217 191 662
52 12 610
41 160 469
12 106 791
76 196 602
274 212 901
45 175 115
168 261 731
196 27 825
76 166 55
251 281 316
61 138 733
168 56 215
80 272 61
169 294 686
73 22 710
128 143 275
41 57 181
287 162 625
265 58 403
225 216 434
133 291 655
251 219 323
280 91 17
87 101 278
106 18 642
39 54 65
263 8 906
89 14 606
82 180 665
156 246 19
56 96 849
156 188 726
281 295 351
38 121 145
61 81 949
176 275 894
161 34 742
56 80 386
296 6 675
265 125 303
76 40 958
179 184 800
146 264 94
43 262 520
255 214 494
103 109 793
96 230 809
81 245 794
292 286 942
299 8 93
105 237 641
208 82 124
45 56 393
138 148 643
48 127 596
127 50 505
218 41 338
237 111 49
147 293 126
303 215 255
220 302 310
33 43 761
269 35 235
132 271 820
153 103 82
279 65 613
161 241 453
147 280 985
202 53 677
62 58 918
294 167 213
169 211 870
245 196 986
4 7 731
222 242 650
41 132 644
221 234 271
175 141 474
203 159 377
121 111 338
243 182 332
50 65 555
106 140 243
41 276 686
295 197 625
123 131 147
68 75 623
52 15 383
108 305 100
24 251 781
136 261 263
171 76 676
47 93 62
263 142 909
251 182 213
235 291 692
121 153 810
231 264 98
188 169 877
206 276 405
292 75 357
123 103 3
218 128 716
281 67 656
109 123 999
95 134 779
97 206 635
104 303 126
283 15 20
303 81 91
116 18 576
180 28 670
125 282 315
31 61 378
17 205 358
115 129 918
212 51 206
116 167 519
191 78 299
195 140 556
238 270 243
117 202 571
231 99 633
95 231 175
30 123 254
76 234 718
261 29 275
48 143 120
92 41 451
296 24 108
289 136 948
255 126 220
49 97 842
237 106 715
22 264 216
205 162 823
171 193 763
216 66 896
171 131 445
14 235 39
118 215 777
66 90 787
114 58 225
186 179 584
180 256 756
129 64 208
180 229 294
212 200 151
261 139 399
174 13 223
24 276 482
191 44 702
270 62 983
165 70 12
65 251 706
186 301 590
212 211 624
118 87 221
228 169 567
145 86 914
126 97 823
145 7 430
131 199 553
286 224 23
256 303 597
46 253 909
91 19 398
21 60 563
131 76 949
129 289 318
99 95 626
32 136 985
276 218 983
66 26 489
139 174 798
30 246 905
257 227 429
270 257 976
296 106 515
165 236 244
67 71 871
94 22 504
299 169 686
246 226 530
217 205 448
129 141 980
32 126 110
103 262 288
273 123 316
223 283 235
273 16 892
167 149 915
86 96 655
294 231 134
125 187 732
275 76 941
253 27 493
32 54 221
22 163 604
233 241 101
210 145 137
300 47 558
28 167 885
266 197 98
215 274 487
164 138 902
210 2 428
281 51 491
214 98 15
206 17 892
68 211 639
121 191 589
156 174 698
53 90 388
144 253 81
205 222 778
101 175 668
56 67 629
216 111 628
196 54 170
295 184 882
100 264 356
274 34 710
79 91 995
79 56 579
302 299 571
242 226 682
143 199 632
159 96 808
211 216 68
156 163 833
30 22 690
253 261 811
105 64 412
201 127 84
15 239 43
249 126 542
253 276 513
1 301 900
67 296 229
141 181 100
113 167 446
125 252 442
118 109 110
62 81 360
1 165 684
172 112 493
150 146 218
171 56 581
78 294 396
54 123 199
181 58 666
64 286 280
234 264 963
304 295 136
131 293 58
77 116 135
136 246 373
137 213 758
259 190 284
240 5 226
31 63 648
71 170 738
41 71 618
228 218 362
36 229 959
69 125 240
251 275 18
191 300 809
243 89 593
235 86 660
209 200 38
154 1 176
256 21 412
255 106 856
71 161 261
138 169 743
37 40 980
305 5 406
1 199 651
66 50 31
208 67 999
84 218 920
246 5 738
241 117 871
216 36 215
147 14 942
270 71 39
20 60 768
221 109 453
151 6 470
52 164 618
42 165 836
45 118 941
46 172 631
83 129 203
281 139 86
151 173 556
222 177 527
200 66 749
75 41 355
140 188 189
42 71 806
91 200 869
101 81 641
155 73 843
237 246 970
286 235 27
65 46 141
277 103 648
168 181 958
271 196 911
273 262 768
233 203 438
251 79 43
63 38 880
115 304 427
1 230 52
36 127 555
93 21 903
203 121 830
292 287 7
101 146 484
76 272 883
68 81 134
61 293 708
214 114 478
210 67 792
268 261 188
65 211 844
286 121 275
223 224 496
12 28 653
26 276 135
42 65 95
191 246 703
179 58 801
104 296 75
31 280 26
138 106 926
104 208 254
31 244 838
134 267 945
130 88 863
208 2 449
181 126 992
170 220 976
6 204 117
58 75 124
151 130 197
15 200 60
287 81 648
50 45 579
188 206 509
181 235 622
71 251 864
292 171 25
152 3 491
247 58 904
200 131 767
34 88 776
29 152 743
17 63 972
44 146 49
230 130 581
286 131 42
252 280 938
165 197 554
24 170 867
141 19 724
298 265 427
262 131 5
176 266 187
47 163 483
30 48 817
165 188 401
179 81 637
270 16 225
81 156 284
159 1 4
14 129 543
257 181 152
26 162 197
36 105 303
2 47 179
145 224 717
1 17 862
92 110 874
153 146 816
87 193 614
155 298 186
143 253 538
259 151 868
245 205 457
93 71 259
145 201 729
218 73 425
112 96 305
16 194 406
248 211 466
39 286 957
129 269 689
145 158 730
19 46 843
178 305 452
51 20 298
150 135 682
188 61 453
47 108 800
4 300 978
161 40 689
95 102 629
141 277 673
196 66 203
227 288 363
216 266 927
181 156 701
135 298 670
146 60 342
203 105 757
288 31 222
28 301 182
273 84 263
150 203 549
65 97 384
271 122 468
234 239 937
296 136 390
121 146 878
49 26 97
80 36 222
212 101 513
13 17 93
218 76 147
301 31 646
197 122 552
168 27 967
56 179 777
1 85 305
36 43 978
1 50 314
190 289 376
124 20 66
188 175 610
174 11 909
261 280 414
220 159 612
71 74 612
137 303 121
150 2 686
13 210 350
126 71 889
283 213 366
119 151 80
135 180 724
188 135 272
88 129 153
11 194 542
19 120 960
294 260 416
298 167 35
16 76 377
5 126 768
66 151 803
255 243 206
47 234 559
302 189 46
302 42 773
98 221 58
213 11 199
120 162 105
91 16 965
53 214 460
161 130 825
107 142 450
77 269 96
270 184 52
176 61 633
186 131 652
207 145 480
128 60 324
97 264 366
256 91 335
229 221 180
303 211 773
86 98 977
256 26 820
59 99 214
52 282 910
270 251 725
270 106 440
104 170 721
82 151 403
103 56 880
16 252 80
89 271 474
51 15 132
201 305 666
146 246 955
254 142 680
130 91 454
196 220 619
119 108 159
3 86 434
81 207 426
245 288 11
226 48 30
201 96 769
165 158 309
190 232 488
116 138 848
89 270 684
130 86 97
118 30 594
117 126 901
118 119 66
20 174 379
38 24 319
34 155 453
48 74 911
187 91 296
10 87 344
97 156 644
129 245 752
175 258 890
167 191 127
237 98 854
287 80 695
238 183 614
246 253 492
241 46 555
240 254 976
201 129 292
1 73 878
82 140 199
188 274 437
290 78 306
81 200 902
292 281 152
297 13 840
39 1 294
190 151 388
102 216 223
30 137 409
261 216 137
34 48 531
255 265 808
135 2 518
177 11 523
141 241 337
229 178 185
52 179 930
87 29 858
156 297 7
105 286 997
172 166 487
281 124 815
30 85 416
11 67 437
38 181 666
77 96 300
228 290 340
120 163 184
271 240 897
99 237 116
266 245 596
111 272 615
126 186 58
273 211 100
179 201 748
250 147 319
301 292 54
55 157 26
131 187 525
266 240 455
140 133 871
244 160 45
73 186 623
57 15 971
154 127 37
245 1 952
246 140 43
35 183 234
146 291 870
30 151 49
241 26 606
2 236 80
82 100 435
50 266 899
196 258 830
126 156 838
206 24 619
217 16 745
87 72 795
103 126 337
1 166 210
236 226 876
194 256 175
20 96 452
130 159 412
80 167 715
51 162 79
96 291 189
20 236 684
274 141 932
151 133 869
265 248 877
203 133 318
91 9 330
142 19 596
276 123 464
26 260 656
236 271 818
222 231 227
143 11 471
36 164 361
60 34 229
36 176 310
144 156 628
281 256 637
32 134 272
293 296 230
1 18 717
156 232 817
232 296 411
121 162 724
6 120 665
121 117 213
78 283 926
171 303 796
21 13 410
83 68 644
159 225 963
209 299 707
13 296 576
91 232 537
194 6 843
79 181 174
289 186 480
51 177 28
19 119 406
3 104 456
71 204 515
66 228 939
90 225 681
170 33 464
155 192 428
268 177 65
208 181 663
292 248 572
53 17 535
27 137 663
183 46 470
175 62 261
246 145 393
215 37 554
173 292 664
176 288 274
159 163 973
195 14 736
51 253 29
65 305 425
111 26 849
185 41 930
229 157 564
155 114 725
4 169 452
72 191 950
12 254 999
266 96 975
111 298 911
114 22 311
205 24 593
271 231 492
93 274 509
93 203 980
185 169 504
67 246 109
183 262 289
234 56 674
179 198 524
82 115 127
30 256 849
227 129 617
299 67 433
294 201 348
265 203 842
299 56 156
191 232 779
104 155 875
44 90 226
297 193 139
271 283 353
228 184 807
292 87 780
231 101 480
3 149 143
98 291 507
94 72 944
240 201 791
176 2 45
241 64 587
117 159 474
49 111 508
268 85 117
196 41 273
137 211 987
143 172 405
115 181 660
179 99 297
215 174 897
105 126 912
286 69 890
285 186 988
156 278 776
215 196 133
77 83 510
298 285 697
133 301 695
114 268 978
40 205 935
64 231 237
63 245 542
1 265 314
81 78 473
20 300 468
14 80 876
110 305 533
104 121 231
183 226 709
37 214 334
255 282 460
254 305 30
224 143 107
28 66 126
246 54 991
89 31 114
217 8 650
240 249 648
84 101 373
266 300 926
170 151 946
216 171 749
206 41 534
113 76 747
12 56 452
148 214 678
106 151 376
15 154 455
25 161 296
108 83 238
171 235 410
48 38 218
157 191 351
251 78 198
30 1 684
14 186 369
51 223 717
257 201 462
86 117 359
190 75 265
271 301 267
247 184 64
138 97 888
196 286 413
42 31 414
290 246 484
46 205 164
101 9 620
251 15 756
288 199 344
150 156 571
65 1 486
253 167 754
221 76 2
226 148 328
66 11 983
4 39 96
249 250 72
146 254 42
84 170 429
47 251 913
190 81 416
211 152 871
201 64 622
92 47 490
86 129 624
241 177 203
112 68 428
230 85 642
172 156 521
174 43 261
214 7 591
36 37 399
291 225 728
131 231 537
291 38 56
127 172 166
266 17 819
245 267 462
130 195 583
299 51 4
210 186 86
70 125 220
156 226 930
231 268 201
27 144 464
227 231 109
34 304 398
56 92 779
128 190 632
9 25 359
190 182 997
83 26 98
261 18 828
11 8 810
204 182 44
193 285 207
11 73 410
48 162 357
228 156 444
225 110 113
159 192 691
207 66 572
177 167 458
193 247 606
1 2 79
209 223 400
7 56 231
222 149 805
10 228 59
254 221 351
125 104 853
121 233 88
176 83 40
46 136 71
98 247 255
269 7 548
249 261 604
172 190 727
256 158 694
176 152 641
38 23 189
298 37 87
256 169 134
101 245 183
15 46 731
71 105 710
229 86 290
155 26 339
258 2 300
21 195 163
241 156 615
86 63 783
122 96 269
96 60 656
3 81 22
116 159 666
103 48 26
270 169 2
25 135 612
151 23 551
157 106 789
131 103 327
13 39 190
218 281 983
183 44 528
13 156 406
38 40 862
41 167 836
199 81 544
299 305 63
114 286 480
191 301 103
166 90 729
62 89 515
118 234 218
231 84 280
159 241 36
235 39 83
297 8 70
122 224 1
135 236 194
291 266 169
184 136 548
121 154 84
22 241 205
78 84 909
147 153 347
39 67 643
139 116 633
261 102 400
62 157 282
261 71 410
43 231 249
67 238 920
234 133 256
303 117 948
62 84 30
225 91 40
177 290 562
158 5 891
190 184 65
110 227 28
238 126 273
258 171 868
169 145 396
162 191 465
278 28 34
16 54 283
89 150 312
183 122 473
296 76 3
254 187 591
266 191 150
206 192 454
301 171 255
225 151 231
128 241 107
234 219 758
51 133 402
190 223 878
46 247 121
297 269 179
79 22 729
151 165 164
147 194 336
268 299 690
12 121 624
139 76 521
283 90 180
147 266 317
55 115 568
234 92 316
12 23 602
225 12 563
300 41 495
168 116 918
206 55 487
291 190 291
151 202 774
206 51 867
162 232 785
117 163 457
279 51 612
189 248 788
90 1 379
90 118 629
101 110 153
275 301 218
296 71 238
91 233 661
295 257 61
86 206 997
59 5 868
168 9 459
141 199 849
252 176 380
21 24 602
208 194 227
64 147 768
45 254 520
179 20 769
237 42 113
176 283 502
253 301 497
125 240 246
258 71 644
83 125 474
171 108 519
110 76 459
44 105 875
173 228 36
261 69 489
282 200 335
185 127 641
182 50 326
51 57 552
221 296 253
127 229 836
304 192 68
288 276 822
86 6 520
245 102 108
55 131 106
211 184 905
13 222 406
129 61 889
173 182 942
249 30 404
215 137 258
238 74 154
167 274 74
55 20 48
34 216 745
2 8 836
11 293 392
181 185 601
262 150 747
123 220 276
159 56 445
255 59 218
33 139 923
151 166 633
49 292 825
65 268 385
42 239 500
170 176 662
9 161 483
263 191 126
270 86 296
119 216 748
283 42 230
149 173 602
184 191 529
276 191 620
82 292 225
146 202 788
167 109 425
193 281 650
141 196 716
216 245 365
102 243 168
207 62 124
258 63 829
13 107 485
135 189 212
33 65 425
289 21 672
268 166 578
3 6 509
153 6 493
292 62 548
213 118 841
97 155 647
11 118 512
11 39 550
259 231 576
220 191 472
297 219 190
55 156 323
220 271 31
267 20 190
59 286 568
281 161 275
283 146 896
270 3 496
46 112 748
169 281 12
273 104 115
223 228 772
176 131 454
131 212 284
6 118 172
263 1 853
13 161 823
176 103 230
45 136 496
286 211 430
267 120 349
47 27 182
49 54 156
200 107 592
271 249 365
173 4 831
206 200 496
80 218 555
6 88 990
268 191 28
37 73 860
261 163 103
236 83 926
241 39 997
104 91 71
285 260 773
271 58 34
96 11 248
194 232 824
301 73 312
111 53 77
74 212 967
296 152 635
1 82 449
186 96 545
1 156 166
126 80 516
152 116 494
100 143 966
119 146 379
59 200 25
124 180 815
190 188 610
192 28 168
198 162 848
154 113 714
27 224 991
223 81 247
203 101 575
112 62 727
177 286 75
20 273 483
107 55 819
226 93 899
27 82 600
278 209 559
41 21 332
184 206 40
67 236 410
38 196 597
72 81 289
116 110 521
36 119 219
192 74 496
54 125 378
157 238 613
251 291 697
54 178 288
47 270 869
191 25 922
145 53 300
158 70 282
123 51 297
161 239 940
296 184 740
263 217 282
181 7 944
23 76 248
124 241 499
121 131 656
8 124 748
102 74 400
68 54 308
116 36 543
239 275 816
156 261 20
166 86 977
198 178 971
262 110 180
63 211 142
189 200 497
301 286 179
280 148 972
88 62 325
38 282 822
176 232 913
32 256 657
149 166 580
123 121 216
228 14 982
91 283 483
181 39 629
60 221 605
226 140 855
56 75 820
239 297 533
298 138 803
126 79 584
151 256 519
77 70 223
206 178 53
184 96 824
286 216 968
97 159 967
152 26 761
160 202 243
39 261 994
261 91 287
2 291 849
61 165 98
225 217 263
146 100 385
177 123 623
100 258 255
181 179 339
123 71 581
133 116 561
293 101 437
57 52 63
262 146 821
279 35 940
36 175 987
109 50 394
105 88 762
140 85 689
101 185 919
104 148 382
263 59 479
245 122 394
161 145 538
195 240 426
16 225 326
271 105 843
102 91 422
28 41 467
104 128 977
228 252 35
102 276 26
110 54 279
90 291 174
239 6 43
220 279 717
136 305 509
281 276 232
56 147 648
182 106 493
56 33 635
241 302 803
47 44 146
104 94 192
291 1 472
55 86 963
259 20 236
143 181 447
247 17 417
24 226 123
88 208 395
157 94 199
288 146 53
106 41 820
6 256 639
276 44 17
244 84 304
251 243 898
296 108 95
211 117 29
258 158 762
99 101 134
126 75 266
211 197 739
127 30 376
66 137 812
51 24 416
238 102 505
234 179 130
93 241 303
170 62 965
36 138 969
59 111 885
241 296 162
15 102 316
31 26 210
60 71 39
271 176 789
235 32 5
56 61 914
2 32 148
284 265 173
8 224 593
236 62 330
168 11 184
23 7 753
121 150 195
85 152 297
254 257 567
124 18 938
103 141 63
290 159 130
114 271 648
161 237 301
282 71 118
186 99 636
206 46 774
270 73 989
209 284 854
134 285 50
218 151 616
41 135 374
286 7 496
126 165 162
83 198 899
272 244 484
28 110 841
80 234 429
5 121 201
92 231 240
142 201 678
295 76 345
229 76 967
50 246 25
225 11 189
39 3 850
180 218 406
51 250 631
36 162 252
291 283 62
106 277 416
236 103 100
162 291 33
44 127 115
117 42 202
124 49 496
95 295 789
216 197 379
46 87 741
125 156 148
37 285 278
11 71 844
115 245 740
136 71 375
221 63 696
153 220 959
153 123 265
297 59 251
244 200 524
135 172 693
7 92 675
1 228 410
35 46 215
107 237 103
44 189 32
141 250 452
157 105 117
160 121 205
135 116 633
80 104 966
108 229 530
43 67 403
294 89 829
244 163 694
93 263 324
16 67 283
293 206 784
272 161 892
80 162 5
272 162 32
290 16 327
114 220 388
268 190 638
111 70 285
226 47 556
71 184 397
169 236 551
209 276 655
294 28 353
30 235 603
259 97 198
83 74 751
226 63 462
130 65 552
246 173 112
131 31 958
215 291 284
225 66 883
239 116 342
141 202 746
195 162 59
95 176 422
134 211 278
31 128 815
171 80 568
271 299 689
86 247 284
76 254 835
223 303 33
132 286 820
2 275 26
229 7 71
92 144 363
66 69 467
92 246 916
16 281 679
296 130 399
61 116 682
258 302 577
85 69 948
163 193 315
99 83 334
115 73 727
146 137 262
196 16 841
1 196 75
164 157 392
92 297 86
44 161 446
221 25 400
91 46 862
118 170 733
101 286 161
95 74 824
276 106 281
231 167 202
35 64 174
280 187 707
271 22 294
198 135 882
269 186 870
166 122 767
7 291 642
170 139 372
51 288 463
260 47 796
49 213 123
180 178 237
187 55 886
132 14 632
57 168 822
62 109 943
123 63 85
21 7 896
160 76 7
78 291 787
131 282 374
148 297 543
276 12 612
297 229 70
164 126 20
185 91 745
171 175 706
91 1 328
8 259 696
226 51 149
107 214 852
36 65 872
109 18 973
252 111 28
53 176 764
46 1 439
78 27 498
198 269 374
125 241 174
175 63 223
181 31 19
281 102 444
232 31 306
76 289 75
291 23 915
56 31 803
203 295 867
46 135 154
90 103 375
295 146 397
149 46 965
153 275 795
68 206 904
42 232 677
15 144 858
18 60 898
136 181 290
304 233 315
88 67 933
276 201 603
128 239 701
239 209 532
45 241 835
185 293 541
124 295 67
206 135 588
23 258 137
303 163 429
114 243 400
11 277 442
231 35 476
245 176 314
175 104 208
33 29 136
112 26 538
68 131 219
14 271 664
146 47 908
216 194 820
103 11 498
32 61 682
14 126 600
201 207 560
222 292 661
68 127 557
51 296 355
103 88 750
112 246 964
44 186 323
186 91 162
240 175 635
217 66 535
276 186 496
48 171 265
100 20 607
53 302 329
229 216 343
241 129 978
289 169 888
117 81 680
262 26 341
153 260 926
124 220 932
146 125 743
22 36 984
269 52 252
274 46 928
46 3 597
160 38 594
228 86 818
196 92 325
81 6 300
197 46 282
221 68 927
171 117 780
82 186 668
152 77 736
116 249 610
161 21 436
233 141 70
241 280 965
35 278 995
138 103 934
140 68 6
23 251 683
178 304 795
244 121 75
5 141 764
246 17 469
90 266 447
124 217 521
263 186 927
131 82 367
161 229 937
121 276 456
117 200 15
19 56 86
299 1 831
122 154 612
191 116 46
212 161 445
107 161 557
95 236 554
61 30 290
133 176 233
290 1 452
9 193 647
55 129 3
49 173 129
239 171 632
123 291 597
32 108 423
101 252 844
176 116 181
94 89 983
208 72 806
46 157 143
28 25 725
47 169 679
286 31 781
258 128 892
112 263 899
141 37 572
174 240 810
61 6 807
73 118 743
186 30 496
195 83 40
96 161 33
216 106 566
73 280 760
112 64 308
167 8 242
280 256 307
161 253 212
145 148 605
62 16 374
246 168 909
161 30 213
109 101 759
76 121 704
21 52 766
236 122 447
296 200 637
140 46 371
61 254 740
141 236 968
262 95 631
240 257 39
78 1 817
204 190 387
196 134 718
165 271 843
290 34 896
16 192 610
19 213 877
269 55 267
14 38 768
51 96 28
205 220 135
231 11 124
220 64 807
101 234 572
304 156 33
249 117 287
40 6 407
33 71 534
188 40 789
125 136 326
143 286 688
94 180 560
205 197 937
227 86 710
216 185 514
279 45 727
288 181 731
78 51 735
105 66 351
143 1 104
168 180 81
264 174 817
26 41 986
27 57 702
266 57 323
24 115 333
292 194 654
267 3 233
199 12 581
150 62 639
40 182 592
146 282 563
151 75 22
47 145 441
131 30 560
110 16 281
231 219 774
225 298 166
115 240 351
267 78 287
119 281 790
41 51 489
187 232 832
206 215 804
259 156 444
233 292 678
232 225 536
245 231 714
62 229 131
117 137 908
249 296 348
158 46 638
300 154 666
123 128 202
165 289 305
217 63 656
196 119 748
190 134 153
121 53 47
59 1 72
226 271 281
181 301 93
76 207 953
231 269 140
25 119 831
149 108 847
56 57 487
201 104 148
15 223 994
78 35 746
202 236 789
227 197 770
70 76 966
247 291 47
181 128 43
228 127 90
176 194 92
179 106 419
276 36 646
141 299 212
209 51 670
203 182 644
62 301 722
226 192 849
287 265 800
178 34 200
34 137 2
11 191 812
90 218 552
196 37 878
7 157 604
175 166 787
226 206 244
302 72 82
129 36 742
236 6 331
66 18 97
85 219 985
245 293 906
285 14 469
104 218 59
303 48 173
131 182 529
226 228 811
86 169 77
269 252 964
123 216 679
6 91 595
146 259 601
186 1 27
302 51 814
191 126 559
242 111 586
220 184 477
219 91 119
295 42 48
276 95 802
298 266 101
8 75 463
15 129 265
13 286 700
19 294 862
236 108 511
172 151 71
287 38 642
224 127 340
220 173 9
66 123 239
231 146 762
281 1 279
92 296 794
289 87 568
93 57 243
180 40 878
55 209 533
200 222 771
261 288 292
238 292 986
170 182 755
135 126 527
71 122 595
172 101 875
256 187 169
22 293 623
146 113 524
225 8 723
21 15 842
273 133 575
32 290 901
33 247 475
42 203 229
166 234 642
298 156 563
90 222 240
65 156 609
214 151 649
97 229 553
256 66 881
3 21 959
211 246 497
252 173 173
191 256 938
23 170 780
130 31 803
192 121 726
104 163 570
146 227 922
188 4 542
110 21 186
13 116 638
69 161 939
137 76 126
212 93 605
88 171 620
109 233 993
115 144 805
212 91 535
41 261 479
11 125 851
142 176 801
4 257 228
2 92 170
82 195 996
45 72 101
1 102 920
82 294 931
251 13 398
259 173 275
221 143 961
185 135 1
240 151 955
181 246 272
160 57 86
11 261 948
5 300 152
210 46 560
232 49 595
268 131 240
184 104 970
181 210 547
302 204 738
87 84 230
3 26 559
6 244 663
87 148 71
181 256 198
79 96 726
46 57 34
35 83 76
40 52 622
249 18 760
286 81 132
227 301 824
303 75 321
143 189 620
242 243 329
293 71 953
186 109 633
130 286 32
285 80 736
94 170 758
56 1 278
71 119 513
158 142 259
60 120 659
231 150 77
40 5 854
67 275 260
64 134 842
140 110 162
1 150 109
265 139 741
184 281 337
270 230 849
20 188 597
31 81 440
96 292 336
66 249 826
281 241 965
76 268 773
186 45 11
151 2 813
104 111 842
31 206 2
86 187 634
184 53 340
119 282 110
194 52 547
221 201 253
34 231 825
102 165 322
44 256 849
171 79 740
41 197 571
236 52 307
221 191 686
4 235 461
209 221 877
206 203 486
17 150 353
76 100 365
54 96 889
294 18 928
246 11 608
145 179 775
65 196 367
111 193 692
183 254 789
44 129 649
42 56 6
21 62 460
149 85 16
298 67 610
133 213 491
136 2 25
105 8 876
175 168 509
100 141 922
172 211 632
190 165 506
250 36 816
197 196 768
40 90 734
291 189 463
275 291 611
182 160 19
8 85 169
23 156 313
297 121 463
126 102 678
126 66 303
141 50 321
171 133 969
155 98 257
301 129 172
24 143 167
20 176 251
212 193 434
120 51 140
172 286 75
155 79 168
99 33 515
234 3 122
281 116 286
24 124 548
287 181 880
243 220 892
286 6 253
214 80 208
46 16 43
169 238 509
18 82 488
62 303 45
298 218 505
44 226 392
263 73 458
14 253 981
19 239 43
111 106 84
248 6 429
48 208 45
186 223 592
123 142 218
87 234 676
151 237 366
290 156 382
60 180 739
91 159 964
167 106 372
266 254 484
239 105 891
200 304 695
250 296 955
278 102 418
97 224 14
216 51 641
267 169 908
39 23 981
291 106 685
114 165 660
256 195 395
4 2 959
222 208 219
81 285 308
304 179 748
230 248 860
37 276 76
204 183 747
289 230 365
287 31 347
223 71 195
254 232 856
23 252 992
241 144 514
161 14 800
143 186 963
149 271 174
145 118 662
195 136 689
181 151 80
87 172 149
90 122 731
279 109 553
73 262 75
90 17 979
81 95 56
161 291 357
161 301 667
153 215 178
78 111 580
20 139 300
45 85 658
34 91 640
279 56 209
190 206 398
231 226 310
196 36 141
250 112 436
251 236 220
224 91 270
282 56 186
195 90 913
41 83 802
8 24 948
146 33 496
9 1 119
6 131 274
73 94 757
187 45 914
61 264 775
158 274 233
185 264 125
222 125 1
251 107 171
237 296 391
194 14 673
215 105 116
128 1 54
218 297 529
215 146 482
266 199 253
289 147 243
271 60 290
253 55 837
284 181 421
76 249 613
48 253 837
35 22 371
301 82 846
47 16 620
247 268 918
174 193 3
128 187 772
188 242 6
59 181 360
280 220 587
86 84 155
230 245 863
59 77 520
6 176 665
120 180 19
170 166 682
184 222 741
206 161 240
233 289 752
33 161 579
145 180 324
17 167 980
291 271 147
46 279 317
245 82 63
209 261 737
224 237 435
102 186 315
56 266 864
77 56 820
148 106 121
49 146 271
119 134 483
87 31 897
81 150 888
225 9 579
202 92 918
74 227 950
97 106 357
195 42 174
81 66 480
251 230 190
290 108 973
177 25 983
124 234 76
69 295 324
251 118 823
26 285 625
64 68 738
224 289 100
273 92 633
98 121 514
161 101 929
199 2 514
168 123 759
176 246 32
61 41 649
22 43 612
94 121 429
7 19 925
205 75 888
76 175 261
181 66 28
244 296 566
91 250 440
265 30 828
1 277 704
10 71 262
161 116 624
195 96 148
25 41 82
51 207 242
76 43 930
166 44 702
221 243 361
275 84 499
241 21 135
186 103 405
126 266 569
23 249 125
28 113 907
202 293 907
155 179 281
137 105 314
93 200 438
190 180 830
91 61 548
261 236 668
71 171 132
84 34 819
297 42 351
181 139 984
62 242 883
46 101 844
26 98 338
78 130 161
86 27 968
281 109 633
229 19 132
249 189 398
174 296 97
166 245 664
164 175 996
281 149 320
121 241 635
86 139 602
222 165 135
171 284 210
250 79 549
276 248 606
174 79 407
43 75 988
166 20 86
139 255 398
170 61 738
289 109 101
187 291 741
206 233 509
293 142 12
116 83 973
276 127 516
184 70 602
226 96 720
197 119 180
220 198 28
279 8 285
280 289 154
301 44 1000
129 261 484
187 21 315
82 231 418
261 121 498
114 273 54
176 178 598
36 184 50
277 16 797
294 192 674
286 102 899
242 26 517
245 116 697
167 211 821
180 154 661
180 55 390
2 270 298
106 302 269
125 6 840
194 106 455
35 8 776
292 10 383
81 45 167
11 117 558
141 86 978
169 1 957
212 196 735
157 236 461
82 134 987
31 9 156
74 55 332
44 154 482
1 262 310
67 143 560
280 61 404
245 170 217
3 259 855
132 48 868
147 21 79
79 183 105
246 143 345
302 201 285
12 29 133
62 37 138
118 257 324
131 150 116
237 203 332
25 255 480
124 111 421
231 133 607
22 3 31
253 287 287
102 8 21
169 42 564
1 219 448
116 141 500
292 12 995
201 10 772
221 184 524
215 161 907
95 150 657
84 196 759
275 229 763
297 131 239
63 273 597
171 91 924
235 24 966
123 196 585
45 71 542
215 46 568
166 128 268
35 244 926
127 169 916
184 165 859
99 44 375
88 106 32
124 290 234
101 260 250
42 212 413
15 258 545
164 171 6
282 301 406
248 55 300
211 191 496
70 291 301
229 42 143
11 43 31
28 52 56
51 261 616
206 82 431
277 179 807
10 181 797
261 213 225
296 123 982
184 21 388
35 67 243
263 225 649
129 256 462
245 242 594
298 73 989
120 96 414
141 75 842
56 85 359
286 209 185
208 187 744
75 173 946
256 243 228
16 40 641
209 109 351
16 96 701
251 22 730
167 219 358
246 254 981
202 21 131
16 186 507
106 8 750
11 154 861
201 153 634
218 136 624
39 18 351
244 269 717
305 22 561
185 2 952
266 21 276
55 299 507
71 196 630
42 285 48
93 292 222
37 25 537
156 132 214
80 116 416
39 59 300
1 178 107
119 296 30
161 106 575
207 93 462
16 116 343
269 193 252
206 20 827
206 108 813
60 163 383
242 108 597
116 108 139
92 52 599
246 222 557
219 43 399
19 255 45
261 61 124
136 282 728
103 208 206
196 236 965
207 231 418
191 235 451
89 185 945
301 226 858
249 210 893
248 181 99
79 284 160
238 47 616
115 206 809
143 141 611
21 280 379
105 141 89
292 205 795
174 71 38
144 271 131
211 103 171
269 230 240
107 230 511
25 185 638
118 182 836
156 15 803
241 87 817
145 34 728
230 90 529
235 234 854
234 98 224
127 54 987
21 189 837
163 271 99
2 94 710
277 230 687
2 174 826
42 234 192
40 28 258
181 192 524
61 283 957
146 228 607
301 169 379
2 248 689
228 6 994
118 244 543
205 184 503
296 295 311
172 180 801
26 280 158
25 216 405
32 102 799
47 31 435
178 26 910
49 30 323
106 91 121
121 86 452
35 252 270
67 229 922
88 131 536
184 111 817
163 4 616
215 296 757
259 297 826
137 250 336
23 270 561
187 37 395
13 106 559
219 278 8
15 66 520
270 267 853
173 254 393
80 250 210
115 265 782
112 124 508
63 89 988
41 1 118
149 131 870
31 239 127
165 181 518
168 161 272
211 139 480
233 147 188
241 35 346
145 102 682
276 198 770
28 136 139
97 25 877
304 35 403
190 45 282
224 130 747
235 178 121
151 276 956
301 229 283
233 7 208
8 300 6
216 255 529
148 55 803
39 94 154
116 294 960
61 191 345
278 58 151
163 31 237
11 196 805
214 291 111
137 281 186
268 35 425
246 291 486
117 59 954
1 255 141
282 1 676
276 78 668
256 205 753
1 121 256
251 46 149
68 23 738
219 189 263
224 148 23
212 249 599
30 274 234
297 149 948
71 142 310
153 290 125
98 177 239
136 277 926
304 198 161
11 152 913
131 244 769
211 232 933
286 141 526
202 46 139
42 1 686
141 160 702
12 137 740
137 99 691
223 253 168
270 194 685
123 120 996
208 276 853
1 33 266
51 103 500
100 209 615
166 305 628
105 274 583
107 146 28
32 14 389
271 36 829
189 130 599
119 301 557
162 164 778
211 23 623
194 223 680
292 226 877
91 66 235
16 250 667
184 135 303
253 187 741
296 281 460
67 262 488
226 229 517
76 7 595
3 156 835
32 68 282
91 13 188
216 242 974
7 281 852
203 66 775
256 85 46
132 199 487
59 81 795
171 96 295
171 299 69
233 2 783
109 193 456
38 226 738
222 266 241
171 37 410
253 86 189
254 52 552
138 158 208
66 168 976
110 176 51
251 231 415
71 36 858
184 116 512
57 106 342
6 304 767
187 259 382
77 258 445
32 140 298
131 20 831
231 221 807
61 71 95
145 233 241
116 286 299
26 24 575
80 257 88
1 29 955
224 303 333
99 50 160
91 226 605
56 143 570
157 148 36
116 241 291
210 111 863
148 300 734
293 106 46
301 11 779
89 203 743
126 120 369
71 17 422
272 160 500
298 278 962
294 147 765
148 176 458
45 63 567
295 260 705
234 127 322
1 53 601
239 114 200
231 91 113
272 240 698
289 196 121
94 151 352
110 167 543
77 195 663
54 150 683
1 93 609
31 283 3
18 120 425
201 9 489
86 64 389
204 221 657
216 9 717
169 297 140
126 242 987
73 111 832
47 101 427
116 275 871
20 43 486
181 16 404
299 236 52
199 225 327
84 154 69
55 257 990
94 115 748
305 300 516
117 278 761
245 248 841
46 80 273
129 81 125
228 207 137
141 212 851
136 253 591
229 54 818
224 210 21
149 304 582
127 184 426
15 281 712
56 48 712
101 272 707
227 267 542
68 220 649
201 63 765
69 10 793
72 133 36
285 206 455
262 164 864
64 145 812
129 233 417
303 133 814
212 116 811
25 276 301
84 53 765
76 18 932
172 214 162
91 71 564
72 146 734
23 125 637
107 84 553
1 275 834
1 3 700
5 221 76
264 206 233
281 144 799
163 142 813
59 281 664
272 287 840
40 199 384
253 70 260
82 150 443
95 303 959
282 269 222
291 39 495
8 80 499
141 237 477
116 255 693
99 211 735
239 146 609
120 46 289
90 300 957
16 11 494
102 209 756
80 55 357
211 222 872
51 126 442
251 121 686
109 283 683
148 59 220
146 198 365
80 6 146
300 192 210
73 251 132
141 218 512
135 148 973
45 55 180
98 275 124
160 113 106
58 106 681
38 200 991
215 232 653
175 55 302
26 76 716
147 26 83
214 271 600
202 121 378
53 59 8
110 51 873
207 251 571
25 72 428
57 215 11
281 175 283
41 252 451
183 41 353
244 209 862
20 47 884
54 171 87
223 101 423
72 282 820
2 67 195
57 201 527
54 166 187
68 89 654
43 154 157
39 156 712
244 198 27
118 286 116
124 66 327
16 71 28
111 51 119
153 131 174
96 188 811
266 119 627
128 194 96
280 281 150
203 200 473
219 284 923
179 156 190
83 61 424
289 238 453
193 25 168
63 204 133
27 89 852
202 183 523
16 301 510
134 271 596
30 96 575
28 34 309
104 138 447
179 47 454
202 304 344
51 225 913
136 101 84
60 47 654
5 151 49
106 144 974
249 166 83
212 97 968
106 298 586
121 186 682
100 148 741
284 291 406
215 62 727
247 288 796
130 256 70
299 22 590
6 231 149
203 99 174
256 88 307
301 47 839
104 120 279
92 111 877
52 41 761
253 220 278
223 110 105
139 122 346
145 294 382
96 162 731
291 279 622
30 117 703
156 8 985
301 91 688
123 161 50
28 29 710
127 51 519
261 270 125
31 43 503
238 200 396
258 152 286
40 302 462
108 154 247
265 222 907
168 214 528
61 122 430
106 72 207
46 174 595
276 77 281
272 301 141
76 298 894
99 146 889
66 121 897
232 271 137
11 86 383
277 38 960
138 18 154
192 231 694
276 20 522
19 203 740
144 282 345
241 295 172
302 301 9
65 181 297
242 129 265
109 56 683
116 21 512
111 125 118
85 238 496
61 13 867
117 153 469
156 101 318
246 18 892
251 224 47
249 105 741
48 134 320
254 101 683
11 149 557
74 1 761
214 266 17
99 200 90
213 110 510
92 169 349
207 172 973
199 255 871
239 148 803
94 299 831
134 206 671
168 106 685
199 61 620
129 9 637
26 281 352
257 303 709
35 138 240
221 136 26
224 206 474
13 89 381
236 187 406
51 8 85
36 254 320
56 260 705
246 259 51
271 158 680
15 205 788
160 123 3
216 86 663
217 287 494
111 145 895
207 254 529
60 186 61
163 74 820
213 155 23
40 123 858
159 136 866
301 43 260
165 249 442
260 172 435
125 130 462
83 197 996
270 168 139
97 251 223
54 56 701
136 210 767
169 143 486
251 232 815
57 181 162
241 73 241
164 51 777
191 271 960
113 101 227
206 6 904
16 50 160
257 164 872
58 276 756
237 238 150
62 205 12
5 20 254
302 57 659
23 175 712
26 301 265
86 28 426
252 235 122
116 106 92
280 1 733
56 26 475
131 102 784
66 74 154
149 28 965
10 226 831
27 211 646
231 205 533
190 286 646
170 291 166
285 48 988
126 236 8
206 201 101
128 301 36
296 243 71
130 213 505
207 270 902
35 2 159
217 55 923
81 133 887
290 112 135
292 2 752
237 305 966
273 282 177
245 33 351
76 267 810
77 282 788
207 23 383
118 53 716
76 89 759
62 46 826
130 283 569
85 141 424
286 139 365
67 121 243
54 108 338
226 190 869
111 176 328
85 205 793
126 141 381
237 130 633
213 148 447
206 76 938
70 160 238
276 131 812
167 190 774
2 75 6
277 54 951
226 254 703
285 256 667
181 226 679
5 147 732
98 72 401
266 295 130
222 65 573
249 255 337
113 189 323
111 235 368
12 58 212
77 215 275
156 299 192
40 271 949
232 121 165
256 14 524
220 1 526
61 195 483
194 243 631
191 195 902
138 143 136
281 197 229
237 159 246
276 241 756
127 189 696
120 26 526
209 131 414
21 178 118
5 262 891
301 216 466
177 224 913
161 166 991
300 291 190
238 133 704
131 98 85
268 129 919
81 281 767
297 26 825
264 41 373
207 265 489
205 59 601
198 272 155
70 200 496
225 226 939
181 271 294
146 23 446
276 146 39
28 285 511
32 231 628
81 211 314
118 263 741
156 217 715
99 240 406
51 116 867
39 91 256
61 210 157
277 15 586
116 216 398
156 6 686
82 86 86
102 166 266
178 277 576
278 171 643
91 137 321
266 13 531
291 156 21
196 254 136
22 296 709
230 199 702
3 102 685
22 230 69
1 295 773
33 277 17
191 145 931
299 148 614
286 93 706
183 227 276
208 174 731
141 65 253
3 121 365
96 200 475
30 90 875
7 146 772
212 285 430
142 236 973
5 245 607
76 64 979
281 121 366
162 1 212
16 134 588
131 155 431
187 237 367
295 96 521
229 146 602
18 255 954
121 16 917
141 4 46
4 271 901
226 125 237
151 32 145
188 1 327
256 186 590
257 250 272
11 172 610
27 35 557
18 250 985
232 172 944
90 201 688
103 209 51
258 46 319
14 213 516
141 235 203
62 146 966
201 197 715
36 240 331
89 52 480
56 97 789
7 35 843
51 26 479
18 4 445
59 187 639
87 171 150
248 86 731
182 305 961
293 191 896
265 158 74
92 245 512
29 165 34
139 267 215
209 91 156
85 92 194
131 192 49
130 66 424
52 51 452
286 294 498
107 254 703
28 89 364
206 7 140
226 157 272
16 48 779
108 219 189
13 231 751
171 241 447
91 210 422
196 106 159
174 1 911
175 73 429
23 71 77
29 206 462
47 103 4
294 182 723
58 46 735
175 246 87
155 299 672
72 46 74
243 179 655
151 281 289
181 62 550
163 298 886
43 160 212
219 265 673
81 55 134
298 51 224
55 216 26
22 239 427
3 85 213
26 139 168
291 27 35
207 292 736
29 224 748
252 180 791
286 128 654
121 222 913
46 119 605
8 44 570
258 150 702
26 264 267
111 81 75
145 236 484
161 36 219
288 185 256
76 56 547
239 214 588
118 278 862
1 250 935
270 197 274
136 260 354
169 245 14
179 295 253
63 295 621
234 189 553
73 119 270
62 297 211
223 294 708
251 106 949
253 124 464
118 1 429
117 175 848
71 101 610
237 48 870
165 160 130
57 242 692
197 20 97
161 64 770
249 290 105
302 71 487
131 191 315
7 75 2
271 293 660
305 146 350
88 116 321
251 304 681
241 231 90
16 253 962
162 144 854
56 108 731
168 191 715
117 237 603
269 260 874
272 96 384
229 126 996
246 224 910
81 262 896
72 196 310
199 21 777
121 71 288
25 149 394
261 262 527
6 104 177
26 192 361
271 65 60
183 42 756
136 257 156
113 187 389
204 2 194
211 221 364
181 48 303
256 13 35
222 193 17
79 202 563
259 289 863
264 227 407
61 110 171
186 34 21
44 38 542
168 79 770
237 15 210
228 64 528
236 151 117
261 220 842
207 222 340
234 73 894
18 182 383
301 61 71
191 134 205
195 151 712
281 19 475
287 278 811
175 86 995
218 206 166
167 51 77
82 79 789
5 139 658
271 27 520
99 62 583
9 112 785
201 171 494
196 121 455
204 152 699
256 178 918
253 164 919
129 114 910
124 230 557
31 236 451
191 228 670
176 206 579
17 166 843
261 77 522
2 9 250
60 142 723
116 62 987
144 248 702
300 263 866
299 25 453
46 212 938
85 178 788
77 200 675
210 44 141
26 286 563
46 11 748
156 219 591
98 296 110
144 270 189
146 81 199
127 216 451
256 301 270
206 305 334
141 200 358
305 68 813
112 121 843
203 84 144
176 63 836
256 3 169
92 261 845
22 245 581
114 176 218
103 94 863
231 237 474
59 83 883
86 184 803
110 41 473
210 204 63
46 138 327
178 196 426
48 247 971
80 260 752
62 162 838
136 187 778
286 276 407
171 122 541
304 176 460
89 259 100
27 241 429
148 195 870
40 303 231
142 234 691
131 224 393
86 72 396
96 15 490
136 111 116
184 77 374
27 272 108
166 21 144
264 266 521
45 22 824
101 62 453
244 105 930
216 274 975
157 273 197
301 21 609
54 18 207
84 130 226
6 280 286
13 221 580
108 137 296
302 280 791
185 98 581
96 145 263
205 16 916
242 290 787
234 138 411
26 148 137
46 76 736
296 279 399
128 108 161
162 11 737
51 64 575
300 50 394
206 35 344
61 181 569
160 139 288
116 60 600
97 278 805
226 94 615
223 78 861
176 58 737
174 23 843
136 265 102
159 216 754
259 148 520
231 183 529
11 94 665
129 91 16
99 228 437
121 130 3
56 261 585
239 258 208
258 275 100
77 37 30
213 55 239
266 105 664
15 175 595
256 237 600
5 2 438
76 73 122
128 71 709
242 58 846
57 211 787
246 48 251
54 302 470
277 121 69
34 158 741
31 121 120
135 56 882
146 271 143
191 205 506
190 181 114
123 127 276
223 242 95
163 51 439
59 166 360
19 257 182
110 212 121
178 113 109
18 174 168
185 160 113
9 157 841
153 14 671
163 1 534
1 81 192
48 250 55
32 211 714
232 193 228
187 175 11
88 281 795
36 91 231
140 62 501
145 58 625
180 127 950
192 269 873
103 17 946
93 279 111
236 16 240
88 174 147
258 93 535
201 11 564
126 21 829
106 187 707
213 290 377
279 131 966
115 37 352
31 53 393
273 88 211
231 39 822
291 91 641
194 280 183
108 216 177
19 153 962
214 14 927
93 189 713
31 28 903
146 51 435
182 64 801
178 18 505
77 277 411
208 137 875
45 89 723
209 236 585
290 160 916
76 300 274
116 179 343
197 280 631
123 274 1000
226 144 542
224 221 435
153 167 302
37 105 239
219 257 780
135 17 710
46 185 924
240 276 783
61 274 662
162 219 296
214 166 174
7 36 926
48 189 831
271 66 164
166 226 917
168 5 214
89 93 725
39 236 291
194 291 866
207 169 95
158 52 729
149 286 819
61 294 207
61 121 673
232 77 62
292 208 16
106 10 853
46 192 563
36 79 312
266 256 303
246 158 479
6 298 412
72 53 16
186 12 140
207 185 1000
221 301 94
245 224 196
40 249 42
242 221 644
172 168 117
220 281 252
16 136 511
137 276 273
262 18 281
106 76 133
67 224 170
281 115 116
207 20 103
271 208 171
86 215 872
202 14 567
126 107 53
152 257 504
16 176 67
93 117 200
284 5 129
49 228 473
13 152 214
15 131 665
256 89 797
146 140 929
96 151 514
261 36 614
123 21 837
34 72 822
167 9 746
80 1 320
123 304 116
130 8 8
43 289 484
104 154 137
173 3 824
97 66 655
147 135 491
218 216 464
143 122 209
204 230 182
62 266 547
221 110 371
234 194 329
16 38 103
166 116 514
30 158 533
210 206 871
286 252 722
173 166 908
110 69 642
129 58 550
196 96 44
22 291 763
62 96 935
118 295 127
224 250 844
294 31 67
36 132 18
225 156 586
166 240 276
32 242 548
209 4 621
101 7 480
290 211 944
111 304 103
7 114 451
121 224 4
261 241 823
81 176 634
284 116 799
294 46 796
26 93 963
79 103 587
30 184 51
53 246 30
121 139 354
144 35 966
157 183 765
150 16 802
278 277 878
35 301 111
50 114 474
229 85 364
291 74 741
177 144 14
150 116 858
258 109 220
10 112 309
236 248 456
115 236 450
151 86 625
277 215 728
63 132 751
54 21 542
176 263 517
92 256 262
175 114 372
243 240 420
288 190 412
296 163 736
230 264 245
134 73 616
271 272 288
61 87 994
101 261 989
209 14 308
92 1 1
42 127 789
196 149 885
70 8 543
21 51 254
95 101 995
70 56 853
153 296 419
231 103 657
217 180 561
213 42 226
216 79 909
38 266 898
266 297 105
278 181 586
213 1 453
261 217 578
93 247 557
36 257 465
116 66 4
217 70 714
62 198 755
107 286 171
132 111 654
61 287 462
189 9 408
41 242 536
186 170 529
90 280 85
57 23 323
123 237 861
296 278 76
188 283 694
255 83 303
128 294 834
226 251 428
289 41 793
250 98 630
41 226 717
266 170 979
217 134 168
68 198 533
289 11 562
80 217 846
178 276 141
58 40 548
74 216 765
66 267 351
62 9 725
145 221 174
256 196 705
266 36 210
302 232 712
111 161 741
267 68 783
275 186 549
216 81 221
242 84 883
48 173 623
159 141 436
89 246 744
42 82 528
187 149 713
303 181 68
184 216 216
44 207 822
47 264 282
121 78 263
59 161 138
142 91 869
118 33 689
40 112 439
305 16 294
61 153 717
5 154 94
72 140 706
239 165 82
285 161 482
166 231 707
236 262 248
46 102 1
166 146 24
281 91 392
147 27 643
140 54 310
97 21 76
211 120 902
131 92 278
270 167 414
61 53 236
191 248 531
215 228 517
203 97 978
149 116 721
81 134 464
131 1 779
69 305 331
294 216 307
288 5 605
125 117 173
261 286 167
46 302 332
55 69 166
132 188 865
255 95 87
81 7 203
222 204 798
74 303 811
151 76 14
69 281 282
290 93 535
171 36 31
175 192 998
98 22 578
153 4 357
79 151 69
18 171 466
207 25 142
70 161 625
291 198 799
73 3 423
181 291 573
279 128 189
242 287 232
301 192 657
171 251 544
105 284 438
125 294 486
43 19 460
245 69 745
227 97 83
286 135 563
16 8 913
26 247 168
275 284 949
185 279 103
49 106 258
258 241 114
257 204 557
19 76 759
148 16 383
273 208 857
275 171 776
177 89 365
292 141 965
227 80 343
154 161 333
290 254 533
84 115 289
173 191 855
55 22 457
213 296 848
86 208 285
239 284 34
48 6 434
131 196 322
20 251 805
136 217 168
212 36 366
85 43 248
291 42 678
183 12 158
122 189 904
119 212 121
12 208 567
265 188 57
135 75 244
214 213 781
120 22 172
250 11 604
21 151 160
12 21 434
22 40 794
121 116 645
253 1 363
85 177 701
34 62 805
140 129 855
301 30 961
45 298 363
31 13 47
304 78 661
123 249 307
256 238 945
37 286 693
2 55 787
100 159 7
193 101 810
27 56 606
302 273 300
205 178 385
225 41 903
193 68 719
19 83 598
111 211 163
170 233 813
8 147 474
7 14 212
76 211 665
126 59 309
266 269 850
131 101 857
114 16 303
84 195 999
66 178 7
6 14 617
64 170 637
75 120 268
140 173 81
119 293 681
239 1 788
192 55 167
277 46 166
156 201 539
143 236 492
100 213 390
233 146 998
132 161 32
67 180 558
110 245 1000
82 76 397
30 51 174
235 127 38
75 184 71
196 191 971
116 189 148
37 47 859
231 199 890
271 296 137
62 44 377
77 270 233
273 305 879
301 84 971
45 191 90
131 18 589
283 25 897
192 305 937
215 2 272
122 10 344
172 78 76
191 189 9
54 90 420
271 154 268
256 140 836
248 96 224
90 12 996
296 211 735
202 45 264
48 203 206
297 66 1
297 174 642
301 160 477
248 247 673
296 40 557
2 211 275
267 209 155
146 114 480
246 165 922
107 226 900
95 206 881
106 40 213
199 243 825
281 216 372
251 84 460
18 128 868
6 58 549
211 79 524
251 51 856
83 268 658
41 207 645
191 197 637
47 33 918
215 84 462
247 226 703
96 99 760
67 6 541
48 258 959
279 190 74
136 185 166
213 127 430
161 29 978
231 106 957
130 305 720
78 292 107
294 114 83
4 236 748
266 39 451
147 99 336
202 255 947
269 106 66
46 182 98
106 131 599
129 11 517
231 135 363
180 220 915
111 24 808
197 153 532
261 8 514
93 96 523
222 297 883
56 24 398
216 207 298
199 188 74
13 153 367
60 246 969
141 281 191
108 134 531
150 224 733
232 161 264
98 278 345
263 31 319
81 256 530
54 48 633
96 32 195
166 123 158
201 256 39
160 108 436
259 193 575
85 253 328
41 46 579
269 1 729
90 207 758
10 186 171
21 246 137
292 66 22
115 224 329
256 125 102
204 20 456
204 224 611
23 256 293
275 205 907
94 161 264
117 29 542
250 121 327
295 201 621
137 22 778
84 296 718
56 245 576
143 222 751
279 68 147
60 272 187
140 1 910
273 141 137
91 126 991
213 150 147
291 290 40
176 289 232
179 239 701
173 21 694
256 289 399
4 68 75
261 200 630
201 255 841
50 116 205
291 217 746
26 170 868
301 20 852
201 238 590
164 22 575
102 193 719
41 251 405
272 279 229
71 111 903
70 276 571
165 53 631
57 196 358
241 205 649
42 146 288
51 245 549
210 122 582
71 269 500
118 303 797
7 42 934
276 200 404
1 49 967
167 279 19
21 300 151
68 52 847
86 301 120
194 165 803
217 30 977
25 158 113
88 269 266
187 196 15
58 211 953
168 50 647
62 302 353
3 14 449
276 136 293
130 80 545
21 211 388
203 236 696
218 288 877
246 251 694
136 239 643
290 187 654
98 12 363
295 129 548
109 152 936
305 295 813
155 256 960
85 109 965
205 76 762
159 89 980
219 100 866
6 264 992
42 303 564
226 278 601
186 248 931
171 300 7
59 40 910
199 149 337
271 82 559
201 181 139
166 141 882
119 58 42
303 51 391
136 126 355
184 259 431
242 201 816
90 161 784
131 207 127
246 281 996
280 206 263
186 66 639
66 211 90
204 126 167
243 245 645
22 186 592
137 19 585
25 232 665
120 130 52
70 134 108
1 37 511
286 213 429
28 186 273
117 56 502
150 201 370
208 261 87
128 118 506
171 16 431
240 279 936
296 45 592
247 292 575
41 24 874
257 53 431
284 49 309
14 270 801
251 45 138
61 96 630
287 49 323
301 151 187
35 192 921
237 55 797
91 136 264
86 91 81
162 169 965
93 81 853
96 141 421
118 21 957
111 271 328
168 101 691
161 282 426
114 238 484
23 45 801
94 221 37
28 61 296
6 107 534
136 291 515
287 82 767
267 171 104
14 131 284
126 86 252
271 281 87
1 271 67
45 107 72
195 66 509
283 200 476
181 199 341
152 17 160
9 76 832
160 181 807
299 163 279
21 291 61
34 236 455
153 96 549
254 128 460
8 13 590
93 191 782
247 161 449
294 235 255
7 61 285
11 121 736
114 21 616
273 268 217
225 31 371
18 146 508
176 257 393
279 204 69
36 215 904
167 144 735
181 169 942
81 280 587
213 23 267
276 205 649
84 129 941
86 19 139
84 153 663
184 197 209
14 291 289
210 218 178
273 87 772
69 130 769
1 175 249
223 159 457
173 1 219
73 226 296
47 216 907
268 142 262
9 92 11
4 79 674
61 202 376
94 16 430
227 1 605
16 128 140
241 282 643
28 116 438
62 125 755
147 216 351
200 279 458
183 233 355
116 114 804
227 127 150
63 20 184
214 88 915
110 283 566
182 116 534
247 274 10
144 136 519
272 168 464
155 210 874
167 212 420
286 94 424
231 52 71
121 195 901
134 159 352
131 27 918
270 81 724
286 156 508
137 145 926
91 26 751
214 6 349
81 26 883
162 281 161
124 78 607
42 70 174
150 97 18
101 90 585
177 136 900
145 147 459
17 29 110
168 121 144
151 286 672
136 197 936
101 31 902
203 3 316
55 1 875
238 301 77
37 61 477
166 132 839
218 105 825
129 25 872
187 22 561
184 240 947
256 116 93
10 75 269
141 32 835
135 265 544
86 137 633
141 11 916
208 24 312
113 173 196
85 106 417
301 75 388
90 203 304
98 161 365
233 4 359
175 81 529
296 190 5
76 186 787
151 271 817
62 118 88
299 16 222
212 255 393
201 303 440
236 110 283
33 42 289
216 92 690
71 192 657
205 304 473
68 216 703
157 285 3
135 296 580
23 69 568
161 35 484
1 266 481
281 262 602
183 219 363
61 161 834
42 171 282
124 30 475
54 13 422
14 233 85
208 8 833
79 104 153
174 9 693
33 221 491
94 246 579
48 187 162
153 294 492
236 14 893
256 233 126
48 141 811
239 208 28
268 127 777
96 140 179
1 208 989
235 81 111
221 121 769
179 210 190
209 162 860
77 189 211
92 99 91
194 262 109
138 48 214
219 7 510
205 21 11
248 287 164
285 73 775
41 246 129
8 214 820
14 28 56
166 171 228
301 96 147
241 167 360
33 127 487
259 227 261
211 84 611
149 236 653
297 82 424
100 291 400
12 269 162
128 266 628
247 258 9
92 213 909
186 95 446
35 128 524
99 131 509
135 256 554
231 114 966
69 278 951
39 176 231
239 124 487
89 297 528
37 122 180
184 176 795
245 295 64
19 154 941
220 8 669
62 246 669
107 216 844
206 22 124
272 164 368
285 10 387
159 226 577
278 120 276
62 52 829
222 76 339
95 77 448
78 154 270
60 24 655
209 264 555
250 134 360
247 272 922
68 41 316
253 76 374
203 80 546
212 224 291
51 93 868
131 266 416
21 218 274
31 149 675
111 294 604
261 114 760
268 49 950
229 259 444
124 155 163
296 182 730
201 109 372
188 6 383
77 155 138
201 157 200
65 13 445
291 252 689
55 212 711
174 102 826
6 177 118
267 95 279
220 150 335
136 116 102
301 224 827
196 192 581
248 136 19
189 28 657
22 203 239
275 195 435
265 4 215
42 30 693
49 289 560
161 136 293
175 231 870
31 261 971
161 207 198
152 249 347
165 104 652
26 240 255
28 209 64
111 99 759
296 18 890
19 104 614
222 98 286
121 260 641
186 21 258
208 126 493
236 305 622
130 94 942
121 201 738
256 41 958
155 218 350
281 63 905
89 72 882
81 12 19
66 141 919
158 120 232
75 298 923
277 238 445
180 41 140
49 245 645
19 160 742
108 202 965
36 103 199
195 301 962
213 234 246
73 255 271
169 106 278
171 62 371
101 284 175
261 95 725
267 21 52
3 103 53
116 70 867
38 150 180
76 283 861
69 300 798
226 126 23
251 37 815
266 130 824
223 256 787
291 50 994
51 53 396
185 81 680
50 197 183
224 104 628
67 197 864
76 135 649
145 13 697
301 280 201
274 151 667
13 218 68
101 97 779
9 10 469
31 67 724
112 166 115
101 304 590
88 61 370
60 276 446
290 207 374
202 31 419
284 110 410
18 77 710
202 149 545
62 158 690
237 201 257
222 303 190
33 106 60
41 2 223
104 92 583
268 119 964
251 256 906
123 182 905
241 230 681
129 230 786
66 177 422
66 194 426
233 234 888
77 207 944
158 185 350
1 278 229
6 183 345
49 261 101
151 12 940
16 111 343
101 54 126
251 260 32
168 205 367
39 25 252
246 178 272
290 134 658
302 6 253
189 266 444
41 194 750
202 90 281
96 1 576
296 247 812
132 258 878
184 141 438
47 87 748
158 261 561
64 229 245
251 59 269
269 136 131
247 91 762
280 111 656
169 215 806
237 128 793
277 256 228
57 25 132
247 203 95
116 131 760
95 185 862
32 87 499
213 222 557
237 236 576
122 67 127
51 221 597
246 119 486
236 206 420
54 10 802
38 175 637
257 209 100
166 176 585
75 70 678
251 178 743
75 162 42
180 248 588
15 262 346
154 86 205
260 86 750
261 161 700
286 271 744
253 39 473
261 250 591
269 111 168
286 214 601
83 250 434
217 60 163
241 176 919
151 144 461
101 181 988
124 51 686
16 3 24
55 16 411
38 82 468
84 21 876
146 80 702
96 264 198
302 176 923
86 65 211
242 10 146
200 139 876
27 148 807
151 116 995
96 241 950
6 124 637
185 73 96
10 84 126
210 56 429
131 114 998
106 130 369
135 171 983
91 220 596
243 111 980
273 94 885
101 176 321
86 60 89
126 207 451
174 136 184
40 164 597
106 301 831
299 266 282
237 119 240
115 286 617
216 71 693
86 131 474
113 276 711
256 107 931
192 180 952
28 197 909
20 127 303
268 272 866
68 58 821
84 71 890
106 26 781
223 70 598
237 62 832
301 168 117
64 254 668
214 85 198
74 175 353
221 141 254
102 39 157
221 106 24
32 179 22
30 237 761
69 205 258
31 265 384
7 58 377
274 148 118
98 16 732
21 174 879
116 299 468
285 299 128
133 119 826
191 171 318
78 253 724
177 304 428
3 62 343
91 297 625
81 180 864
246 166 891
167 152 89
57 270 637
49 180 130
106 125 45
196 28 213
125 218 196
84 161 622
233 106 195
141 22 480
262 247 456
13 214 20
4 29 384
58 231 13
296 261 792
223 167 470
221 95 860
280 115 523
211 101 232
288 140 918
46 232 192
182 171 562
157 301 810
191 237 673
241 226 715
96 269 843
168 195 752
83 263 481
174 115 434
82 162 136
136 82 893
256 65 885
1 224 58
169 205 793
48 60 246
162 279 163
236 254 318
280 191 413
109 248 107
238 53 618
138 171 230
93 171 703
175 206 627
114 41 497
298 52 438
84 19 37
62 281 239
72 291 339
146 106 330
162 249 768
159 153 852
162 143 5
285 16 43
161 147 813
286 291 225
272 156 197
106 286 45
155 76 544
101 142 412
133 256 734
295 181 432
94 6 518
31 168 701
79 228 366
277 248 603
218 83 79
251 223 944
241 211 417
73 59 472
221 40 350
31 62 679
2 192 21
245 251 861
204 293 670
12 51 970
292 121 257
274 271 248
45 106 986
21 281 345
100 201 934
103 184 508
151 167 238
31 221 761
205 208 337
172 108 823
234 246 279
285 139 987
73 254 695
163 6 397
268 88 335
225 13 323
131 91 658
166 184 143
40 176 573
16 56 47
71 9 565
225 57 4
276 66 771
54 25 513
131 216 793
274 27 49
240 268 646
141 285 293
84 26 943
58 92 11
288 81 866
184 133 275
159 61 178
305 60 424
66 288 270
32 249 124
24 289 466
111 117 9
262 37 334
247 38 6
141 254 22
181 107 465
183 1 412
160 36 992
7 86 732
165 56 333
38 93 784
85 158 40
291 52 836
115 130 72
252 49 42
291 239 958
6 246 647
172 140 17
65 25 847
91 117 266
11 167 601
271 76 372
39 234 580
291 57 359
191 214 399
115 8 881
1 284 934
25 21 864
220 214 547
46 240 363
249 289 959
66 300 619
92 10 53
267 231 731
102 257 612
256 142 167
75 145 569
142 178 682
122 161 319
226 6 168
211 94 775
28 177 695
277 232 609
195 7 651
97 295 256
212 44 501
118 38 321
181 167 494
92 248 682
273 288 681
112 103 442
172 21 50
94 45 555
101 91 545
1 226 89
201 184 321
245 133 311
14 183 955
1 201 673
157 77 590
256 9 55
107 91 238
41 178 779
144 72 907
237 1 717
162 238 853
87 15 785
60 222 354
196 304 898
16 263 971
305 131 765
54 75 472
182 234 200
245 201 609
252 168 689
1 179 775
232 300 314
75 85 498
102 12 463
71 276 748
121 274 647
109 162 314
197 293 848
277 67 240
131 38 778
37 184 456
220 197 765
203 264 652
12 189 507
25 134 998
106 105 39
171 30 836
103 66 800
204 171 6
99 39 109
242 186 94
121 211 390
17 198 836
181 28 724
73 242 211
198 236 334
302 66 607
210 27 170
271 139 895
166 10 289
181 1 480
9 6 56
155 160 560
218 251 809
45 119 909
231 191 178
267 152 840
103 188 425
274 62 519
1 101 513
301 184 743
164 298 796
6 46 770
200 87 855
1 146 858
305 163 723
18 173 56
69 9 143
107 197 518
239 75 286
305 10 404
36 197 987
231 181 318
52 144 908
23 250 420
62 98 452
198 29 908
76 287 606
26 28 649
40 285 610
6 146 456
226 150 229
212 187 995
258 29 901
235 155 688
66 1 950
120 237 362
224 151 831
195 200 925
283 54 805
129 183 176
12 202 39
166 232 998
215 290 544
276 268 937
33 293 265
95 1 475
8 230 598
211 301 457
168 88 253
236 54 83
7 140 423
256 38 951
264 289 107
95 222 748
83 11 12
254 186 629
289 56 153
228 56 152
226 269 852
109 200 936
178 61 818
84 131 207
254 291 114
69 128 121
166 206 570
235 90 371
27 123 351
1 54 266
175 121 443
256 305 188
21 176 483
177 172 450
51 114 187
59 123 976
260 211 361
123 286 186
184 198 556
56 292 70
45 27 680
261 228 808
124 137 793
285 303 508
211 164 529
229 52 948
232 221 819
40 51 585
194 288 352
161 131 766
200 156 165
20 136 177
245 139 615
7 112 87
84 55 182
257 69 233
271 26 945
93 217 107
136 245 564
93 270 353
188 262 29
197 219 813
136 244 694
79 238 844
85 291 60
231 248 784
252 271 873
165 175 178
67 146 994
6 26 528
67 103 943
50 110 243
184 210 423
16 244 1000
115 239 344
156 240 302
206 234 325
82 118 475
26 206 129
23 281 59
157 81 481
172 251 417
213 186 981
147 249 750
86 148 844
148 139 506
20 152 749
129 68 648
26 116 627
137 98 486
286 138 542
246 86 907
108 65 413
131 190 974
158 71 916
60 261 140
6 169 45
27 48 905
236 176 169
97 188 635
71 183 596
171 64 756
9 132 301
27 98 623
169 150 186
56 73 205
161 146 641
29 184 506
146 20 942
234 212 396
4 223 699
65 263 435
236 51 863
124 102 448
190 136 253
112 19 169
115 217 895
61 268 374
254 100 218
71 176 596
30 170 974
122 6 67
273 11 320
299 41 841
59 249 334
66 210 502
268 107 101
116 122 356
218 36 853
243 230 820
91 191 306
56 41 912
121 290 725
151 132 443
162 158 159
48 92 872
118 58 235
216 115 874
235 77 578
168 236 690
251 66 914
215 60 353
252 106 847
243 36 6
228 134 864
245 47 6
276 255 787
251 169 265
150 56 531
173 281 656
81 80 949
7 11 256
182 206 705
43 106 944
150 66 866
221 259 490
249 183 30
193 301 932
165 142 894
58 56 802
155 284 802
76 256 817
5 266 666
276 184 103
231 25 347
281 131 943
113 144 703
131 34 682
201 272 742
51 176 741
251 70 204
96 191 959
173 142 183
211 181 772
6 218 550
62 47 98
284 189 757
84 281 522
85 151 547
27 159 396
294 25 919
43 71 96
1 71 954
88 115 836
1 62 445
255 231 492
222 210 310
207 196 724
152 221 147
191 71 580
287 29 600
142 125 817
221 161 121
128 201 466
166 118 792
106 295 835
205 81 832
282 7 393
80 57 775
213 236 778
107 148 785
201 120 821
179 49 725
216 58 946
227 251 97
99 184 860
146 273 437
20 212 68
87 51 723
150 242 704
59 8 651
110 121 456
127 146 633
196 30 223
292 72 905
288 147 574
173 2 726
78 46 366
18 163 935
89 1 942
288 221 735
164 156 541
242 79 178
18 79 775
133 157 943
259 241 617
152 199 382
216 43 266
1 43 959
62 13 710
294 214 873
271 20 915
161 258 350
88 184 410
202 145 500
217 245 816
58 27 411
60 256 603
140 224 796
114 217 303
198 14 847
164 45 544
296 156 377
56 231 867
252 178 656
42 85 342
51 73 127
104 215 743
43 26 984
194 163 502
141 144 179
100 116 75
40 223 252
284 135 696
5 235 242
217 186 79
197 82 306
115 215 403
73 141 288
261 229 84
246 229 911
101 196 593
234 293 152
300 81 878
188 176 326
187 102 86
95 288 50
257 3 265
44 195 284
279 27 771
166 182 570
79 258 223
145 168 123
28 111 316
41 305 154
229 286 584
90 82 372
235 158 545
106 290 603
256 246 643
21 131 565
142 63 120
71 278 640
272 2 586
163 202 560
38 22 702
151 115 64
111 236 165
281 82 157
37 195 237
74 244 522
225 207 508
242 195 278
120 187 520
173 200 422
201 174 486
4 160 511
86 108 707
146 56 47
68 295 522
240 183 284
198 97 913
104 256 361
56 298 277
78 285 449
273 281 573
161 289 572
36 281 92
137 161 577
189 268 700
52 161 972
125 170 608
77 4 718
303 184 717
78 11 68
270 290 467
250 262 931
205 80 1
109 73 574
68 294 497
129 26 346
111 56 813
90 213 248
98 170 291
92 66 57
1 240 754
254 201 151
58 289 587
110 197 609
58 193 413
149 232 322
226 163 346
42 13 382
60 191 361
46 265 422
266 146 949
200 79 629
299 245 150
81 71 376
192 266 408
9 80 468
166 230 460
123 219 529
131 211 3
283 103 600
211 14 74
131 13 374
149 249 243
204 29 40
241 270 814
190 109 354
301 101 573
101 17 633
189 192 108
284 221 791
36 255 715
46 300 650
191 13 336
136 272 462
1 268 62
211 12 229
119 14 625
230 5 862
116 210 26
156 131 959
167 213 228
209 193 668
43 286 750
221 4 376
294 131 164
4 305 464
233 127 80
263 220 653
133 160 258
81 301 226
221 10 223
66 259 274
125 245 254
291 207 621
287 147 971
293 207 969
178 275 146
211 274 645
131 136 922
226 204 682
61 225 377
137 184 627
147 35 593
295 85 866
26 265 90
101 33 134
158 51 821
183 288 886
296 187 46
142 242 808
223 245 385
13 287 800
116 134 408
305 159 667
292 216 225
117 281 306
259 284 12
286 54 895
52 76 188
86 105 142
35 237 307
92 214 670
141 170 695
132 119 709
102 201 600
2 124 30
212 102 236
227 50 207
251 165 779
5 91 344
256 74 104
50 106 62
70 15 161
45 200 394
84 187 270
136 236 920
102 266 620
244 54 604
230 260 809
228 130 4
156 75 659
211 265 462
140 278 775
130 6 96
66 201 574
282 132 642
123 176 949
83 127 943
262 140 374
203 165 882
120 25 342
130 167 354
36 265 603
171 179 125
89 96 878
251 5 779
21 160 734
302 191 979
96 131 159
197 229 649
10 281 280
177 34 4
181 88 710
45 152 251
116 96 278
246 116 881
237 257 624
288 271 434
26 302 313
230 140 963
111 293 997
262 216 910
221 75 729
31 154 277
65 99 80
36 76 446
210 203 184
138 265 477
226 88 529
196 129 717
136 79 209
136 302 794
249 113 683
236 223 114
95 57 922
246 99 512
237 252 261
256 265 267
30 89 564
68 270 1000
222 259 388
20 59 595
73 231 996
76 102 835
57 148 362
236 28 632
185 110 829
66 36 36
156 19 60
236 260 435
237 170 336
204 270 959
143 23 392
177 151 839
231 256 803
299 101 865
216 73 716
222 220 853
56 120 476
188 23 707
221 172 603
26 86 965
21 75 759
277 213 156
214 126 886
184 279 651
4 83 823
179 254 406
221 266 365
286 191 860
16 118 276
261 301 785
302 146 104
293 190 753
115 18 55
115 136 701
163 106 713
104 286 494
169 147 197
91 236 963
3 177 518
89 287 356
176 5 637
284 236 997
131 10 30
229 151 932
1 119 707
290 193 995
164 99 628
28 96 727
91 89 467
171 224 527
46 47 841
53 301 928
274 32 547
211 155 651
38 143 154
245 121 605
103 64 644
22 100 41
260 212 741
33 150 152
68 14 338
106 77 178
126 46 20
96 40 236
2 175 366
156 289 124
200 262 449
298 272 33
143 92 43
142 5 923
81 48 467
162 251 39
244 96 946
21 61 138
56 11 979
146 76 236
41 115 551
141 217 589
26 62 296
64 19 887
78 7 958
226 136 786
103 61 942
251 10 756
138 77 376
233 247 116
249 52 224
136 76 16
301 60 507
293 34 305
301 120 974
31 300 643
47 218 498
235 135 182
165 281 379
53 245 564
133 111 621
257 111 283
136 61 286
59 105 350
265 103 314
185 139 330
142 9 910
132 112 729
200 152 775
187 132 99
260 252 337
146 256 704
183 81 724
122 296 730
86 99 727
155 214 553
108 191 531
301 167 991
164 258 638
7 41 502
126 73 333
16 180 547
262 217 360
82 120 335
64 270 311
46 196 744
131 138 677
90 51 740
55 91 789
210 93 955
1 58 955
97 304 664
95 154 290
9 261 12
272 210 970
209 256 454
290 62 235
146 181 759
149 243 378
106 133 79
252 94 414
274 8 254
147 141 234
133 56 196
126 172 897
74 123 652
269 138 462
169 68 357
169 115 547
4 181 303
41 270 692
162 283 130
45 266 782
67 268 93
142 172 363
17 186 418
151 1 741
57 163 559
211 157 497
80 138 756
275 262 520
152 146 812
165 191 55
1 45 867
164 6 627
141 156 800
105 228 281
161 11 259
291 56 313
131 181 937
41 70 936
196 296 148
277 74 938
32 79 631
45 82 833
26 40 478
103 224 23
141 234 749
174 70 573
28 289 332
27 42 152
55 271 542
216 53 899
206 110 505
106 174 373
138 51 62
190 214 562
12 117 527
15 93 261
36 101 607
276 215 110
263 163 910
216 276 286
197 207 224
102 170 515
197 70 912
104 164 667
132 102 796
241 34 27
162 2 586
129 92 337
271 88 750
126 281 177
194 40 400
109 229 202
45 11 916
251 44 324
72 159 222
231 76 335
242 254 570
46 261 662
156 92 920
38 164 269
245 261 182
86 70 84
205 296 402
185 141 34
303 153 916
132 117 816
126 282 329
256 296 115
122 64 403
135 70 224
58 202 326
87 206 961
16 248 818
207 110 704
126 147 944
129 168 225
300 262 801
87 290 51
10 270 160
205 293 375
261 75 238
120 248 229
21 209 708
138 86 841
27 259 453
259 106 934
120 137 6
113 266 349
89 33 821
33 53 864
263 105 971
254 191 605
296 110 355
274 116 103
305 148 500
51 184 975
3 96 276
93 144 517
151 206 899
269 238 331
97 181 116
155 89 580
134 140 37
276 141 700
229 128 378
22 256 522
295 246 514
155 181 899
149 58 275
91 156 225
232 10 616
12 224 779
230 111 600
277 91 749
148 81 349
75 96 273
143 209 238
147 139 916
231 174 315
122 93 860
26 172 362
172 225 843
284 288 737
230 44 647
8 287 847
217 36 844
59 298 386
86 237 688
65 169 916
226 69 590
18 30 718
18 24 716
158 13 574
211 109 947
206 246 980
159 251 940
200 213 843
1 256 400
291 294 578
150 10 65
249 46 334
16 146 452
86 181 493
205 61 181
93 12 189
85 62 925
259 46 6
29 15 696
186 281 926
149 238 556
232 81 540
258 194 946
211 223 213
106 66 797
62 200 878
48 229 665
37 106 103
59 22 228
207 153 552
191 267 945
253 244 769
121 259 487
271 194 673
289 195 859
175 265 259
141 176 128
133 196 999
172 236 399
8 256 309
56 84 299
123 174 502
195 271 884
263 58 749
296 16 667
212 108 236
241 13 495
34 286 515
109 159 478
32 196 770
205 157 90
68 74 829
112 241 174
189 269 978
186 33 965
83 291 545
42 181 453
19 12 463
286 274 709
50 47 221
260 17 203
111 206 397
11 245 801
171 21 922
153 169 196
116 277 57
176 231 131
186 104 309
263 280 957
87 102 844
114 276 77
178 220 29
83 199 714
170 44 53
166 201 297
26 61 948
276 180 836
238 282 196
62 255 914
212 197 244
163 8 659
287 257 137
106 39 215
192 280 912
286 160 117
305 222 832
111 265 558
10 293 691
181 242 70
75 166 963
236 201 609
223 266 959
278 166 752
223 87 226
133 120 590
253 146 620
121 41 232
164 91 570
62 122 684
127 265 520
55 300 296
91 63 172
182 244 253
43 56 411
131 144 668
124 86 409
285 146 25
187 277 15
177 75 956
286 221 633
236 90 914
245 241 200
72 259 250
247 11 9
39 146 615
251 141 801
7 22 765
139 80 212
56 100 645
75 48 137
176 19 438
146 286 258
296 78 978
274 76 729
192 290 888
107 184 249
305 101 929
286 57 265
34 86 644
255 80 317
8 305 450
18 123 343
239 96 44
196 86 546
257 215 489
304 130 19
108 97 718
166 285 152
263 60 572
191 158 692
40 68 56
290 142 711
120 114 254
243 37 359
226 46 565
6 263 696
64 236 613
24 274 773
28 21 530
102 290 134
106 175 430
21 262 525
270 216 879
236 42 633
113 226 210
98 187 599
237 226 655
56 164 585
160 260 715
31 188 412
253 84 10
272 170 810
297 151 143
46 49 886
88 195 125
156 216 434
7 151 630
130 99 574
36 242 951
155 70 270
278 200 221
185 96 374
1 31 196
97 292 499
161 252 970
209 10 859
36 47 448
78 298 913
282 194 313
7 16 766
294 248 855
161 121 520
224 46 394
30 261 655
24 123 246
1 25 780
157 57 481
97 147 294
230 176 128
106 92 257
11 36 129
104 198 774
61 105 443
229 33 968
126 269 258
115 164 913
216 15 499
146 117 212
131 108 798
252 36 955
62 155 985
4 151 158
283 5 40
221 222 115
111 218 466
213 260 975
121 214 383
172 32 990
8 126 277
235 226 780
186 232 601
25 36 370
31 211 213
141 259 198
254 94 305
284 222 482
26 123 922
142 246 797
163 56 746
104 140 195
6 111 414
47 110 195
39 169 629
266 185 222
216 146 583
297 73 115
196 33 74
181 106 844
71 290 155
196 188 161
229 116 399
32 62 193
227 107 970
274 131 617
4 105 873
36 192 623
266 18 990
164 165 21
11 262 93
71 298 199
46 236 959
252 13 826
196 62 145
186 271 834
171 174 110
62 138 903
134 161 206
227 292 117
87 79 824
275 157 187
290 111 743
175 140 340
2 33 651
236 194 235
70 110 957
16 31 781
36 198 603
176 76 981
153 238 646
245 152 755
128 50 114
220 148 470
107 49 120
286 157 479
29 35 587
75 99 854
45 28 351
93 16 265
300 152 920
269 301 428
189 176 983
296 220 90
176 216 932
82 130 984
160 24 393
7 130 63
99 196 82
290 196 276
290 117 427
3 5 828
10 155 397
211 285 862
220 273 991
71 221 422
120 186 8
301 41 120
199 300 137
5 41 632
256 278 208
17 251 704
220 127 814
87 257 380
50 169 428
153 231 231
77 151 930
78 96 159
244 148 48
256 207 483
204 86 881
131 7 62
226 32 442
210 109 890
128 5 216
12 204 423
71 286 166
66 21 595
289 214 575
77 130 618
28 212 696
271 302 863
204 285 575
179 61 40
43 270 619
64 70 138
35 109 789
163 66 791
111 32 686
75 40 498
183 156 471
201 271 114
208 46 634
88 276 826
98 156 200
144 291 106
60 30 180
277 78 446
96 237 77
2 71 736
197 56 97
58 156 523
66 220 655
222 33 692
107 61 771
245 132 10
26 255 236
6 199 115
301 118 163
148 143 404
24 178 701
92 62 715
298 211 552
262 126 119
260 182 541
176 272 333
144 47 1000
182 256 737
235 72 220
156 27 453
80 290 916
70 21 924
254 267 546
180 27 721
210 1 647
125 264 298
23 50 203
210 4 980
171 81 485
11 12 20
241 58 92
299 288 866
76 148 7
150 274 402
1 11 646
75 231 489
20 1 155
31 275 295
283 177 769
38 66 237
31 219 955
187 73 565
104 8 565
293 85 228
241 81 279
218 117 403
243 229 496
91 211 442
204 84 579
207 171 790
257 115 145
264 159 70
236 276 962
210 142 860
300 39 227
118 246 104
229 200 546
51 29 475
230 297 8
117 19 703
297 103 488
271 81 767
279 178 787
25 162 366
164 46 585
198 74 950
105 302 605
171 101 444
30 17 873
164 128 161
123 158 823
151 71 20
15 227 105
15 291 636
1 122 739
106 224 687
101 119 540
240 130 981
246 304 891
87 156 262
293 45 929
21 8 830
104 189 209
232 241 962
297 255 117
131 37 672
203 288 663
126 235 70
272 131 160
75 228 118
227 70 577
291 176 631
69 6 366
288 77 406
62 143 254
182 147 205
295 72 169
270 296 406
112 22 67
126 232 204
236 164 234
202 181 926
108 201 685
125 279 847
126 231 709
138 134 582
11 233 578
267 289 277
96 218 25
46 127 24
156 243 462
109 246 841
53 219 151
1 222 801
234 24 836
283 269 102
305 62 706
256 40 635
165 276 282
211 244 581
103 185 848
100 46 397
272 213 658
57 125 780
256 262 328
86 213 561
131 259 868
196 169 512
282 140 626
146 71 416
104 219 348
221 185 70
231 2 579
205 236 819
176 156 926
24 196 260
283 79 393
278 101 774
229 91 219
19 236 839
276 196 461
219 83 612
126 263 221
10 105 385
261 252 880
237 83 50
196 214 233
181 41 123
178 42 87
52 150 928
276 143 794
1 206 758
33 85 505
13 7 886
11 63 775
110 191 819
280 18 613
209 47 765
25 199 285
123 48 570
49 61 357
150 140 29
158 10 545
146 212 4
302 186 281
261 242 972
168 276 395
227 246 957
117 82 315
126 123 991
69 118 578
116 8 874
242 239 601
242 101 728
216 190 467
26 261 254
266 251 282
101 267 330
245 126 388
61 131 311
186 81 648
186 205 638
225 116 192
159 215 875
194 120 551
81 53 564
73 26 238
262 252 75
211 136 492
236 117 454
53 108 441
288 96 818
123 180 291
234 192 705
216 59 537
216 283 620
181 75 743
101 116 424
294 141 226
57 231 791
31 266 162
151 146 416
46 160 354
62 186 534
305 253 231
230 161 264
172 3 775
159 82 967
160 136 52
291 71 804
236 120 68
62 161 610
53 211 808
146 236 757
141 130 747
143 66 366
183 5 942
226 54 820
286 240 135
256 176 530
77 140 267
26 92 974
153 176 555
300 130 853
6 271 892
247 74 305
105 118 981
1 217 189
106 137 400
91 147 122
131 148 831
286 63 772
199 166 156
173 32 639
203 221 27
142 206 632
172 300 171
291 172 17
230 9 6
10 18 199
70 209 419
209 166 36
253 90 825
188 205 620
241 291 16
196 81 184
87 212 13
291 208 817
142 53 163
10 250 447
45 249 336
1 236 824
248 46 270
147 187 574
127 141 124
97 281 426
145 141 152
56 166 100
153 190 321
97 24 641
123 36 718
191 289 916
6 21 905
21 101 67
238 30 47
192 213 657
244 161 857
196 221 633
115 156 268
77 101 690
245 71 298
144 31 778
219 267 142
111 183 1000
191 204 989
241 101 596
220 188 755
121 247 723
110 112 827
31 226 973
268 45 232
73 88 643
41 151 494
111 301 251
135 59 868
281 174 410
288 182 931
115 259 446
3 212 597
89 110 765
23 139 776
193 202 558
160 276 194
98 66 565
244 59 425
153 272 998
11 131 117
93 181 871
297 161 887
73 156 661
40 171 402
61 72 893
49 302 73
106 184 693
265 185 510
297 64 75
287 295 674
46 95 452
74 265 539
211 18 86
297 60 303
102 98 736
233 62 696
29 53 16
178 69 40
12 49 763
100 296 455
156 288 546
220 136 37
141 246 978
11 264 282
136 38 384
110 177 350
113 59 182
243 270 358
133 28 734
171 11 646
59 236 43
61 54 181
145 171 91
253 181 941
204 258 497
127 111 486
75 62 142
67 196 33
207 246 85
117 109 346
114 101 47
56 86 772
194 164 756
266 272 910
111 180 891
116 130 841
145 17 161
41 262 634
273 265 575
305 157 190
93 108 968
71 141 458
93 66 951
149 266 785
130 269 242
107 162 795
222 268 445
1 212 828
32 39 410
176 197 768
193 211 993
130 236 107
153 223 839
31 241 584
261 221 533
222 130 623
128 41 574
255 135 461
278 108 859
96 231 162
225 121 253
182 95 2
56 153 108
170 126 959
273 73 733
114 287 444
278 128 660
138 23 119
222 139 462
129 262 658
111 188 741
55 101 938
271 16 129
292 106 336
1 69 499
296 80 799
154 45 617
147 86 253
158 196 842
298 61 776
125 105 793
181 266 15
35 66 818
299 219 629
276 75 175
275 21 201
248 91 816
107 123 319
168 274 986
13 104 301
212 302 371
129 41 724
240 66 654
165 50 363
286 127 854
211 200 691
48 166 263
222 81 748
177 181 824
95 40 96
66 281 8
173 6 908
177 102 337
301 198 61
161 183 167
278 191 578
103 83 972
95 235 984
23 64 634
200 51 307
260 240 876
12 161 540
185 21 543
126 144 723
194 7 593
305 167 311
93 303 1000
12 109 441
169 31 970
178 13 197
105 135 482
5 256 12
10 271 915
166 7 267
111 157 899
240 10 843
216 214 290
274 165 206
196 47 885
95 259 461
204 286 719
301 32 16
100 96 325
25 286 59
49 248 594
184 154 118
107 75 658
281 221 704
116 90 58
89 216 528
278 110 985
246 177 137
246 242 255
218 40 248
11 263 523
132 141 545
1 287 606
229 248 535
71 304 418
183 291 241
101 141 427
16 142 204
123 218 464
173 122 630
29 141 630
66 145 616
96 170 754
165 8 389
140 251 827
126 288 523
137 275 792
42 154 251
179 259 588
298 34 399
26 257 96
94 285 314
6 1 149
217 146 446
17 46 834
89 37 268
165 273 352
162 18 898
59 179 515
152 241 456
267 136 92
305 291 810
60 59 256
12 301 165
151 87 55
1 12 966
42 296 687
288 166 72
209 165 28
291 76 71
108 215 995
4 53 223
30 146 564
97 46 882
29 239 146
295 230 478
11 272 282
137 114 441
174 36 833
138 102 818
68 134 579
162 276 51
148 60 157
111 162 409
3 8 45
64 25 166
81 168 586
251 289 852
169 88 352
258 99 844
276 247 225
94 113 506
40 157 907
1 221 917
301 166 919
278 4 300
243 170 40
262 42 548
245 265 226
16 258 935
171 2 19
177 126 308
42 199 791
296 43 889
249 69 670
35 110 453
286 210 153
238 279 121
189 82 877
11 159 542
288 252 515
123 185 894
8 235 747
39 160 57
174 276 503
105 156 611
184 109 732
121 249 181
187 258 457
15 121 70
261 89 467
134 146 396
164 246 276
274 127 63
93 113 626
41 47 41
67 271 348
71 266 697
105 29 569
150 145 506
290 302 605
30 140 363
215 272 53
297 286 208
61 19 225
36 187 759
230 171 808
41 43 1
78 211 13
207 63 857
48 64 241
47 51 188
83 264 1000
108 96 243
271 30 53
241 37 782
113 138 285
176 274 718
117 147 65
173 92 173
148 191 650
225 167 569
136 268 7
268 96 866
251 85 980
296 27 433
37 88 581
139 274 434
126 302 32
292 71 134
265 106 556
196 259 348
83 1 555
260 209 419
212 18 188
276 111 845
88 291 327
182 5 993
210 291 744
260 95 479
180 68 117
230 175 757
157 43 410
112 44 524
100 266 107
35 256 659
266 289 365
48 196 875
71 201 810
246 196 59
161 75 306
166 262 605
34 159 21
138 261 25
5 136 193
19 184 847
114 244 810
66 188 453
120 228 512
121 6 131
221 81 118
47 211 421
118 260 824
40 117 862
156 276 959
25 297 698
89 123 890
203 16 72
284 7 784
184 155 786
201 107 149
301 297 120
142 147 17
152 144 425
133 91 825
140 170 474
211 233 310
241 15 966
214 204 457
18 133 264
113 130 541
46 69 495
245 93 124
276 229 724
243 190 85
66 262 147
296 21 150
33 256 213
56 90 392
219 248 490
33 227 561
176 46 948
153 1 409
46 303 400
58 97 97
178 199 117
77 198 859
82 229 327
283 2 30
5 46 527
232 36 936
8 262 359
13 197 603
134 80 438
31 46 415
90 197 995
46 281 334
209 201 745
108 235 741
144 210 22
182 210 7
124 256 160
20 36 98
301 296 418
1 283 593
43 61 556
138 264 12
221 137 674
210 58 909
294 67 120
21 109 511
236 163 445
231 45 282
125 269 482
221 43 364
94 36 943
1 241 9
3 130 465
123 303 453
126 194 963
187 211 886
176 146 626
86 21 782
164 249 970
1 4 589
127 106 230
131 120 175
282 228 131
18 62 192
39 198 824
100 61 187
86 33 714
51 6 604
281 157 55
93 168 256
9 206 751
198 153 194
60 257 909
58 51 629
196 69 377
154 106 408
89 61 5
66 20 104
6 53 749
80 156 630
165 294 110
241 4 99
128 282 952
120 50 100
155 271 537
181 137 95
259 63 794
29 173 141
115 228 567
236 66 977
224 160 903
291 220 499
26 188 574
42 51 314
43 115 31
75 127 59
25 248 979
217 113 92
184 132 962
2 3 738
227 158 720
105 207 946
166 16 948
100 220 814
133 304 372
295 291 418
193 296 58
230 196 490
88 170 585
111 35 270
11 234 364
8 284 970
156 260 993
127 165 386
175 132 364
215 200 815
208 6 246
161 151 294
219 120 541
128 78 886
268 253 331
1 15 832
61 177 477
104 64 629
198 217 828
305 232 7
253 260 421
273 247 1
24 301 262
283 226 556
49 66 716
73 41 809
191 26 210
227 289 257
278 99 995
188 16 745
10 78 315
135 251 517
217 265 550
51 62 907
91 108 860
256 160 259
193 69 783
166 31 70
234 126 71
236 179 653
199 125 144
279 37 505
146 267 788
299 300 716
12 72 454
157 235 616
141 119 679
55 108 313
239 168 41
34 11 184
70 284 632
80 27 582
128 191 562
176 70 492
178 122 503
81 60 333
181 221 958
253 75 121
95 84 861
295 226 434
139 228 408
252 51 688
219 5 890
29 98 723
31 196 717
65 234 315
226 257 111
277 76 480
9 78 31
174 72 108
207 101 66
246 88 983
154 299 289
186 56 430
168 241 639
22 214 185
136 11 317
67 109 235
271 298 152
56 214 44
166 238 974
165 57 272
125 92 907
196 186 528
151 219 244
3 31 411
153 150 315
178 46 838
264 1 701
170 72 886
11 182 288
31 70 877
224 109 237
283 62 748
83 132 30
257 169 487
260 11 456
231 157 275
125 114 898
57 185 498
34 46 663
216 215 666
18 105 480
282 237 117
93 271 828
71 247 752
157 19 554
235 22 679
59 155 443
292 273 51
30 173 75
142 241 304
266 16 688
166 296 911
185 199 855
123 91 486
182 140 787
76 170 42
234 243 91
111 240 139
146 9 989
257 126 222
151 212 389
256 27 143
141 27 59
119 163 436
153 158 449
236 150 915
120 208 693
174 62 259
66 291 66
61 227 34
87 157 768
161 248 731
161 187 600
241 146 452
276 82 821
24 63 544
20 191 573
105 196 333
3 47 677
274 25 780
31 217 551
94 132 30
141 137 625
206 230 20
245 255 960
230 92 256
194 161 45
63 81 78
189 140 7
136 41 959
107 206 897
303 221 151
277 107 343
239 159 945
98 238 986
194 293 672
267 121 642
278 177 773
137 210 387
49 221 640
151 296 738
1 182 965
172 62 963
224 172 700
126 247 489
37 180 41
251 156 358
123 5 781
76 303 16
240 278 437
277 90 395
230 25 542
161 129 467
11 150 813
291 10 260
259 176 430
251 68 988
71 80 794
134 31 401
261 177 616
188 55 20
167 108 682
237 207 533
159 108 604
68 56 611
31 152 152
125 217 660
259 265 780
168 82 886
149 162 480
260 108 528
300 238 700
188 143 320
216 61 324
25 205 398
107 138 372
237 84 996
256 147 594
72 277 563
177 133 346
269 103 482
233 61 441
24 169 505
96 223 866
120 8 491
66 254 901
231 98 98
93 225 875
241 66 984
177 76 210
133 85 772
75 200 161
289 84 865
274 19 343
16 42 33
84 45 417
34 89 934
151 221 791
108 102 253
44 41 491
141 15 238
166 259 113
95 36 135
50 31 626
196 151 498
158 144 302
15 204 754
271 219 955
303 276 748
303 20 475
31 32 589
68 152 30
139 210 854
160 177 947
254 298 445
303 149 684
69 235 70
97 231 199
270 264 675
287 296 995
121 231 275
43 263 773
40 114 604
281 231 623
186 296 63
76 208 637
94 125 567
302 216 332
83 281 334
183 186 42
106 136 470
216 305 940
7 218 539
28 228 405
110 216 261
284 169 514
245 72 241
25 121 243
148 56 242
69 38 63
64 245 154
214 44 706
42 147 620
106 226 526
254 3 296
9 26 716
280 265 186
296 199 338
75 286 434
199 279 268
196 154 559
31 73 338
283 21 470
78 150 906
141 278 873
228 240 319
197 145 913
97 201 913
167 155 337
178 109 998
250 100 116
70 103 245
122 21 547
119 16 672
144 28 407
218 177 743
216 29 989
50 105 363
71 280 799
89 227 651
59 41 608
184 212 715
27 25 406
194 131 966
251 262 873
39 238 439
39 95 252
201 92 663
284 57 228
258 268 574
160 294 595
99 190 325
152 280 347
70 63 357
156 237 459
248 213 191
39 232 90
196 283 972
83 3 497
156 223 177
272 286 572
87 59 971
258 139 865
18 58 893
197 171 250
144 36 637
172 64 246
142 279 175
21 191 433
1 215 79
179 163 700
140 141 184
80 158 124
111 94 337
133 266 475
191 54 588
53 250 594
184 271 274
51 247 447
228 232 862
103 187 604
183 144 543
28 95 344
84 151 243
201 267 672
27 192 411
292 123 414
72 66 363
167 120 295
58 44 710
256 157 678
196 21 92
241 297 537
255 270 710
228 170 446
208 80 637
153 31 878
221 140 189
223 17 237
75 83 400
94 87 741
1 171 476
81 250 758
241 86 656
199 37 598
188 217 763
11 62 115
226 43 563
18 21 64
81 197 447
14 137 889
91 68 541
19 191 878
126 34 806
251 239 256
37 247 552
97 71 194
33 138 767
133 261 786
241 6 315
116 6 59
170 168 69
298 121 98
300 54 977
192 151 526
41 111 584
161 245 9
23 111 284
191 129 260
79 263 91
158 136 345
82 283 776
107 28 87
187 183 272
24 305 66
90 79 38
156 122 366
139 273 229
250 282 860
10 174 538
7 289 590
118 226 278
159 222 867
282 239 85
95 292 145
75 52 326
206 137 684
291 62 438
194 154 605
48 268 597
12 15 309
222 151 97
291 151 485
84 91 991
251 301 183
217 43 806
146 196 863
141 291 867
101 285 981
271 71 797
35 191 756
173 257 510
211 61 315
221 237 318
304 207 681
211 116 93
255 63 996
295 193 459
48 240 296
152 236 382
208 21 25
191 284 816
278 91 515
1 258 994
231 46 949
269 181 35
93 92 31
46 171 476
221 255 765
50 19 742
11 5 630
97 151 979
23 65 999
36 150 914
285 77 208
43 196 824
55 264 140
277 301 210
110 126 906
173 133 738
196 79 74
58 302 296
190 4 258
122 164 22
223 291 674
29 130 696
81 231 763
100 38 469
120 206 206
52 228 200
172 81 789
175 214 271
91 271 708
121 182 356
6 279 210
210 62 729
174 33 987
111 196 89
251 151 693
248 286 33
11 285 416
28 150 962
218 236 23
77 76 897
156 106 151
287 263 127
66 286 391
261 109 322
76 120 956
106 256 477
246 171 42
23 78 283
192 11 278
119 210 56
37 87 190
18 33 608
195 43 729
155 228 236
286 78 602
104 117 840
235 188 632
6 275 702
231 130 774
86 186 355
130 277 786
60 254 773
201 54 80
131 113 520
285 5 113
131 65 100
