311 3873 84
139 256 478
10 247 146
186 168 481
82 300 138
260 205 657
96 269 709
12 46 997
215 273 497
282 144 307
133 24 238
88 49 991
119 66 689
27 94 437
208 195 42
46 141 52
162 300 923
167 177 995
32 88 54
256 99 549
242 200 73
28 160 916
279 309 314
127 62 321
29 262 238
215 92 547
14 293 321
130 190 752
28 60 140
61 95 608
211 142 775
82 90 651
28 124 108
57 181 341
291 244 766
230 16 834
73 167 960
226 111 996
61 184 909
242 141 816
33 56 546
173 309 339
97 256 489
142 172 526
44 274 235
268 243 294
27 131 122
89 65 440
210 84 137
115 284 419
311 210 973
178 248 46
23 258 331
195 236 343
71 68 64
87 51 49
135 290 882
275 292 831
311 280 705
146 25 211
10 73 939
100 99 635
100 45 566
273 294 249
232 245 673
12 125 779
73 308 438
83 108 677
4 286 363
121 244 450
72 259 207
311 272 23
52 116 389
88 125 128
122 38 65
190 302 300
96 41 427
97 217 133
95 206 506
179 11 161
133 157 620
196 126 236
85 29 123
193 220 627
269 55 11
185 181 484
309 142 740
78 60 808
6 140 15
217 93 912
228 251 924
229 6 508
146 124 213
228 257 278
21 222 382
208 248 138
12 214 253
135 252 497
90 5 308
7 180 831
17 131 130
197 65 911
230 309 172
21 148 161
108 135 641
145 244 72
112 63 22
166 39 393
8 142 274
268 133 169
151 296 801
51 164 643
301 209 340
104 152 788
193 121 724
189 300 880
60 93 601
256 31 122
89 184 238
85 246 157
70 137 206
255 2 326
58 104 610
9 145 986
180 30 176
56 155 143
80 152 660
283 149 263
12 236 269
232 167 477
223 185 673
241 235 649
230 291 455
189 25 55
75 243 28
41 40 807
34 227 827
153 218 849
94 81 574
203 258 414
198 136 196
120 269 398
33 129 272
224 84 342
125 260 172
204 112 700
75 146 153
248 114 922
134 213 997
152 30 823
6 251 110
305 142 688
3 208 932
223 253 894
94 110 557
44 184 523
167 224 451
219 279 616
37 8 491
61 301 598
239 99 50
52 183 985
181 139 988
279 272 15
168 252 934
111 179 338
67 208 657
63 212 566
277 153 377
41 47 420
302 168 89
26 77 506
5 306 18
184 307 595
300 240 838
159 226 750
297 253 898
36 301 877
87 123 945
51 171 403
255 282 499
222 137 935
199 189 567
92 99 23
202 242 577
38 95 716
23 42 711
257 96 526
235 250 64
10 8 865
234 94 624
243 186 147
212 266 830
37 249 566
63 17 866
130 284 344
11 253 573
110 68 997
198 223 596
209 21 77
291 265 626
291 176 27
279 103 95
162 37 342
133 1 969
39 138 319
223 145 76
138 205 386
281 186 206
147 210 507
290 151 789
13 98 504
189 276 814
107 52 584
89 240 474
274 188 815
223 43 429
92 118 175
286 169 176
269 197 933
222 116 450
45 263 836
16 31 462
74 115 946
103 277 751
2 244 48
72 189 74
79 212 583
220 262 781
84 4 52
7 237 38
222 250 9
23 188 818
34 294 191
75 280 272
201 287 126
237 43 687
197 241 908
47 267 218
69 123 803
37 71 689
245 8 56
205 65 530
48 113 938
61 163 56
47 273 681
82 198 352
239 195 749
115 79 685
25 222 934
166 215 212
3 296 215
62 246 448
245 55 262
209 230 68
116 141 64
27 237 860
232 20 540
120 185 537
154 71 210
1 50 375
58 285 302
85 33 834
171 85 63
264 249 101
234 150 718
198 87 459
79 106 594
175 212 214
289 110 484
296 280 154
84 160 584
150 246 848
196 27 275
2 95 171
147 280 948
195 43 745
222 196 917
186 17 380
161 282 542
10 88 446
99 252 937
28 89 235
275 268 373
98 127 305
169 205 651
79 272 157
281 254 599
297 192 109
268 66 431
98 277 334
144 94 233
265 79 577
229 138 328
249 226 489
110 211 969
99 291 529
210 237 692
286 123 650
292 167 12
202 176 1
216 51 948
210 195 428
50 148 343
124 154 90
39 187 194
155 200 871
88 89 307
212 47 807
259 162 763
51 55 391
240 87 940
111 37 719
75 306 411
207 258 819
14 199 939
82 3 674
242 204 297
240 214 104
211 134 681
290 15 359
206 191 393
106 54 702
137 19 193
306 114 18
228 153 494
119 157 167
91 262 491
241 275 65
139 149 479
1 194 995
203 8 180
64 183 904
243 115 982
145 181 242
294 223 727
79 89 727
295 229 125
233 106 943
11 133 323
56 286 573
2 184 472
175 179 876
14 202 723
227 74 421
94 43 862
181 124 691
160 203 978
99 191 612
213 8 273
188 311 938
20 154 472
208 134 376
109 122 379
133 278 34
189 304 162
160 38 733
71 249 943
19 52 684
30 115 424
206 121 575
108 279 728
96 159 802
1 36 425
53 234 183
147 170 52
15 176 454
161 74 411
37 183 979
31 215 661
271 220 860
76 251 833
230 143 784
235 216 79
227 153 983
184 309 699
184 279 370
176 271 78
291 36 736
12 147 83
148 66 587
282 24 434
97 74 344
248 212 165
10 182 831
280 120 620
186 152 879
113 1 742
261 176 162
33 260 600
79 126 517
34 252 592
187 289 833
77 131 367
69 146 534
104 34 609
202 292 508
37 291 401
230 159 578
36 211 105
38 26 969
197 165 675
114 137 248
21 182 204
288 2 582
300 296 400
154 301 513
141 95 711
43 249 295
82 244 130
182 294 997
230 221 381
10 98 468
303 117 416
30 213 665
55 13 982
55 279 302
285 169 634
75 226 943
236 117 67
67 179 155
22 230 171
133 252 797
215 254 853
227 76 519
25 229 607
205 66 810
87 45 123
288 245 952
110 112 57
290 2 783
255 8 548
264 116 731
261 13 324
40 237 890
16 123 337
231 237 520
267 45 31
164 73 926
311 44 630
218 283 827
267 143 368
66 216 670
53 90 530
229 250 533
38 215 636
291 262 899
144 136 180
157 169 276
146 83 215
1 261 86
12 272 803
284 3 965
2 210 144
217 249 310
232 51 94
83 22 220
294 148 939
206 186 406
95 253 892
19 167 997
121 220 827
222 268 896
42 280 510
303 254 201
61 255 44
304 248 727
153 84 662
67 145 554
267 235 350
91 99 338
124 175 360
227 305 506
268 81 424
76 112 109
39 210 719
217 125 467
147 179 292
18 9 700
14 223 45
134 274 141
152 196 442
168 242 328
189 207 145
88 56 253
119 145 788
14 225 501
214 76 234
92 137 427
22 267 135
172 91 253
107 112 368
180 288 529
176 78 302
47 304 401
259 25 794
185 129 224
225 210 554
226 239 854
266 173 142
223 133 49
134 266 518
34 84 520
269 124 836
52 112 779
297 152 212
69 288 824
63 163 666
304 294 359
109 186 364
9 227 380
25 40 894
279 15 196
33 48 672
263 219 841
11 309 823
12 166 84
267 65 152
294 275 469
121 114 225
272 58 540
84 200 250
248 265 441
173 64 537
180 153 842
74 84 850
302 305 435
276 73 233
181 31 550
92 31 852
32 167 523
269 267 269
134 117 774
20 152 475
241 302 900
83 149 24
79 290 995
296 154 926
102 230 482
101 203 625
273 295 705
27 42 614
304 58 904
69 125 76
254 99 644
213 232 546
158 178 956
57 195 94
223 171 933
197 140 69
198 68 970
106 218 47
8 16 862
246 176 619
112 30 212
51 154 917
46 109 635
116 155 624
287 58 794
21 69 691
280 89 835
266 84 220
144 65 143
4 310 70
300 16 904
159 222 942
30 203 563
202 147 921
143 283 415
217 238 41
49 264 904
143 236 376
51 269 409
158 261 583
277 186 898
160 89 972
279 287 595
123 304 984
203 214 160
259 232 750
239 64 678
64 10 150
59 42 417
244 139 713
81 185 607
252 113 858
199 238 968
14 123 556
94 251 14
150 277 556
109 113 929
87 100 65
250 308 642
60 161 218
262 209 279
209 147 98
280 188 23
16 159 423
93 90 249
140 43 555
183 216 201
25 123 316
32 190 71
281 3 234
274 18 778
17 107 595
151 180 639
297 215 993
229 269 64
224 105 190
308 242 96
107 38 111
20 230 605
129 82 789
25 188 878
175 54 268
249 230 890
40 199 866
189 235 266
102 113 32
102 83 491
25 18 362
140 306 948
281 17 281
291 311 441
240 134 690
267 1 652
238 287 443
6 59 118
282 209 202
40 4 354
181 112 987
291 191 425
181 219 788
163 279 116
57 290 44
1 75 529
96 263 755
80 104 65
188 233 580
131 42 973
130 123 647
295 1 562
92 71 31
100 95 406
168 126 162
58 86 79
143 59 787
107 160 736
30 126 820
40 224 818
79 32 457
211 101 984
190 55 535
123 278 615
197 38 297
226 257 605
80 87 760
9 28 138
195 157 722
241 73 586
136 268 345
76 244 932
23 308 308
2 59 63
144 71 777
41 186 331
178 271 182
29 57 782
247 306 948
266 219 766
311 49 210
16 60 151
87 140 119
62 298 514
96 265 893
80 131 177
18 178 225
309 24 399
24 91 378
25 245 74
162 197 181
12 192 495
257 11 472
226 263 817
260 137 353
116 127 351
68 242 102
215 193 418
16 68 834
130 73 772
169 241 84
221 83 225
13 113 699
248 209 692
33 23 640
89 267 998
178 250 884
157 67 163
109 180 555
252 262 66
10 160 842
81 124 992
146 31 385
292 87 333
143 21 654
151 168 64
141 247 614
283 41 424
33 269 715
103 263 878
262 117 177
281 2 742
36 229 691
118 22 322
139 47 251
157 275 721
170 279 873
47 66 230
202 178 719
282 159 66
83 123 598
105 59 742
62 145 211
305 69 245
289 216 892
63 220 1000
176 72 136
45 188 20
31 32 990
205 185 217
180 51 602
295 307 313
289 62 886
113 50 647
245 275 643
147 231 159
127 179 577
236 101 479
138 279 638
148 260 57
100 59 151
153 79 207
291 23 353
286 171 480
238 127 372
128 25 480
40 72 497
306 44 833
139 43 935
26 29 987
241 245 198
22 135 644
68 191 21
95 74 396
293 104 315
200 8 257
136 128 334
220 39 877
159 111 981
155 174 824
183 176 260
20 300 252
261 218 294
85 28 864
178 286 309
213 302 291
107 231 552
259 290 176
105 28 499
220 203 184
178 265 945
239 119 392
96 175 833
51 221 738
85 159 109
73 29 938
208 220 529
132 173 309
106 221 447
214 220 697
279 24 159
96 224 10
299 35 623
228 142 152
304 70 351
209 48 234
282 95 139
98 172 283
228 223 214
34 156 1000
235 177 392
71 234 13
61 244 137
308 116 185
135 263 131
160 24 465
39 119 122
69 239 141
104 282 710
76 103 838
282 108 308
205 231 758
3 264 42
41 53 153
71 76 843
98 166 476
102 175 674
192 194 671
255 98 746
228 103 301
1 7 867
93 176 262
267 114 946
43 230 345
83 217 109
299 106 496
39 258 120
79 64 916
243 222 958
189 150 748
87 246 506
152 133 705
300 249 615
196 250 93
187 60 348
216 199 87
12 130 146
192 124 269
309 250 117
288 187 72
212 167 747
113 199 505
50 262 177
94 83 939
299 237 972
92 162 468
8 62 42
25 285 83
133 216 313
115 193 140
47 224 890
271 147 108
307 177 55
298 145 883
3 182 480
93 156 692
91 237 801
112 292 489
127 211 139
166 145 256
112 47 578
34 277 485
245 186 962
152 249 982
106 295 930
75 91 480
200 255 899
64 272 189
229 248 902
34 240 835
153 115 868
2 3 612
55 235 325
295 311 442
73 5 557
150 86 618
24 193 304
8 257 873
55 146 75
14 186 879
133 173 318
98 86 712
80 45 109
55 155 538
135 93 840
146 57 323
151 93 725
220 282 409
100 160 876
16 212 851
22 275 500
179 18 225
162 140 335
187 129 731
125 24 116
154 67 477
61 1 645
221 254 493
148 234 80
248 290 874
303 159 494
15 88 128
165 255 730
260 4 947
183 182 136
121 108 821
263 8 181
269 87 846
233 8 142
60 285 310
66 254 367
285 197 837
196 265 17
90 151 661
164 302 831
185 65 552
195 270 584
234 229 749
257 225 425
201 256 510
70 38 542
138 46 205
197 131 579
219 87 950
31 106 100
42 183 133
172 272 285
139 167 494
47 259 103
283 200 360
48 136 459
246 131 684
252 28 550
284 66 519
252 16 838
52 295 920
30 48 905
8 36 722
31 170 66
258 137 828
232 80 119
286 291 126
284 147 125
101 74 590
20 38 764
243 218 167
99 59 767
264 174 270
117 20 178
157 235 737
235 18 108
251 48 666
2 148 39
16 258 85
1 249 31
285 16 716
219 225 270
17 189 740
6 305 565
165 56 992
204 142 675
207 34 215
193 57 887
42 73 317
181 285 226
256 23 786
126 123 110
257 285 28
193 118 386
150 299 127
196 73 507
252 272 924
13 46 402
89 69 75
99 103 335
311 242 424
115 142 950
301 106 317
14 37 908
84 117 968
214 263 45
9 173 266
230 142 81
195 233 203
187 242 638
164 143 926
225 268 792
22 130 961
76 216 777
62 140 10
257 137 835
149 261 586
51 80 766
273 174 95
240 128 497
134 41 626
259 302 210
261 60 112
239 274 244
123 227 427
305 86 366
103 163 929
128 210 81
17 262 654
218 112 687
49 66 319
123 78 766
26 196 283
250 110 991
76 253 102
101 173 527
200 201 78
307 244 140
203 41 724
111 38 434
76 197 103
205 179 641
216 30 75
217 104 81
187 65 281
162 263 83
176 174 806
240 54 753
133 273 547
110 101 809
245 302 947
99 220 702
263 98 621
206 91 724
32 116 88
310 178 720
303 295 926
258 221 662
145 16 924
142 28 647
269 108 690
148 270 200
230 149 424
114 11 969
259 213 767
54 155 340
107 102 421
304 45 179
175 42 188
281 156 947
308 119 904
310 105 36
150 92 6
13 245 380
131 261 780
32 83 397
30 25 429
162 219 182
51 207 399
189 288 761
174 286 805
13 22 270
129 162 622
45 6 196
92 300 469
20 69 517
38 97 710
132 22 800
53 310 993
137 6 123
239 129 816
151 29 345
158 109 864
249 262 703
61 117 361
256 180 275
92 274 131
297 23 477
248 2 80
158 279 697
180 303 42
192 1 485
27 16 6
208 279 540
69 202 206
243 53 221
270 57 199
219 310 520
99 134 313
89 67 597
215 293 464
190 269 80
62 217 943
165 53 648
59 242 879
179 38 955
13 194 493
44 269 873
179 84 381
99 33 524
37 80 752
254 250 630
131 252 215
177 197 596
79 240 162
150 163 484
215 99 512
70 293 796
18 92 290
29 74 915
121 250 788
90 86 199
270 114 541
139 257 301
20 162 635
266 282 379
192 294 655
57 136 559
141 180 394
254 130 513
201 144 997
300 179 386
273 270 84
11 12 714
80 160 201
204 144 471
29 293 382
302 306 237
222 27 170
1 225 606
311 53 909
25 264 717
268 235 981
162 57 94
273 279 635
298 135 103
79 205 726
70 149 365
296 212 661
210 51 426
240 276 810
281 83 200
164 173 165
27 59 82
36 185 743
308 216 474
98 139 804
189 291 765
251 245 961
80 301 821
44 176 333
269 199 717
149 35 704
24 240 135
30 287 747
1 139 447
287 206 477
290 123 299
151 200 701
174 52 579
124 250 136
181 8 59
13 36 509
310 87 984
9 194 117
280 28 457
99 50 500
260 9 849
14 194 857
11 140 699
71 137 999
42 114 840
43 214 917
225 164 905
284 134 733
119 224 26
219 122 859
28 30 614
67 303 929
217 218 696
60 136 387
283 144 466
281 43 893
39 184 758
210 282 809
41 174 963
262 39 348
278 84 844
83 95 323
122 1 722
24 152 313
177 173 801
184 126 182
33 96 111
171 80 804
274 43 710
280 140 251
195 34 693
204 213 138
125 175 99
211 223 8
143 203 370
269 142 126
220 147 495
151 291 492
250 79 639
51 182 923
228 31 989
122 163 259
7 105 865
113 170 837
94 142 947
149 106 854
150 18 983
22 42 855
55 49 541
77 250 847
157 118 519
254 165 188
140 259 253
271 299 949
152 1 363
167 305 602
119 42 4
142 310 255
208 296 167
216 18 820
255 56 63
211 245 133
159 168 808
47 200 783
184 277 399
81 237 792
306 65 794
79 151 44
90 9 628
66 8 72
105 93 38
121 141 70
79 279 215
283 109 469
23 265 899
70 289 757
207 237 76
229 122 939
21 114 892
184 153 906
77 65 252
149 37 507
158 247 984
264 30 974
272 189 803
21 45 220
56 231 875
182 15 856
249 241 571
111 7 460
130 241 167
27 179 991
108 46 991
243 210 165
258 31 837
61 217 577
40 296 576
234 43 977
46 246 916
160 278 164
152 37 258
76 83 852
215 245 772
297 116 418
193 26 226
123 86 172
63 155 920
105 259 326
128 84 423
95 107 873
192 270 746
32 279 641
34 63 361
30 50 635
74 278 71
50 116 820
57 79 401
283 35 657
155 65 944
84 31 271
2 277 164
257 57 57
100 96 580
263 54 157
11 183 224
128 159 410
255 121 849
76 95 565
45 47 740
6 211 486
280 292 215
36 269 303
119 206 185
290 119 679
279 239 542
310 294 114
179 60 825
45 142 204
73 149 664
180 185 589
248 41 107
49 286 545
73 310 128
93 167 560
1 171 615
168 127 232
195 275 22
153 189 246
222 228 739
21 273 440
182 28 285
301 142 949
122 281 728
155 310 461
86 299 408
11 186 565
180 307 273
99 37 585
127 269 942
178 103 703
216 269 280
7 95 400
235 175 700
44 69 684
9 210 990
154 220 62
39 55 79
231 88 213
52 128 97
155 289 560
303 294 397
65 241 994
87 186 31
201 305 502
294 117 652
141 228 68
169 295 46
54 102 459
105 95 613
85 90 177
67 293 289
81 246 401
1 300 646
296 127 898
271 274 488
119 223 245
108 288 184
233 273 868
41 241 429
213 128 62
153 195 247
2 79 849
13 280 867
34 90 955
125 97 911
279 60 936
11 147 36
7 163 162
86 126 146
216 206 678
281 220 410
103 211 392
295 23 919
45 310 396
212 282 877
42 145 944
40 283 965
202 86 480
111 126 965
183 281 629
123 165 149
151 46 946
102 15 304
8 5 32
53 174 805
29 310 33
283 14 953
141 183 138
65 183 971
243 235 124
78 213 768
129 224 871
71 36 924
163 151 769
129 107 454
115 121 545
4 85 919
239 247 94
95 13 466
94 212 798
124 103 537
190 89 375
41 160 411
191 180 6
112 190 557
287 75 59
171 96 109
159 298 729
52 216 743
222 265 14
57 269 965
163 260 214
269 201 468
295 203 291
154 280 818
207 209 478
127 158 572
42 239 173
236 86 910
156 25 26
285 76 364
68 92 797
44 61 143
245 256 698
154 55 167
245 239 135
156 275 274
124 242 718
112 1 327
93 285 600
141 186 206
4 305 444
21 51 78
31 38 78
217 282 29
5 149 864
118 309 173
14 69 649
196 10 973
5 111 371
122 268 694
18 152 795
297 254 921
90 228 839
1 150 937
276 197 358
87 261 648
181 294 545
250 221 788
23 183 46
229 245 429
123 114 948
260 109 489
250 295 761
17 64 190
52 182 885
17 10 199
253 148 526
170 242 842
37 144 180
192 90 270
155 35 302
164 240 962
289 127 232
303 263 626
12 14 466
265 100 474
136 185 588
308 262 159
104 263 242
213 83 495
154 21 40
55 47 558
260 71 855
8 289 988
135 32 290
170 169 457
79 210 696
286 210 389
311 203 689
178 192 326
258 216 284
36 52 860
63 249 103
88 116 4
88 55 291
236 88 327
22 190 430
61 157 275
222 303 426
206 41 955
241 250 792
81 232 413
84 6 454
72 108 221
176 187 949
224 286 67
107 59 127
36 202 237
9 176 951
116 273 437
135 272 319
1 58 484
82 93 563
185 20 106
263 35 131
90 194 603
190 187 506
189 209 459
252 213 264
235 180 421
311 69 27
75 149 89
176 17 428
43 110 836
263 247 845
259 266 97
79 201 73
193 80 752
270 104 988
21 195 683
46 221 227
36 270 689
8 223 572
67 202 951
11 60 716
12 287 252
225 74 39
26 44 322
269 257 552
33 156 92
270 157 886
149 171 463
18 241 765
111 180 527
299 13 421
275 107 140
172 151 468
272 198 484
311 156 582
247 270 904
9 151 425
21 192 902
310 64 331
91 94 12
157 245 922
297 9 270
254 13 683
169 213 488
207 225 195
122 176 444
185 70 869
140 47 738
295 225 225
98 174 404
173 245 695
10 29 614
305 104 156
150 52 106
17 286 602
191 30 342
51 117 141
259 20 92
66 37 481
82 92 221
292 262 875
302 15 997
275 34 755
125 281 492
211 43 615
25 97 630
237 175 770
93 225 286
25 88 949
281 97 774
275 10 29
261 304 60
160 190 119
58 101 357
11 69 284
42 289 430
20 37 155
234 32 166
260 131 41
131 45 791
146 233 623
273 222 738
76 199 489
173 241 659
97 265 245
163 240 614
200 171 393
113 259 106
215 42 197
34 86 572
212 40 981
263 155 229
16 35 349
217 90 43
14 85 359
183 46 28
175 259 229
271 14 322
138 156 480
139 103 630
277 147 11
14 65 758
94 208 204
286 13 232
144 45 276
188 63 573
223 102 470
306 112 703
198 249 856
299 88 458
267 108 127
38 25 222
165 293 532
135 99 615
139 144 443
38 80 878
39 309 864
265 123 387
256 228 825
275 281 630
192 210 933
40 142 149
101 286 785
95 140 534
79 36 290
35 251 600
276 192 684
112 13 643
214 98 874
130 242 121
65 171 276
193 176 491
23 25 195
46 253 357
208 135 598
51 20 556
264 278 557
143 260 673
90 165 220
71 172 622
145 77 604
14 71 645
138 59 407
148 289 441
248 156 967
166 276 235
216 299 199
218 171 591
234 157 297
27 137 821
165 50 967
149 177 956
175 207 466
143 285 721
183 76 452
141 203 716
267 227 213
292 213 381
192 185 839
124 62 265
249 128 17
236 10 870
116 36 879
188 16 957
197 122 488
286 288 856
134 217 606
11 56 91
169 46 34
289 97 698
14 22 669
207 287 32
182 290 117
300 193 831
204 49 816
129 127 892
62 132 850
145 188 82
226 26 556
181 211 652
250 191 236
65 74 89
113 41 543
137 193 160
50 112 819
188 72 466
249 199 694
186 13 885
166 107 34
177 231 881
243 94 587
272 294 851
164 259 35
193 264 694
254 262 166
209 268 647
131 242 285
306 16 320
260 309 283
219 89 929
75 165 683
180 102 966
174 18 109
277 208 309
49 113 515
224 176 902
144 276 945
134 35 48
249 294 10
22 85 922
286 250 469
139 112 445
37 292 780
25 45 149
46 175 935
248 263 350
153 236 922
81 204 845
72 87 381
283 29 684
102 46 78
225 277 378
24 61 349
120 26 391
55 147 208
35 310 999
252 127 170
228 123 709
302 204 388
34 152 597
130 164 337
129 144 192
215 173 388
118 56 79
257 59 986
126 87 361
248 211 326
48 19 526
228 130 45
94 232 414
204 240 181
35 269 800
119 1 50
29 44 884
137 291 431
220 82 737
154 145 180
23 247 662
297 277 612
24 165 599
80 119 537
113 176 286
88 102 76
271 48 928
102 130 200
172 234 905
15 65 725
128 268 470
49 228 82
209 308 825
4 54 4
225 212 315
277 43 133
173 242 33
90 196 936
217 119 918
147 74 905
304 151 626
189 197 484
106 46 151
303 160 19
188 3 527
164 56 5
57 260 44
265 274 566
296 81 417
153 101 101
76 142 374
1 156 971
17 248 266
309 179 631
204 76 751
95 305 346
234 301 394
86 255 166
45 68 372
81 306 874
214 168 447
127 101 679
303 65 76
84 221 247
220 65 206
221 39 745
71 190 882
272 43 694
178 127 638
43 240 25
211 90 647
201 111 625
296 260 74
11 26 328
265 229 6
107 273 427
290 202 955
90 92 27
277 29 263
263 211 442
308 120 21
114 189 107
206 74 358
128 297 659
84 68 363
265 109 628
3 201 605
274 15 144
10 172 244
226 245 889
36 160 329
173 80 759
176 196 98
55 8 71
239 1 67
56 57 167
171 106 597
255 178 633
227 281 490
53 71 698
106 102 222
239 26 255
98 199 709
253 116 64
11 180 206
42 241 606
72 282 104
243 72 488
75 81 296
25 267 703
227 106 346
120 181 259
255 260 205
36 80 171
90 19 771
111 233 249
79 232 184
5 202 157
66 297 746
288 176 428
52 306 604
58 268 196
217 237 202
80 92 900
249 203 974
141 280 807
32 183 972
151 106 501
150 270 273
39 133 92
174 157 111
251 63 478
279 185 33
253 236 136
186 101 833
232 11 292
67 256 55
215 46 469
146 117 235
220 155 73
256 226 181
267 77 390
43 185 464
23 100 752
172 73 10
59 217 421
169 186 475
225 122 404
52 266 992
8 28 679
89 309 41
296 183 846
158 185 771
3 185 443
20 19 172
284 150 1000
110 296 219
61 242 700
310 245 604
25 37 64
257 69 37
89 121 956
192 303 498
42 305 25
156 182 349
253 134 80
90 113 23
248 33 540
104 285 185
69 111 476
243 23 973
28 134 714
136 243 270
64 295 356
276 255 70
10 304 814
147 45 7
251 211 395
222 50 115
293 84 442
92 249 81
235 59 563
9 25 636
108 3 207
44 290 575
21 227 391
290 142 205
127 106 415
55 241 13
98 28 469
40 185 56
146 168 826
73 260 229
182 233 463
134 177 185
169 176 986
268 84 480
72 175 410
104 201 569
14 162 192
28 6 690
250 29 594
9 233 674
7 62 595
182 258 257
156 21 771
48 195 898
17 74 495
77 60 298
238 25 33
157 280 115
229 307 339
199 45 777
155 162 82
70 240 962
308 44 473
69 190 376
18 108 208
66 238 45
83 140 160
150 303 561
75 83 739
112 91 701
231 36 914
72 29 717
43 118 257
236 175 487
206 146 664
28 37 767
224 264 351
148 300 39
184 293 789
195 159 198
187 57 192
21 225 472
257 138 559
253 311 865
250 169 716
119 91 963
23 61 999
189 239 519
189 127 684
86 187 682
33 97 725
242 55 436
155 159 416
44 109 728
130 42 763
202 130 66
31 125 469
292 197 219
33 98 905
219 307 105
179 304 41
142 253 196
286 124 613
157 143 899
160 47 390
81 249 503
147 238 17
217 171 583
286 201 36
179 19 286
60 258 29
169 284 864
204 137 49
188 20 286
51 309 103
21 104 849
22 170 173
274 217 560
187 297 690
113 12 834
292 187 100
184 113 803
267 73 888
188 76 447
15 141 651
163 225 926
309 273 354
268 17 69
247 105 155
124 224 35
221 186 975
128 276 914
28 49 814
281 244 477
218 115 361
74 12 707
20 170 318
144 18 109
282 76 663
42 199 331
41 201 506
246 233 441
214 127 765
47 158 378
309 209 348
201 122 814
296 222 383
157 219 996
241 174 35
160 265 267
135 34 83
62 183 939
162 12 444
37 59 247
9 33 771
311 289 228
112 188 779
136 124 829
234 221 676
233 252 338
35 261 653
133 51 582
278 61 355
267 53 292
75 247 402
119 166 762
270 10 756
139 187 604
241 251 906
245 277 966
256 65 871
138 206 446
9 2 705
309 258 917
7 19 9
165 126 961
279 285 680
200 43 536
99 86 209
248 48 124
216 110 98
217 304 942
182 40 854
225 195 62
1 14 281
279 306 564
308 95 975
206 29 231
112 53 699
121 281 990
49 294 319
118 140 359
85 238 755
118 87 731
19 24 682
308 131 570
17 4 53
117 251 551
20 6 548
120 27 582
99 10 423
59 211 514
122 304 571
200 118 394
224 248 485
296 152 410
17 180 925
69 283 362
54 87 41
247 79 712
5 53 49
241 214 81
118 250 66
140 13 726
28 181 832
1 41 964
279 39 585
175 45 86
147 192 755
120 176 936
5 106 216
206 203 245
273 162 27
169 41 149
260 220 662
219 256 132
1 2 252
55 192 113
303 89 926
10 14 623
256 150 647
149 89 166
48 166 545
225 287 975
107 213 347
51 82 672
163 153 604
147 275 893
113 143 837
18 222 865
136 89 833
16 195 384
218 211 25
211 177 748
151 232 547
294 116 40
240 281 5
236 146 933
116 174 734
121 194 924
38 147 23
182 244 856
240 297 42
303 21 709
77 249 700
8 34 256
131 62 979
137 261 220
252 235 17
258 303 318
85 148 83
149 48 42
2 100 116
112 264 413
109 187 355
114 264 352
134 137 438
51 48 809
104 138 727
60 138 626
25 181 222
290 227 284
3 170 865
179 107 377
33 102 917
129 134 35
301 257 59
95 114 586
29 70 514
83 28 791
10 52 514
76 147 974
67 252 349
227 46 537
311 143 793
227 99 782
241 310 395
117 149 759
82 14 718
195 264 207
15 46 583
20 145 611
227 211 493
295 125 148
49 160 178
57 17 909
34 179 340
187 99 430
131 227 742
96 214 364
108 23 425
7 157 146
224 66 717
174 130 963
181 107 352
103 208 296
151 124 161
138 292 886
232 211 23
166 186 347
114 138 660
56 242 891
72 248 116
91 157 909
123 153 957
223 28 553
4 98 993
48 140 142
221 74 325
140 168 270
185 166 297
103 250 90
163 259 215
237 86 451
290 165 31
260 27 568
117 12 209
70 150 772
101 294 397
119 188 774
184 27 811
94 189 929
154 147 173
278 54 273
230 110 113
84 21 778
128 177 917
301 267 525
291 204 849
150 302 274
297 284 768
67 77 589
113 239 897
164 187 118
41 288 139
286 21 186
92 8 728
279 232 510
240 258 73
215 61 748
199 241 860
224 152 930
26 212 541
274 109 645
9 203 834
82 128 326
53 233 478
18 284 207
20 244 743
71 167 653
239 35 825
255 134 731
165 222 856
33 224 126
31 65 355
79 225 107
71 20 356
32 162 138
118 187 585
192 109 232
2 138 729
70 205 205
270 257 527
112 304 858
159 256 837
96 107 885
269 53 587
29 38 42
32 17 200
169 195 48
117 211 368
133 254 843
280 151 525
87 276 411
50 163 680
44 94 429
70 125 14
203 49 759
305 33 523
272 92 250
200 116 469
284 158 732
158 85 332
194 252 429
217 108 741
178 302 609
188 227 261
37 68 31
267 264 551
199 239 980
20 60 792
263 300 366
30 74 206
92 228 714
228 93 443
57 88 981
175 89 248
266 206 141
33 39 869
35 104 498
288 104 565
181 126 834
25 67 120
288 78 949
188 4 3
85 229 919
97 278 351
169 189 783
99 262 990
36 208 300
90 145 759
61 93 167
13 69 233
236 292 721
127 97 32
88 259 778
45 212 988
40 270 62
91 201 86
265 83 708
303 197 958
193 168 775
175 118 376
197 231 657
118 143 341
270 213 870
92 188 562
185 138 67
52 153 54
134 47 363
43 111 804
133 286 351
115 42 675
93 205 571
219 119 480
43 27 871
183 17 131
111 280 189
204 45 598
192 219 826
68 102 650
2 50 533
127 243 687
243 164 707
56 28 38
222 176 865
50 95 444
92 265 469
4 244 775
134 72 202
189 245 931
263 185 82
173 224 993
278 211 524
71 56 586
170 85 615
249 80 850
113 73 772
6 38 837
26 172 505
197 125 335
64 237 559
286 38 613
256 175 185
229 308 35
148 79 988
256 59 501
15 53 692
123 213 903
259 263 487
73 90 870
200 125 459
26 232 539
138 213 73
86 270 712
190 192 899
170 11 42
97 137 936
276 293 495
209 87 973
153 205 936
311 1 775
165 145 806
287 33 380
225 61 228
194 50 759
83 290 72
224 160 532
5 94 107
214 134 549
179 154 129
9 105 968
169 29 328
276 52 270
209 208 925
263 275 360
184 274 808
88 51 849
228 197 144
295 224 781
199 97 471
298 122 613
71 241 23
17 246 367
247 284 859
249 243 564
224 153 149
156 142 57
14 16 559
207 81 243
163 89 516
73 110 544
121 70 962
249 302 561
304 2 623
148 102 109
36 179 393
8 298 544
128 242 894
285 142 483
2 4 142
191 160 362
194 52 203
77 278 406
228 208 425
172 125 568
153 13 777
308 188 22
227 235 812
295 111 949
24 304 278
71 117 784
24 111 141
61 73 894
71 156 319
311 61 12
91 291 467
1 10 686
117 228 215
162 110 772
236 161 61
1 43 620
252 206 246
201 25 216
19 238 1000
207 164 369
60 303 204
130 194 56
199 60 372
269 242 475
86 273 518
38 7 322
100 126 639
183 262 405
149 116 730
114 56 54
33 24 176
141 97 55
277 101 610
90 168 95
121 150 521
286 117 113
32 104 676
197 129 630
191 271 376
82 79 193
202 66 425
219 130 641
47 99 877
85 144 144
246 298 37
171 246 920
134 234 175
126 238 438
184 165 830
141 128 804
10 169 852
232 56 40
303 129 275
124 13 291
228 184 206
250 140 676
82 162 813
247 254 685
254 304 942
106 217 902
175 301 291
173 140 427
6 81 286
135 200 866
126 114 271
122 164 285
103 238 68
56 72 197
73 204 17
297 3 530
294 211 796
10 42 900
182 191 417
1 270 279
12 44 260
113 107 680
177 298 644
306 169 655
126 206 684
16 197 595
40 205 820
38 185 906
201 8 977
88 13 446
164 102 470
26 262 166
154 284 93
68 152 807
67 53 59
281 164 988
101 273 49
34 96 107
211 221 368
52 309 321
19 245 617
298 270 665
255 93 15
178 166 81
245 97 239
187 135 89
165 271 888
79 103 975
138 26 177
30 244 938
197 2 775
180 206 736
114 80 442
46 163 63
203 221 977
59 296 414
310 177 529
311 191 523
220 171 171
25 36 900
248 3 492
29 309 492
9 238 328
201 309 312
35 130 388
37 197 55
70 28 939
265 208 432
142 181 613
7 17 307
194 111 354
269 165 813
128 195 186
143 217 650
115 144 502
310 109 750
147 200 478
10 190 709
178 81 781
82 235 738
146 210 450
200 148 763
267 182 386
146 256 599
183 86 904
198 178 96
147 51 877
89 176 916
74 162 804
279 113 184
271 275 248
109 199 944
48 183 168
166 197 111
14 32 294
4 283 643
54 233 599
220 283 141
21 124 542
53 206 995
143 238 947
46 300 819
229 64 544
147 212 262
309 137 168
8 95 547
162 58 800
187 12 343
304 133 885
170 196 7
63 27 96
247 117 873
196 93 703
2 179 360
192 160 544
197 61 239
10 18 788
91 298 613
213 120 96
286 273 160
246 65 762
101 1 70
2 91 821
134 230 981
16 13 433
78 55 271
1 21 720
227 216 353
273 301 393
88 302 315
169 121 366
131 234 438
221 248 16
223 130 993
217 159 143
138 124 308
37 82 892
50 198 616
99 93 380
281 166 691
276 294 216
184 297 965
230 51 136
41 57 714
90 140 181
90 242 245
83 196 947
21 135 808
286 304 887
221 275 476
188 109 290
299 124 426
179 62 811
31 111 207
42 165 66
193 116 732
255 3 371
72 135 967
54 165 865
44 80 918
62 205 592
51 245 360
271 311 312
121 176 303
154 140 445
303 278 208
153 311 260
36 69 872
32 67 846
34 213 648
184 304 122
267 153 407
11 195 884
187 128 595
57 97 113
211 23 880
133 172 285
292 286 467
304 94 701
46 52 239
249 9 652
58 246 583
7 272 22
199 44 275
219 80 517
112 157 151
91 22 564
67 239 699
51 302 722
64 241 230
202 268 892
278 95 95
126 263 176
275 51 591
183 60 690
66 289 915
135 254 512
114 209 876
133 77 911
87 68 156
8 247 671
226 225 964
150 242 311
287 267 885
22 81 956
26 37 943
194 94 145
264 72 266
1 5 570
176 57 604
297 120 319
296 77 245
273 81 193
22 53 861
276 40 760
159 132 552
135 207 600
72 286 989
223 296 305
108 1 168
226 52 884
166 24 118
12 174 872
239 110 923
141 29 279
75 88 851
293 137 215
278 231 378
145 198 154
172 20 439
196 276 19
247 36 644
309 17 169
49 212 416
125 93 639
85 202 299
149 110 158
60 119 82
109 296 255
46 8 52
271 175 751
82 26 769
165 218 719
122 223 323
224 281 272
204 141 266
204 74 881
1 273 380
130 129 938
89 117 339
174 144 683
287 226 204
53 155 909
64 16 723
1 9 782
258 152 720
300 170 193
147 268 517
49 112 8
173 121 577
298 189 962
187 85 372
140 257 410
189 184 101
186 147 292
137 271 389
239 260 204
156 41 606
230 303 871
276 211 121
235 120 374
162 245 699
214 207 697
247 1 601
235 274 224
149 233 748
159 171 309
11 254 790
191 236 665
280 1 165
85 41 563
36 248 351
67 104 499
249 123 654
41 78 506
4 237 167
95 177 506
265 307 89
230 106 365
233 219 497
303 123 596
27 75 181
39 283 186
74 153 180
5 23 821
191 184 573
104 92 154
81 71 797
126 129 510
208 104 543
142 145 132
20 22 196
184 179 336
276 125 947
232 107 434
299 251 275
274 49 567
114 132 579
176 305 382
310 14 453
81 284 300
20 136 594
234 262 666
12 26 706
72 28 960
167 214 145
216 245 42
70 77 604
1 115 831
32 266 910
188 86 399
131 145 229
4 110 915
117 15 636
145 254 729
45 177 398
164 244 892
267 166 388
130 283 22
4 6 89
74 92 468
177 184 630
1 53 635
45 101 478
11 51 886
81 76 820
118 230 143
23 45 495
285 63 883
13 90 655
97 118 223
250 163 306
46 26 880
282 183 634
14 268 593
262 196 616
85 56 680
160 238 89
70 92 537
34 42 218
244 80 454
20 169 348
249 248 55
171 303 683
277 131 302
95 241 175
13 158 152
308 112 595
248 106 169
181 95 153
64 35 320
20 221 240
187 93 394
280 133 165
149 54 730
156 17 166
242 164 671
179 172 621
58 182 162
251 140 497
90 248 716
272 161 596
51 304 220
225 7 433
118 176 406
49 153 535
271 198 845
13 73 824
94 11 680
193 29 675
6 204 671
84 91 225
273 118 977
212 85 846
174 134 249
137 200 361
266 211 506
34 292 806
282 297 672
2 8 369
176 231 108
61 186 760
56 294 628
126 102 761
270 162 10
66 239 232
217 148 422
125 245 492
216 266 246
28 161 936
5 119 986
228 310 47
148 20 16
73 265 803
298 71 419
84 212 949
284 276 784
178 85 827
165 23 81
16 25 605
9 74 384
2 208 875
38 295 776
150 16 874
77 34 907
189 110 132
123 59 54
193 233 295
86 252 678
37 61 323
160 104 163
46 199 351
52 159 66
17 216 378
253 151 684
307 291 691
199 9 447
81 264 691
51 187 375
256 134 719
292 46 73
67 289 631
46 90 266
28 120 443
118 127 137
161 69 460
34 180 521
206 296 1000
242 222 827
273 6 322
117 244 116
121 225 765
246 306 625
108 152 442
172 90 843
127 292 441
228 146 660
308 170 211
30 145 697
170 110 48
14 130 377
68 189 299
79 217 154
194 226 201
85 82 310
132 28 461
131 115 378
201 288 602
17 45 240
268 63 187
207 63 906
219 114 142
21 308 519
161 111 853
100 235 808
82 185 515
215 18 843
187 257 531
127 103 885
198 228 761
212 209 253
143 170 114
233 289 920
296 89 641
122 60 641
82 11 911
182 207 520
175 83 238
9 165 555
245 79 372
291 240 566
161 302 716
290 207 569
189 143 88
293 22 830
10 95 613
231 279 12
109 295 742
215 106 762
37 143 598
72 21 329
85 51 146
127 128 991
127 74 86
26 98 857
57 178 33
33 217 575
89 193 623
141 111 301
9 83 761
226 2 523
292 237 442
178 104 688
297 42 576
116 33 622
261 37 101
117 208 78
183 172 598
19 227 108
52 133 605
176 209 820
1 105 184
244 282 200
190 300 925
152 94 625
203 82 827
135 44 35
136 199 311
188 84 251
81 106 236
229 184 40
167 120 311
188 146 64
128 298 772
255 125 261
199 237 907
154 11 268
28 287 879
64 134 688
160 234 659
16 1 86
97 283 676
259 205 106
3 75 282
88 2 664
277 83 364
293 248 504
169 291 546
199 297 987
216 101 599
21 197 568
186 107 915
307 132 586
258 254 500
108 112 297
56 197 832
51 292 322
118 166 433
94 146 266
27 35 49
36 309 11
44 117 240
229 79 574
1 13 907
241 61 198
199 286 55
54 200 3
120 41 993
118 138 838
203 247 384
261 53 421
32 185 47
224 78 179
291 56 585
123 306 961
135 80 552
141 137 618
82 48 414
156 64 7
241 188 906
9 27 824
99 194 792
225 83 515
9 15 571
206 105 895
188 276 450
35 225 711
96 12 127
146 32 844
264 137 605
212 258 678
8 97 613
265 1 182
193 128 329
102 42 881
35 121 83
184 5 891
135 215 761
216 95 160
253 304 765
274 182 559
286 306 820
16 44 206
205 292 740
231 97 966
291 162 577
41 247 70
223 149 554
188 142 894
45 1 945
297 92 725
193 231 642
202 138 453
307 263 837
139 199 221
122 256 7
146 59 691
143 35 447
201 205 453
233 212 28
232 132 782
217 95 821
216 254 81
71 233 823
109 112 563
291 296 364
115 264 636
295 85 67
44 224 711
102 119 443
268 298 333
143 264 671
308 247 330
26 40 741
270 268 632
128 296 225
240 280 241
111 114 521
135 226 72
225 30 621
226 304 743
277 197 457
23 85 411
51 116 750
159 163 144
196 94 175
92 97 613
284 145 691
196 304 826
58 154 188
1 186 687
129 96 287
90 22 131
27 166 344
133 107 943
253 88 526
70 95 856
227 152 485
213 61 669
88 186 617
56 217 630
227 200 430
33 275 778
195 273 194
78 187 956
5 133 982
24 122 443
161 258 518
96 282 202
292 296 70
214 198 262
121 75 117
217 55 320
96 20 728
163 183 975
240 82 753
41 221 573
245 4 28
301 151 276
229 279 119
148 100 58
168 258 646
95 236 737
56 73 188
71 198 294
293 177 215
94 188 386
165 155 602
33 187 671
62 148 111
98 220 966
291 269 24
256 277 27
228 270 836
168 82 407
105 191 846
176 198 148
9 116 659
52 212 540
284 210 166
33 307 457
192 281 657
300 56 591
104 161 439
17 113 689
59 252 822
12 311 479
12 194 707
83 229 823
122 296 398
144 213 450
149 207 820
195 220 51
99 231 80
284 298 82
34 230 542
70 144 80
61 304 258
32 164 191
236 71 963
144 131 524
253 267 946
33 127 671
239 104 110
234 192 689
213 301 555
29 28 788
13 78 173
255 263 524
117 273 172
114 168 979
129 89 251
308 59 17
261 287 495
116 56 668
242 162 13
76 31 819
67 70 82
68 90 146
183 61 199
94 30 381
278 145 71
115 232 32
244 77 353
310 69 377
287 197 28
245 112 356
110 183 696
240 142 705
130 61 78
308 220 794
46 144 552
22 31 837
217 29 973
250 212 82
93 142 226
211 281 805
238 188 260
92 9 147
24 182 749
100 57 606
37 146 197
86 73 973
202 87 381
226 105 299
36 24 580
242 240 756
198 211 297
47 211 585
117 57 131
130 295 353
291 132 348
51 24 143
208 184 611
300 253 575
176 31 311
67 150 511
176 154 309
105 111 351
1 257 526
273 51 789
90 143 60
22 136 285
63 10 342
102 5 938
188 48 457
25 20 655
17 140 258
30 269 975
161 67 409
152 96 364
8 211 181
185 137 826
56 76 696
7 201 893
285 232 699
221 92 129
233 26 688
257 256 776
90 179 782
269 226 768
15 138 874
284 166 632
1 196 804
188 123 409
164 154 366
106 20 288
91 303 314
75 107 838
31 9 24
164 304 14
187 276 439
299 230 360
147 218 372
195 104 414
246 181 339
189 284 62
54 167 945
36 89 1
44 123 620
188 221 202
159 296 240
191 48 977
230 237 106
148 240 518
76 212 911
136 175 263
93 33 878
130 106 737
146 2 378
160 276 303
147 165 987
17 178 56
104 40 500
102 210 675
42 60 747
194 129 887
133 64 464
58 230 37
19 77 17
113 306 645
159 38 555
114 176 449
229 143 373
155 213 852
231 138 962
73 109 585
148 268 578
148 159 351
98 205 263
72 76 889
96 284 259
114 47 897
125 119 770
187 117 180
104 271 195
235 74 927
8 141 363
223 33 766
22 105 123
165 217 761
137 138 989
132 85 571
36 81 465
76 7 43
90 309 476
126 260 326
306 119 889
144 259 691
188 118 814
270 259 344
177 109 105
10 46 129
61 200 566
239 307 916
18 54 800
17 236 105
144 262 560
126 109 859
44 63 128
40 152 850
105 69 521
107 184 241
235 221 653
87 234 877
276 142 801
66 107 822
268 60 148
309 128 200
4 125 856
92 130 239
68 163 169
1 67 242
60 29 640
188 53 468
255 254 799
163 166 230
230 171 551
284 299 587
234 143 474
109 189 340
273 188 108
285 130 385
218 49 293
70 181 392
171 120 2
7 52 832
168 245 719
208 269 366
195 228 677
177 185 953
282 132 88
54 23 513
255 4 108
226 264 139
37 121 811
61 151 364
202 57 912
34 29 409
257 58 696
118 108 392
310 79 477
77 45 677
180 260 282
96 15 632
221 65 234
55 151 539
54 125 604
301 84 22
13 262 755
259 133 618
254 264 277
244 252 759
310 74 816
114 1 997
9 152 328
156 10 441
132 101 87
155 302 768
310 233 664
242 122 286
101 111 606
89 161 240
304 234 587
153 62 201
17 109 695
105 242 819
190 307 273
198 283 987
48 68 468
239 90 104
180 179 602
218 303 464
214 61 591
239 132 231
251 201 262
17 212 785
240 99 453
131 16 987
161 91 525
107 189 734
246 88 401
172 137 733
249 172 603
133 267 283
215 145 192
49 236 668
280 284 991
280 145 192
103 183 329
71 202 454
6 21 698
3 41 925
7 11 419
251 9 750
119 93 787
216 237 678
261 273 235
32 30 674
189 260 110
15 124 783
179 279 611
232 271 726
131 75 660
284 6 285
33 282 846
2 251 208
166 302 437
42 198 964
175 225 761
40 87 668
10 296 240
260 11 583
225 179 81
38 287 403
179 24 290
154 299 648
85 181 271
227 65 546
62 167 89
133 13 463
75 289 516
213 233 774
30 231 416
176 255 748
188 285 972
70 244 169
172 216 880
242 225 617
288 284 962
302 65 253
184 141 926
81 136 192
39 278 267
38 187 749
214 48 696
101 62 627
246 183 171
165 128 70
157 83 667
158 86 836
55 216 405
142 175 97
272 163 456
1 140 694
134 287 670
187 231 255
9 57 706
302 102 1000
217 121 868
33 214 434
241 307 465
195 172 983
41 291 719
128 291 771
155 256 944
32 96 626
57 92 900
33 243 838
303 58 91
75 196 597
172 305 390
24 263 262
126 67 854
74 11 62
133 99 142
204 113 304
1 188 567
50 9 171
62 191 776
101 107 437
274 97 345
184 51 477
169 310 409
119 240 443
308 2 913
207 46 100
25 175 323
291 1 73
46 167 751
171 269 890
254 126 581
82 8 791
160 177 990
192 44 385
128 203 287
16 50 640
98 51 941
293 160 837
112 196 621
27 294 755
259 187 675
236 254 101
177 284 315
87 238 561
10 134 560
9 70 648
116 96 724
111 68 179
102 150 160
17 144 502
37 190 152
38 214 85
181 129 395
234 198 366
27 23 584
54 309 533
153 12 382
171 62 738
295 57 477
245 17 796
112 228 855
61 120 275
247 265 786
33 168 733
166 183 568
48 240 207
191 7 853
216 181 737
176 167 593
219 143 64
129 277 333
7 129 577
291 287 917
67 156 521
278 32 815
59 89 169
213 290 241
142 218 611
231 179 281
218 162 818
113 158 395
136 120 113
133 9 74
66 48 946
92 64 269
158 94 392
244 284 516
18 292 851
269 186 664
102 191 453
164 93 850
23 18 520
11 207 981
63 41 519
38 102 645
43 291 30
275 31 135
14 306 895
105 214 330
59 76 571
19 261 623
264 285 398
100 159 16
249 308 612
236 205 136
311 303 154
8 254 248
129 151 260
206 130 623
77 237 16
299 241 863
68 58 319
13 57 222
253 118 404
96 261 593
189 251 107
46 136 954
58 220 846
235 299 577
139 60 534
81 252 594
265 296 993
46 49 441
246 288 497
149 132 622
142 122 391
256 43 97
224 89 112
268 244 655
55 89 801
139 49 913
125 192 808
234 142 280
42 17 336
71 153 431
117 182 829
305 269 680
113 235 204
216 171 255
47 277 163
275 249 966
230 129 336
228 32 303
143 291 440
31 251 622
69 237 678
196 17 46
210 267 813
93 197 966
223 146 429
62 177 919
247 81 377
142 5 36
3 69 17
257 13 532
179 3 137
203 277 803
123 73 67
73 263 864
249 272 63
39 87 127
68 210 183
202 118 78
119 25 271
233 287 348
26 222 778
153 67 120
55 240 850
217 270 930
180 239 779
28 172 756
293 189 367
147 3 61
34 171 451
135 139 211
156 81 593
54 230 610
9 267 147
47 247 49
154 244 465
19 85 355
91 12 247
15 232 474
37 208 833
20 195 884
7 100 86
255 22 682
27 227 2
13 232 79
243 257 131
115 82 449
41 216 622
290 29 578
199 236 205
265 201 581
56 91 939
178 97 139
245 300 36
270 304 406
86 117 955
282 200 297
251 28 897
86 105 955
26 242 513
71 111 229
34 281 647
121 200 983
269 9 845
200 94 228
245 28 928
81 255 500
6 227 620
185 153 698
239 234 810
194 74 956
223 222 9
104 79 68
283 277 669
304 256 737
23 204 816
160 237 539
161 35 569
113 177 138
132 266 187
58 63 70
296 91 939
229 179 462
120 6 946
242 261 499
191 24 823
112 182 395
141 140 80
293 51 223
60 1 478
231 254 333
204 166 401
200 234 322
265 4 614
270 5 792
117 235 923
259 155 553
141 94 45
264 238 577
87 25 990
277 217 107
80 310 38
304 3 861
102 190 669
5 279 543
254 243 142
14 142 819
7 219 454
27 250 800
210 20 777
285 14 995
75 255 810
165 282 692
146 65 360
50 250 39
13 283 585
36 42 805
302 191 260
83 254 973
207 82 817
185 25 183
67 103 351
52 145 658
272 42 985
133 246 725
183 162 451
301 259 596
93 129 207
251 239 690
42 69 429
12 22 742
4 288 446
147 221 223
176 52 255
6 173 465
120 64 233
170 24 301
21 79 787
143 172 334
134 58 950
127 147 11
18 93 556
68 100 868
86 7 202
86 101 567
8 269 352
3 300 913
152 165 301
247 17 963
49 87 877
161 198 806
43 119 415
285 119 681
103 209 252
64 268 973
40 71 378
137 10 353
169 128 662
16 20 132
178 279 735
116 86 779
79 92 914
81 215 734
14 68 12
24 3 220
216 54 192
71 143 826
190 191 777
228 221 362
32 173 791
63 56 970
119 61 494
281 293 855
289 297 114
123 51 384
79 117 726
248 19 849
306 48 704
178 70 967
183 21 700
86 285 412
214 177 605
70 62 343
36 223 777
142 109 255
267 257 820
210 106 608
183 102 847
238 292 653
20 237 157
302 157 919
50 29 199
54 78 988
154 24 244
264 80 578
284 185 871
221 34 802
13 241 985
278 223 784
234 255 35
30 56 777
10 91 247
252 115 693
172 36 432
27 73 542
310 193 63
75 54 954
274 283 406
50 66 722
64 67 112
92 171 364
176 232 541
292 147 123
219 199 786
156 232 813
305 31 464
223 206 471
121 170 603
97 157 171
255 240 817
157 22 602
26 289 253
302 193 257
34 202 951
278 244 517
92 289 67
55 32 576
111 85 361
245 64 205
3 269 177
80 83 958
275 123 394
125 99 631
177 66 157
127 13 754
73 112 266
249 160 817
262 136 424
300 306 767
157 93 919
106 76 403
146 241 177
170 249 548
207 279 741
282 101 596
152 25 166
226 71 229
41 76 694
147 123 928
79 289 54
298 244 551
