328 8077 13
37 76 485
165 45 555
29 17 416
244 215 501
309 181 96
311 211 705
3 139 379
238 49 317
141 271 711
111 199 122
40 110 970
320 28 110
185 301 351
169 182 13
295 275 279
196 218 985
266 197 63
10 18 631
243 97 859
1 303 857
48 153 887
323 126 13
321 141 629
201 78 361
163 302 237
155 320 454
54 89 593
195 289 325
313 268 618
37 79 984
293 13 529
286 157 322
100 150 79
308 225 633
63 324 305
91 203 354
265 281 306
41 203 782
284 229 977
325 138 175
265 149 765
111 107 349
5 7 331
249 153 299
145 224 801
247 229 125
129 269 13
222 155 225
195 234 99
19 195 18
121 90 919
1 290 903
153 71 406
97 271 500
33 150 987
23 206 970
145 29 940
103 196 22
299 23 60
153 112 805
210 220 363
316 149 703
183 29 959
71 13 911
153 265 754
12 104 47
45 25 447
141 144 670
175 12 466
220 25 994
256 89 212
234 101 999
186 53 287
89 182 62
192 295 552
327 273 938
41 224 801
143 141 886
284 73 898
325 57 699
247 65 366
281 145 914
241 223 840
75 211 209
86 313 607
3 49 554
137 245 812
201 295 681
247 303 829
259 257 550
227 101 94
5 54 241
259 63 268
230 77 868
326 199 281
17 221 138
258 206 571
301 226 868
132 246 879
235 201 583
81 49 422
79 281 56
139 221 187
97 1 726
201 184 720
144 170 185
89 308 118
1 2 827
1 311 203
6 68 990
232 102 110
229 175 131
13 183 942
321 327 340
10 189 801
159 128 489
223 37 600
223 309 92
143 323 598
257 37 259
66 68 863
327 149 413
159 41 821
231 201 509
257 167 951
157 209 872
272 303 561
289 31 57
24 15 620
67 221 71
283 33 923
206 24 385
37 141 550
219 247 89
35 289 791
271 228 948
73 77 538
121 209 546
227 45 793
189 3 921
284 241 391
60 63 534
61 136 606
36 111 901
149 207 932
86 11 228
229 292 264
95 1 612
177 240 27
61 273 439
35 250 623
233 106 124
73 234 30
24 305 892
185 137 644
115 311 643
145 124 561
127 19 519
293 201 645
97 310 376
71 205 23
218 59 540
317 261 177
309 208 522
105 24 757
247 61 621
113 32 689
285 297 913
93 128 247
274 312 879
131 237 624
67 179 331
105 93 281
287 86 22
238 297 123
223 225 48
291 265 475
16 185 414
121 35 969
39 89 603
313 285 61
251 133 327
155 31 944
105 89 352
65 303 351
33 78 176
61 56 252
47 126 833
53 281 780
319 9 13
122 30 162
25 38 462
48 93 935
224 36 65
205 189 526
193 181 600
36 85 482
140 298 586
71 61 330
50 296 525
25 301 382
175 47 824
301 258 938
149 199 325
208 197 319
246 297 364
177 273 180
73 42 265
99 224 740
82 127 639
312 48 939
81 153 645
153 137 407
225 85 891
321 115 400
235 53 676
106 185 879
141 145 358
28 158 612
113 51 425
192 197 819
161 88 970
169 67 521
75 13 335
143 63 540
316 175 340
13 180 131
265 37 378
61 185 695
127 162 323
120 189 944
17 39 345
73 220 511
159 40 930
185 86 344
201 313 327
252 78 483
45 201 878
21 163 77
109 176 902
315 123 926
71 154 553
309 62 478
231 65 76
232 260 300
5 177 676
234 141 612
302 152 485
307 315 696
105 324 439
293 105 973
155 233 920
265 245 422
90 169 409
49 97 913
238 261 675
69 151 54
31 13 969
181 217 438
102 230 773
161 219 897
22 65 580
313 121 541
315 193 591
19 24 233
17 55 650
260 193 731
11 44 917
65 148 281
188 89 286
81 321 895
275 109 965
197 36 267
115 97 711
207 269 172
221 220 389
155 281 506
295 83 630
234 273 981
70 249 824
193 317 918
261 227 325
223 185 867
115 117 978
290 177 864
86 109 756
272 50 310
52 45 814
246 157 724
224 5 458
121 17 172
181 165 856
66 296 120
95 75 508
252 9 915
37 278 136
282 306 178
241 302 343
94 25 271
209 149 833
22 33 755
301 203 717
29 305 497
157 31 116
304 158 24
1 61 573
10 79 886
55 29 236
3 232 325
167 223 109
305 231 691
137 119 395
142 217 690
293 243 828
145 91 104
313 73 412
301 325 950
61 309 843
152 124 465
289 137 744
227 293 830
152 228 223
265 33 340
221 199 856
17 247 929
137 85 666
281 151 639
172 295 509
235 296 8
259 131 275
203 179 416
272 252 967
39 306 476
71 186 707
96 67 526
84 1 674
149 83 493
31 213 507
57 51 768
51 83 424
267 283 585
161 283 876
129 291 704
217 303 554
145 272 188
21 62 669
5 150 778
152 295 195
121 151 18
71 156 908
167 289 912
77 116 111
70 321 680
265 201 583
85 149 232
247 25 159
319 120 418
234 237 21
133 69 67
319 165 896
292 27 414
169 57 618
179 227 900
25 1 367
225 72 546
77 204 197
162 115 407
41 109 614
121 255 998
257 119 787
325 179 248
103 195 915
16 266 647
12 86 98
157 314 768
1 57 316
274 57 622
206 67 471
223 83 263
273 265 452
291 72 936
81 201 597
283 7 968
241 206 218
261 297 616
141 185 765
89 31 415
181 279 306
197 290 213
293 124 942
113 217 335
255 225 139
321 215 122
168 49 450
157 281 738
317 305 240
17 208 600
321 219 535
56 285 348
269 200 566
129 281 895
64 257 593
207 300 35
2 91 830
160 82 403
281 115 350
172 143 407
261 288 352
77 115 230
139 301 767
45 209 214
252 267 468
139 218 104
49 73 961
87 275 728
114 153 25
201 232 10
237 43 903
105 276 742
262 1 994
5 254 473
256 153 207
69 305 360
85 188 736
172 119 886
31 190 757
83 128 225
298 217 947
115 185 802
155 163 476
47 151 335
25 107 819
55 113 574
187 77 11
234 5 122
17 77 443
17 300 275
221 60 612
242 91 931
195 183 987
283 315 284
209 243 995
315 23 569
89 58 683
106 57 453
38 211 456
201 259 71
263 107 147
141 181 266
223 84 36
129 93 343
94 88 78
131 192 885
93 164 1
273 133 842
201 95 842
179 47 493
193 89 428
108 274 940
78 303 5
152 63 850
52 323 179
103 140 137
129 33 315
23 272 454
45 126 33
2 38 780
79 17 186
13 68 219
170 201 272
165 88 428
297 257 204
253 265 85
69 101 498
203 174 546
25 113 691
31 273 444
10 105 947
1 223 657
90 237 856
121 324 819
155 214 109
25 317 634
163 161 566
140 141 669
11 153 913
127 49 259
297 148 268
121 85 759
201 204 262
291 153 740
241 272 89
61 12 971
103 43 212
26 111 305
192 70 655
41 51 983
163 49 558
323 83 564
208 217 649
172 157 720
27 247 123
209 174 769
284 41 643
120 211 967
225 15 526
121 57 642
289 179 246
133 186 72
233 69 703
33 289 927
193 271 79
140 89 134
209 251 975
318 249 307
327 173 626
45 217 578
206 10 940
205 20 874
149 56 480
37 269 535
229 259 962
323 87 766
40 25 29
149 273 924
176 57 547
152 26 169
229 73 95
313 240 646
50 69 391
301 11 308
85 111 574
111 149 795
297 81 365
14 101 604
100 61 598
119 69 294
324 293 236
63 204 640
57 177 256
119 5 861
11 1 399
155 49 101
153 190 401
313 65 709
89 81 391
287 127 340
94 312 579
195 238 893
149 279 485
297 137 727
22 217 603
3 312 700
161 315 136
36 155 439
30 147 812
272 97 999
183 166 564
78 250 842
43 214 547
209 177 953
157 10 243
285 265 130
2 117 863
59 141 991
107 249 602
66 209 368
289 199 20
237 202 462
65 209 692
306 109 601
109 59 785
93 169 866
297 294 120
241 132 184
38 85 63
261 153 73
318 95 21
96 222 988
323 213 905
39 71 428
27 277 355
126 8 642
177 279 415
147 39 165
95 139 302
294 173 461
9 119 581
47 28 19
242 82 47
129 185 218
167 249 580
304 12 450
293 77 732
4 298 427
297 260 572
211 205 388
15 245 847
278 328 274
309 153 518
297 217 897
33 25 861
63 257 868
92 296 54
37 239 675
317 94 352
79 284 959
177 142 960
195 271 784
281 135 437
33 229 791
147 157 239
17 305 528
71 83 767
72 137 225
1 37 352
193 231 873
125 182 880
226 235 816
33 137 633
247 158 335
127 71 189
8 73 972
211 13 418
325 5 712
325 169 381
155 29 878
133 157 916
161 47 597
103 300 518
182 228 318
23 323 355
99 293 60
135 102 619
195 133 65
285 5 442
251 270 407
328 103 991
303 325 994
291 239 647
67 153 436
85 49 114
245 53 568
225 175 372
201 101 69
307 215 341
65 112 861
255 69 507
299 115 799
218 151 201
266 247 768
180 235 426
45 20 833
132 47 588
305 267 560
223 271 943
267 149 346
123 148 620
212 109 443
103 285 262
9 177 760
84 305 440
249 121 276
114 70 452
313 276 437
141 85 747
211 206 97
97 9 480
119 87 711
170 202 337
97 27 633
260 137 332
9 142 649
42 241 437
82 139 419
59 237 251
95 110 459
181 115 106
309 207 718
201 85 627
37 109 947
15 137 497
105 33 865
299 49 570
152 22 926
200 165 247
101 37 220
49 71 692
51 85 989
229 273 786
196 167 364
212 173 137
29 287 549
149 9 843
281 89 705
268 19 385
11 149 551
181 97 934
275 273 152
49 175 859
61 153 768
199 185 99
9 109 6
39 318 881
291 257 77
89 95 694
269 25 728
245 203 980
149 1 636
294 185 495
259 267 743
254 33 118
168 243 353
185 254 910
107 246 933
239 273 834
133 311 562
43 265 577
57 172 971
191 1 859
321 291 311
85 320 120
281 1 164
294 14 223
195 241 170
90 5 365
201 4 946
269 98 386
17 213 954
275 125 773
254 241 698
299 89 425
105 239 290
56 31 389
225 83 22
95 165 815
241 297 405
227 147 80
265 234 156
146 1 820
123 129 71
312 125 347
287 264 667
19 61 39
7 315 85
149 297 488
49 165 81
51 125 140
25 67 218
81 136 394
29 13 613
33 65 293
86 137 12
232 237 772
175 61 645
145 121 358
73 206 356
213 165 48
129 230 119
213 52 345
249 270 228
35 171 764
281 269 483
21 277 180
87 267 520
231 266 727
189 59 372
229 295 313
29 204 350
101 164 699
114 295 650
217 231 185
154 68 764
241 321 911
299 7 1
127 165 109
305 65 243
185 190 182
59 33 699
97 142 571
138 187 904
229 241 922
103 252 726
72 281 501
114 185 824
217 193 796
119 254 894
172 117 535
137 216 377
68 124 342
289 91 124
221 250 806
84 277 989
267 79 315
297 213 539
9 113 283
189 169 234
105 95 40
189 161 527
289 1 209
121 293 657
219 9 557
188 287 433
187 303 650
146 139 249
121 211 837
217 226 36
20 146 700
105 177 955
172 73 854
81 229 458
288 97 361
70 177 159
257 7 790
14 180 674
46 1 644
177 247 510
43 161 154
184 45 277
188 195 907
253 144 29
215 174 103
292 299 646
171 89 971
201 16 881
252 46 737
257 244 176
209 311 47
233 153 736
219 121 659
87 244 741
97 101 993
267 108 107
55 10 569
121 105 15
56 276 943
2 316 588
113 171 185
151 112 847
33 181 842
241 91 384
301 215 269
19 126 310
71 89 905
27 257 56
68 115 33
309 219 600
281 45 542
153 164 864
11 228 713
158 117 442
197 130 779
165 113 642
174 247 592
175 29 147
1 96 699
193 202 583
145 325 250
137 10 989
136 306 945
106 134 865
99 42 323
53 145 48
23 219 811
59 31 509
50 215 555
277 106 183
319 69 948
247 137 377
310 83 420
303 173 288
113 30 220
322 314 722
26 257 99
212 155 489
317 97 751
154 41 196
130 143 92
125 145 429
87 141 670
107 22 711
29 320 246
183 246 317
247 230 615
212 221 76
275 177 478
281 325 874
315 305 501
192 277 801
109 56 979
227 115 851
74 153 603
73 120 989
133 43 178
61 303 264
72 323 468
316 305 704
65 153 243
138 219 6
214 238 707
289 326 742
268 144 414
261 177 995
85 177 177
85 200 194
13 319 923
129 1 510
48 11 604
118 133 715
61 89 817
198 85 869
121 269 158
269 242 909
157 207 435
50 242 113
45 295 34
161 32 724
74 89 836
301 241 853
149 289 550
87 137 276
261 321 956
199 32 918
242 69 804
207 140 6
197 1 773
251 72 985
76 173 422
65 137 564
129 257 266
125 149 835
322 124 417
51 233 340
253 83 443
43 93 386
48 208 712
47 41 53
177 118 224
113 216 169
280 5 326
157 215 277
55 314 460
305 303 405
22 236 794
225 299 344
56 74 864
219 289 322
134 313 812
157 111 508
313 78 145
279 102 892
83 121 671
233 307 779
151 275 117
11 76 626
27 142 489
23 124 350
104 93 66
111 231 591
277 205 788
159 317 992
7 155 162
253 291 303
137 218 433
49 5 361
277 167 192
76 113 658
233 247 477
67 238 587
21 145 394
131 304 544
120 153 935
33 119 79
73 260 682
231 21 307
289 240 21
115 265 937
239 124 26
41 67 715
71 183 881
207 279 882
313 18 294
60 284 580
165 56 347
203 129 111
289 117 308
285 213 694
104 202 753
7 277 980
30 152 421
97 177 240
233 124 339
83 2 924
179 45 378
219 39 323
283 97 264
319 101 524
147 257 751
217 230 792
69 94 785
269 192 113
130 321 731
15 229 993
187 174 605
246 267 849
71 207 550
304 281 626
271 45 940
184 200 638
177 311 320
133 154 348
177 93 328
157 273 834
206 49 575
307 118 287
73 138 716
88 148 106
219 25 279
167 321 121
241 17 849
32 31 391
150 135 608
196 69 873
134 136 502
42 301 326
191 251 264
169 232 90
45 301 577
155 244 80
2 158 616
57 200 548
314 148 603
54 57 981
32 185 437
235 95 155
56 199 666
273 185 845
103 72 536
35 241 191
265 56 306
233 187 428
242 297 52
121 317 554
55 277 399
47 258 878
157 289 687
313 31 166
265 102 575
37 198 628
193 63 685
248 100 188
201 5 185
221 280 608
97 166 802
57 87 212
119 215 362
1 224 195
213 210 80
55 136 78
153 246 193
86 115 812
321 53 690
77 306 469
123 41 553
206 110 569
41 260 622
3 311 953
249 130 605
85 313 859
145 136 521
157 4 617
147 43 532
154 285 320
121 314 431
130 205 952
278 1 494
13 246 64
65 186 737
59 187 148
262 159 374
212 85 573
265 63 90
107 282 455
165 118 325
65 116 186
8 325 586
117 98 760
285 6 658
285 205 559
241 222 990
85 183 46
9 49 93
86 43 34
141 89 281
45 159 878
88 265 915
145 257 290
189 215 302
73 121 589
149 169 65
323 65 210
85 261 789
14 65 296
1 211 686
129 311 359
20 60 575
177 189 437
309 13 169
122 196 970
326 65 236
193 185 948
193 256 221
193 245 868
188 175 963
286 259 767
49 37 991
105 73 212
63 37 948
121 267 802
232 149 789
61 147 479
85 259 63
33 29 31
276 306 410
105 11 590
53 36 105
96 47 881
83 115 625
126 25 586
137 301 398
193 277 545
251 152 844
94 105 754
7 32 32
104 116 404
141 251 494
185 189 620
305 311 509
127 61 190
105 189 138
173 32 708
213 159 103
242 137 62
71 317 879
50 121 472
7 15 678
97 103 247
251 83 60
9 208 306
265 25 283
262 285 403
91 41 806
9 77 45
73 155 277
1 142 354
2 115 436
104 29 857
241 277 283
218 275 362
1 245 275
240 2 931
281 165 741
172 111 588
217 177 899
7 43 872
220 280 347
61 57 898
295 2 335
318 24 209
145 51 162
63 105 670
320 93 270
207 182 919
139 227 662
57 202 765
290 129 771
145 153 373
112 228 518
323 194 301
1 49 566
288 113 616
293 217 393
193 297 410
89 130 419
20 285 380
152 305 516
111 161 615
177 13 619
120 281 743
163 17 343
28 261 990
39 158 114
99 201 831
140 273 63
223 193 763
289 327 340
22 151 481
221 106 240
37 157 513
269 141 249
286 105 265
207 277 370
154 232 619
114 235 592
288 165 776
238 109 643
202 122 116
194 11 970
55 111 592
48 99 671
152 79 616
141 57 697
267 63 823
205 325 483
136 33 452
221 144 994
259 217 637
25 157 567
155 209 696
150 57 562
61 186 685
46 153 218
124 159 212
205 297 45
141 173 821
272 151 6
125 58 397
87 173 435
17 206 28
76 275 620
183 295 770
159 61 927
39 301 957
306 21 876
302 304 60
143 93 284
1 273 983
169 19 185
1 29 954
220 193 211
211 132 182
119 48 229
141 167 160
219 63 800
169 265 140
35 117 169
99 237 937
245 227 552
43 54 1
81 230 127
153 214 760
9 64 25
240 33 654
89 33 249
312 247 258
267 127 630
1 250 469
269 144 117
293 119 100
294 52 609
280 163 489
121 165 803
217 81 969
253 78 721
139 219 485
135 53 329
55 259 297
40 151 685
249 281 777
225 259 829
216 306 900
131 184 882
267 201 226
211 107 194
302 33 181
324 159 377
246 177 310
35 145 470
100 299 57
197 111 771
312 281 689
5 168 798
322 161 252
256 306 925
40 205 151
107 127 181
305 129 140
180 71 86
73 17 374
147 150 850
297 314 761
245 282 441
25 156 374
225 78 514
297 282 190
168 6 636
238 246 81
71 43 282
201 25 914
4 20 289
191 129 924
149 305 525
291 150 354
35 14 28
9 327 837
30 269 472
46 289 212
204 119 87
70 20 608
220 1 811
17 141 783
146 306 985
57 249 947
253 97 87
262 77 899
149 266 334
69 281 209
65 123 168
203 23 650
259 228 286
270 160 166
325 111 564
139 207 551
205 137 669
155 21 723
181 131 881
45 323 297
313 53 335
22 132 8
47 83 198
267 185 779
51 255 748
105 241 721
217 69 630
221 49 500
277 287 351
191 144 163
77 1 875
258 7 62
281 81 744
225 172 839
97 91 25
99 113 868
55 213 185
128 280 53
218 211 409
283 123 706
180 45 481
124 270 392
132 213 768
66 4 361
307 297 759
53 243 507
96 115 524
297 9 922
117 186 186
73 209 109
137 143 440
325 143 932
209 50 136
51 79 560
131 157 445
256 48 38
281 177 867
257 20 999
106 225 905
253 285 302
305 47 209
65 21 380
227 2 123
271 129 826
271 196 319
145 61 342
171 17 350
153 149 848
307 295 18
299 246 319
55 145 85
121 163 962
29 289 750
136 111 793
240 90 947
137 209 628
3 273 692
241 127 89
85 172 903
271 108 609
161 223 39
213 313 632
197 62 131
5 105 522
175 305 14
165 257 62
35 33 294
254 1 121
121 41 610
294 93 119
219 1 517
68 17 505
261 165 615
45 245 696
309 165 841
304 135 877
81 103 939
23 154 983
289 163 432
116 126 37
319 203 786
217 95 85
112 195 341
308 142 238
281 328 684
145 8 41
79 221 75
44 275 586
223 278 926
9 251 637
145 182 780
106 95 627
109 177 435
264 159 929
201 249 304
271 265 272
66 183 600
151 315 872
61 65 928
198 49 739
162 230 96
157 101 971
129 36 43
10 113 636
77 161 239
170 238 351
265 61 560
296 48 872
111 119 889
225 270 163
121 33 322
111 43 533
259 249 449
294 61 723
95 65 311
127 113 383
322 137 980
313 220 291
292 162 931
208 41 154
10 47 959
83 69 904
261 114 139
255 239 270
5 45 735
77 229 163
85 280 712
247 323 171
124 119 182
52 239 377
258 236 430
296 305 882
103 41 602
49 78 979
13 297 462
60 59 2
222 219 408
5 217 615
198 273 719
104 217 746
185 64 607
83 327 813
205 17 475
257 81 213
291 112 623
165 254 637
276 17 33
9 82 530
301 293 490
245 189 233
31 269 698
310 108 29
98 109 947
124 320 678
301 171 871
33 151 118
173 240 458
309 89 32
316 324 515
143 105 986
185 244 702
288 225 996
293 140 796
9 181 823
110 127 558
25 233 97
284 168 162
309 193 694
237 111 105
33 306 791
182 117 660
321 273 719
312 135 689
313 54 395
125 318 757
8 215 738
63 39 578
227 246 261
274 166 453
286 325 91
154 74 227
153 213 86
109 292 966
27 42 692
141 206 700
31 241 776
83 245 772
36 117 27
175 289 276
70 241 763
108 33 281
317 224 267
57 251 762
317 61 179
133 81 922
125 146 117
206 203 553
297 315 811
59 100 935
4 141 580
102 325 968
140 262 211
81 322 635
9 37 288
210 65 889
1 248 902
151 53 437
227 290 547
98 227 244
181 319 62
164 34 424
275 211 763
157 195 355
105 47 603
217 123 731
206 273 403
85 328 684
99 134 48
205 225 547
152 75 139
183 318 21
36 8 115
256 63 981
326 56 347
43 201 617
265 188 410
127 94 613
255 285 598
51 252 332
28 237 138
296 163 981
208 67 314
151 15 292
289 261 241
103 201 800
161 245 236
202 169 113
197 267 859
298 93 191
6 191 863
213 168 203
221 300 537
65 125 702
57 277 520
124 326 197
120 33 65
135 169 397
107 198 204
73 44 25
95 53 372
261 269 805
140 25 875
2 301 678
297 5 378
91 225 996
235 259 338
252 67 179
231 249 199
319 229 582
56 225 383
275 176 795
233 252 626
310 105 906
41 259 327
276 208 30
26 180 275
88 326 217
56 169 622
282 59 427
113 293 322
277 63 101
121 119 689
177 79 698
7 13 215
213 57 953
179 39 620
256 9 232
115 313 286
156 83 772
2 192 920
33 255 499
257 190 661
206 56 62
145 33 936
303 244 392
208 73 375
117 142 111
99 125 133
277 159 17
225 196 92
45 216 445
19 29 869
17 293 998
221 273 354
311 119 722
311 31 833
56 96 789
292 287 742
29 138 856
113 316 791
254 8 52
80 101 878
288 23 656
130 281 809
257 161 624
269 201 655
127 317 747
83 243 600
307 293 94
309 127 611
281 30 71
89 325 154
245 198 545
257 196 858
210 165 739
187 65 307
8 108 460
317 234 457
105 175 517
57 107 408
84 58 356
125 61 664
187 264 726
237 262 737
93 86 156
289 101 933
153 197 847
202 165 829
52 305 832
321 290 99
257 169 592
201 35 367
114 201 365
13 255 646
207 257 750
281 185 790
207 129 534
143 116 448
172 222 560
57 65 282
157 41 577
53 225 916
177 29 915
54 17 293
242 199 253
251 309 935
43 132 166
279 193 252
267 285 338
69 27 510
11 245 812
118 86 618
196 57 77
169 307 522
261 73 855
213 326 944
288 323 637
151 309 504
167 180 105
51 247 91
82 233 80
49 115 836
247 169 206
165 67 255
289 224 899
300 201 274
245 110 685
260 153 977
177 96 638
55 225 217
35 111 776
193 43 764
188 37 625
59 105 609
121 244 332
237 54 504
1 122 373
181 314 899
263 209 577
134 170 317
295 125 639
110 122 947
101 7 1
295 155 2
192 111 718
219 114 304
298 101 169
118 231 735
308 17 967
61 249 741
201 291 727
306 292 176
317 13 109
83 230 473
194 95 386
73 25 643
209 91 345
67 262 945
41 247 167
273 255 500
321 89 800
150 111 616
64 66 685
15 167 430
212 225 345
17 292 629
4 234 756
313 274 735
165 29 307
319 231 785
39 83 113
75 290 330
245 231 128
35 185 717
155 115 493
219 317 578
235 33 471
254 22 678
206 217 909
161 279 629
271 241 828
127 125 848
263 100 350
84 303 424
183 325 152
305 96 563
128 253 727
129 304 997
53 153 547
222 22 370
133 83 311
30 208 267
171 246 544
145 309 328
185 18 481
72 319 943
65 302 994
97 305 445
169 22 27
136 102 717
39 142 118
11 251 661
257 74 820
41 323 400
85 110 732
103 315 295
317 177 106
143 223 146
321 32 187
115 226 345
39 246 224
145 113 433
209 289 58
115 278 561
135 300 18
102 214 954
255 309 98
127 1 688
55 245 727
169 92 67
313 221 509
61 305 792
105 165 636
5 111 969
1 292 47
219 47 71
313 83 267
102 161 246
221 320 991
153 17 59
234 219 392
65 242 960
200 77 523
249 265 627
266 1 653
173 153 917
299 201 529
281 291 692
270 237 62
222 240 288
25 29 372
237 241 38
42 127 170
65 295 231
43 225 651
263 63 147
195 93 180
51 245 670
93 271 492
153 179 464
265 24 795
125 188 885
193 294 389
180 82 987
161 42 68
119 271 78
203 39 142
117 275 592
264 147 50
165 12 568
33 226 907
183 124 3
117 51 502
146 297 756
191 44 894
316 115 812
79 81 471
271 252 550
271 284 757
57 208 448
214 68 991
93 149 365
119 108 189
57 171 518
279 249 706
177 184 390
7 29 759
157 9 403
25 274 691
275 73 253
301 146 535
149 186 535
251 74 242
301 121 761
271 86 501
69 137 259
260 57 940
73 311 848
13 270 321
293 120 668
325 133 745
128 177 413
105 84 470
49 129 341
200 172 417
37 241 180
306 191 261
258 256 377
163 209 39
58 39 254
285 174 808
275 301 635
113 308 927
181 26 523
189 208 455
233 149 581
103 272 702
21 15 557
221 73 688
326 168 658
233 206 813
201 122 168
160 209 85
253 122 580
79 69 287
43 176 288
281 242 316
232 176 447
127 57 989
233 258 312
42 34 731
50 315 110
224 198 172
225 24 571
246 81 567
199 146 667
179 71 601
133 213 85
45 234 310
9 125 516
121 191 31
289 89 262
117 109 232
153 253 854
211 309 313
42 269 686
225 89 646
316 57 51
193 17 930
257 249 660
319 123 900
1 291 775
14 189 215
111 1 659
261 64 656
104 9 306
17 209 57
237 150 342
217 213 462
42 53 919
89 222 361
212 66 287
225 301 173
289 37 760
321 47 59
265 50 111
1 109 238
65 1 109
163 225 927
266 221 107
101 285 383
209 29 451
267 5 23
300 193 87
81 285 734
197 81 241
10 124 997
203 65 559
324 147 892
318 184 785
160 307 71
1 321 912
212 29 17
38 62 144
197 95 972
193 47 755
251 281 418
37 58 453
261 49 581
165 299 76
9 303 722
83 197 574
177 274 607
47 325 369
94 165 109
259 61 488
244 181 38
81 253 384
43 199 681
1 208 324
102 33 672
311 101 665
300 104 479
190 87 439
237 294 502
31 1 528
41 241 174
211 31 459
87 321 232
55 64 632
25 39 982
197 56 671
93 193 710
271 255 802
233 211 812
40 214 688
236 208 563
105 268 261
33 61 198
214 264 791
237 89 799
201 289 929
243 112 36
41 286 844
99 160 684
311 45 937
19 89 651
144 89 199
207 255 648
114 89 22
16 306 249
83 273 499
22 195 519
266 193 956
219 94 251
285 249 766
44 69 857
141 177 661
161 138 572
325 184 707
292 318 679
126 187 172
147 228 359
72 149 629
206 192 341
100 154 104
267 119 218
277 43 863
147 89 876
287 123 769
101 200 478
193 65 123
189 216 554
227 95 619
101 41 499
271 305 689
234 51 955
117 96 150
81 1 574
268 94 829
165 9 336
219 2 938
324 26 453
111 6 356
116 182 558
65 181 959
319 209 11
117 263 749
195 207 386
178 43 844
323 1 102
117 233 712
277 125 404
321 297 230
219 257 122
212 75 608
181 185 361
269 162 871
225 197 324
249 135 652
3 282 204
255 278 647
326 236 397
36 181 281
273 41 596
178 1 143
230 57 364
285 305 605
262 137 191
13 169 948
298 321 304
267 303 341
103 197 452
17 45 328
19 323 959
229 63 145
113 166 287
201 147 438
153 132 726
302 158 736
157 180 293
235 208 717
130 1 92
128 249 732
211 141 882
137 213 636
281 182 28
131 136 591
6 115 76
59 313 439
146 173 373
11 112 574
327 58 246
101 9 48
159 3 751
273 53 131
311 109 581
275 288 784
275 61 39
105 269 615
105 163 567
21 58 53
275 285 927
197 155 735
273 129 256
68 141 666
1 199 589
313 239 649
37 291 607
83 101 932
295 133 18
48 189 110
145 232 686
159 21 203
153 224 31
205 187 559
177 153 990
89 15 5
197 217 489
79 159 590
289 169 697
305 145 424
301 253 766
255 201 676
313 275 109
49 137 904
231 64 990
17 111 568
129 106 74
73 257 102
89 3 90
92 150 276
73 151 666
21 165 970
1 241 181
153 276 38
305 85 911
131 76 710
99 36 322
1 38 182
165 110 828
321 217 766
49 159 169
318 47 279
137 176 582
65 64 502
257 290 561
328 321 513
11 68 14
161 200 728
314 267 574
107 217 650
111 254 341
177 229 724
105 2 60
65 257 538
65 51 304
109 130 930
247 32 223
259 33 519
53 263 541
85 98 941
131 206 236
235 228 674
97 145 476
128 226 981
143 153 465
321 275 311
97 28 487
109 113 498
182 97 293
249 174 589
89 250 664
233 102 45
107 138 112
65 169 688
145 198 903
301 145 100
43 197 481
118 149 447
78 297 645
283 1 982
237 162 7
68 243 846
253 241 32
109 165 518
228 191 969
168 229 271
263 185 749
275 15 621
173 274 212
52 23 942
117 271 360
245 178 425
62 153 356
150 120 428
14 152 391
278 40 154
249 244 830
217 273 644
183 97 962
49 193 350
225 129 794
9 18 245
206 225 237
249 250 654
113 317 441
25 17 810
179 205 477
74 229 759
226 8 746
221 225 746
191 2 983
61 55 722
249 159 170
305 197 285
181 174 700
210 119 266
213 121 361
328 65 515
175 178 769
123 53 253
23 239 380
319 187 827
225 153 811
249 298 960
321 13 482
182 11 688
273 94 214
183 178 334
229 70 987
83 207 160
142 290 219
1 317 867
149 65 271
237 302 58
210 203 74
284 113 261
210 221 403
1 40 151
171 248 38
17 322 528
193 103 468
269 33 324
201 83 530
161 268 686
282 165 99
41 39 104
325 273 180
269 275 709
292 142 262
153 223 445
25 100 94
43 212 884
296 27 801
101 305 194
291 25 81
91 148 232
126 49 804
17 71 134
131 275 151
121 326 150
191 237 301
295 13 13
249 224 48
137 12 930
121 195 329
103 19 468
41 291 110
183 172 314
53 115 904
252 126 246
252 259 229
121 69 733
282 277 914
19 3 629
59 163 197
215 35 394
213 151 490
171 33 473
249 289 217
133 221 871
134 17 854
251 91 765
216 2 863
111 241 354
62 245 209
172 20 96
188 197 266
97 239 209
45 199 669
62 146 979
89 153 815
225 227 11
85 325 793
38 112 386
51 73 142
105 49 704
52 173 728
316 191 444
129 286 684
24 271 44
185 7 503
269 61 663
325 69 595
133 240 982
271 3 510
11 56 637
281 122 301
48 81 144
41 89 691
1 277 593
6 215 458
81 23 55
123 37 476
45 57 709
49 265 616
89 76 283
255 289 992
276 148 616
197 158 365
190 301 141
142 225 578
213 157 966
301 28 227
311 321 108
219 77 142
161 97 497
121 95 105
124 221 632
297 199 384
114 101 486
289 177 542
113 234 460
141 169 419
19 78 1
165 100 591
161 239 167
289 69 834
77 2 859
258 189 565
183 138 19
35 59 708
312 93 694
281 161 458
209 133 846
283 151 621
249 204 46
247 83 305
74 145 72
137 173 195
97 14 868
203 237 285
123 288 558
63 9 190
107 259 370
8 202 813
33 20 413
285 233 681
154 159 593
156 46 445
247 55 440
189 193 369
114 271 629
183 90 838
325 185 356
297 216 524
65 46 891
69 161 575
73 270 457
134 290 625
65 9 334
287 261 118
307 81 880
233 207 205
51 188 41
111 301 678
263 268 111
23 217 941
75 167 73
127 31 285
311 30 905
249 113 521
107 229 998
57 183 838
63 121 272
110 233 319
126 253 996
17 275 404
284 179 680
51 67 402
221 83 951
76 109 575
35 12 136
24 153 912
289 135 435
29 129 130
73 215 304
95 233 347
125 156 993
70 43 814
211 281 305
259 317 774
233 177 634
151 84 495
65 143 372
259 276 499
245 93 926
319 212 486
186 313 997
55 101 241
9 35 619
49 185 318
295 305 745
73 117 327
82 217 183
55 183 743
303 27 376
109 277 937
213 16 183
125 253 240
161 186 441
311 175 950
235 8 882
104 123 816
289 266 8
237 121 398
209 173 999
7 23 383
83 300 659
160 104 76
41 131 1
201 137 480
257 324 446
7 198 330
183 223 861
13 50 638
280 81 920
95 29 565
305 213 676
25 149 155
79 22 934
101 281 486
272 57 45
277 328 572
185 40 338
156 225 626
269 323 632
196 251 627
133 20 244
151 257 171
243 271 797
31 33 965
107 201 14
88 133 629
99 217 728
242 261 396
106 165 625
215 290 369
56 93 948
266 210 969
213 5 558
289 83 551
251 43 637
297 165 651
317 169 893
4 47 499
14 142 650
205 236 895
130 315 730
321 145 35
44 107 647
265 125 866
265 257 632
163 244 795
257 256 243
9 117 621
68 305 210
37 293 89
165 73 583
103 320 19
141 113 531
223 107 304
288 9 240
109 73 630
31 133 496
157 71 399
111 277 859
163 101 447
171 245 838
117 63 522
2 69 439
16 327 665
249 99 918
275 68 270
257 159 658
320 109 312
75 257 942
1 89 643
188 1 167
273 89 20
205 171 789
233 184 195
16 85 228
211 159 704
65 294 82
107 175 442
152 212 637
15 113 447
109 104 670
139 282 42
107 31 307
8 30 358
86 155 175
83 135 775
199 195 441
197 9 692
61 17 763
251 1 874
301 129 681
183 327 8
73 143 780
125 93 710
304 57 161
12 73 654
101 117 437
52 110 390
236 311 850
153 205 354
247 57 173
5 58 279
229 173 106
65 15 173
43 33 867
57 96 990
276 203 836
233 321 662
82 207 556
265 36 861
25 133 179
306 161 436
216 57 805
7 163 468
216 215 108
41 163 989
217 58 394
142 99 182
116 121 863
269 300 15
25 49 476
244 192 326
34 26 627
23 121 25
87 7 864
261 179 944
187 321 333
268 207 528
135 228 595
121 178 720
265 324 30
204 19 573
202 213 442
88 142 82
205 47 697
4 12 921
103 107 513
129 239 19
295 109 924
29 153 639
105 127 610
175 73 640
33 124 357
259 40 381
317 295 488
201 3 6
262 107 317
209 214 160
37 73 686
295 271 275
49 90 500
141 46 869
21 3 76
17 65 684
69 125 164
265 84 351
233 154 783
109 63 390
88 189 708
1 267 282
261 225 653
261 16 727
153 293 47
43 187 673
215 177 890
121 251 881
72 117 698
22 249 238
219 201 59
289 153 539
276 281 972
139 307 439
180 105 77
9 121 522
211 277 187
112 242 482
167 33 369
6 36 950
59 201 299
104 209 29
285 230 833
42 310 964
40 83 875
59 191 930
190 321 783
193 313 531
80 228 789
121 182 742
99 14 515
232 117 371
173 175 567
185 203 320
247 73 652
191 267 534
117 60 781
1 21 265
195 298 938
49 119 664
24 224 400
5 165 501
161 235 617
1 13 461
315 119 494
210 225 775
39 317 75
101 4 408
294 155 216
62 281 345
173 174 881
313 185 253
169 43 451
265 1 659
35 233 895
316 297 314
116 165 46
76 29 280
292 213 603
193 295 108
271 201 31
255 257 863
15 54 316
1 114 364
137 275 724
39 21 449
87 197 418
244 35 922
235 210 144
121 53 862
213 276 288
114 281 572
47 89 623
147 289 497
118 306 81
51 226 355
34 149 33
51 183 262
249 125 1
200 241 355
75 272 525
291 227 982
114 133 238
126 166 522
28 263 198
73 154 18
264 184 217
213 257 544
244 165 599
142 249 407
293 256 318
201 282 312
159 157 449
71 48 285
5 121 724
172 125 6
265 219 524
43 67 884
75 271 553
209 25 326
48 289 78
286 217 889
36 199 924
253 90 906
121 93 722
34 62 417
320 140 126
252 85 445
114 256 165
221 317 425
144 1 534
184 113 577
62 49 723
1 221 810
307 69 436
113 148 21
76 298 1000
91 133 982
293 275 422
11 83 32
155 284 652
7 147 207
156 68 495
284 289 696
29 98 634
249 307 484
245 69 560
181 119 88
77 95 844
4 281 249
95 133 445
201 301 838
149 54 557
65 138 672
297 4 112
178 313 120
301 305 580
309 209 859
229 302 209
215 235 612
277 190 497
292 249 694
286 315 635
135 55 443
306 271 953
91 276 654
292 97 251
102 154 670
237 308 346
45 164 331
97 199 415
118 213 313
321 40 855
129 310 980
49 201 480
1 326 468
144 95 210
96 49 845
326 83 923
306 255 556
287 125 90
33 252 568
293 16 261
57 211 206
124 15 587
241 202 448
133 306 396
91 215 826
195 205 612
129 196 827
173 230 566
315 58 394
84 276 667
236 36 406
8 162 544
246 17 478
119 317 888
237 78 746
302 5 242
289 128 46
81 117 756
125 100 755
269 75 385
77 87 74
9 137 390
56 239 433
17 81 402
35 75 495
301 138 828
217 279 655
146 236 197
239 206 516
134 9 202
33 155 278
111 64 949
152 45 835
156 67 203
295 82 356
157 282 605
133 245 792
245 42 764
71 145 732
136 70 218
81 129 984
78 241 343
319 290 801
73 9 785
227 177 364
10 215 732
247 152 721
76 27 747
153 109 381
252 184 783
136 257 847
138 312 797
6 109 163
207 200 967
81 53 681
1 115 170
179 168 298
302 128 175
169 237 110
293 313 43
117 209 226
291 247 650
133 319 217
106 326 238
62 129 785
141 99 474
21 80 444
165 22 846
281 260 943
188 253 515
259 211 390
193 226 963
105 305 232
16 255 227
166 293 30
41 304 161
229 21 940
222 117 221
117 321 623
184 165 886
109 297 564
45 49 9
253 221 106
53 19 403
5 77 582
25 52 832
163 314 243
271 216 475
223 155 56
154 187 967
289 221 313
153 13 408
273 169 103
185 259 434
113 57 633
158 223 640
46 149 774
305 321 498
136 273 664
165 66 511
153 59 357
85 233 874
248 166 24
305 22 383
65 53 644
242 270 50
2 5 146
304 64 758
31 51 199
17 161 621
155 306 902
216 190 561
53 158 140
57 44 50
234 165 941
45 125 232
165 298 489
298 181 757
21 32 44
25 249 788
57 80 601
113 129 949
81 301 272
325 132 516
219 315 720
229 89 87
129 163 177
195 233 447
164 151 175
168 107 404
298 158 878
182 242 270
201 79 272
46 113 380
132 81 263
312 142 840
136 285 383
73 184 575
232 265 112
165 302 942
49 228 293
206 16 731
137 142 414
141 95 456
82 39 311
1 34 551
269 155 663
97 213 597
141 33 198
305 146 50
29 327 418
213 59 363
313 238 426
323 293 902
103 89 899
103 173 875
129 188 805
161 40 674
65 129 908
75 225 733
17 99 18
185 138 356
135 122 850
11 73 76
193 304 81
183 43 106
10 88 144
261 57 480
46 243 267
203 189 596
223 177 795
14 85 361
247 77 528
71 84 880
209 249 419
251 249 34
202 71 934
201 241 189
161 303 491
8 47 89
257 105 181
261 159 547
113 28 102
101 57 235
171 121 676
118 71 635
288 253 18
184 86 273
119 233 243
152 170 788
276 97 292
265 165 352
183 39 988
65 255 545
190 282 253
106 170 161
39 26 333
95 202 654
209 113 106
131 231 225
220 112 772
247 249 939
87 189 968
247 201 943
233 280 367
273 145 929
131 25 587
312 95 540
173 194 524
201 13 672
153 286 550
29 81 584
213 237 65
65 41 617
50 97 242
292 291 219
220 6 154
83 136 989
147 25 353
176 249 780
275 181 76
308 1 557
138 112 201
296 298 940
109 129 427
265 152 195
38 155 665
17 201 42
11 221 732
113 233 159
89 72 999
108 49 784
121 302 27
130 33 460
10 37 311
289 253 900
131 235 431
297 247 269
145 179 992
217 175 2
18 243 250
247 221 740
141 238 873
71 321 237
199 63 634
15 8 159
91 163 389
169 199 911
269 243 321
277 245 836
248 319 538
193 113 747
309 43 501
38 173 637
53 312 910
43 155 914
263 306 334
187 263 562
318 206 570
260 207 514
123 178 142
267 85 284
197 283 76
129 19 642
273 90 821
281 134 47
256 130 411
296 265 721
188 277 493
249 273 824
129 110 115
280 247 226
218 225 939
125 148 164
315 25 397
91 197 484
12 41 826
213 49 605
129 206 499
83 1 691
221 13 290
9 199 81
63 1 113
147 56 805
264 79 872
1 73 217
145 327 105
209 215 474
153 319 363
293 35 931
105 178 361
44 177 654
231 161 579
89 160 228
50 271 998
138 1 70
254 286 596
182 249 619
41 126 759
290 169 181
74 164 487
177 263 48
9 27 842
36 235 803
183 99 73
24 247 746
192 255 965
149 69 45
137 100 738
189 289 916
57 92 937
105 158 717
145 75 835
223 294 657
258 231 522
53 80 868
105 146 699
130 195 18
202 314 876
193 80 598
81 209 825
253 169 620
137 124 333
275 209 822
236 129 217
162 262 717
105 316 831
70 197 117
45 302 454
43 230 127
281 154 755
248 115 334
9 187 501
53 162 926
57 153 467
34 73 102
65 261 792
135 123 318
319 57 329
202 303 917
321 75 623
158 164 586
150 46 472
181 38 930
93 65 382
94 119 530
154 245 118
109 201 130
1 246 648
95 289 290
41 183 718
123 297 48
233 239 687
49 151 979
250 317 689
183 109 656
317 15 387
161 177 12
168 201 49
85 150 615
129 247 150
25 146 553
90 205 704
229 169 513
24 87 778
321 314 975
257 149 690
97 53 276
105 70 890
46 161 745
149 133 144
211 265 382
169 280 888
183 50 640
83 191 280
265 101 53
17 159 17
3 191 699
173 228 160
299 171 68
270 17 541
37 317 816
231 233 534
169 167 365
166 163 572
195 60 387
284 264 541
315 255 79
163 313 576
51 22 901
176 3 530
196 178 175
159 295 96
172 229 909
195 53 816
105 247 336
166 93 720
87 319 244
1 133 615
49 124 256
253 299 820
261 19 924
103 106 973
41 213 1
171 167 98
177 33 633
267 273 943
199 115 587
91 100 479
50 174 191
48 141 810
134 193 438
57 157 358
23 325 910
263 119 634
165 233 874
189 247 760
235 67 255
226 52 903
19 281 293
129 237 426
113 83 707
14 221 561
1 293 193
317 138 361
13 261 240
105 103 209
183 30 701
28 43 883
137 7 312
33 285 756
103 217 758
163 27 688
233 303 780
165 85 286
115 149 618
11 25 975
73 203 653
1 170 451
300 311 819
25 90 166
151 202 67
15 295 140
41 195 279
18 304 234
205 243 417
205 262 732
9 83 680
115 41 187
89 287 27
153 280 698
33 323 781
193 184 736
60 169 283
312 309 831
73 66 842
51 206 670
39 107 621
67 195 907
173 95 786
64 225 981
263 281 289
265 230 29
165 193 275
288 235 258
285 181 273
306 205 457
142 35 356
257 209 395
102 293 318
242 114 197
143 227 812
9 249 130
252 296 418
81 80 126
224 237 911
129 105 459
241 126 712
86 79 950
190 229 667
172 33 444
23 53 176
241 5 754
295 89 308
262 199 462
43 37 12
185 133 440
163 256 79
43 270 404
313 269 159
20 119 840
113 169 51
61 161 883
61 105 817
208 323 761
15 143 86
323 73 952
161 5 392
171 297 769
280 83 621
97 94 392
321 206 777
180 161 982
247 9 415
119 55 81
195 48 365
281 121 652
169 109 933
278 109 481
167 267 704
197 25 815
305 206 503
193 328 780
11 115 207
65 25 805
177 230 920
37 169 715
133 10 810
199 123 892
113 123 642
155 1 601
297 169 992
65 132 844
136 269 239
318 219 614
75 41 70
227 313 680
39 117 248
149 323 844
165 241 158
13 47 408
91 309 100
149 179 156
81 62 712
1 117 15
127 55 256
153 262 384
50 327 62
281 327 507
188 293 229
223 25 904
229 55 831
265 35 261
182 115 638
185 132 100
27 119 657
137 206 493
175 1 946
291 264 763
161 253 123
195 75 97
64 35 50
30 196 953
177 310 288
304 313 661
308 185 371
71 266 357
247 75 751
187 44 925
116 2 600
65 316 669
300 299 622
265 247 469
166 120 761
295 313 32
202 73 335
179 213 909
177 149 743
180 189 60
193 11 695
113 236 386
223 45 962
65 256 488
121 14 63
147 252 628
60 249 300
65 240 964
233 105 94
263 249 365
26 201 992
189 41 30
284 249 929
38 82 371
138 17 602
45 317 811
241 129 249
143 281 940
95 81 752
128 29 449
235 31 97
242 296 39
83 90 762
58 277 814
87 45 868
24 309 952
137 261 853
151 245 523
297 174 389
303 91 682
315 299 68
171 177 788
1 24 480
145 246 891
214 88 575
279 201 149
92 245 901
28 225 663
1 147 500
210 233 589
92 36 115
314 180 873
323 119 950
197 19 97
45 65 737
245 242 438
68 128 380
87 54 181
25 262 106
69 109 236
153 104 967
225 200 385
305 21 873
228 272 970
63 33 137
52 140 325
51 147 10
275 212 764
169 240 907
69 292 287
279 39 149
323 199 762
303 319 202
250 58 903
77 89 662
189 173 531
279 103 796
233 217 960
138 33 378
89 246 518
65 48 32
121 82 849
92 178 352
48 53 378
185 145 990
319 265 699
88 3 587
71 155 427
111 203 247
303 13 725
160 313 122
33 174 10
130 187 883
1 169 815
81 317 379
108 143 76
119 231 906
248 37 904
19 283 194
301 97 716
42 254 734
313 209 139
288 295 421
287 105 981
181 132 899
123 285 394
308 193 522
263 292 719
44 211 630
119 16 150
235 261 58
3 300 752
173 129 467
259 117 273
189 281 466
182 4 146
125 71 565
225 171 731
153 325 52
1 235 873
222 97 845
132 33 761
57 156 591
241 179 630
269 47 646
229 280 547
327 261 443
183 211 116
89 104 34
325 165 907
102 15 598
107 172 529
266 326 428
231 168 49
48 82 541
224 193 577
47 233 693
249 151 908
229 106 369
135 227 776
251 223 367
97 8 102
201 253 35
83 28 329
298 83 162
217 223 47
233 57 148
189 275 348
203 209 409
209 8 240
102 13 233
215 185 717
117 41 601
59 249 266
131 225 838
75 157 369
321 25 687
101 225 544
5 296 427
102 34 261
65 165 267
284 15 350
175 52 428
313 1 828
145 243 362
287 65 146
132 177 379
297 259 194
139 121 900
41 168 748
321 17 544
50 86 929
112 145 577
24 54 360
263 15 935
71 209 622
221 228 251
185 87 13
34 65 125
142 317 64
81 11 535
169 72 433
75 197 765
189 165 308
101 122 721
117 153 869
217 319 221
69 141 407
57 140 715
210 253 925
301 1 221
319 201 84
280 157 130
176 299 902
249 266 926
226 277 144
323 245 193
241 225 713
157 67 334
125 92 885
85 82 617
260 119 874
176 211 420
196 44 311
139 127 108
240 249 620
225 231 917
278 225 408
225 249 653
17 251 670
240 293 149
313 197 277
322 233 242
289 207 670
1 253 813
254 139 400
7 133 191
209 318 859
224 57 128
249 137 831
219 115 721
75 165 965
213 167 250
148 298 567
147 16 932
130 244 889
89 238 361
240 140 914
26 287 856
13 35 188
20 3 336
243 302 106
50 249 721
11 248 900
42 70 399
177 158 962
129 25 95
67 137 736
158 161 669
246 229 871
237 316 66
165 275 171
261 268 8
221 172 878
284 313 105
185 81 470
191 221 73
221 315 154
197 205 782
311 281 178
5 9 976
93 327 632
209 185 979
13 283 96
288 286 467
299 9 95
65 124 763
77 179 294
145 219 36
62 249 483
39 76 571
121 109 169
201 11 849
158 113 721
49 102 873
124 200 100
161 147 917
29 221 826
125 13 950
44 113 718
111 90 410
248 88 600
297 273 969
69 221 327
183 201 520
309 114 665
163 132 983
290 265 507
74 201 774
316 249 135
229 49 42
233 325 427
278 253 218
97 274 710
121 16 42
185 238 908
189 313 358
270 283 462
42 248 491
203 241 756
41 267 284
223 82 101
133 272 836
141 88 406
65 139 865
89 49 999
291 65 512
73 194 399
62 121 440
110 42 756
113 254 368
25 85 732
211 128 893
157 301 593
54 32 623
184 179 607
145 226 532
151 231 341
1 264 17
93 8 611
321 235 674
307 63 316
93 275 304
59 18 861
149 42 334
129 201 869
197 5 746
228 275 143
304 179 940
294 322 869
277 275 769
217 17 571
97 201 469
190 133 925
206 275 432
259 80 810
182 149 909
253 124 616
89 271 862
285 159 384
87 293 465
308 109 510
222 14 324
8 233 101
33 297 399
45 110 252
323 48 71
49 295 132
86 54 926
251 269 515
111 243 628
313 211 768
4 48 64
75 273 78
292 321 679
177 237 394
227 153 837
53 101 821
47 49 207
158 73 703
75 153 761
317 202 919
309 65 30
17 50 689
54 249 987
241 73 17
225 323 420
273 69 444
313 43 37
284 74 656
177 21 924
186 177 294
319 21 520
224 91 751
291 57 77
250 165 304
251 118 742
65 111 385
131 49 136
219 99 683
231 145 613
289 320 704
297 201 517
189 2 122
182 61 764
250 111 205
130 98 63
247 89 593
47 212 273
142 130 183
114 97 822
172 171 644
83 296 900
307 67 626
295 300 489
305 72 719
13 137 266
97 241 346
245 65 144
143 48 530
41 261 837
317 235 606
229 199 484
303 178 26
44 159 167
227 239 52
282 272 163
153 49 975
77 209 267
117 201 208
18 95 423
181 324 695
219 59 535
273 205 330
287 17 669
288 219 971
257 313 129
153 105 889
70 259 128
149 235 684
129 244 215
289 194 478
155 113 272
247 232 181
84 13 968
139 1 408
124 194 139
216 101 924
145 270 762
229 97 787
135 269 228
167 97 444
165 287 426
135 145 361
149 4 107
76 186 133
187 83 994
233 94 887
325 251 403
305 19 906
172 180 851
13 165 342
151 142 318
125 170 260
265 97 666
130 174 720
179 317 349
196 309 771
159 309 42
264 193 728
43 323 333
38 137 547
103 309 271
227 111 137
58 201 515
145 262 681
76 247 107
165 191 88
213 197 758
241 181 224
293 111 967
218 17 123
203 17 577
40 165 720
137 152 454
103 73 222
15 322 140
321 163 825
287 21 626
119 201 641
33 301 897
5 256 44
47 249 901
191 241 814
149 196 989
313 153 127
217 94 12
185 170 110
315 189 102
236 69 133
49 289 918
137 3 726
98 297 914
17 41 720
109 19 79
273 13 496
219 17 793
175 9 671
203 4 990
116 284 899
17 312 904
155 165 196
8 169 400
84 41 40
45 51 379
14 57 48
15 123 102
209 255 896
242 322 712
220 279 966
308 123 715
131 27 603
185 101 28
295 253 494
99 198 355
245 74 59
9 227 382
277 195 700
14 201 608
192 43 640
326 232 756
289 127 826
271 289 704
109 170 293
279 132 891
58 41 397
199 3 308
89 85 797
161 101 630
263 323 832
12 177 821
75 237 476
141 53 915
172 263 73
59 185 614
63 299 133
65 222 100
77 288 274
165 145 83
193 51 498
35 261 731
27 13 78
127 286 946
193 58 968
15 97 458
321 230 514
311 249 684
33 261 917
25 167 229
297 65 40
171 129 523
71 119 358
83 202 420
225 273 772
179 19 878
113 42 246
31 320 62
221 161 427
124 31 658
168 277 189
97 249 828
297 302 3
211 124 336
323 95 863
125 134 913
123 233 743
112 277 192
183 42 902
117 197 491
9 261 399
86 127 639
191 291 546
149 77 888
191 145 340
165 253 36
209 229 838
83 105 134
27 268 522
143 47 889
185 68 633
161 71 41
130 154 864
217 153 854
133 61 217
7 193 483
234 288 54
262 91 448
252 131 808
100 157 11
53 113 317
273 102 861
272 60 727
48 123 474
206 291 178
66 137 801
1 213 510
87 248 799
126 29 751
51 140 748
191 313 753
275 22 582
220 228 583
271 73 545
231 165 967
113 291 656
301 271 586
288 198 731
91 185 222
209 181 279
101 1 90
307 212 502
217 77 861
125 107 109
62 295 545
104 285 734
27 260 76
195 193 617
73 259 906
69 266 955
229 297 609
259 287 99
51 189 228
7 67 681
189 19 372
311 65 933
181 294 508
207 281 15
232 49 271
137 241 255
129 180 300
304 259 928
81 233 999
173 311 685
129 145 140
238 247 108
281 285 93
39 135 287
281 136 305
255 162 811
268 217 33
170 121 402
235 273 946
305 125 587
271 253 660
13 87 507
29 56 113
35 153 322
171 151 702
318 21 774
201 245 723
221 165 470
145 17 682
89 231 469
65 217 981
113 241 910
71 129 991
120 201 854
81 37 300
325 307 308
310 309 410
243 121 746
190 242 246
49 53 409
111 20 860
117 177 392
10 307 541
297 69 165
287 97 663
294 289 816
196 291 646
200 9 84
188 122 92
280 279 290
315 257 976
217 310 739
155 249 493
178 249 89
28 49 254
239 211 811
35 151 766
143 52 188
193 233 52
145 73 597
254 57 471
193 85 48
241 114 48
271 181 376
69 172 359
39 128 165
101 241 16
101 317 538
51 323 594
321 50 517
31 44 104
197 233 900
9 29 460
14 29 578
301 249 413
33 17 83
156 91 821
65 121 59
237 9 411
6 42 393
92 56 125
309 29 14
176 31 221
209 79 84
85 125 234
163 185 493
49 257 309
155 177 425
53 178 848
267 243 373
90 102 600
109 5 469
145 310 823
76 87 541
225 77 562
323 29 933
229 221 154
281 305 77
216 145 276
40 245 100
123 289 898
247 231 595
241 77 44
57 309 139
291 165 831
121 52 399
61 41 540
217 145 762
325 240 118
314 83 612
5 31 58
53 272 609
160 315 767
306 227 924
239 75 878
34 140 280
41 250 159
61 11 135
288 185 277
11 255 420
101 89 430
163 210 126
233 101 228
195 105 752
233 67 993
40 227 436
41 279 310
237 109 471
30 238 964
10 301 80
83 172 856
131 35 915
119 223 802
158 68 787
29 141 892
200 141 899
173 73 910
273 305 291
206 178 861
309 156 634
129 98 512
246 53 853
242 153 704
169 104 636
77 263 556
23 64 652
56 179 302
321 140 515
111 283 952
275 99 213
157 233 813
15 37 82
275 297 905
292 205 524
84 290 954
41 5 641
283 25 640
319 113 2
202 205 735
203 93 908
168 303 281
310 17 949
78 155 688
91 44 438
307 184 194
254 217 683
114 169 131
80 281 980
59 279 543
39 150 973
308 161 472
68 251 661
147 49 366
96 201 943
95 149 121
266 205 408
236 123 937
193 311 111
289 285 1
212 9 510
49 104 703
204 299 707
134 108 227
310 265 728
268 227 570
61 231 927
162 65 952
137 57 866
57 301 831
65 225 288
141 13 937
59 86 195
151 80 503
186 85 736
315 13 860
39 289 654
310 148 366
171 77 653
309 227 899
210 249 215
159 169 478
285 62 443
281 13 626
217 235 336
31 309 450
261 135 821
161 145 735
197 229 893
86 141 263
116 317 497
144 306 643
237 13 515
267 315 909
266 251 379
97 121 486
11 286 707
225 193 627
139 279 972
179 283 551
73 56 684
234 249 39
141 125 126
255 71 673
291 219 314
14 193 935
255 93 776
33 173 616
8 22 81
207 237 18
60 313 849
121 47 992
81 181 471
315 153 372
195 293 982
217 219 731
4 253 683
172 319 940
173 135 210
255 161 633
131 249 87
17 133 792
260 104 285
303 73 50
157 229 313
225 186 472
213 287 769
135 204 214
54 109 400
9 61 187
108 161 583
241 327 240
189 23 887
113 36 144
288 95 129
55 51 354
183 191 277
241 67 789
193 105 687
183 139 356
137 91 767
33 294 257
179 33 204
87 172 862
66 237 641
229 61 789
36 310 152
116 79 351
119 75 258
181 113 418
221 274 613
245 307 553
104 125 18
320 173 688
225 84 231
81 239 201
141 149 218
167 136 701
307 247 203
153 139 690
55 257 217
202 141 265
178 109 961
317 253 660
137 318 795
288 121 430
155 114 691
94 282 50
49 183 129
215 207 182
265 141 366
172 126 638
109 273 290
229 165 593
187 313 431
98 267 616
219 151 653
41 99 197
83 17 796
11 58 208
57 259 150
217 265 873
111 247 314
201 209 893
237 209 747
232 233 21
114 240 375
182 245 230
119 186 75
288 281 311
17 20 785
244 39 849
240 49 602
268 16 784
79 255 589
9 217 610
161 313 261
281 209 590
73 293 985
286 165 484
124 290 946
285 317 137
67 257 993
103 13 175
191 30 762
69 252 945
85 54 26
139 143 17
181 45 466
225 122 971
157 220 38
265 117 179
43 97 975
45 241 699
255 39 379
130 153 705
89 249 364
73 243 768
96 170 36
165 264 430
27 49 260
9 159 423
271 118 400
168 295 285
267 60 28
279 17 572
143 235 234
124 269 47
132 237 671
234 257 721
294 12 970
145 34 39
123 175 833
295 303 585
221 152 26
269 237 836
185 122 824
179 248 637
164 113 266
321 61 487
261 324 69
321 16 393
296 9 284
165 125 297
73 26 885
289 7 698
235 182 655
65 96 700
167 265 993
173 305 813
165 271 814
189 107 247
33 149 680
39 124 566
271 278 716
136 165 245
73 61 1000
105 187 363
303 208 940
193 280 81
105 115 938
39 75 327
113 67 382
169 316 752
3 260 928
3 97 361
208 248 208
100 269 648
121 157 649
189 200 401
161 171 208
121 203 101
38 230 483
82 169 651
164 192 220
77 97 751
274 193 559
69 285 77
225 279 770
8 190 242
41 145 786
109 218 944
155 8 592
25 101 285
267 313 774
221 217 672
265 9 182
245 283 634
111 217 55
193 229 798
265 185 35
159 139 981
277 42 509
133 124 319
254 266 740
68 99 316
153 73 402
244 90 209
94 288 561
183 241 790
244 9 942
217 160 373
13 298 692
113 225 592
257 79 759
45 183 838
1 3 815
251 135 889
164 76 209
119 120 449
1 45 133
323 303 353
41 297 928
23 171 858
107 1 534
249 217 304
265 202 513
58 98 83
230 124 27
57 69 13
104 189 761
101 121 425
203 21 129
288 81 170
228 325 362
236 177 14
79 258 344
49 34 81
188 193 454
287 291 776
223 258 389
313 177 603
5 231 939
24 30 96
113 205 337
263 233 350
323 272 981
86 242 955
69 311 317
5 11 212
273 203 580
65 249 834
297 286 936
14 313 711
185 177 636
244 41 155
327 61 83
169 248 221
171 229 396
99 109 544
296 241 261
5 192 598
235 85 715
308 197 696
44 247 110
93 281 228
22 88 7
177 23 134
41 172 275
325 314 53
241 305 317
261 140 619
138 275 278
304 45 580
41 303 406
247 87 520
250 45 547
52 114 418
149 145 263
213 193 909
103 264 257
274 198 378
58 43 946
274 23 659
149 227 149
275 286 650
49 29 156
181 306 345
268 33 966
266 33 108
298 180 458
281 73 207
13 191 678
25 31 263
277 93 549
53 118 972
142 105 150
211 166 893
287 205 483
133 9 808
75 109 396
139 45 895
207 117 252
1 64 197
320 1 94
66 311 372
283 203 640
35 181 1
72 185 503
290 274 500
167 266 752
29 317 511
242 16 448
179 81 202
238 181 113
59 207 755
191 85 527
5 169 161
125 314 767
71 219 841
205 217 189
97 127 194
305 55 261
25 97 633
65 71 851
17 13 537
27 249 924
96 165 519
202 101 702
192 42 57
303 45 362
221 107 573
175 78 352
149 151 925
252 34 555
301 36 878
305 237 984
301 223 785
25 297 473
53 257 300
93 233 169
27 153 951
175 307 623
77 156 482
310 225 982
1 298 656
241 295 417
189 197 361
173 226 603
1 55 891
69 290 780
214 185 964
255 247 42
21 223 864
69 111 901
179 173 785
324 232 135
137 8 607
281 226 533
48 226 507
117 152 499
18 154 770
133 97 747
217 55 369
56 242 566
143 123 118
320 318 550
288 135 937
156 315 379
85 215 783
124 177 264
150 83 585
39 123 291
161 85 787
84 40 87
97 153 446
270 130 232
250 287 866
313 244 728
121 224 121
162 239 694
21 193 142
241 193 535
200 115 941
127 65 93
137 41 658
41 72 3
327 201 35
129 307 665
75 156 314
257 89 98
149 17 17
314 257 555
223 181 235
226 319 272
175 118 544
265 105 245
117 113 105
3 249 594
30 193 553
78 169 986
57 273 486
105 149 905
5 178 432
200 234 396
42 217 677
131 1 381
15 224 934
177 316 856
83 49 116
93 113 445
257 263 88
127 221 896
76 65 874
317 185 404
243 141 904
25 89 193
253 231 275
111 182 725
93 276 161
209 241 359
171 18 157
152 287 376
215 195 32
194 147 168
130 294 816
121 13 101
19 85 853
151 317 376
11 223 173
300 25 76
121 187 811
83 152 800
186 193 169
159 241 818
265 32 821
311 310 791
193 117 948
147 269 777
265 142 386
12 249 789
141 291 845
281 97 499
161 27 717
136 109 87
105 7 702
195 273 791
59 246 894
73 227 475
81 305 569
131 39 757
100 235 347
162 17 915
47 215 289
289 21 153
313 205 443
293 233 914
177 11 30
41 74 933
37 167 456
115 89 730
64 95 266
167 311 415
191 233 706
28 133 91
170 88 263
1 86 960
72 273 139
191 153 565
129 317 583
87 161 576
42 169 144
187 291 250
126 165 649
243 255 352
213 199 873
222 280 928
197 265 898
13 53 131
197 297 855
205 288 351
59 315 549
173 11 317
291 177 182
305 236 813
104 21 523
140 185 246
289 192 48
234 209 652
209 245 551
260 106 993
115 237 920
10 181 854
217 41 985
221 15 60
273 201 134
27 230 414
35 173 357
215 289 814
305 249 178
101 245 590
267 25 220
57 227 112
81 189 458
151 85 738
141 25 282
1 33 998
21 33 825
113 180 857
181 59 390
293 129 889
99 71 640
295 289 517
19 105 381
73 137 158
79 195 664
85 206 314
241 39 325
49 226 504
141 15 549
107 166 522
206 54 209
301 300 42
58 321 217
273 279 82
25 9 584
122 77 494
113 66 902
213 25 604
242 55 196
9 324 399
294 60 139
80 300 516
41 233 154
68 325 750
255 63 486
247 261 33
169 327 650
44 265 961
201 281 250
211 85 98
29 103 763
198 165 564
3 279 6
42 273 948
201 84 389
321 7 561
160 29 194
123 192 461
206 89 817
190 57 808
217 19 557
109 187 945
68 272 991
225 158 370
83 75 727
47 247 525
286 264 977
153 324 230
201 161 720
193 41 778
4 210 680
121 42 261
231 169 628
169 73 776
3 205 338
55 169 885
65 6 290
273 257 197
148 206 819
108 174 296
126 247 229
61 51 654
313 273 255
179 89 684
316 17 618
325 166 902
324 104 50
225 139 340
211 30 581
253 298 76
38 279 781
37 192 68
6 121 587
51 211 623
294 255 40
15 84 798
81 227 235
38 45 77
62 189 731
29 236 811
35 307 206
193 199 333
247 289 865
208 109 481
17 273 656
9 238 585
46 20 378
193 247 944
225 173 840
212 26 573
61 20 10
43 211 592
281 303 252
73 6 309
71 249 766
41 156 808
13 123 47
115 255 916
274 66 1000
277 321 841
165 129 41
1 165 764
160 298 651
190 217 228
69 147 61
105 125 541
147 85 655
84 49 679
47 129 933
205 256 413
255 9 73
287 249 813
115 289 884
89 270 948
79 273 965
35 248 669
61 237 641
320 99 937
65 259 539
296 73 386
245 191 9
303 77 786
259 123 600
49 113 967
319 19 212
279 230 628
140 82 846
187 48 528
61 25 769
102 209 810
150 281 31
197 21 939
208 25 195
78 80 912
218 88 520
85 163 261
185 54 308
213 233 963
205 168 291
110 214 897
31 161 419
25 116 990
9 145 882
259 9 844
192 257 183
88 44 584
51 278 350
9 305 967
73 325 407
81 303 610
191 159 740
129 37 699
106 89 580
60 143 741
267 213 122
193 136 70
82 102 411
3 246 959
83 80 706
76 114 466
32 114 167
79 238 685
71 323 89
169 210 42
1 7 70
89 199 687
119 147 136
315 129 173
297 304 563
71 141 435
61 311 559
188 275 868
311 182 696
206 278 45
57 67 697
45 61 540
77 71 440
181 265 482
78 125 545
281 29 47
29 154 187
87 157 161
177 52 559
66 261 405
54 325 241
51 34 624
257 163 266
223 151 82
17 129 557
178 55 430
305 1 211
189 6 275
151 66 530
303 283 923
86 230 278
160 15 88
132 245 100
141 28 37
214 114 903
81 248 999
237 133 966
114 41 784
44 56 228
293 177 537
273 261 176
21 249 597
121 37 710
106 167 571
9 20 896
297 176 164
137 253 231
161 150 115
133 49 616
261 263 930
1 23 227
161 225 56
153 272 585
279 190 905
249 83 878
16 280 715
189 318 762
131 60 950
182 78 883
25 323 641
161 195 55
110 321 188
322 97 859
307 191 549
121 147 126
105 91 691
82 247 883
282 217 808
115 257 564
296 288 120
149 269 221
155 62 383
233 176 674
254 59 446
65 192 773
291 89 638
114 145 702
187 10 435
257 285 248
99 209 906
271 147 738
267 43 36
198 247 635
148 155 235
49 267 113
137 281 331
16 28 960
57 43 214
188 279 547
201 223 210
165 321 900
311 317 279
53 309 842
49 169 424
177 249 247
308 321 424
74 99 394
193 81 162
44 241 791
153 45 698
77 193 311
165 315 832
16 117 620
215 179 415
66 107 415
11 203 172
62 133 390
205 233 472
34 113 911
65 201 379
134 309 589
249 277 686
138 200 2
31 115 381
249 165 326
169 25 556
264 235 231
132 110 933
261 90 671
93 109 351
177 49 838
140 235 682
52 89 96
229 242 937
280 105 901
202 99 856
235 289 16
327 225 247
169 305 556
281 141 741
105 77 3
129 97 799
110 223 66
192 125 591
313 305 660
95 327 172
267 140 26
293 226 140
55 231 724
319 241 835
229 234 485
307 125 364
139 202 405
205 50 254
151 117 264
33 157 649
37 310 502
180 49 666
133 120 252
160 124 24
281 75 326
325 198 434
299 264 966
121 272 619
13 129 961
115 81 393
185 57 144
197 293 993
79 256 894
157 60 80
151 237 671
185 127 501
24 281 546
146 143 273
194 165 595
163 1 349
164 52 734
25 257 727
63 195 543
55 289 492
261 241 594
13 199 523
327 65 291
289 68 37
241 288 3
291 193 940
267 256 785
57 289 303
290 131 22
161 260 241
263 159 395
33 87 197
196 105 395
257 93 300
131 247 670
125 270 55
184 289 642
41 25 457
85 39 394
193 129 622
301 19 765
298 26 520
45 21 204
199 327 298
57 102 107
145 279 313
63 213 571
265 304 341
90 31 391
109 148 683
72 15 409
309 250 154
94 29 475
41 307 361
124 257 103
1 30 327
47 275 846
51 173 603
73 22 235
248 125 589
214 253 398
188 247 989
197 154 786
284 233 325
13 231 505
206 31 316
213 83 96
255 125 807
313 105 942
178 265 970
75 85 376
315 304 812
281 289 672
137 194 692
126 17 27
95 153 767
10 35 29
89 300 142
207 297 571
65 163 81
115 135 338
7 200 172
153 141 470
127 169 832
65 145 497
177 204 205
46 321 601
241 177 443
321 97 554
309 218 635
41 185 688
142 133 533
214 165 801
25 56 650
182 73 455
26 25 563
249 108 440
180 265 383
183 81 794
95 277 470
187 47 321
265 237 805
300 151 724
294 171 916
89 178 812
150 198 253
179 320 417
224 177 326
125 320 308
45 170 15
205 41 81
261 306 366
156 87 434
241 98 862
141 237 982
315 54 13
30 129 449
117 269 944
315 67 372
40 152 879
288 129 901
59 301 961
201 39 624
189 231 943
113 35 58
152 194 995
63 317 340
287 313 350
113 251 140
147 24 931
189 121 722
179 196 424
43 107 894
319 61 864
36 323 977
149 28 564
225 128 538
120 294 394
42 256 58
112 219 172
277 49 600
289 193 220
67 21 491
134 215 272
147 97 699
153 207 947
126 11 603
155 237 966
287 201 773
175 156 496
203 144 906
221 105 405
292 253 821
116 37 33
124 273 930
163 79 409
163 247 651
89 210 825
297 89 286
283 222 403
284 283 700
167 69 923
33 267 242
50 72 827
305 153 432
290 263 84
124 184 581
302 125 670
187 271 360
190 3 832
178 327 40
172 163 287
122 227 216
312 119 72
285 172 98
145 201 158
247 42 305
254 153 156
309 259 402
237 53 742
324 95 570
190 83 812
85 254 604
311 201 77
95 245 400
245 262 838
187 24 899
167 20 300
1 161 719
295 110 974
206 215 43
27 325 721
74 241 373
167 163 852
83 195 125
31 121 620
213 319 364
261 265 429
313 245 887
81 283 428
43 144 945
217 289 820
272 149 859
109 95 430
41 169 123
2 14 922
157 305 106
325 195 665
45 109 585
1 173 749
36 157 851
77 222 171
105 197 596
163 159 874
169 217 770
161 3 229
315 57 884
45 44 893
257 214 232
281 167 769
185 323 57
201 153 307
28 175 267
249 243 584
241 263 568
33 158 743
37 31 547
37 152 526
165 107 774
50 129 898
319 157 153
51 66 316
181 197 116
175 3 140
270 98 418
165 317 144
309 265 943
253 57 149
55 162 624
241 149 713
257 195 23
267 29 514
196 33 829
235 73 866
181 207 262
137 307 694
134 1 615
109 318 478
299 266 674
182 201 245
281 20 33
53 43 747
13 60 117
87 260 719
320 299 521
251 143 555
253 303 848
61 201 151
225 326 90
139 21 47
249 238 402
57 74 519
301 239 544
321 262 88
311 137 850
47 225 107
156 209 27
289 269 753
153 94 957
117 77 166
122 137 669
123 225 505
302 53 263
185 258 775
65 24 622
81 2 222
126 9 638
42 133 317
146 8 257
113 65 722
33 218 325
30 217 474
293 57 814
55 297 950
259 145 6
221 293 138
269 305 274
121 305 476
1 167 935
161 265 164
272 197 742
5 59 468
40 261 645
317 110 351
150 260 130
41 178 785
137 276 284
118 7 563
183 87 399
273 218 361
4 114 100
81 124 413
157 310 161
265 91 524
73 48 104
298 161 383
59 229 920
77 237 412
211 153 449
115 94 818
89 7 720
146 71 139
175 81 551
156 197 690
241 309 495
15 130 872
323 273 489
3 244 521
280 103 901
287 237 472
69 81 706
253 225 400
189 82 899
251 34 854
273 258 556
12 150 485
9 257 889
173 66 725
41 165 708
140 183 887
134 289 656
219 146 854
226 121 964
1 119 366
205 275 931
187 27 536
50 305 501
277 319 722
261 236 823
163 162 394
241 180 75
119 116 305
78 108 932
202 29 190
119 23 222
89 265 536
83 148 399
49 11 791
223 116 985
130 225 857
29 233 683
73 176 949
52 94 195
284 245 9
96 33 361
217 7 53
26 267 844
273 131 45
182 15 702
165 31 510
140 61 569
137 215 986
42 37 326
77 172 900
110 5 798
87 165 529
153 323 711
319 161 586
305 75 567
145 77 708
15 258 834
161 243 904
111 118 554
308 163 914
121 89 732
255 203 616
206 247 363
217 136 184
155 129 256
139 249 763
140 143 570
157 7 169
135 324 810
34 273 592
243 289 591
93 74 672
113 208 336
287 217 693
113 179 875
123 223 183
13 181 360
40 70 20
283 153 473
60 8 297
92 29 343
161 81 947
41 257 506
87 128 439
221 55 144
285 59 2
230 150 567
185 269 788
260 171 863
120 163 462
26 237 580
242 209 815
179 321 860
275 30 440
119 83 156
225 297 339
273 25 205
205 1 629
173 62 978
65 161 507
261 229 373
315 26 370
168 125 240
231 137 601
74 125 437
73 135 182
66 177 670
179 43 85
97 119 559
59 257 421
185 242 177
82 310 792
95 66 47
13 193 224
317 191 649
322 180 664
59 103 776
138 232 392
33 309 928
265 69 939
205 326 228
275 222 368
247 313 502
108 312 208
205 161 966
167 313 965
213 115 939
229 2 236
13 34 788
203 141 8
279 63 598
189 237 955
34 173 374
269 80 533
153 167 645
181 225 539
309 83 684
49 189 712
199 155 908
153 302 966
41 220 898
132 297 156
32 191 600
305 161 971
229 265 184
293 303 743
61 113 444
305 132 802
233 129 60
221 89 647
269 89 229
31 264 670
115 85 651
139 73 703
72 170 326
305 60 326
97 13 604
49 220 778
112 274 206
175 234 643
159 153 955
185 45 302
27 210 474
53 232 628
311 192 720
75 5 610
304 83 463
105 43 761
111 289 503
207 202 255
309 104 922
322 1 73
150 289 888
16 322 951
198 277 813
63 123 868
260 322 907
207 4 296
7 183 764
321 113 483
293 33 357
289 259 938
49 121 206
311 90 22
69 189 262
112 7 329
105 225 716
164 73 431
324 199 236
169 35 745
209 217 609
55 159 857
17 19 60
207 231 695
53 41 308
207 217 671
235 260 222
77 264 414
75 117 510
280 237 72
176 42 726
79 237 563
93 187 704
239 51 686
97 261 942
241 93 813
241 199 45
219 189 44
49 19 774
17 1 456
5 247 139
273 172 369
33 197 932
11 246 716
277 260 753
47 267 565
297 147 595
230 259 891
195 66 989
167 38 817
213 90 230
41 161 12
187 316 954
74 71 708
144 305 868
311 323 149
166 135 458
7 150 261
159 307 600
273 56 37
141 323 757
41 37 811
311 176 592
187 113 172
109 265 899
327 188 115
324 120 381
216 40 30
9 1 681
97 295 597
265 8 750
116 225 579
105 262 755
197 239 153
12 258 957
17 225 716
322 37 918
296 108 404
209 127 592
44 175 813
9 289 120
231 285 810
321 73 858
121 309 10
81 289 204
233 281 556
131 205 544
311 287 411
73 147 937
322 263 606
285 291 479
231 74 855
32 177 330
279 83 845
21 263 745
157 3 396
285 113 811
89 28 699
297 83 431
151 61 173
145 92 263
38 93 151
147 177 208
159 305 799
58 186 453
127 9 558
9 105 511
105 80 952
247 37 907
243 110 171
59 127 602
201 228 302
229 1 740
285 263 766
113 89 301
146 325 448
266 159 479
299 72 293
131 213 665
53 253 7
213 269 416
161 120 947
257 287 391
140 63 521
237 211 513
323 275 575
241 249 238
195 305 334
71 92 400
167 40 812
237 1 226
147 71 92
23 117 487
206 181 864
12 31 924
15 237 35
323 267 732
34 248 339
145 19 578
86 13 721
227 31 82
288 7 33
166 269 378
133 269 345
83 41 137
74 9 74
161 251 645
61 91 318
185 25 54
55 138 342
123 173 210
215 305 245
186 163 221
63 111 553
120 3 774
207 126 974
319 321 746
213 170 930
313 294 525
63 93 862
233 265 279
193 73 856
213 263 805
49 8 919
5 257 208
311 127 425
51 19 83
327 275 985
135 130 746
281 181 283
169 101 49
67 168 599
118 176 959
160 293 685
111 95 81
233 111 711
142 47 255
17 105 152
108 210 883
185 225 892
263 255 361
217 225 658
127 21 567
85 244 214
135 185 335
285 45 727
248 290 970
37 61 431
61 14 624
147 5 373
270 285 473
161 285 641
173 82 722
62 323 268
83 50 113
73 289 67
287 42 436
112 185 54
137 167 274
197 100 128
190 21 307
247 49 208
118 17 721
273 85 447
308 71 214
160 303 355
209 23 278
246 275 950
1 113 693
133 229 451
94 19 912
162 177 725
179 287 989
67 63 726
138 209 529
285 17 784
118 309 396
144 288 802
245 57 232
85 87 392
110 49 901
79 5 898
178 216 349
62 196 110
105 18 657
277 53 513
162 258 3
65 43 231
21 212 336
256 72 503
297 36 494
93 157 726
21 233 880
275 83 962
223 171 298
258 244 403
106 177 677
93 11 803
191 197 940
169 97 393
117 229 707
255 221 453
81 61 539
157 270 652
31 193 681
324 146 563
311 185 295
306 307 608
261 206 701
237 195 142
216 19 714
53 171 636
306 86 484
79 117 30
225 328 831
273 141 493
131 73 666
144 321 88
169 28 232
212 73 386
243 321 232
73 317 53
273 166 145
53 189 821
285 217 591
161 2 425
113 267 389
309 7 889
23 293 334
321 197 319
265 259 449
323 34 154
165 70 210
230 189 671
157 112 474
25 95 788
273 245 338
17 49 717
177 136 471
16 60 117
154 181 200
33 94 144
153 235 480
98 119 226
313 125 438
167 209 823
49 32 1000
293 285 792
267 11 992
167 269 521
307 33 464
205 35 791
120 274 603
41 272 518
29 294 37
52 5 236
165 99 217
289 161 510
80 317 511
247 33 606
288 203 328
99 307 724
279 87 588
127 284 125
224 230 770
69 47 648
152 169 334
193 179 533
1 307 17
86 210 267
321 93 70
271 217 526
12 93 500
131 77 234
67 291 499
91 159 505
180 204 984
148 273 865
145 119 345
173 26 792
186 203 530
273 155 374
85 160 271
134 145 983
193 209 82
109 31 244
139 185 384
175 237 576
21 98 196
278 179 157
305 93 84
142 65 540
258 165 958
232 193 372
211 215 550
21 107 982
7 323 612
195 149 961
225 145 644
34 222 564
209 271 932
40 296 825
139 269 508
264 231 831
124 238 867
163 279 871
257 106 646
131 193 97
235 225 499
1 247 276
165 57 760
217 224 58
225 276 834
183 203 236
155 317 128
100 273 781
234 57 462
124 41 106
27 113 808
225 69 227
85 108 618
145 31 342
260 326 438
225 6 954
72 63 680
293 248 145
12 26 932
50 96 181
301 168 618
275 97 215
201 60 833
177 17 843
245 22 451
91 249 531
217 253 611
184 52 808
4 82 220
241 210 543
305 223 703
158 173 907
249 237 517
55 181 703
105 191 548
213 139 937
83 114 113
257 238 730
299 288 420
149 73 288
44 229 690
167 45 513
28 257 335
273 193 356
241 89 233
321 150 70
1 137 807
59 37 394
196 25 104
217 280 460
265 136 739
263 199 959
169 129 324
194 19 50
165 168 237
281 196 610
14 238 101
49 225 59
198 1 610
206 269 14
57 195 135
206 177 772
97 178 357
281 205 122
317 43 728
81 299 329
22 130 415
220 136 557
85 288 232
281 299 509
285 269 435
222 36 883
177 47 869
100 164 402
67 89 401
84 107 912
16 99 444
305 170 376
119 189 332
121 217 689
273 165 999
141 3 262
319 206 381
208 5 336
167 253 924
241 282 133
89 86 99
303 317 388
150 206 563
265 297 614
111 9 141
69 303 790
263 121 845
23 193 110
181 321 203
185 98 211
217 21 977
167 316 866
288 36 474
235 165 828
61 112 714
221 174 259
282 328 370
22 277 232
258 125 260
223 10 243
62 17 846
1 10 624
65 215 313
41 283 329
165 135 60
295 93 947
193 9 290
69 77 31
161 33 675
300 11 112
217 320 269
268 135 166
314 65 568
136 1 981
52 152 675
75 185 931
32 227 247
46 119 254
144 285 239
265 213 140
101 68 740
202 129 923
322 296 266
137 120 556
63 281 245
197 17 441
157 18 735
13 157 696
5 78 324
182 204 279
235 206 279
81 199 39
27 306 914
237 93 4
247 184 557
46 9 27
79 323 945
78 269 557
25 174 55
245 14 774
98 265 844
115 67 867
257 14 863
241 213 880
195 97 698
5 24 474
37 104 432
2 8 276
87 230 379
229 152 310
29 57 863
97 194 477
62 5 375
263 145 287
289 241 754
105 228 175
227 193 655
189 38 867
127 157 131
159 299 566
83 252 308
46 286 248
47 19 499
307 145 321
185 165 260
73 13 344
323 243 548
140 33 601
150 236 846
117 121 191
251 273 532
170 262 32
2 72 516
181 54 965
211 42 870
53 181 39
64 281 451
161 229 235
35 3 984
241 22 448
297 240 391
68 208 639
121 70 917
194 55 765
308 253 421
321 209 616
37 237 756
167 139 28
146 157 36
121 257 359
202 197 391
133 227 649
256 25 235
230 143 649
257 277 648
85 184 153
287 45 942
256 49 716
300 106 317
203 275 212
35 143 529
257 1 801
123 322 114
312 320 877
85 289 727
303 273 548
233 317 108
58 235 435
139 328 695
16 249 910
213 19 638
298 61 777
1 203 546
28 7 707
249 202 260
231 9 683
157 212 96
243 49 503
296 81 742
79 53 952
49 135 125
296 161 953
49 321 663
69 113 753
273 241 925
29 315 268
112 247 611
149 21 131
104 248 424
1 153 977
321 9 549
197 123 52
313 145 666
245 159 622
285 72 349
269 70 911
219 128 919
74 141 543
165 89 52
285 321 896
25 75 201
53 249 428
12 257 858
61 315 122
273 23 512
164 142 757
73 178 404
65 118 939
199 165 527
165 175 823
33 168 341
5 27 317
154 222 69
27 212 463
99 242 749
263 215 721
81 310 106
41 301 175
36 303 430
283 304 379
25 327 579
313 325 762
232 321 586
213 204 345
265 51 836
167 162 166
188 305 944
188 297 268
83 142 939
139 231 655
101 183 833
29 235 277
1 27 652
65 268 1000
253 71 263
259 113 876
105 273 363
285 9 817
301 117 521
117 21 271
95 151 744
229 324 730
320 193 334
305 131 21
101 160 418
84 154 487
88 269 110
293 155 425
20 318 410
313 263 722
270 61 302
296 205 557
85 199 685
225 291 487
284 195 427
69 92 347
151 316 523
311 113 232
126 119 759
198 138 614
155 279 43
289 154 373
302 224 239
109 197 466
71 91 632
73 40 117
321 317 628
144 142 962
253 306 580
164 33 696
169 153 437
53 75 452
262 121 686
124 266 661
294 281 663
30 12 496
113 121 129
133 153 402
185 117 859
69 23 767
50 236 377
168 113 540
101 128 580
147 33 852
147 202 423
206 164 353
158 259 726
59 251 344
147 9 118
146 37 896
195 223 812
221 19 146
81 171 889
209 97 964
117 305 712
265 77 383
51 97 635
289 288 551
230 97 885
328 27 834
205 241 51
110 185 981
156 158 634
122 177 282
139 97 196
17 232 335
55 234 422
10 41 703
187 169 565
194 291 369
190 186 769
161 165 683
288 277 453
165 134 542
101 263 776
282 171 984
37 53 886
71 306 337
117 320 794
25 86 653
294 118 918
44 201 517
5 135 278
67 185 590
215 297 546
83 85 479
169 147 353
17 269 978
5 143 59
15 223 358
316 325 122
123 212 477
265 289 67
275 199 43
159 26 252
246 304 595
11 229 24
217 295 750
211 112 865
221 252 136
170 203 497
16 299 328
227 34 268
111 14 140
281 28 988
325 191 924
289 299 554
31 154 205
191 65 569
122 313 202
140 161 598
173 267 623
165 17 126
297 112 735
155 250 487
225 165 206
226 297 485
70 237 749
11 288 919
120 101 232
97 296 208
274 268 872
66 238 585
27 63 409
21 86 330
66 267 34
93 61 85
40 149 255
92 152 827
18 216 188
163 55 399
256 271 821
13 292 101
83 209 1000
247 74 440
57 321 133
217 138 242
183 265 161
84 214 738
211 21 298
306 125 375
69 309 490
205 139 760
187 206 635
112 124 852
153 285 471
147 109 925
56 313 785
157 23 587
272 117 387
308 301 821
193 38 160
57 13 295
221 272 709
113 101 673
104 143 678
17 157 944
47 213 886
293 261 585
245 225 159
257 220 169
17 53 210
285 57 589
233 160 311
77 310 959
243 150 889
169 63 26
113 144 693
319 110 379
250 279 10
28 106 306
49 23 575
287 83 612
185 277 524
45 297 562
279 153 100
2 193 113
13 225 927
135 121 235
115 249 647
15 249 135
213 38 786
41 218 127
78 6 804
137 317 437
83 165 767
291 213 943
101 105 862
285 207 421
35 15 315
249 254 860
16 230 233
265 321 516
51 121 659
296 321 156
213 209 696
164 183 59
313 265 280
129 231 422
133 51 878
22 326 468
282 307 509
315 68 394
15 64 882
240 129 997
93 9 408
255 96 939
317 57 461
171 323 829
115 239 587
41 79 217
285 76 646
217 49 823
157 69 122
116 169 564
65 47 240
259 83 656
309 70 225
110 19 108
236 122 73
81 165 680
88 278 814
173 168 673
154 167 436
113 328 246
177 39 659
41 76 978
38 73 593
193 167 796
57 3 238
323 198 682
259 169 780
221 129 488
98 323 979
73 69 292
77 317 595
44 8 649
317 273 29
299 257 481
235 93 191
221 276 831
137 35 215
273 151 825
63 221 166
269 123 748
121 225 351
81 269 511
75 297 576
75 1 884
177 288 543
181 311 39
245 264 953
289 14 45
145 57 661
153 19 445
177 305 757
129 121 640
267 74 615
293 277 88
270 173 152
169 115 972
22 297 609
52 27 514
145 311 521
32 67 320
17 128 19
300 310 449
288 249 622
160 179 97
3 301 54
222 85 439
129 249 795
71 137 851
125 57 859
99 310 171
112 121 122
65 68 413
24 181 210
253 197 6
231 203 948
165 197 956
257 29 464
217 61 759
57 297 674
40 8 247
281 163 914
157 20 253
285 97 216
257 289 884
95 103 216
185 52 675
15 265 53
131 230 792
207 321 23
322 181 284
58 319 254
33 187 755
173 5 513
28 291 467
189 141 401
157 65 274
101 292 932
271 169 716
164 17 810
264 40 531
292 57 846
280 326 523
207 317 960
113 191 730
206 244 218
7 180 744
199 316 526
213 277 615
323 21 8
5 35 453
107 145 941
327 175 422
61 241 412
42 180 827
167 71 866
61 77 74
83 95 428
7 57 86
230 169 510
249 299 872
3 185 889
49 118 13
247 301 165
273 237 488
126 245 622
43 15 107
253 63 902
89 230 521
133 265 892
7 261 874
268 69 804
199 219 418
147 222 783
137 265 306
125 217 658
328 4 15
321 249 676
273 292 73
189 221 511
321 283 509
248 129 481
127 271 456
189 199 989
47 101 115
304 209 774
174 177 559
279 169 791
165 267 209
221 179 500
313 103 822
288 302 265
96 325 231
279 81 396
11 32 381
1 145 469
293 116 120
245 59 793
268 125 285
82 312 627
87 154 584
158 121 945
131 97 128
90 275 375
53 212 965
92 277 561
80 179 98
321 121 726
241 257 991
82 281 664
147 137 1000
41 1 134
63 128 194
79 193 468
187 53 265
209 89 586
200 153 274
269 56 404
250 257 493
54 71 104
301 9 197
71 60 964
247 293 543
186 89 593
189 166 294
222 171 518
185 202 720
246 217 415
131 129 160
233 65 750
189 295 74
22 80 607
74 91 616
237 122 884
132 55 354
113 252 153
124 306 533
314 273 352
201 203 638
170 271 203
281 259 787
305 181 46
211 134 187
233 83 659
25 281 130
81 164 835
33 217 529
141 158 29
86 289 255
1 121 483
251 259 329
9 124 951
30 243 849
279 57 632
265 131 62
177 48 300
81 109 895
307 127 7
117 15 22
293 297 279
273 309 22
307 57 501
323 17 703
129 137 408
101 129 174
189 217 282
154 149 79
325 66 801
265 295 387
3 171 606
294 197 817
109 286 661
25 136 939
297 287 464
50 247 953
269 307 378
321 221 685
173 53 729
137 47 55
309 125 147
281 198 820
33 253 975
325 161 427
311 217 509
192 41 884
201 192 595
105 130 351
108 273 723
102 145 271
187 21 398
183 61 933
21 200 373
145 176 26
231 199 333
1 193 556
281 85 123
121 290 226
101 272 493
32 311 490
170 276 10
197 84 698
180 171 59
165 292 686
104 147 203
8 228 388
37 309 344
306 312 272
161 74 619
283 133 133
284 201 581
35 165 807
325 81 303
85 257 138
192 113 627
300 250 800
149 185 987
320 213 929
297 153 229
206 307 538
253 280 730
17 328 67
291 244 7
159 65 756
1 227 37
178 253 400
189 35 818
41 71 174
147 316 378
259 25 141
206 1 654
231 324 429
19 253 504
21 246 546
31 272 725
37 151 448
75 213 463
301 259 482
194 230 892
159 125 776
17 137 737
47 174 653
45 123 99
198 313 904
249 197 386
43 21 782
235 39 964
121 29 117
1 226 624
201 108 514
209 270 189
28 45 904
31 297 721
185 293 335
217 14 929
299 151 451
43 119 643
23 65 276
221 204 805
285 189 256
328 33 332
65 212 697
142 124 682
39 213 394
161 73 39
95 321 915
221 163 901
213 279 466
229 316 606
194 318 975
248 96 96
226 89 752
122 153 120
17 222 333
280 97 275
65 97 621
231 251 820
157 257 734
79 313 295
307 193 706
181 269 691
169 155 77
165 141 411
79 60 891
25 154 628
172 177 531
189 305 45
309 203 632
189 9 596
81 311 694
220 113 427
209 1 654
29 118 673
36 247 79
261 217 276
65 317 540
93 232 400
186 257 696
312 144 162
293 101 258
64 135 329
201 321 28
73 196 725
257 69 144
259 159 188
80 312 163
166 89 383
105 25 391
141 257 561
41 81 380
164 35 708
308 165 550
49 63 489
256 83 963
41 271 114
229 222 93
35 235 912
82 255 520
249 181 12
241 68 572
298 57 330
1 327 599
270 230 97
309 164 380
49 111 622
43 321 876
159 149 914
141 121 678
111 89 407
299 209 686
153 111 369
249 84 497
127 310 860
89 70 208
134 71 329
325 168 552
193 115 391
89 45 44
292 228 976
78 167 802
93 316 92
68 246 514
288 240 75
17 78 286
71 301 353
41 285 421
76 183 797
157 196 264
147 125 566
257 239 570
45 247 272
317 201 198
321 214 310
185 321 844
185 297 509
211 225 598
41 105 928
161 114 84
250 242 859
243 234 274
310 319 906
6 254 589
216 49 661
89 204 14
169 166 957
281 219 486
268 56 238
313 138 231
225 293 211
271 149 779
81 101 889
45 256 597
49 223 431
55 153 336
219 228 46
37 299 210
275 305 646
36 94 607
36 47 241
29 34 312
203 86 116
89 200 359
214 145 46
61 283 96
129 82 35
41 104 185
177 130 639
305 239 633
285 171 875
251 289 107
264 107 152
315 295 452
148 304 779
241 217 13
45 294 459
257 143 796
305 268 911
93 35 243
13 113 566
101 173 94
118 246 161
163 241 80
206 151 238
313 249 678
25 22 127
143 9 450
33 42 54
135 41 274
283 90 765
45 225 586
33 273 507
41 29 301
282 302 617
305 245 968
196 81 338
101 193 504
293 63 33
319 227 288
238 105 745
257 231 962
45 82 277
302 291 753
289 22 616
321 191 992
227 195 938
149 203 475
266 237 466
145 298 985
175 319 543
234 313 263
17 90 206
50 213 709
231 109 784
113 269 565
125 193 423
124 315 101
173 185 258
305 257 868
217 105 314
326 267 85
25 91 136
89 327 325
36 275 938
177 271 452
109 324 656
213 259 885
37 281 933
321 259 321
305 221 863
1 201 723
28 135 365
67 245 220
49 269 477
43 315 237
134 98 858
91 84 328
297 211 323
281 68 398
139 50 665
50 165 880
284 5 206
58 305 739
74 129 833
197 93 302
187 289 657
173 91 757
146 190 120
125 110 80
173 286 435
175 298 10
245 104 821
165 313 908
121 259 217
275 216 700
185 249 159
97 155 143
291 137 352
27 216 6
194 82 395
17 112 98
195 91 117
57 93 967
74 97 318
145 255 200
81 112 354
92 109 180
102 52 262
223 149 554
209 20 910
155 6 108
119 297 322
81 139 938
38 43 785
17 155 268
2 23 904
276 43 754
180 63 386
72 163 86
181 85 291
51 321 984
302 289 801
41 281 700
137 219 351
252 56 662
33 298 498
195 221 493
244 294 75
127 304 907
296 257 355
171 201 632
7 6 72
289 110 46
95 209 418
199 148 403
43 257 705
1 285 847
183 208 314
256 95 611
18 71 996
113 167 418
89 284 704
31 169 842
227 83 981
298 113 768
21 209 694
123 161 855
81 145 657
221 197 601
10 111 608
213 247 888
58 195 177
88 305 338
282 214 27
2 6 167
283 112 463
173 193 923
32 90 501
145 241 390
276 59 872
225 237 434
1 225 844
254 265 470
189 97 92
301 95 29
47 29 417
194 157 319
271 137 908
140 245 267
75 317 295
89 191 962
69 176 8
77 297 323
89 201 740
179 97 740
195 307 471
294 311 140
106 127 880
93 73 909
75 265 109
175 325 38
253 275 994
249 109 406
308 181 301
265 85 826
255 129 318
204 96 50
198 125 495
313 318 926
109 53 776
8 45 987
196 213 20
2 233 569
145 52 534
262 23 633
318 229 364
173 260 570
94 235 802
55 155 913
178 185 591
313 155 718
40 256 768
287 289 74
67 91 28
157 89 331
63 97 87
299 271 848
88 289 901
62 84 977
263 141 821
129 283 248
57 219 61
55 141 915
249 173 243
305 108 788
73 63 466
83 93 283
163 68 411
102 246 391
279 25 569
325 49 557
159 289 907
252 171 783
179 185 266
273 304 315
313 33 666
223 199 641
265 327 579
37 30 846
59 101 287
96 185 285
264 134 698
215 223 618
105 168 734
274 238 194
29 169 567
125 177 160
157 49 843
189 201 121
229 137 660
160 43 359
6 165 525
118 288 95
263 125 95
265 100 737
129 313 88
37 126 90
275 49 759
235 97 706
292 247 571
61 177 640
97 57 584
308 87 363
45 9 508
216 14 185
195 191 642
105 161 831
290 153 15
241 287 420
73 217 209
187 200 691
132 83 619
23 102 444
131 241 455
78 29 539
243 232 726
101 176 974
83 189 917
189 31 181
261 326 139
95 270 418
119 219 419
104 177 524
222 295 534
141 81 77
136 96 572
215 97 666
47 138 291
131 151 271
281 111 545
151 277 244
225 167 598
175 259 653
175 89 225
115 143 545
238 260 226
199 27 506
261 234 460
25 261 430
225 213 889
105 109 303
328 255 508
125 14 597
53 213 578
303 141 303
181 1 369
305 230 209
211 79 807
133 244 472
152 21 152
255 251 425
105 279 136
107 158 504
185 302 131
85 277 863
257 215 918
12 48 232
189 262 638
5 324 522
57 136 646
141 261 201
9 59 471
316 211 205
29 123 819
83 89 691
283 63 956
189 27 960
17 259 738
215 161 964
127 239 312
241 247 584
325 15 122
304 201 28
17 76 508
41 68 710
83 98 974
2 78 684
62 301 228
276 171 514
1 43 572
151 168 155
316 51 127
68 227 578
37 261 27
59 67 53
228 1 29
257 140 926
196 137 281
284 157 1
286 313 215
39 280 780
76 155 979
257 152 653
216 280 468
159 255 52
9 317 97
217 1 423
44 161 21
247 225 123
59 228 751
48 16 685
215 113 73
73 240 921
179 171 85
212 30 739
154 256 27
97 18 832
217 115 646
41 200 314
255 177 102
33 318 495
69 26 147
183 319 892
198 56 477
161 125 982
49 6 34
325 223 642
50 116 629
185 147 419
285 35 756
235 315 231
250 85 12
271 233 569
107 129 147
148 239 306
127 50 745
62 15 403
13 277 822
9 184 923
101 85 447
217 15 204
298 125 4
305 42 700
29 203 898
273 161 223
227 22 676
61 121 988
303 171 662
118 259 423
183 173 468
86 20 824
189 149 342
269 111 349
245 285 190
133 284 962
301 124 620
277 313 634
221 327 415
118 125 756
85 50 726
39 35 203
287 88 9
177 1 176
129 99 516
239 175 679
303 199 37
110 21 747
185 148 794
69 308 36
96 162 918
201 222 671
36 20 43
89 16 29
169 137 270
185 239 948
326 21 224
224 3 430
17 38 327
245 237 733
45 42 789
71 261 599
194 101 343
261 61 756
265 18 580
39 1 430
57 131 890
69 186 49
21 281 754
117 119 189
92 6 454
64 79 785
313 35 398
169 161 295
321 137 237
317 238 498
43 48 995
232 268 551
166 218 568
271 230 467
212 193 387
164 138 881
137 222 839
289 90 556
289 225 398
235 157 81
317 79 350
157 142 271
17 307 769
288 33 638
99 313 1000
215 165 336
273 103 569
260 77 131
323 299 207
41 289 553
1 99 730
200 299 248
105 97 967
81 157 243
161 45 859
293 29 959
253 279 470
109 65 28
249 194 3
16 105 870
328 220 166
9 17 262
157 247 499
249 24 287
77 213 692
87 222 867
177 225 578
65 12 26
30 82 571
297 72 870
5 113 881
261 237 498
193 197 77
159 200 421
219 110 532
190 35 100
47 291 188
73 283 567
276 12 943
132 214 447
143 243 24
243 63 569
237 230 984
80 69 470
198 160 671
235 137 39
70 319 695
57 265 910
76 237 811
129 299 687
101 154 182
63 124 259
267 151 56
170 129 942
1 304 860
4 323 643
150 9 390
214 275 250
17 286 703
267 175 717
127 305 630
129 328 313
97 173 644
129 41 76
68 255 315
289 313 54
243 312 794
8 27 224
277 284 916
174 113 603
25 328 632
134 83 632
283 105 793
140 1 60
307 75 821
121 71 917
77 53 785
145 172 341
270 113 806
236 248 666
261 323 858
97 10 872
83 318 855
15 96 946
77 252 698
319 188 417
41 21 690
129 168 29
137 279 674
321 42 829
318 291 378
156 133 353
73 256 65
276 61 989
68 198 621
81 71 266
324 46 960
85 76 732
153 221 117
6 44 574
175 197 739
101 133 25
161 18 140
6 74 426
241 185 541
297 243 192
45 171 996
281 274 569
123 1 623
239 141 458
113 322 515
295 165 505
27 237 21
299 13 598
177 323 225
265 241 577
152 155 412
212 313 972
84 131 384
182 297 517
101 51 589
127 275 719
306 47 501
213 223 492
305 217 456
13 83 412
49 125 525
85 156 177
265 103 940
328 231 925
51 25 343
103 83 872
234 172 746
124 243 823
313 281 750
284 315 225
305 25 329
113 147 35
238 176 548
69 145 561
124 57 30
199 69 104
289 214 926
163 273 365
115 137 745
5 313 789
91 169 776
245 255 949
113 242 52
73 242 298
322 202 115
317 99 829
230 17 211
293 181 946
58 177 250
89 117 847
46 285 911
25 303 499
57 47 852
140 194 571
216 169 213
319 162 8
117 212 597
265 145 994
258 317 553
211 257 391
298 115 529
279 218 83
273 35 248
106 125 566
1 53 797
89 161 184
53 288 383
6 41 401
75 287 925
268 320 836
161 119 501
204 188 272
289 292 272
301 278 18
37 92 2
197 127 494
257 193 841
246 137 347
42 190 645
125 1 439
42 171 86
73 245 287
81 247 75
248 270 576
201 213 878
46 111 869
163 75 768
246 233 262
4 233 284
276 257 975
117 61 312
74 218 529
187 36 324
125 53 709
137 225 420
124 295 667
129 26 344
289 3 885
241 90 588
228 313 877
256 57 180
91 281 168
237 117 797
113 37 781
170 111 760
324 170 895
137 284 177
192 283 65
236 13 299
263 319 109
323 325 31
307 39 33
289 323 751
161 310 838
51 103 119
163 9 372
5 321 661
52 277 148
252 154 625
213 229 875
277 96 92
37 112 3
1 171 702
63 177 446
312 24 762
25 135 468
101 156 999
219 211 128
143 37 69
200 312 268
241 317 84
190 165 465
11 10 138
137 285 264
156 310 167
286 71 959
206 315 566
229 226 849
67 93 24
92 183 919
115 50 8
297 129 808
41 46 537
291 220 473
15 9 266
115 134 681
206 149 747
79 161 24
85 194 40
324 313 139
93 87 837
230 15 941
275 107 987
312 97 426
230 245 937
250 319 755
29 301 254
173 297 382
75 57 169
65 251 645
252 75 138
263 55 94
49 293 842
68 97 505
109 254 31
25 104 686
309 195 180
249 296 351
76 187 300
4 209 303
48 149 519
254 313 374
278 161 267
258 305 794
307 51 363
206 294 405
169 282 937
158 201 155
233 305 197
105 29 76
145 126 637
103 241 233
220 169 488
131 227 461
83 19 220
201 206 744
312 311 759
175 181 475
145 245 989
191 162 129
198 244 147
201 315 820
124 123 994
45 86 278
167 217 362
1 4 744
217 179 869
65 108 650
16 173 434
210 18 412
205 116 852
262 135 837
31 233 174
301 319 153
205 204 159
285 12 74
14 206 741
99 153 386
205 45 347
80 181 755
273 12 233
81 205 478
209 170 851
86 309 474
89 185 691
35 291 340
327 165 321
108 239 617
147 313 442
176 288 33
64 120 940
192 182 44
313 195 180
289 36 160
252 260 363
323 279 892
84 247 677
273 137 334
109 160 443
129 151 31
32 129 560
209 120 500
161 137 393
105 137 189
131 138 26
131 221 385
75 233 545
117 147 308
185 79 935
54 122 877
326 303 364
261 91 130
145 189 155
97 124 584
138 193 866
112 249 564
108 299 592
210 327 391
83 146 102
43 285 859
33 210 794
142 53 260
205 148 860
138 117 116
44 143 546
105 1 80
9 233 253
222 195 167
165 237 351
303 316 835
7 33 328
322 169 356
71 327 218
79 181 882
252 195 374
270 55 251
277 97 649
73 39 606
289 328 70
165 173 817
36 206 239
73 41 244
129 321 136
69 85 88
145 233 792
156 277 158
193 221 647
231 155 859
73 127 369
141 44 335
59 160 655
249 43 440
71 163 151
219 73 396
325 137 283
321 200 992
130 264 555
193 201 900
291 100 951
193 42 486
77 185 479
153 90 211
55 97 878
185 33 813
14 1 103
308 25 730
49 61 530
223 252 72
147 308 145
125 67 756
228 314 158
4 83 575
165 61 977
73 35 761
158 309 91
121 77 592
264 105 505
174 18 366
301 99 938
293 312 375
19 130 229
189 255 795
191 247 355
21 230 490
133 247 382
29 208 86
161 113 525
137 234 976
29 171 549
81 259 847
269 39 28
134 265 392
143 28 686
44 224 833
81 97 230
186 314 243
188 313 936
165 23 123
40 89 876
304 145 858
253 47 148
141 225 185
254 145 16
324 145 213
263 256 506
233 17 609
61 239 939
49 192 761
239 297 184
86 258 784
8 262 267
321 306 782
253 177 413
125 283 303
279 237 858
275 279 290
223 23 886
89 197 379
202 116 683
131 201 27
169 285 899
278 249 55
245 16 333
153 185 581
177 213 131
25 293 480
194 123 300
289 165 145
313 95 475
34 287 44
325 293 708
285 309 970
45 214 823
21 31 645
248 245 631
28 137 18
262 269 216
251 132 874
83 84 672
309 217 870
106 162 254
65 173 393
110 271 941
57 10 405
234 125 190
285 237 297
91 193 100
308 140 280
287 263 594
169 48 734
137 61 636
143 128 760
259 190 9
325 26 562
217 229 1000
186 199 907
194 125 502
100 204 334
52 72 787
153 83 673
247 12 504
225 40 385
42 184 602
13 239 925
31 41 867
222 245 298
297 281 773
135 286 934
1 230 523
247 239 547
321 157 563
209 153 353
161 127 669
1 249 578
257 283 48
103 121 227
214 309 863
315 157 121
101 237 299
50 185 57
11 295 968
14 107 14
199 49 41
297 113 447
305 264 315
198 111 314
130 320 441
154 286 380
215 13 19
320 201 987
292 225 171
127 5 637
13 252 842
27 94 942
91 211 418
107 267 399
126 302 507
267 9 710
49 141 990
123 66 561
39 325 880
217 269 529
99 139 166
31 82 796
165 68 913
107 268 135
247 315 461
65 81 888
235 19 765
177 35 26
146 65 955
121 3 372
133 22 2
114 172 489
61 69 341
73 81 15
233 74 281
325 21 163
169 83 351
42 145 167
72 29 433
145 101 434
187 182 712
77 316 506
269 293 337
9 241 420
260 121 296
299 191 220
113 320 503
145 48 854
289 97 616
326 255 155
208 268 768
37 25 623
136 173 315
122 279 945
145 105 5
219 169 261
189 45 829
326 133 682
131 307 261
58 316 167
45 239 848
95 309 134
157 275 220
253 296 834
123 307 758
65 253 50
37 23 406
210 321 867
170 177 706
26 118 590
297 292 27
27 41 78
297 66 453
161 318 401
121 134 870
36 321 428
97 256 657
10 169 377
226 144 145
273 281 109
118 70 761
269 143 628
317 98 700
32 33 540
92 269 128
209 109 699
217 278 493
41 269 563
1 233 587
161 86 562
165 219 747
238 91 608
115 65 40
45 293 408
164 205 679
92 323 133
295 174 293
230 241 791
257 91 218
60 73 91
289 200 763
240 281 128
71 285 615
47 230 728
180 257 218
40 49 104
38 166 352
311 168 481
305 33 203
203 261 11
144 186 254
117 252 260
317 206 320
257 212 549
291 13 219
21 83 899
305 32 2
165 43 117
89 53 454
157 139 52
32 68 947
256 129 134
270 182 648
185 5 317
111 67 873
240 162 415
233 38 965
29 306 873
38 21 732
317 252 136
321 109 276
129 199 404
40 186 61
169 203 416
262 297 541
157 218 599
228 319 611
53 9 49
221 57 725
141 97 2
109 27 918
181 313 422
195 181 184
163 197 500
37 89 968
324 113 143
258 313 902
210 299 223
297 267 615
161 213 410
137 300 501
289 236 147
218 193 906
42 281 662
297 277 424
3 87 170
103 69 973
177 25 531
48 285 196
143 13 949
314 61 641
257 323 637
83 65 173
286 31 284
84 63 418
57 197 244
277 33 682
265 326 312
114 317 18
257 33 328
249 147 964
238 201 320
103 151 66
220 57 65
64 165 818
73 111 426
130 257 161
19 22 290
292 51 355
142 208 942
168 161 929
273 127 948
85 102 775
18 197 673
23 34 240
195 280 67
197 231 565
117 245 948
111 128 244
31 265 291
83 179 23
251 313 663
5 253 365
172 176 503
305 289 529
41 201 113
145 37 936
25 234 561
196 275 445
21 245 896
287 73 606
264 155 690
69 181 74
24 149 668
187 139 195
189 321 552
131 257 571
269 67 42
63 132 137
273 45 529
163 29 216
273 280 392
225 159 184
117 246 258
65 270 949
145 289 860
293 193 508
86 288 925
277 254 590
183 141 339
13 257 874
3 227 384
163 249 627
275 225 722
130 36 35
268 189 601
285 209 999
265 315 182
291 185 997
209 19 471
211 223 768
258 45 782
166 193 324
314 241 540
246 67 90
81 113 188
209 262 130
261 223 650
115 229 391
254 325 759
182 81 915
79 191 53
221 121 154
54 157 816
83 284 904
119 273 20
123 121 228
149 165 344
143 99 47
73 272 469
247 43 52
41 313 937
55 126 330
41 132 656
97 279 719
90 95 239
137 287 558
277 261 451
205 5 268
7 169 685
298 170 264
163 113 233
323 165 123
275 29 813
320 273 902
212 31 938
281 324 81
317 161 927
138 125 982
99 25 283
100 239 754
171 320 393
195 169 294
193 192 711
177 121 870
37 226 361
277 89 891
47 117 73
81 240 346
236 301 170
176 129 978
137 211 588
191 119 534
286 177 242
96 265 362
253 307 109
261 253 543
244 321 733
133 204 626
315 215 231
256 131 51
197 198 724
227 169 681
167 152 264
34 259 510
21 184 234
39 103 850
185 37 601
2 289 146
267 73 838
301 261 139
321 94 533
78 260 670
189 67 168
47 98 856
185 295 11
116 229 95
193 121 84
208 281 233
293 88 412
161 193 572
264 49 787
194 65 204
149 178 826
33 64 651
63 322 661
261 279 1000
187 259 901
266 119 874
205 240 132
293 109 710
196 128 777
262 270 96
173 251 308
95 11 475
42 288 135
82 55 461
293 22 698
183 89 462
31 27 902
102 29 414
113 33 780
69 86 273
145 253 634
213 166 679
170 252 712
281 318 963
225 74 113
205 86 592
77 311 945
190 317 294
301 55 186
298 247 702
23 174 49
279 239 407
283 195 386
229 14 48
176 70 506
33 41 556
227 4 348
250 22 17
173 182 767
216 163 64
67 178 578
206 231 182
102 17 351
31 255 153
15 279 577
169 234 40
226 231 263
302 311 809
294 7 872
277 145 47
101 137 520
215 76 337
265 170 981
283 253 853
314 299 60
201 37 760
124 286 837
17 36 156
8 16 812
248 165 723
24 197 704
53 160 67
57 49 221
153 236 50
24 125 124
200 175 403
304 151 997
287 209 623
283 150 920
263 289 810
98 289 377
41 176 722
303 60 781
183 77 118
298 153 672
190 241 503
267 69 473
77 52 843
208 165 394
131 68 748
221 290 195
86 201 238
261 189 730
63 161 563
205 274 123
323 145 794
124 40 655
314 26 171
224 127 658
106 209 611
161 259 458
289 325 448
273 55 427
159 279 526
293 213 968
233 97 380
89 139 555
42 297 423
175 233 258
116 193 75
12 53 245
108 233 621
314 213 106
156 42 500
249 101 190
122 210 745
243 129 1000
2 209 594
319 283 866
177 119 995
117 145 964
215 302 913
265 231 215
289 282 210
217 313 989
26 130 468
117 40 764
187 287 637
