334 1452 280
109 264 130
1 4 490
71 269 876
297 29 191
321 215 723
191 15 514
269 60 25
11 163 205
14 129 942
27 91 148
187 103 41
321 241 53
231 187 755
32 242 486
61 54 128
111 117 166
32 31 254
30 81 615
261 61 462
134 146 216
17 21 307
142 135 760
315 99 369
217 168 721
193 107 387
16 64 938
45 280 991
155 295 158
123 67 839
259 273 271
271 152 984
1 314 7
41 247 386
231 281 607
38 52 266
25 255 624
63 173 132
35 79 618
232 271 358
221 273 345
305 162 871
175 45 19
158 293 340
309 119 741
27 1 950
267 173 77
270 225 963
115 313 415
271 187 508
89 157 54
225 107 935
299 171 257
269 211 324
1 54 748
328 248 927
297 237 558
183 61 107
58 118 785
287 65 318
67 293 899
119 138 461
193 27 822
2 104 222
4 319 201
133 287 345
127 240 309
127 34 811
89 93 867
3 17 282
183 197 979
203 126 486
41 59 406
285 41 114
111 181 707
57 267 913
27 201 446
11 219 580
232 268 907
141 199 459
104 180 551
35 157 493
231 163 120
28 307 60
105 168 741
46 121 807
244 132 943
40 143 52
293 331 124
9 136 345
213 27 963
3 97 998
59 243 545
6 284 480
245 317 847
214 217 38
91 250 655
201 231 540
37 47 251
88 212 794
25 303 322
168 131 223
35 149 693
131 219 368
238 149 762
15 300 806
235 231 61
71 27 457
122 179 326
49 95 422
12 37 892
63 297 114
73 94 329
199 252 195
99 190 109
166 6 198
35 99 836
209 324 509
131 244 333
224 295 32
137 73 808
26 303 187
39 38 463
304 165 307
33 327 518
242 19 877
83 259 655
171 238 758
311 123 641
143 173 409
195 87 369
225 133 655
11 89 918
7 321 414
185 107 639
248 1 620
138 226 815
266 150 984
281 283 213
37 174 826
293 305 70
173 235 658
279 41 732
12 324 83
273 223 536
77 13 504
302 123 599
166 277 868
251 241 237
257 323 591
198 249 687
22 91 811
91 61 27
107 31 626
167 303 559
180 55 676
116 192 774
332 279 39
283 299 334
247 318 365
107 43 460
102 111 295
192 307 883
169 333 990
291 82 118
148 197 717
189 194 476
1 107 514
309 284 1
11 41 595
46 207 578
118 155 29
228 139 897
34 170 881
202 222 907
286 169 176
111 121 988
287 29 218
35 44 448
89 215 743
13 45 171
263 203 619
47 65 555
168 303 989
35 53 233
265 241 560
105 193 803
93 122 693
65 104 798
62 211 759
299 179 756
167 45 498
65 207 446
97 10 449
1 185 290
63 83 551
98 47 915
268 8 402
127 195 645
315 243 976
259 249 785
158 1 491
1 281 849
64 118 234
92 275 559
127 137 85
177 238 676
219 130 860
59 53 536
91 241 39
23 295 796
189 269 655
188 169 399
279 116 567
301 118 267
235 60 820
241 299 908
165 198 794
275 224 32
300 24 103
265 301 606
53 87 236
3 92 571
135 73 452
31 231 963
27 43 28
4 119 372
29 180 246
6 26 834
216 231 145
55 246 367
261 328 593
37 232 665
115 85 429
19 51 2
3 249 761
100 261 338
47 293 674
46 58 83
27 66 259
327 259 58
195 41 577
253 231 65
51 55 588
75 236 211
279 19 814
140 60 938
121 34 219
213 239 563
257 243 39
58 79 362
131 81 806
11 110 747
181 76 76
28 74 213
281 77 179
187 155 407
327 183 93
1 31 190
71 199 141
205 3 931
169 171 29
185 314 646
147 291 603
269 117 170
257 297 74
68 322 295
13 33 92
53 269 48
27 146 457
20 158 950
287 305 152
176 269 468
331 75 349
209 156 956
3 140 687
73 273 427
186 311 145
51 177 459
38 245 753
285 31 744
89 49 913
51 81 190
105 19 859
259 298 300
73 59 292
151 57 895
95 178 285
1 22 204
273 66 614
125 263 88
120 172 455
78 234 792
209 221 542
57 213 266
313 235 904
235 45 859
209 200 996
194 219 266
1 77 859
226 330 34
55 67 647
149 319 884
223 237 976
315 69 706
231 259 776
223 203 453
98 45 249
235 302 401
141 85 752
263 309 507
195 249 647
287 163 26
51 204 940
1 133 196
111 293 476
269 231 876
185 171 301
121 150 614
64 134 36
299 223 814
81 96 466
111 221 689
231 217 568
30 258 537
147 261 579
209 205 794
207 305 49
193 216 323
113 312 672
97 51 734
101 125 855
164 256 172
150 253 868
111 222 269
245 145 821
213 325 747
1 6 187
9 219 822
227 267 732
33 304 17
12 53 232
36 41 538
11 36 782
141 161 16
71 76 549
245 235 339
319 47 26
311 209 616
107 305 928
289 125 145
105 279 351
78 145 725
256 137 431
49 137 899
50 173 11
1 163 815
292 298 441
116 294 575
79 138 247
328 79 185
241 285 485
229 234 800
78 70 28
283 252 870
142 224 146
68 4 273
69 133 437
191 123 596
195 112 816
69 22 608
255 211 745
32 29 690
167 119 590
302 266 789
271 178 697
231 263 351
85 29 77
175 237 861
83 322 34
315 44 194
18 142 403
249 223 46
13 148 806
315 281 459
123 95 197
123 315 905
253 315 474
64 185 807
261 175 835
11 66 738
21 267 363
293 105 98
1 81 725
151 227 847
205 167 480
81 255 67
99 271 915
35 51 844
21 138 227
324 84 290
72 156 804
175 156 639
235 163 58
151 189 366
149 251 236
157 36 278
217 145 583
331 63 701
247 225 765
183 145 286
37 321 183
61 250 814
64 42 364
215 255 657
60 53 635
175 187 567
59 179 357
182 95 175
23 96 804
268 245 224
167 295 875
169 253 192
163 317 920
253 131 747
95 283 587
145 225 537
116 289 472
110 155 231
34 117 16
249 293 712
249 99 253
195 243 896
171 197 198
289 31 23
161 45 593
95 135 523
141 325 987
56 267 807
181 309 292
5 12 765
145 26 764
139 205 416
235 224 310
13 23 211
307 14 853
265 54 98
182 263 725
67 227 633
1 20 412
141 61 459
137 215 2
219 281 312
169 214 80
128 301 628
81 163 95
170 184 848
103 229 173
66 150 815
271 159 420
303 35 365
303 187 694
167 79 389
226 37 232
124 55 512
87 111 952
197 220 151
231 73 432
176 164 171
301 252 65
150 302 957
156 282 329
197 245 277
191 49 126
93 208 336
330 287 409
261 171 653
181 292 320
20 72 270
69 41 623
290 197 271
8 218 768
175 94 786
37 194 228
163 105 843
71 61 377
179 290 519
159 97 722
57 68 149
143 282 491
305 105 908
177 261 896
29 321 2
91 205 602
163 229 165
255 160 537
279 93 270
252 149 926
237 303 693
253 177 810
81 238 850
1 58 101
65 283 89
61 93 856
100 126 999
41 79 815
133 306 415
52 145 633
166 43 937
112 185 622
29 51 857
143 22 530
279 71 126
4 8 737
19 5 468
147 287 795
1 15 124
112 220 97
63 181 117
58 299 292
253 299 427
132 303 455
1 123 321
49 325 630
17 113 204
67 249 800
190 125 116
41 88 198
55 297 331
77 243 884
65 127 601
220 15 122
49 41 631
229 320 128
99 38 348
173 6 693
74 101 724
209 163 697
294 264 298
79 151 286
103 169 393
329 315 19
145 210 322
219 128 303
133 141 877
159 238 540
179 287 99
299 101 176
289 34 993
200 288 980
7 12 456
279 120 952
133 189 493
25 61 885
203 103 844
126 303 507
21 199 566
1 19 751
205 53 95
13 121 900
120 253 886
163 5 500
298 316 110
31 9 915
257 81 117
117 89 590
299 127 659
34 130 314
69 328 279
114 149 546
249 291 916
234 321 833
31 49 881
156 97 180
25 233 912
29 67 457
245 236 231
59 98 301
227 331 553
185 157 996
16 114 817
200 69 170
1 239 352
87 144 504
157 277 188
1 16 510
44 150 546
73 173 567
144 232 216
80 154 328
253 9 738
33 165 985
155 135 161
15 299 351
75 22 735
251 109 895
7 301 442
255 323 333
90 239 728
125 71 850
95 323 520
65 61 41
205 170 477
184 151 893
79 119 794
147 52 180
165 211 651
161 296 161
163 175 927
117 59 52
173 154 985
210 149 39
62 168 497
67 151 218
149 59 403
182 249 408
292 289 385
281 209 961
29 167 778
88 163 8
121 305 810
47 75 809
67 173 464
177 254 452
197 1 409
121 184 923
115 250 271
261 315 924
259 275 271
91 109 613
257 5 43
268 294 89
109 293 335
250 267 770
111 243 475
32 104 242
59 27 54
188 215 499
69 7 349
180 214 242
161 171 737
257 87 730
2 171 832
257 157 246
279 161 462
4 6 81
259 225 986
112 319 780
61 84 986
27 229 777
103 124 172
252 7 184
77 94 537
171 297 876
303 155 469
90 141 955
85 125 918
225 319 606
82 283 796
310 53 20
128 65 801
143 107 88
231 189 872
81 283 473
127 71 643
290 236 224
122 188 681
293 11 810
249 163 116
123 321 25
215 5 595
23 169 183
126 165 462
265 251 179
4 148 812
180 51 711
275 181 676
165 271 124
105 139 261
295 213 390
200 267 926
229 45 406
155 309 641
197 307 605
17 69 118
52 311 620
11 298 735
22 230 805
193 317 5
287 114 697
191 301 669
309 201 356
141 169 759
149 313 827
83 86 265
78 117 104
146 175 394
168 213 802
239 260 149
328 8 688
285 121 965
261 329 49
13 1 758
227 178 122
95 265 936
17 30 150
51 321 924
17 85 688
188 289 632
19 228 115
181 57 169
304 54 668
179 104 172
11 137 197
48 229 380
188 323 938
11 65 802
19 25 537
137 107 21
227 113 970
9 198 19
42 109 399
31 121 529
97 323 263
4 10 406
175 315 302
4 18 55
171 45 737
231 236 572
141 37 809
132 157 215
87 81 118
66 196 118
7 48 273
228 275 991
193 111 854
185 195 23
191 231 299
39 16 449
69 300 585
5 83 353
141 149 230
10 24 431
40 306 697
131 160 721
12 307 410
117 14 865
165 277 3
57 318 374
15 271 531
171 285 871
1 23 71
263 143 341
271 33 823
1 261 297
7 25 228
159 135 530
266 19 392
54 112 852
209 159 784
323 265 187
5 96 457
181 19 495
265 193 502
153 9 624
85 7 801
65 139 226
77 29 832
109 272 619
316 231 189
17 33 949
75 163 965
61 97 398
314 115 53
181 313 550
6 50 217
1 40 601
167 333 209
293 151 852
184 269 782
97 129 146
29 236 909
62 163 607
290 55 390
67 199 380
256 188 984
239 70 177
112 169 893
21 263 453
123 149 382
159 123 52
324 299 315
305 27 285
289 121 862
316 257 887
259 37 396
99 90 61
109 139 145
17 80 178
54 33 163
163 298 651
30 38 289
3 21 267
263 111 552
76 90 851
168 231 571
211 271 811
34 154 626
289 155 873
333 214 664
26 164 380
126 19 408
218 137 963
10 78 387
30 100 335
275 170 861
83 161 581
215 237 805
81 195 651
238 41 57
139 311 29
148 173 964
65 27 829
74 128 53
31 119 941
327 160 48
41 61 569
39 46 514
191 145 540
178 47 225
40 42 341
139 279 610
229 317 77
74 253 974
51 206 526
20 290 220
269 157 333
305 138 179
31 35 280
148 151 976
135 203 627
50 99 752
191 65 769
312 55 172
319 101 202
48 325 86
9 11 940
5 9 77
279 257 417
192 125 112
258 105 484
169 323 676
51 20 641
18 321 236
8 243 140
116 316 380
240 11 261
203 215 946
21 71 2
149 303 725
100 155 704
239 215 363
54 57 992
181 102 594
162 325 886
299 189 526
263 5 133
173 270 5
23 146 992
193 299 679
166 286 804
231 9 978
147 157 986
323 329 356
221 97 620
269 92 523
19 95 771
107 102 534
1 127 90
237 200 286
241 284 393
149 105 642
175 173 723
155 160 861
255 172 205
296 145 703
11 150 721
129 9 334
169 137 384
290 123 391
282 204 928
83 3 54
107 109 724
36 70 292
209 56 190
75 43 191
17 195 100
329 79 132
125 15 774
273 261 95
154 181 509
241 55 277
114 143 11
189 175 995
38 159 103
290 43 266
138 106 814
187 51 64
181 231 107
83 142 665
291 83 233
293 80 392
49 331 46
235 7 35
46 274 696
49 264 881
201 57 167
301 260 274
46 175 92
225 115 608
67 81 478
135 259 126
237 287 369
289 35 684
138 165 306
161 273 147
4 250 773
93 78 135
141 160 771
183 175 887
229 175 417
207 149 837
329 22 97
270 83 588
281 233 309
56 262 50
35 126 163
153 303 176
195 157 515
185 123 555
40 238 181
1 3 818
56 82 599
55 97 957
91 105 942
43 227 839
41 181 10
109 200 158
316 147 504
281 179 266
129 57 553
287 302 551
273 247 745
185 240 800
257 195 629
81 192 952
33 209 685
98 63 473
160 307 362
166 33 813
147 209 981
243 179 790
160 259 312
55 289 733
87 233 499
315 168 630
157 15 891
29 303 821
306 45 382
249 295 689
243 83 167
182 289 912
73 167 494
167 47 741
185 293 199
83 145 197
63 291 682
41 257 506
142 332 555
287 250 274
69 189 727
81 194 402
24 39 186
273 69 171
60 7 416
146 272 967
35 144 293
155 85 354
24 281 628
271 261 218
47 24 358
28 186 271
193 106 845
134 288 748
141 45 988
294 329 441
87 101 990
92 139 830
46 174 727
97 115 642
233 35 7
330 55 313
13 293 497
101 131 208
75 140 79
5 333 585
48 66 825
201 134 986
246 326 895
71 145 396
21 5 503
313 184 965
93 87 875
317 235 812
289 82 852
33 157 128
140 166 753
251 1 89
117 138 228
117 135 539
79 265 433
292 291 738
253 251 945
1 205 210
230 111 509
197 214 574
69 85 259
163 311 776
218 229 375
13 266 21
185 263 571
31 127 503
32 97 318
145 7 462
64 75 511
1 5 671
158 314 499
319 13 910
2 174 50
20 32 853
9 241 242
251 321 775
238 257 307
305 255 124
255 48 519
5 27 30
77 333 195
295 313 743
1 37 52
189 47 533
11 71 581
3 60 314
283 79 929
291 321 796
215 35 85
171 9 989
117 204 150
7 13 986
219 150 216
289 133 709
280 129 992
86 321 440
291 231 958
270 290 52
203 136 623
271 39 457
109 171 498
140 22 687
70 25 849
1 7 680
75 299 230
85 159 984
167 2 416
87 143 815
195 201 699
235 282 800
204 184 763
306 305 999
33 90 642
309 136 989
184 249 637
283 153 573
96 139 781
295 71 644
185 247 478
147 49 559
291 11 526
293 33 620
115 223 976
211 296 611
275 159 234
37 73 366
88 206 709
331 51 732
165 217 203
173 315 591
220 147 264
279 1 525
36 67 27
31 182 797
207 57 756
96 102 267
75 296 500
67 35 221
106 13 142
99 108 595
104 285 694
194 307 198
291 55 240
201 273 66
218 257 397
57 322 498
85 111 865
131 251 388
247 23 539
299 238 646
156 163 970
97 109 601
121 166 792
266 112 775
166 211 227
20 156 980
219 105 969
27 319 33
332 132 926
136 153 949
199 135 402
3 54 80
21 4 613
56 116 797
64 229 950
175 259 698
111 176 377
69 205 448
13 14 778
301 321 62
52 278 173
319 91 99
253 285 590
168 290 680
96 131 117
196 145 985
217 228 448
82 64 558
331 10 124
43 245 66
113 243 846
45 215 597
59 25 829
313 257 905
1 76 193
197 79 779
62 178 173
31 88 529
167 160 357
9 111 148
36 274 573
97 265 548
11 35 435
113 7 133
193 102 74
55 325 315
40 286 397
101 121 244
99 319 400
45 285 408
209 298 761
19 301 662
103 303 297
97 303 218
285 309 963
210 295 764
125 259 88
175 319 917
1 207 565
19 13 111
22 34 833
191 236 598
213 93 975
235 257 928
50 53 9
285 321 856
217 141 817
145 32 615
115 93 117
19 163 604
77 92 616
255 97 306
29 237 113
324 127 392
299 217 961
123 227 23
34 245 82
27 165 23
18 277 783
191 265 446
55 109 46
256 175 736
93 31 931
234 248 832
112 126 331
116 277 749
195 291 671
75 91 124
280 209 383
295 144 428
42 278 297
15 11 757
244 257 443
99 113 883
1 28 480
153 220 228
10 63 996
325 29 248
145 1 535
333 1 923
311 328 391
185 265 455
276 234 246
264 201 262
39 259 540
139 214 752
258 99 420
108 204 678
91 143 102
177 221 773
164 205 803
18 87 468
150 300 66
287 113 429
108 317 547
243 125 39
207 101 125
304 251 395
62 135 855
7 241 589
275 289 760
163 24 492
307 310 975
96 261 754
35 28 435
78 55 725
316 1 195
87 41 242
66 188 807
151 308 280
29 111 997
125 67 997
225 215 361
29 323 238
150 263 28
328 201 922
63 325 377
25 202 302
155 240 33
300 111 682
3 107 632
165 131 324
190 172 431
106 312 635
147 55 742
219 181 890
135 141 652
118 205 405
73 328 557
241 175 767
39 43 936
17 193 147
43 84 509
257 267 487
290 329 713
273 327 13
167 319 323
328 149 837
123 323 238
137 216 868
235 147 990
59 271 559
35 276 638
217 189 789
23 221 422
91 132 15
116 140 22
283 175 351
177 109 682
47 145 126
219 215 806
61 114 275
289 250 201
130 250 339
297 205 925
77 69 424
68 123 888
102 263 926
313 47 70
63 217 712
303 215 540
57 69 380
153 123 617
78 107 941
17 159 453
225 27 199
21 149 403
257 327 102
171 65 650
234 277 836
172 323 5
284 122 166
64 106 623
109 181 95
15 147 671
22 67 906
136 271 1000
77 293 756
123 63 572
118 287 771
266 16 40
193 297 712
326 281 521
187 123 354
255 217 368
77 313 390
133 247 823
195 307 470
303 73 850
77 89 754
1 2 404
101 189 393
327 213 16
194 59 656
233 279 880
79 103 269
281 229 943
269 55 819
293 168 722
195 37 247
156 147 992
293 59 245
180 161 177
235 281 347
118 30 319
244 179 307
133 183 92
12 56 612
114 134 555
224 251 336
19 233 302
61 31 559
209 162 571
109 79 954
286 241 744
48 111 473
253 262 724
22 322 952
187 305 946
291 49 566
89 165 502
145 101 995
75 155 42
1 11 542
275 23 959
208 308 923
168 123 991
10 244 587
173 137 864
105 289 946
311 225 125
229 141 329
111 283 956
297 35 494
4 186 713
108 5 781
171 239 218
265 172 20
10 215 676
140 129 828
267 301 575
74 323 537
59 65 117
199 35 248
83 317 923
318 265 154
185 91 823
231 27 839
245 261 892
25 115 409
168 11 393
65 83 658
42 204 253
273 11 675
269 136 151
123 162 907
243 159 374
45 120 417
6 319 496
316 76 507
165 94 631
315 247 584
314 275 849
261 24 884
57 62 179
55 331 919
190 313 855
57 119 995
322 100 993
334 139 464
185 35 983
139 169 130
193 3 582
324 125 46
21 69 206
320 73 528
149 152 279
186 169 19
329 76 886
76 334 320
137 207 526
171 231 51
313 52 547
137 152 850
1 266 42
99 261 230
275 95 678
205 181 891
237 53 298
99 160 277
207 206 222
324 1 796
47 59 191
53 91 142
1 29 914
173 127 107
315 249 331
59 256 763
153 229 125
256 195 668
45 177 850
126 171 277
153 245 351
193 180 750
305 203 127
127 144 458
279 285 35
279 223 244
280 331 349
179 207 663
310 35 841
281 14 436
50 185 309
130 17 72
35 257 71
307 255 402
12 191 338
