161 3494 83
59 10 831
13 112 331
1 141 521
160 34 764
112 38 458
115 61 28
156 10 92
147 93 881
134 70 144
133 66 258
145 29 332
98 151 981
133 89 578
49 89 187
36 95 557
160 83 155
16 67 856
24 46 916
74 18 792
159 34 848
99 85 582
104 119 314
47 133 890
9 15 622
83 54 207
1 2 120
30 81 853
67 134 324
130 120 148
82 39 718
3 88 125
70 86 318
37 49 708
155 151 497
29 24 151
74 124 946
147 36 338
95 35 188
118 86 975
102 151 852
47 124 268
118 8 104
69 109 160
72 146 353
108 134 36
87 40 670
132 41 811
95 71 490
4 108 950
87 113 163
116 152 983
140 50 930
89 115 14
15 27 65
99 65 257
29 161 364
64 108 348
23 14 927
95 148 760
68 4 574
1 127 628
104 131 161
116 69 414
73 77 802
73 144 593
5 2 664
87 36 701
155 56 596
22 87 128
155 41 675
14 44 706
120 161 784
23 65 979
2 63 775
77 88 749
144 136 731
141 105 605
81 90 437
51 161 354
46 35 528
161 74 220
156 132 30
53 151 866
59 112 289
17 117 551
134 84 685
41 148 473
82 86 192
1 55 327
68 147 931
94 145 938
127 97 425
92 95 59
73 83 496
29 20 795
68 55 710
85 62 113
38 44 200
127 101 316
132 46 529
11 64 632
56 16 330
160 153 15
27 142 747
62 101 319
124 153 397
116 137 972
30 160 749
146 149 627
31 41 712
122 51 767
66 55 782
97 133 373
114 142 649
96 92 288
115 76 634
148 61 323
11 20 30
104 71 219
40 146 315
154 137 765
61 149 523
27 91 462
39 132 903
65 121 611
158 10 462
101 85 297
1 115 197
87 89 52
57 87 6
103 37 547
106 121 344
51 145 307
56 18 24
127 5 532
101 77 91
13 119 486
77 141 627
1 109 106
71 50 826
57 6 102
11 158 750
121 53 532
43 144 50
106 105 270
82 33 687
45 1 504
17 51 450
130 15 118
105 85 988
146 109 81
41 39 226
155 108 437
125 12 626
4 56 814
105 26 816
137 98 109
70 59 831
120 113 860
20 15 702
114 38 349
118 154 513
130 2 351
72 53 417
98 35 270
1 105 663
73 72 799
127 108 449
74 44 833
105 19 655
110 36 835
144 92 160
10 29 683
83 31 838
24 113 41
133 122 408
22 88 929
78 33 339
78 40 175
15 85 8
101 5 380
99 141 479
149 121 551
102 64 696
50 55 274
125 17 695
144 64 879
52 116 753
31 141 38
131 36 404
64 160 328
136 97 941
30 71 100
110 4 681
9 102 91
107 153 909
34 145 293
153 86 180
84 70 259
70 91 733
31 148 870
56 94 199
152 111 248
99 127 730
64 105 681
126 106 292
10 22 592
67 157 215
15 14 524
80 73 335
24 13 366
117 116 357
27 72 208
46 144 452
100 13 28
77 30 781
47 24 365
44 70 716
71 111 952
121 15 85
156 103 535
78 63 15
62 132 449
70 128 914
109 101 559
23 87 5
120 126 539
25 45 760
14 120 803
47 57 542
106 115 266
99 58 139
68 99 263
107 135 513
53 160 842
38 94 298
153 83 64
139 115 463
93 92 386
152 86 111
62 105 385
24 144 932
113 112 551
44 118 328
9 14 358
131 138 889
86 85 816
7 119 815
28 113 954
30 122 204
59 81 732
4 78 962
67 48 397
147 124 529
121 128 882
25 113 901
52 23 132
95 130 510
129 146 869
95 131 692
50 144 884
86 16 746
133 82 77
101 50 143
6 47 836
81 108 377
18 151 521
81 26 406
78 150 455
157 16 731
80 54 535
13 15 17
71 153 999
93 56 920
49 80 609
78 155 534
2 158 243
117 62 804
57 15 128
51 110 414
4 125 442
35 6 210
54 147 324
53 153 318
103 146 74
129 99 840
26 85 188
47 76 464
52 119 384
67 73 751
153 159 663
130 1 208
134 24 277
69 8 820
4 13 857
143 79 500
3 122 566
47 141 105
97 98 592
44 71 376
71 109 132
57 1 505
28 112 54
47 91 136
136 157 8
121 39 623
52 127 825
71 140 368
68 43 931
45 99 240
32 110 81
2 115 477
16 33 386
78 87 310
21 122 240
23 88 867
145 132 674
68 151 876
53 110 838
89 72 447
121 1 38
5 52 816
148 116 911
27 13 592
96 8 379
11 159 825
88 155 675
66 77 250
144 142 590
140 33 543
60 80 770
156 106 315
141 92 33
152 45 230
145 157 865
12 110 951
69 148 212
156 86 892
10 72 891
90 116 7
92 137 148
103 16 273
72 137 697
99 63 182
29 3 499
127 104 617
160 48 398
155 150 105
79 127 961
44 83 596
28 50 205
39 113 973
148 81 969
121 125 322
118 57 7
97 11 911
47 33 243
152 8 851
17 154 509
22 123 713
114 61 197
150 128 67
19 53 178
143 63 108
136 130 748
23 100 379
60 100 796
3 106 227
155 1 566
144 154 111
100 85 904
48 30 405
8 108 274
1 117 10
20 77 908
84 1 989
93 120 650
21 111 772
24 57 124
34 71 307
93 37 355
123 50 988
111 147 571
101 28 448
1 54 211
143 126 420
155 38 752
120 147 11
129 86 578
20 85 20
64 12 243
104 103 488
57 20 836
92 161 584
37 127 342
97 8 422
72 107 527
36 82 457
146 134 582
154 95 10
4 153 182
40 13 196
156 36 370
90 46 301
93 79 347
158 53 589
123 6 548
30 24 640
55 15 865
133 22 949
64 29 148
70 113 533
140 8 932
118 141 73
23 146 125
59 26 559
139 13 955
129 78 791
143 15 354
41 6 520
64 115 749
119 1 487
37 26 664
8 126 458
22 145 110
61 101 533
135 118 197
101 134 706
1 69 274
1 29 1
79 47 864
150 21 628
63 96 327
3 80 592
43 21 198
35 19 213
54 125 60
7 154 178
155 8 362
115 55 158
88 55 326
140 153 851
38 59 606
79 8 620
9 159 426
1 26 905
64 88 959
26 115 273
70 40 545
24 65 646
53 70 425
12 142 848
78 71 779
40 134 437
49 25 470
142 67 787
113 131 779
21 151 884
62 12 82
157 65 189
64 28 550
48 127 578
36 149 189
141 9 689
48 113 426
98 81 279
3 73 706
51 153 442
120 144 763
65 80 979
93 101 997
128 116 847
65 91 370
18 155 714
57 33 42
148 112 189
23 117 225
151 1 564
75 159 76
107 81 841
84 119 485
7 160 729
107 11 986
64 98 186
98 60 344
57 49 84
53 25 260
67 97 919
130 66 760
4 133 138
87 158 744
71 27 882
11 89 571
79 57 787
84 130 11
139 17 84
159 29 58
34 2 765
148 94 615
85 113 69
24 88 462
49 53 222
6 5 8
156 60 291
57 59 493
1 159 305
95 140 406
6 24 642
156 157 374
77 11 167
91 147 380
123 32 792
38 3 432
11 119 315
5 89 463
50 154 504
82 92 781
41 92 677
139 51 545
65 116 580
29 132 125
144 21 328
120 140 335
133 26 579
31 150 211
105 20 258
2 126 688
126 101 982
13 23 961
57 99 90
131 57 55
33 21 955
150 129 820
42 127 171
11 150 857
140 75 358
27 20 345
47 106 922
111 15 52
29 56 162
153 87 575
95 72 859
66 140 684
93 36 938
94 136 201
36 86 209
26 30 688
110 68 558
62 57 77
127 147 494
110 74 737
123 21 777
133 1 103
87 41 17
47 107 415
59 58 851
111 157 1000
42 86 652
5 68 487
68 88 837
90 99 27
62 79 826
51 105 562
14 94 746
68 76 155
73 78 121
106 29 911
30 134 195
24 64 733
16 57 394
119 20 744
61 83 713
95 133 185
51 18 817
159 40 709
91 119 373
56 142 764
152 85 750
106 37 900
127 128 880
98 111 882
1 53 844
65 118 158
103 48 798
134 10 79
137 112 301
85 7 948
83 77 54
155 102 123
146 39 663
132 26 581
86 101 383
100 41 306
8 14 75
29 43 76
1 74 866
5 116 442
64 139 396
116 86 443
42 30 230
106 133 619
151 71 83
41 129 649
122 109 40
29 67 219
120 108 250
118 58 78
2 133 470
85 50 246
71 31 804
9 59 742
21 156 787
42 102 497
157 58 70
32 44 34
97 139 213
104 26 593
7 73 805
61 96 306
96 95 324
43 66 422
53 8 14
35 92 46
85 54 633
62 114 1
87 133 472
149 50 947
123 15 522
25 125 312
54 118 353
142 8 634
9 39 175
22 68 124
43 46 879
120 28 342
1 86 670
5 22 346
97 83 396
95 90 324
57 71 886
15 29 933
24 11 772
65 160 267
26 79 375
18 113 882
141 103 543
120 27 499
33 144 873
108 72 345
58 39 687
138 6 266
141 152 579
21 124 396
109 15 460
94 121 869
56 51 885
70 142 476
118 63 182
151 64 928
30 128 700
21 49 53
99 34 380
86 57 569
66 60 20
97 85 523
71 147 206
93 57 803
152 137 911
88 126 893
123 44 526
101 16 884
23 31 556
134 85 263
8 32 585
155 13 932
57 45 524
109 34 652
157 144 667
137 126 591
75 66 909
85 151 187
160 97 636
145 6 12
68 64 515
94 7 199
28 76 788
128 84 939
2 120 716
29 92 249
31 72 901
81 51 180
113 1 171
15 132 608
90 80 896
99 138 242
48 15 39
16 111 248
83 4 19
132 45 419
29 97 851
80 153 843
110 14 943
7 14 102
12 71 699
13 101 833
36 71 705
1 83 600
35 18 891
90 85 79
19 7 876
57 17 257
3 137 736
3 109 129
121 81 871
132 33 135
89 152 615
88 38 643
28 86 815
7 58 55
103 93 984
44 29 992
103 99 858
61 13 269
35 36 483
113 141 577
135 125 352
34 46 551
28 130 784
18 66 887
106 151 802
48 110 984
8 157 362
109 42 834
141 57 980
40 72 228
33 52 815
75 146 395
47 93 126
84 116 540
7 88 918
35 136 91
37 65 637
106 16 347
80 1 47
151 99 338
106 12 144
127 24 630
57 38 137
104 84 193
14 85 390
159 19 919
77 93 829
155 134 536
23 95 810
45 34 168
51 134 968
141 110 216
119 8 230
73 158 300
25 3 93
29 39 184
31 85 574
1 120 697
34 122 94
61 15 162
56 12 1
52 134 419
39 65 683
19 88 856
37 131 371
48 92 430
34 130 827
65 51 273
161 108 447
113 44 621
1 15 819
92 22 136
68 155 738
127 115 900
123 35 125
17 124 973
120 38 393
137 65 140
149 85 673
74 134 869
6 32 50
17 55 256
21 109 739
76 46 437
103 148 42
25 57 201
118 60 80
61 24 40
64 133 881
44 148 164
24 63 481
1 122 777
105 2 401
11 110 738
43 59 366
68 123 283
110 142 497
141 127 350
90 14 621
101 99 864
63 95 835
70 77 742
134 159 308
148 84 2
22 105 466
27 155 754
108 50 402
41 93 764
18 4 736
134 57 236
81 130 218
155 46 132
113 27 397
125 148 319
115 119 689
80 67 809
75 86 333
33 37 872
45 56 143
156 39 512
25 137 803
96 138 397
122 10 737
23 69 289
2 4 609
85 155 153
2 6 206
161 71 895
113 6 91
28 160 791
26 150 84
43 106 761
142 16 360
21 89 280
87 47 54
93 69 571
21 29 673
148 58 408
105 17 573
18 122 1000
57 101 361
143 85 627
104 57 447
28 114 625
34 18 205
78 62 548
110 143 494
62 102 558
18 54 677
95 68 836
65 132 963
155 17 814
68 87 951
77 8 814
160 132 857
22 38 960
52 47 83
43 104 540
145 47 827
37 99 70
10 80 272
82 16 646
126 123 782
110 31 518
107 127 613
50 65 714
29 46 874
140 70 634
42 47 235
10 36 481
87 70 23
156 64 773
66 63 242
134 58 643
106 116 625
29 66 803
142 36 358
48 145 541
116 29 610
6 136 563
97 39 683
74 39 523
35 28 498
115 138 313
117 73 467
2 38 239
107 50 617
158 112 711
1 33 310
87 32 681
138 37 136
85 1 342
39 92 688
69 50 216
157 97 62
3 134 343
15 131 217
1 32 426
122 13 871
151 45 139
36 85 560
56 105 3
49 18 921
111 92 833
93 10 385
134 20 518
148 161 299
54 95 278
38 141 271
30 40 303
135 31 274
113 146 363
51 143 986
159 17 269
80 25 990
39 123 537
136 64 23
106 157 903
94 83 577
56 120 118
114 14 814
106 14 262
118 4 320
71 159 400
122 9 522
134 29 210
126 74 53
1 111 103
30 38 825
47 32 704
24 145 427
134 86 190
97 57 587
102 154 407
7 75 214
133 11 583
57 107 824
82 29 392
126 129 296
106 138 818
75 148 891
105 66 244
99 150 505
140 154 150
131 88 258
26 91 316
32 150 962
78 2 166
127 148 825
96 71 444
85 96 73
31 49 414
152 48 145
97 89 879
106 62 845
4 91 90
27 109 485
54 130 739
94 64 662
26 146 318
160 115 123
88 42 745
134 53 204
63 33 45
11 52 785
104 52 532
81 38 632
158 122 85
9 13 630
78 121 314
138 135 724
116 73 346
88 71 695
3 131 180
73 104 104
159 114 775
116 6 198
114 34 814
87 99 218
90 5 40
43 93 607
160 11 904
82 139 228
17 54 487
148 144 886
157 27 31
101 32 461
134 54 414
20 75 820
22 116 325
63 156 582
13 51 168
67 141 826
62 81 651
110 154 148
143 112 123
134 19 155
114 57 626
55 133 687
139 47 54
120 155 899
62 98 235
47 130 974
92 26 943
76 43 693
122 78 334
146 88 651
1 25 745
151 60 538
116 46 817
11 101 843
35 78 152
145 40 637
127 139 732
46 25 943
61 63 884
92 14 653
46 57 125
63 29 199
61 16 531
7 161 303
57 58 893
40 126 284
98 138 485
53 39 681
138 35 429
52 106 484
5 50 995
15 159 231
69 119 341
100 121 669
19 57 866
12 152 762
50 93 17
155 154 716
90 108 846
10 87 424
43 72 336
117 108 509
57 103 220
36 60 41
70 107 287
129 1 204
99 113 653
43 140 712
124 61 785
59 90 900
150 143 805
65 155 91
78 146 473
36 98 371
134 150 755
55 114 239
80 110 775
121 136 22
99 149 761
56 28 468
76 148 994
85 37 718
15 24 389
113 81 76
47 58 735
112 91 654
92 80 549
22 106 381
55 35 424
13 17 903
79 139 447
141 26 961
84 39 221
155 112 822
9 17 20
110 16 501
143 147 90
11 111 948
145 36 850
37 58 163
108 69 325
158 8 564
143 22 108
85 119 877
89 15 295
50 43 570
143 1 558
9 10 465
54 8 710
59 62 829
106 85 142
134 130 995
98 56 167
122 16 641
80 57 192
117 92 284
32 40 274
25 106 496
103 24 788
105 15 949
7 47 130
135 134 769
72 47 296
92 51 906
33 137 430
8 130 514
9 161 620
145 136 743
124 37 1
5 158 4
124 78 207
70 19 848
50 130 19
44 128 179
70 90 307
22 102 719
101 154 716
131 127 669
32 93 566
13 150 350
76 126 843
94 23 522
95 112 431
11 155 104
124 139 674
78 120 321
108 144 444
116 91 983
130 7 830
158 93 830
131 6 927
71 33 688
43 52 711
127 64 828
92 18 97
64 18 393
149 72 812
143 78 293
23 21 151
129 82 625
123 142 699
15 150 582
91 135 341
35 47 162
116 122 942
134 88 774
96 5 573
152 58 357
93 127 767
1 157 825
29 18 563
129 102 793
61 150 725
59 23 697
17 46 88
50 115 668
70 139 148
109 22 108
125 156 343
16 104 829
22 155 679
6 18 74
51 102 963
32 122 855
71 112 654
138 54 877
8 52 712
57 21 88
17 73 620
49 93 646
156 141 400
23 53 34
60 83 771
93 65 174
149 98 30
10 119 25
52 67 575
125 124 154
42 118 730
129 63 562
43 118 386
107 45 474
49 68 489
97 129 225
81 29 312
89 148 732
117 31 227
16 131 589
131 141 128
99 4 636
96 22 243
15 32 11
91 136 505
103 78 426
113 16 551
32 56 735
63 155 348
21 104 993
99 81 160
87 94 186
134 118 515
20 43 842
84 157 811
70 158 889
155 66 709
64 21 553
57 128 205
159 113 894
125 24 805
8 148 911
4 64 263
123 1 135
32 149 417
135 114 334
91 1 440
43 131 609
113 55 969
2 145 787
84 123 622
60 134 803
1 5 61
145 26 817
4 142 653
47 59 250
1 93 399
1 73 867
125 71 1
128 101 646
133 134 91
127 71 535
153 43 614
131 71 416
155 95 564
145 72 930
160 78 483
53 85 141
66 93 912
92 139 773
45 130 954
158 26 753
159 116 925
129 48 413
3 13 311
143 154 909
142 146 610
61 153 404
121 71 667
21 1 438
54 72 466
39 15 803
134 107 699
127 146 276
107 9 298
155 132 846
132 121 239
70 24 796
84 92 857
155 2 156
30 99 281
92 70 938
8 86 86
124 140 142
76 1 405
87 95 37
55 76 240
42 24 742
149 112 174
153 68 771
58 137 684
5 144 168
142 101 522
149 135 119
108 22 634
48 9 813
45 24 667
45 150 750
34 48 622
85 81 966
18 52 580
143 72 736
78 86 978
116 37 502
87 51 543
119 36 4
1 17 96
112 36 199
157 23 825
6 76 432
46 137 782
92 127 837
153 92 14
149 160 990
86 96 443
116 78 736
70 1 18
50 89 839
36 59 421
61 147 890
102 34 294
11 49 793
92 61 238
104 140 355
111 67 309
58 114 41
81 77 39
22 33 43
45 23 784
40 14 553
73 74 16
101 147 580
40 52 743
54 53 60
139 128 87
120 5 386
144 26 894
53 119 18
34 32 621
131 145 633
71 139 390
82 34 472
53 109 482
42 52 233
152 158 480
40 41 213
79 112 178
17 82 519
156 46 98
45 61 144
155 71 393
139 129 769
127 72 913
145 8 250
10 151 689
55 159 232
46 157 871
19 29 97
18 156 651
112 93 818
96 120 770
1 6 245
143 3 260
106 54 90
99 6 876
1 34 496
54 70 783
21 141 740
54 39 149
131 120 375
34 158 943
64 103 186
36 53 67
34 152 760
23 127 673
107 24 448
20 72 613
140 34 51
77 151 213
81 142 974
128 92 442
79 56 804
161 87 848
111 70 552
75 98 755
26 119 218
15 22 63
86 71 978
11 154 924
85 132 399
116 125 388
7 137 633
117 52 387
131 83 785
135 41 730
35 88 620
97 26 858
46 93 663
91 130 459
47 138 630
97 12 361
24 78 169
43 101 38
82 71 177
54 157 149
79 113 673
48 105 475
155 123 369
159 58 8
27 51 977
111 76 376
113 139 868
43 57 7
118 96 203
71 80 884
108 2 198
120 112 202
105 72 805
158 150 289
122 48 54
101 110 334
17 145 588
113 93 575
59 140 764
131 155 57
124 39 161
1 82 707
139 87 576
65 84 721
103 66 711
17 33 917
123 60 903
64 45 240
98 79 520
107 113 790
132 93 209
99 124 82
29 149 119
112 20 417
79 22 662
15 146 910
20 48 496
52 58 401
42 49 245
79 49 904
47 134 257
50 48 4
50 18 443
120 71 291
98 3 146
11 27 202
105 102 199
161 99 129
100 120 837
84 80 943
11 18 269
152 109 857
94 36 394
98 1 379
12 128 643
2 69 656
3 71 320
134 92 365
73 68 187
106 139 150
89 13 582
1 64 989
128 22 162
95 128 471
106 20 535
20 5 432
19 52 777
136 109 226
35 145 145
33 80 931
92 60 433
51 29 401
78 23 412
106 149 120
100 90 805
119 64 716
117 22 413
5 136 546
78 68 438
121 107 490
86 145 851
141 116 628
44 51 989
126 64 517
85 27 538
46 99 840
64 37 792
49 22 8
93 4 703
32 135 415
22 132 891
18 144 114
78 72 540
62 112 328
39 139 200
33 61 76
1 103 892
82 148 860
78 136 943
101 1 516
14 25 491
8 61 511
120 101 41
118 148 921
17 50 647
85 146 547
148 106 586
51 30 826
81 155 805
2 15 970
157 4 74
71 25 755
140 54 865
9 154 174
70 61 541
73 4 428
134 149 674
158 29 90
23 75 269
124 76 279
4 31 604
156 146 88
1 40 206
92 8 810
84 115 611
64 130 411
159 39 767
24 60 813
4 155 692
112 142 449
93 34 171
57 7 997
92 30 133
12 154 595
90 20 959
17 20 45
123 75 469
113 118 9
72 9 866
25 81 628
153 54 554
79 63 27
120 133 692
60 76 419
31 123 646
38 71 530
143 116 330
128 64 635
128 105 917
67 122 36
82 135 607
29 50 128
7 125 295
135 52 809
60 47 104
85 59 571
56 99 42
35 161 746
31 127 590
106 10 754
124 22 966
75 110 349
8 106 253
52 1 543
132 66 701
54 31 544
22 61 357
92 38 510
133 148 919
117 25 635
71 8 508
89 53 783
41 43 923
21 25 180
84 149 159
65 109 132
43 24 492
90 98 52
4 140 536
115 12 839
94 160 413
49 52 491
75 145 617
9 126 370
34 120 585
34 26 411
75 71 338
134 141 388
40 153 110
15 71 746
139 133 676
81 3 128
27 74 279
120 104 120
78 142 763
11 118 682
83 64 857
126 113 622
59 138 689
43 10 209
135 1 570
136 50 961
50 16 155
146 36 611
43 71 206
138 2 795
131 79 623
1 23 701
139 131 232
139 101 501
24 22 125
1 145 397
50 132 339
76 139 173
36 50 392
29 104 976
106 130 809
96 14 133
47 85 443
64 13 908
89 153 126
16 10 733
67 95 312
13 92 320
1 154 725
99 76 728
80 50 55
77 45 600
99 156 293
1 95 1
132 139 687
131 55 190
48 49 523
17 74 927
72 126 233
45 55 87
85 29 728
156 102 147
11 113 512
27 88 89
9 87 228
59 135 47
66 9 842
72 109 324
3 116 904
108 35 708
73 114 305
7 144 72
3 104 837
3 19 618
87 29 733
154 134 434
67 92 432
45 54 933
34 110 69
19 40 872
17 69 931
124 132 543
109 103 265
143 156 141
29 119 734
158 18 761
148 139 368
120 15 659
72 1 413
24 10 882
153 57 948
95 47 840
125 120 847
116 11 416
22 17 537
116 61 416
101 140 371
40 64 264
60 90 213
41 122 290
159 50 346
126 70 626
136 52 14
132 36 942
136 66 68
96 99 919
152 40 307
75 96 925
155 106 398
36 11 479
98 142 797
126 57 481
71 60 54
20 61 343
43 74 312
78 49 801
80 122 933
130 107 886
131 115 26
134 104 978
19 101 404
47 137 580
97 78 288
10 49 160
36 3 950
45 155 686
152 127 689
61 19 958
29 140 83
95 143 131
109 92 547
107 158 621
96 82 937
89 142 367
44 78 454
143 61 26
96 127 432
150 121 492
43 113 42
19 12 997
125 47 430
94 30 410
15 141 629
13 102 1000
31 29 782
52 159 313
113 69 892
24 123 736
150 14 679
114 113 266
29 58 240
102 56 664
112 160 194
123 88 182
139 62 21
141 73 989
110 47 456
50 53 952
143 153 240
82 123 145
93 81 320
158 22 37
4 44 932
15 64 300
116 30 979
117 87 274
155 3 843
125 152 920
76 58 392
141 6 201
99 105 598
36 81 921
18 68 961
33 154 673
65 1 977
90 139 440
43 86 337
45 17 41
116 63 486
15 52 756
43 95 787
103 151 699
13 55 867
123 55 391
8 25 11
129 4 253
1 108 697
147 18 928
161 84 816
82 23 112
49 159 746
24 100 567
81 22 567
121 63 774
31 76 238
85 93 965
127 118 804
155 64 597
118 97 681
53 63 375
20 55 942
158 156 316
2 37 415
137 77 625
134 34 458
27 134 118
1 96 536
22 103 967
1 78 468
151 69 525
122 88 355
44 96 329
58 14 108
92 16 889
84 17 49
145 45 990
69 15 612
75 51 768
3 120 648
107 89 231
10 92 512
131 68 970
105 103 41
121 5 968
1 144 841
140 64 543
115 92 118
18 40 913
159 37 778
149 68 492
122 87 749
145 88 302
120 136 606
50 34 512
130 116 716
97 99 694
14 48 418
60 37 504
93 11 283
127 43 904
134 143 459
106 128 166
19 71 542
89 99 577
38 93 521
6 15 444
108 131 205
62 113 448
22 69 290
62 8 104
74 127 987
124 143 813
49 127 56
102 78 238
27 94 241
98 99 247
71 23 690
133 160 947
91 141 4
138 101 94
139 24 295
64 62 23
104 155 107
47 43 763
37 22 439
27 103 873
87 74 503
60 26 368
29 5 369
8 83 495
66 161 473
149 27 729
36 12 123
145 85 775
93 155 869
64 158 280
128 9 937
51 149 880
148 52 39
133 56 906
96 3 864
159 90 48
89 32 606
1 43 241
37 8 992
92 57 533
79 109 744
41 81 463
91 148 193
103 58 1
31 112 110
14 36 116
16 43 784
119 126 159
134 110 100
75 157 981
144 23 30
34 101 886
68 106 561
22 90 543
35 122 872
16 128 662
138 94 646
128 5 77
1 7 805
61 122 565
84 7 941
3 47 874
33 40 300
50 96 621
70 121 533
116 120 664
113 19 688
21 27 792
75 119 182
36 123 740
151 23 897
144 56 379
137 106 229
99 148 829
91 73 960
146 133 121
76 142 433
138 134 243
77 85 702
64 26 774
120 58 351
75 87 332
23 142 497
71 70 446
52 138 456
138 20 774
43 107 518
69 63 482
22 150 621
71 11 739
76 36 381
92 103 159
100 111 144
120 148 451
149 64 583
30 115 993
77 15 954
1 8 179
34 116 647
82 69 932
57 72 169
145 20 191
128 159 376
117 130 205
91 93 657
92 43 713
78 111 135
53 122 132
97 151 747
126 50 395
88 52 539
112 115 650
137 120 765
57 90 349
13 1 488
116 51 855
119 15 534
70 12 268
40 138 928
8 42 337
82 75 499
72 123 664
96 123 260
50 92 583
125 67 646
66 124 760
158 106 792
133 99 232
154 13 847
25 153 60
60 55 154
79 25 473
3 24 807
160 25 132
142 22 68
143 114 349
74 99 268
13 2 642
117 56 389
14 51 266
158 127 611
149 119 149
50 13 815
83 30 475
116 157 530
46 134 723
29 26 185
71 49 819
128 126 923
38 139 892
79 17 757
33 36 518
27 34 662
131 142 954
64 99 378
108 106 272
83 146 396
136 2 204
4 85 962
79 84 479
40 115 39
14 22 76
44 124 157
37 42 826
152 108 114
155 135 757
108 44 643
78 65 52
74 92 586
58 92 296
83 22 928
64 152 158
15 118 365
62 154 736
72 155 83
53 47 843
85 95 114
147 92 300
71 142 301
99 60 453
38 53 534
98 120 166
60 82 689
53 52 218
98 66 774
47 148 871
85 147 208
111 57 66
17 148 122
25 90 845
9 58 161
34 139 781
21 62 639
155 28 150
31 96 134
90 64 808
136 27 889
19 104 914
25 155 799
74 118 464
159 105 414
28 136 515
107 76 486
120 85 852
15 155 128
84 114 47
125 37 926
73 22 254
147 65 266
70 147 81
105 43 79
109 114 275
91 78 57
74 57 270
50 82 440
75 11 541
22 140 778
4 124 829
41 55 749
123 23 211
63 47 335
96 19 400
47 82 488
122 98 91
45 96 37
109 54 365
119 122 93
16 135 640
94 44 714
52 26 110
113 158 269
6 60 638
156 66 838
160 70 293
97 140 330
37 53 798
9 54 803
60 117 626
146 47 958
78 19 115
75 99 16
151 19 225
1 94 292
100 150 212
24 31 963
48 141 38
24 82 758
56 59 495
70 16 901
117 41 402
153 78 534
152 71 359
14 78 329
138 122 241
108 46 74
92 160 268
111 141 905
79 102 955
55 84 575
80 46 953
109 116 952
161 141 509
105 42 817
1 12 536
59 148 225
105 5 781
29 83 260
152 81 852
154 60 72
48 8 675
134 26 825
15 41 738
72 120 676
131 137 46
110 2 248
44 41 597
85 139 506
5 59 959
121 36 421
65 6 993
116 113 649
22 134 318
124 25 628
63 131 571
152 128 176
121 89 399
51 120 79
17 92 79
70 32 193
53 30 313
131 64 652
41 80 781
43 116 747
105 32 927
26 125 235
96 159 27
124 109 220
141 35 284
106 34 603
76 78 274
85 43 398
85 104 51
143 106 205
53 157 342
13 70 839
102 127 17
111 43 783
128 52 167
119 101 721
160 82 180
136 53 239
29 139 856
157 152 812
106 71 462
104 18 624
27 153 309
140 1 731
43 120 560
105 90 697
38 43 196
108 30 137
149 83 990
73 85 925
127 153 567
90 50 23
39 45 840
26 121 350
8 9 882
139 60 755
49 5 267
63 28 221
21 13 734
42 61 29
22 6 269
102 95 804
46 110 53
4 134 380
107 148 763
18 106 266
65 36 68
110 60 422
59 99 506
134 144 52
69 98 811
62 141 459
120 8 876
24 160 649
91 24 447
131 60 631
93 106 64
23 145 151
32 5 197
13 36 251
143 130 689
151 74 530
27 63 158
43 114 486
12 34 380
38 58 18
155 37 783
139 84 39
75 117 349
142 15 506
121 112 306
135 27 989
156 107 498
138 113 364
29 52 902
104 8 454
83 101 69
101 137 597
151 150 850
22 23 207
133 36 394
17 93 735
37 1 492
155 139 940
37 110 757
111 125 361
128 86 261
35 154 292
40 106 912
97 117 696
159 118 566
13 113 332
45 84 274
1 161 131
115 49 808
100 148 625
103 73 333
49 16 128
87 71 315
29 88 563
120 54 305
37 11 380
149 33 471
92 136 88
141 18 565
54 131 653
114 155 827
158 99 497
132 56 873
43 40 206
60 40 471
64 121 455
10 136 960
37 154 189
157 63 437
113 73 888
140 92 459
70 58 948
161 150 435
85 40 913
89 92 756
117 10 619
107 104 695
51 71 455
23 58 760
104 88 926
38 127 179
123 98 709
64 81 143
135 85 598
106 144 971
41 24 100
39 57 68
77 47 298
126 81 115
50 134 914
44 127 952
106 31 476
70 47 672
53 76 229
116 35 273
12 121 55
11 85 295
85 23 324
48 155 976
24 18 350
107 126 91
141 40 215
17 26 492
101 64 131
8 29 60
64 141 474
87 134 908
120 63 237
113 46 881
49 1 981
95 117 323
139 156 641
13 53 335
70 15 786
68 47 909
43 2 379
155 147 150
57 142 704
50 77 725
160 131 245
116 146 532
108 104 837
62 161 799
107 116 664
149 43 187
17 101 647
153 24 520
71 100 638
70 108 90
7 51 755
123 139 870
155 109 183
94 80 808
157 43 117
19 125 522
117 137 160
134 35 632
99 91 735
139 32 336
65 153 899
7 52 327
66 117 550
70 100 293
132 158 536
54 32 751
30 148 689
154 139 389
106 41 452
14 113 156
68 67 711
148 25 521
57 136 739
25 129 422
34 78 10
1 116 900
17 144 83
64 50 29
154 27 33
90 11 22
140 141 980
16 32 34
126 16 470
151 65 727
47 71 687
61 75 844
31 59 70
37 134 372
67 8 818
25 28 53
134 75 239
143 123 661
77 43 986
45 66 142
61 86 81
51 148 157
1 92 401
125 91 306
30 32 29
22 119 995
105 59 831
17 107 201
110 29 736
3 8 857
34 53 827
61 60 889
111 24 364
78 110 707
16 23 628
142 141 759
36 27 948
33 98 345
147 25 636
113 151 708
128 161 972
116 24 286
93 129 889
22 112 364
78 9 830
75 128 20
61 18 419
68 127 632
130 22 310
14 136 165
55 160 908
66 35 343
54 137 778
92 68 556
3 127 557
77 5 284
60 157 202
23 89 794
125 149 559
34 138 402
134 8 678
14 33 288
130 29 89
120 60 447
161 58 614
86 97 328
18 135 226
120 143 849
138 29 235
155 101 209
140 155 694
74 158 101
30 89 546
23 140 944
119 50 850
29 32 439
106 59 435
141 87 601
125 33 807
86 47 85
126 148 51
126 36 782
137 1 108
69 38 852
152 10 124
89 157 291
133 42 858
19 26 378
100 84 382
145 106 512
70 146 713
21 125 783
123 59 715
1 90 530
36 109 636
138 57 12
126 86 256
143 40 527
79 130 835
29 4 671
70 132 19
141 157 491
130 92 772
33 84 608
86 74 258
136 84 755
123 120 660
47 36 46
147 116 207
57 70 407
37 12 359
141 13 532
65 106 350
44 61 105
93 54 61
11 25 496
147 97 885
58 78 317
104 113 688
33 59 685
47 151 524
84 29 531
5 102 398
93 152 273
149 78 307
104 1 450
92 11 108
138 148 911
30 80 566
90 158 723
78 46 445
82 81 509
47 90 705
106 72 225
107 143 19
42 72 30
37 86 954
68 25 427
47 156 443
129 62 67
107 25 744
11 14 885
60 68 983
148 152 502
64 19 873
90 78 381
43 55 271
50 156 11
12 155 106
84 129 745
94 79 961
5 161 710
141 61 368
2 50 886
60 48 753
59 8 709
89 65 197
129 56 75
78 144 680
57 88 872
22 78 602
78 47 994
120 107 77
20 6 550
55 16 980
85 22 601
115 43 118
117 105 573
51 70 262
105 132 327
9 81 350
15 28 291
112 88 929
77 161 639
63 123 117
122 139 927
86 147 69
39 27 517
101 97 275
58 130 38
71 97 114
151 126 843
86 26 125
39 122 363
128 85 430
66 92 272
133 23 947
91 75 834
39 7 407
116 160 586
51 67 56
36 141 34
127 113 203
137 140 71
160 19 782
116 77 887
19 157 812
49 33 965
26 124 279
90 86 852
1 128 592
151 147 475
75 102 568
29 136 416
75 115 926
152 100 429
24 148 731
58 121 149
50 60 168
52 74 71
94 16 640
57 66 124
124 1 519
27 23 35
81 47 157
139 114 961
57 106 13
117 148 40
10 70 180
44 69 296
11 157 240
159 92 321
151 96 471
115 58 940
148 43 989
39 144 344
15 26 644
77 112 521
139 150 450
41 73 818
98 108 246
71 22 887
24 133 134
127 91 550
127 133 312
44 31 41
52 71 180
90 45 172
93 161 326
32 102 913
139 105 180
125 1 262
138 43 965
19 109 721
107 123 210
157 99 901
65 72 565
106 109 226
140 126 196
131 1 194
35 104 684
118 38 650
96 128 282
1 68 776
106 127 692
153 17 538
112 126 363
5 84 859
81 15 777
47 49 359
43 124 425
37 133 819
29 55 294
123 47 102
155 121 862
75 112 886
57 116 830
19 17 676
46 21 415
112 60 939
150 70 935
32 7 372
3 161 898
108 97 962
113 68 881
153 85 190
108 153 359
95 100 179
124 65 391
47 23 288
18 33 843
49 103 397
108 94 723
1 51 356
147 141 400
53 116 600
94 90 17
143 133 185
54 67 506
91 56 315
106 19 328
106 124 213
107 52 548
61 106 784
137 145 228
62 30 332
142 43 526
67 101 474
143 135 400
35 101 734
153 115 639
106 82 959
79 66 121
122 23 86
125 29 895
28 31 702
138 21 48
112 108 797
155 82 417
81 136 760
8 60 206
93 71 682
152 67 597
49 64 968
126 63 589
140 51 784
70 159 740
4 10 601
54 99 276
21 148 643
14 45 383
73 16 72
84 138 473
44 129 803
27 64 912
148 71 682
107 4 387
32 116 813
36 38 663
100 116 959
5 138 332
44 133 536
101 118 141
30 37 618
154 83 980
62 155 18
5 57 526
55 140 666
76 158 160
50 39 713
92 55 119
20 71 694
68 30 113
88 109 350
93 2 883
109 57 881
113 106 609
87 160 205
91 42 733
26 106 741
4 61 828
146 154 80
35 42 740
105 24 142
31 122 420
23 148 753
106 2 893
5 61 641
7 25 638
51 96 192
5 24 588
156 129 646
64 65 967
111 144 310
106 73 490
80 15 457
131 109 137
78 113 540
23 103 927
24 110 697
3 58 940
38 26 17
145 159 479
34 94 187
70 6 746
96 28 639
44 89 908
51 5 769
97 47 140
69 153 801
128 133 88
68 42 140
159 61 567
127 16 70
112 39 102
35 24 196
158 47 408
95 104 595
111 8 144
62 50 944
13 135 381
154 105 518
48 95 397
148 50 494
29 127 677
58 66 187
67 64 536
75 149 173
149 12 751
56 41 431
128 24 15
111 121 294
134 17 143
124 134 694
22 72 794
48 84 599
158 118 269
116 154 304
102 12 659
132 96 918
73 25 568
24 75 657
141 145 797
50 15 74
93 131 915
130 103 595
53 118 778
6 79 561
112 8 710
157 68 767
70 85 604
50 84 32
112 146 546
3 59 250
64 107 969
50 31 117
98 38 866
84 105 208
8 21 413
94 13 620
106 51 509
28 44 873
140 128 489
158 33 611
106 100 555
143 43 634
12 46 640
16 47 449
148 48 380
155 124 506
57 40 904
118 64 271
36 122 314
111 127 766
19 152 132
161 147 974
125 92 827
36 105 40
122 140 858
68 104 220
133 29 626
41 72 612
94 131 489
152 135 500
102 19 597
81 118 250
39 128 964
15 86 788
110 73 969
120 22 317
155 49 532
111 138 808
93 157 632
120 33 457
89 46 829
112 57 458
95 65 996
47 140 635
4 160 877
87 58 410
122 106 306
94 113 810
142 93 195
109 128 429
116 139 828
101 20 26
152 27 647
143 105 429
42 141 787
109 43 199
33 83 210
26 80 810
99 109 490
153 102 382
99 19 300
148 32 100
64 43 526
127 84 789
52 100 821
108 83 434
17 127 452
61 110 367
36 43 590
67 161 903
114 120 872
127 14 179
94 37 295
11 94 302
148 13 312
118 137 400
51 127 645
96 133 314
37 117 807
111 135 190
32 137 862
149 147 648
128 36 592
71 92 243
155 43 178
156 101 183
92 156 813
116 71 272
82 68 487
111 48 627
80 5 666
57 144 231
21 16 817
52 51 741
125 28 858
118 75 542
161 34 763
88 90 641
75 1 812
78 101 116
57 113 561
159 125 228
94 92 510
141 112 442
38 124 929
62 47 268
158 1 385
108 99 538
87 76 364
110 147 146
147 43 172
149 40 25
71 79 18
127 55 839
85 103 118
25 131 128
160 42 841
91 57 136
18 62 454
33 4 865
130 43 123
122 46 624
115 8 551
161 4 225
113 5 101
5 15 488
99 29 650
147 128 593
12 51 793
69 11 647
133 108 578
52 79 228
43 81 703
127 8 262
96 59 360
152 120 55
10 68 556
137 108 134
33 157 125
120 160 566
43 128 737
76 10 49
55 116 224
56 1 100
106 142 556
119 70 573
2 160 951
35 4 297
17 71 34
129 50 346
34 148 787
113 101 989
65 56 330
40 118 406
134 126 570
123 109 330
116 98 496
69 102 560
134 18 487
159 24 428
31 61 696
73 96 351
28 74 309
9 140 273
137 60 553
99 77 639
62 5 767
54 104 232
130 68 780
134 11 337
80 34 476
110 70 905
22 64 747
153 64 323
9 82 314
23 105 607
132 146 152
6 137 72
47 38 665
94 150 275
82 100 435
116 131 26
32 65 425
47 92 63
143 49 104
129 104 239
116 8 183
28 38 423
89 43 626
6 120 337
50 63 489
21 15 944
108 78 37
123 103 305
129 115 597
55 54 729
144 30 933
24 23 151
139 65 608
57 122 596
93 105 986
24 140 967
111 140 411
10 146 884
99 67 660
84 156 423
152 155 328
67 39 145
43 158 262
120 10 220
149 2 869
17 142 492
120 41 5
48 73 545
160 96 508
112 78 910
21 102 222
155 31 42
55 8 879
82 56 285
121 115 396
18 160 350
97 3 305
27 76 441
124 46 163
120 106 718
64 53 63
129 113 978
22 152 942
89 139 745
93 22 289
70 11 173
82 91 343
90 93 775
114 4 935
116 44 738
89 22 21
156 34 960
46 88 679
75 39 716
125 99 124
27 98 552
145 71 199
77 62 283
60 64 986
42 27 428
13 82 710
89 135 763
122 70 242
96 24 392
16 42 178
52 114 603
69 78 993
140 109 291
139 93 117
48 97 626
134 69 202
142 1 456
64 120 362
48 153 310
116 96 962
99 44 526
120 57 750
47 28 397
155 156 798
51 99 163
106 98 85
149 126 607
21 45 659
63 115 702
42 150 316
127 4 731
151 72 755
38 24 263
22 70 326
136 36 892
90 92 900
160 139 358
118 9 235
155 137 257
87 50 502
78 94 522
150 52 633
52 91 973
46 22 885
9 65 4
35 44 635
139 138 613
29 22 64
138 118 40
149 21 178
30 11 920
46 149 658
40 56 752
87 49 461
148 135 109
141 14 82
118 98 194
95 139 928
135 69 539
12 129 681
6 78 574
1 150 715
153 44 8
110 28 958
56 24 203
29 113 948
89 104 467
147 112 550
72 24 173
124 93 819
141 86 436
49 24 124
36 70 320
89 70 827
110 148 893
121 40 822
145 15 491
155 24 105
156 80 922
118 46 439
160 44 648
68 133 228
70 106 910
70 99 972
136 152 841
141 75 423
16 146 555
49 54 705
94 12 583
24 19 564
55 24 487
70 116 478
161 134 655
37 29 886
74 68 768
85 115 311
33 68 877
161 22 799
43 22 62
85 12 23
143 76 866
135 106 729
118 1 749
112 94 9
148 9 332
30 64 375
25 142 770
46 39 834
43 15 913
134 5 299
99 22 479
146 150 800
29 101 116
116 27 258
1 3 289
19 15 132
155 44 365
66 62 168
120 36 388
136 30 959
22 131 705
90 129 122
108 122 310
2 77 720
102 17 183
36 115 368
43 125 642
156 27 179
131 106 447
143 75 641
122 68 640
47 113 685
22 101 590
109 78 763
14 2 53
25 118 839
1 106 758
104 139 921
85 71 918
146 69 233
145 19 582
76 70 525
104 50 616
82 8 399
135 120 932
127 67 48
91 43 970
15 45 645
160 38 53
90 161 759
150 117 666
97 102 919
10 89 588
75 131 764
71 6 775
26 99 361
51 40 549
142 99 235
18 120 664
155 19 705
99 11 734
131 102 268
25 43 67
47 100 183
9 36 650
25 36 249
155 145 609
100 126 79
1 99 457
80 40 144
6 16 555
111 19 611
116 36 970
59 127 620
137 28 71
118 45 270
50 125 245
24 154 406
86 81 774
57 22 298
155 100 789
84 120 793
39 108 854
31 153 438
1 42 919
32 10 682
24 7 553
156 71 633
75 122 303
9 134 87
41 27 276
23 86 814
17 8 210
158 61 506
87 127 117
67 91 446
39 155 510
44 58 49
132 89 85
99 120 974
143 137 943
22 107 750
26 50 807
75 69 843
100 56 704
34 70 951
138 69 990
127 114 231
75 12 856
116 15 175
36 90 428
1 36 161
119 139 614
97 50 395
104 20 824
43 8 153
18 73 40
50 86 100
63 75 223
34 52 52
58 123 151
10 42 59
66 91 326
148 22 213
70 4 8
84 64 211
13 31 470
93 110 685
124 24 789
120 53 555
64 116 556
52 85 551
11 140 386
99 135 481
119 78 704
148 63 85
64 59 568
26 149 419
152 43 923
1 9 876
105 49 225
105 57 226
106 30 564
95 146 586
84 71 728
120 154 223
67 113 853
67 71 481
81 57 948
111 106 273
141 114 270
23 106 413
19 141 954
106 24 817
132 25 69
24 93 388
73 140 915
98 107 271
56 72 713
12 33 390
44 77 262
26 114 689
124 88 502
80 143 618
71 1 612
70 21 107
97 24 185
68 19 773
150 47 502
152 113 454
128 7 828
107 1 586
88 160 468
84 93 463
43 134 723
40 128 204
70 42 482
121 24 465
46 10 625
148 130 621
113 15 300
104 137 489
117 139 83
119 65 795
64 71 729
144 116 558
69 85 164
95 152 609
124 60 374
2 95 606
36 49 337
3 11 336
78 41 863
100 22 907
63 91 810
143 113 763
34 64 103
143 158 429
1 88 93
87 73 625
58 136 600
44 93 18
100 38 67
1 139 518
68 138 356
136 70 820
13 75 350
109 48 928
155 141 388
35 20 842
114 161 231
4 145 552
65 94 404
13 126 63
40 55 962
28 49 555
150 111 652
20 58 8
11 136 678
121 139 925
120 65 486
83 148 165
1 10 741
11 15 575
2 89 678
13 106 193
90 71 775
141 136 357
75 120 999
120 55 281
6 160 180
31 58 641
109 144 117
17 29 606
2 31 412
129 103 614
92 53 317
41 50 265
102 108 796
133 147 953
97 52 111
146 11 604
150 154 166
19 67 35
142 107 229
150 91 346
71 14 108
138 108 334
95 84 51
20 99 427
57 85 85
58 71 169
29 48 6
73 118 932
78 39 231
109 121 443
41 71 952
21 100 64
8 94 94
159 57 552
137 37 96
32 106 527
97 113 101
127 110 101
105 75 459
7 15 241
19 140 38
47 45 596
6 97 436
12 30 793
23 152 320
158 84 755
24 120 474
94 57 534
138 97 334
135 76 612
129 105 397
105 112 718
85 154 632
73 109 53
3 16 414
31 136 605
78 42 263
39 138 952
120 128 346
89 73 917
1 61 18
133 105 556
61 54 86
103 107 569
134 139 874
82 66 280
57 115 843
22 42 64
148 141 419
156 161 567
91 71 191
148 19 480
99 8 527
137 8 967
45 89 453
11 61 435
161 45 86
103 122 91
25 127 456
60 20 946
13 138 42
97 90 608
93 75 188
111 45 589
70 135 549
11 23 914
85 160 384
140 15 863
77 110 497
143 31 669
86 125 576
98 139 167
24 17 218
106 15 812
31 9 637
4 113 286
123 18 627
50 20 256
131 148 350
21 71 818
35 97 603
123 99 882
52 75 36
10 30 409
114 85 867
7 12 11
24 115 765
24 8 249
98 136 164
8 91 1000
106 17 192
53 148 684
43 151 7
3 35 126
141 125 538
137 49 402
26 75 782
1 62 401
161 24 760
134 32 56
36 2 480
69 128 494
133 88 420
110 1 755
150 116 856
56 111 390
148 18 317
157 10 327
21 28 272
132 2 976
116 41 379
41 90 747
54 27 29
41 152 170
21 157 869
2 94 648
131 7 454
120 61 793
55 157 424
136 69 326
15 30 531
64 85 800
35 82 972
19 93 126
44 132 349
115 117 52
62 148 40
19 135 632
78 21 158
99 153 279
43 69 496
70 78 566
20 113 309
138 150 384
48 159 259
56 47 790
144 141 861
142 47 751
78 135 997
150 124 334
161 116 131
1 27 714
43 103 352
45 139 841
32 91 977
120 122 837
119 71 724
83 92 345
132 123 89
116 49 162
53 145 140
93 104 790
55 28 71
81 71 93
75 15 245
150 113 178
84 3 596
57 35 55
113 76 940
52 81 783
75 95 413
126 43 594
103 53 705
158 45 308
125 136 489
136 116 76
76 93 131
31 36 408
121 141 70
66 99 635
103 120 702
144 149 479
13 35 937
16 66 530
57 98 344
152 49 120
14 21 636
49 41 569
46 54 791
147 144 182
151 15 979
136 113 745
103 52 278
9 139 792
