174 3526 115
31 154 502
160 33 937
87 121 993
13 100 521
161 89 7
23 28 368
73 150 252
37 104 944
159 49 609
157 79 567
166 172 809
153 107 312
43 67 877
121 93 159
111 117 286
53 70 775
117 102 836
40 52 167
3 121 844
93 143 677
109 138 458
137 17 144
145 93 889
10 109 78
53 157 240
57 163 86
19 61 494
133 159 103
57 133 263
135 161 861
169 147 200
155 7 170
29 73 650
103 16 483
57 149 350
61 6 616
103 25 809
25 105 972
76 36 611
135 73 744
54 5 404
105 137 111
111 1 843
59 9 852
127 62 411
149 51 861
54 81 971
43 39 240
88 1 214
81 110 730
144 109 11
99 127 747
145 22 111
59 141 860
121 100 918
7 36 853
44 28 154
79 34 139
156 34 396
83 1 852
36 1 729
145 55 90
138 149 340
43 7 162
34 107 771
89 16 840
1 3 61
97 81 274
31 169 38
69 76 939
5 173 951
111 131 385
62 41 327
47 3 319
64 91 739
67 45 246
158 117 65
87 148 159
73 163 4
149 94 253
67 95 158
171 25 959
33 171 97
15 85 314
150 79 517
109 146 584
13 23 119
36 99 520
135 91 166
152 153 573
119 71 134
59 126 157
107 15 332
79 51 485
1 25 241
46 13 87
169 43 432
81 121 568
142 92 700
139 161 27
9 47 354
143 76 537
111 147 724
84 79 759
29 121 950
34 10 726
115 82 140
172 167 812
115 149 133
125 18 419
117 127 534
22 109 623
135 15 496
139 117 615
145 65 64
19 146 736
7 124 854
37 59 35
73 37 585
52 74 51
65 98 614
160 41 627
34 43 242
117 1 666
109 15 384
116 23 366
90 149 194
155 25 330
13 4 726
145 85 633
134 65 621
67 152 59
110 89 450
121 112 936
145 59 664
65 55 916
103 130 376
76 58 274
49 123 472
67 11 526
87 25 941
9 171 915
79 40 990
72 43 312
49 45 590
122 118 868
165 100 660
113 8 26
82 73 329
147 47 840
149 157 690
85 107 573
172 100 364
87 31 944
130 118 37
39 106 680
97 87 224
99 37 960
117 118 768
55 37 433
6 121 279
110 30 405
57 155 960
23 11 212
125 164 51
97 61 216
145 13 786
172 55 61
145 169 238
145 94 312
26 123 941
158 55 18
55 13 845
94 29 828
47 8 81
88 51 440
146 55 330
78 3 292
95 30 410
157 17 855
137 118 181
71 142 528
41 91 90
121 20 369
35 150 817
65 115 577
4 55 614
97 4 159
127 137 226
31 92 401
143 15 812
81 155 92
161 59 249
113 50 663
67 130 635
135 129 986
139 94 911
67 62 360
146 164 386
112 88 556
51 36 702
160 87 592
145 132 535
167 73 576
160 37 233
95 29 243
71 133 799
55 147 282
151 71 140
127 37 866
109 59 623
165 53 550
57 150 682
88 18 538
94 85 722
169 119 879
109 55 904
58 1 982
44 171 854
85 41 719
100 41 793
71 170 727
104 57 460
112 23 163
58 147 326
107 99 589
107 10 345
1 52 534
6 68 816
158 45 260
12 111 41
120 121 917
74 39 465
49 111 275
79 145 22
47 121 144
140 79 524
33 117 154
56 60 417
81 167 271
1 145 975
10 17 979
85 151 386
121 129 92
39 127 134
73 77 214
67 1 803
170 151 698
165 145 87
75 166 23
43 1 413
104 163 632
173 125 359
79 76 884
121 145 124
124 112 654
78 59 728
50 1 774
172 121 568
49 32 667
13 80 585
32 129 712
83 4 610
117 123 821
51 107 754
35 1 929
55 126 952
79 12 320
42 51 169
11 56 458
100 52 489
54 46 993
8 80 320
15 69 424
157 3 572
47 119 121
125 11 869
118 5 807
14 92 832
151 61 580
49 162 359
37 162 970
1 86 734
79 161 824
72 172 391
149 123 724
15 120 500
4 67 731
117 68 207
75 39 215
61 147 566
43 143 853
59 119 66
173 59 421
52 85 232
24 64 95
35 13 329
40 115 525
56 63 657
149 133 362
163 109 650
166 23 960
151 33 850
81 35 195
154 131 191
151 74 399
45 63 831
43 46 932
117 59 253
101 147 472
94 64 591
115 31 432
4 89 246
42 134 499
75 92 39
43 133 881
158 91 386
59 61 4
19 163 563
79 30 719
75 142 45
1 22 314
166 40 381
105 131 215
15 113 139
1 27 996
155 157 330
59 136 728
113 114 479
9 163 444
127 167 249
77 57 182
82 88 479
173 70 373
36 85 617
139 28 775
41 149 137
93 157 511
38 122 596
169 149 476
156 137 681
33 37 272
119 13 141
74 24 319
163 91 802
163 136 691
63 61 330
152 55 44
64 151 873
133 53 390
59 163 570
21 117 94
139 16 57
69 156 879
101 86 837
142 172 531
147 129 716
58 111 952
120 23 605
139 105 863
133 10 26
49 133 470
103 58 622
65 112 348
73 101 201
141 115 312
32 55 186
97 158 792
58 73 238
97 142 771
50 141 81
69 145 361
143 37 580
144 74 177
28 135 825
125 75 463
135 63 616
111 35 36
22 72 392
94 157 207
73 43 411
93 113 452
173 14 59
131 27 493
48 72 586
49 126 126
160 29 538
99 43 239
136 133 739
168 159 712
109 141 41
82 19 797
119 143 323
13 34 795
49 54 452
47 76 86
145 97 391
81 16 303
157 25 238
91 152 458
79 108 103
99 35 598
103 145 282
79 85 851
117 91 408
115 61 62
1 77 267
163 52 239
3 139 805
99 128 429
131 88 790
157 19 926
151 113 592
135 137 666
47 53 851
1 76 707
151 87 511
130 93 677
39 67 871
115 73 429
76 172 182
163 121 604
121 139 903
49 10 987
103 27 253
103 99 18
49 95 193
73 171 275
18 13 656
71 97 774
97 90 732
155 149 143
94 40 876
27 7 817
174 67 975
61 64 867
151 97 655
28 35 708
111 24 373
27 79 183
121 83 19
82 67 169
25 139 872
19 17 409
128 55 37
155 131 416
1 125 45
119 159 682
58 61 237
103 150 559
69 5 2
173 43 851
11 16 50
156 2 863
133 67 738
39 102 43
157 71 233
160 121 141
69 38 85
2 110 455
40 169 633
67 165 62
151 29 910
97 136 373
36 25 227
163 23 657
76 100 718
36 123 984
49 57 842
80 172 802
161 26 329
22 143 982
148 145 439
33 83 966
125 147 766
21 28 521
43 109 401
121 1 991
122 136 25
73 85 523
103 126 703
8 25 205
25 118 880
131 143 908
13 142 380
125 159 629
117 156 371
154 121 735
94 140 209
85 21 576
140 163 146
49 143 817
51 93 992
99 167 410
78 145 294
48 75 828
107 158 364
117 141 756
43 32 851
1 163 435
43 21 520
173 145 940
13 97 604
145 53 485
143 148 777
154 1 931
149 137 380
97 147 784
102 115 368
137 143 586
100 154 453
83 97 490
136 91 380
166 171 455
169 85 234
115 101 663
6 22 240
170 10 950
5 157 913
55 25 986
7 77 659
169 57 139
70 133 175
103 79 213
37 61 434
157 107 966
115 46 689
149 121 348
139 15 19
44 141 158
136 104 493
144 19 109
171 52 273
103 77 620
49 157 947
106 120 691
55 15 277
31 151 585
43 127 407
97 15 376
24 32 655
98 5 303
99 105 273
25 7 999
71 55 269
28 172 557
43 139 577
73 165 831
169 34 727
171 117 779
107 161 752
47 28 876
99 29 590
9 55 54
135 159 754
151 157 148
172 37 689
118 31 785
141 10 179
169 45 927
18 157 462
63 28 311
81 139 547
158 49 551
158 138 715
15 65 251
67 143 389
115 111 761
2 94 714
1 4 855
124 15 317
35 139 131
60 91 8
149 75 151
46 22 712
101 49 623
51 169 902
8 14 163
105 91 200
39 159 785
130 155 973
23 99 976
25 4 561
31 83 642
1 166 545
9 169 949
43 5 246
69 109 784
118 142 522
109 19 828
15 57 132
118 77 715
103 76 489
107 97 71
97 10 694
131 70 963
113 127 492
119 103 143
89 64 240
126 91 9
166 148 392
142 124 71
121 17 364
106 109 541
154 163 206
114 169 44
39 126 278
93 31 90
39 99 343
135 3 331
6 123 176
67 116 557
151 35 139
7 69 307
153 169 291
88 27 676
67 125 594
79 83 859
162 73 794
33 157 941
17 117 725
3 65 962
58 127 194
93 37 19
133 4 430
143 46 701
117 92 400
38 59 203
82 87 282
33 165 517
112 119 95
121 49 905
128 18 150
39 120 974
37 101 583
46 141 751
55 28 59
1 12 802
149 65 757
73 147 285
92 51 187
70 147 527
148 65 360
145 8 830
148 73 417
5 149 443
135 160 177
25 145 528
69 148 341
151 120 227
167 145 324
67 53 92
157 158 125
30 111 962
115 126 295
17 27 303
106 99 146
21 167 868
135 37 909
24 165 784
115 41 791
160 58 498
39 151 827
59 73 77
159 30 356
65 63 706
44 127 788
55 116 564
127 106 408
49 91 152
139 2 220
118 132 250
143 169 560
157 69 621
7 144 389
171 173 948
45 104 31
164 101 963
153 55 732
168 48 904
147 37 918
123 91 900
8 111 542
153 128 370
145 131 579
142 165 508
43 149 645
127 161 186
163 70 28
124 101 647
13 70 249
75 55 876
79 58 761
37 103 116
7 9 593
169 67 309
173 105 909
55 12 821
41 82 577
97 119 441
57 98 125
155 88 726
153 75 17
58 100 182
37 10 119
145 10 892
91 43 678
127 85 909
61 121 236
27 129 352
21 88 754
76 53 664
55 157 992
1 141 132
44 46 935
160 77 561
94 15 973
79 115 185
21 25 736
22 83 443
126 3 999
31 136 519
54 148 226
123 1 306
4 79 961
25 101 311
32 144 828
115 19 539
131 55 240
118 101 274
149 151 328
70 146 495
55 73 114
4 169 66
85 117 781
41 134 434
103 139 54
139 62 24
97 73 428
109 28 366
147 88 319
85 91 1
143 1 319
100 49 826
61 57 759
1 167 585
56 4 772
6 57 109
169 146 229
7 165 485
126 147 339
49 55 6
13 107 515
25 2 370
148 117 431
67 131 556
171 161 194
15 43 925
61 36 250
82 169 864
79 153 312
165 1 429
48 77 201
151 142 500
52 43 310
7 11 615
117 134 425
159 47 518
55 74 84
109 91 106
53 43 618
104 60 632
13 108 597
151 145 206
37 84 786
38 151 565
117 79 947
95 7 323
161 173 103
66 65 115
17 133 294
163 16 808
88 164 510
79 52 964
151 118 560
159 37 494
148 17 233
157 74 766
62 92 292
11 21 710
117 29 860
6 59 537
141 25 618
163 7 57
139 73 136
17 20 882
15 67 679
155 23 726
24 151 144
118 115 99
143 139 461
31 91 635
122 1 8
117 19 673
141 42 420
5 133 172
25 123 796
21 151 211
128 47 814
37 134 821
73 87 760
128 100 333
57 65 153
53 125 459
88 167 583
172 112 561
137 136 652
81 95 591
4 163 785
45 129 731
100 33 121
136 143 321
79 141 937
55 67 965
33 67 182
82 137 333
127 16 855
47 49 727
43 71 218
145 37 657
136 85 413
31 163 999
118 133 967
109 31 513
169 135 141
18 124 112
64 135 166
127 83 6
24 45 269
101 121 250
151 165 152
49 145 958
149 53 354
66 73 177
93 13 817
118 51 648
38 19 175
95 94 197
157 37 837
7 132 765
1 139 18
58 125 902
37 122 576
73 91 321
3 79 44
109 83 714
76 9 561
25 19 839
4 27 862
51 125 774
106 36 956
153 5 571
16 35 989
172 127 198
102 165 915
39 59 49
1 97 341
46 70 228
46 135 249
161 55 727
41 61 407
126 151 326
91 59 281
64 47 18
133 55 281
39 55 714
115 107 330
49 11 494
75 115 183
49 19 429
107 111 697
93 91 530
132 117 647
154 128 386
77 145 584
88 55 180
76 124 22
11 96 503
68 113 842
139 113 564
7 151 440
151 73 421
85 83 952
76 61 541
130 173 911
16 105 830
96 126 151
12 119 959
61 71 711
51 6 959
23 136 109
82 157 255
135 25 695
25 79 236
151 115 55
63 74 694
165 71 714
7 100 671
160 133 769
1 136 19
78 101 786
28 130 972
109 157 341
154 139 802
104 75 168
57 71 948
33 121 103
53 33 272
26 103 998
130 40 211
139 7 642
45 127 903
67 123 655
25 43 720
9 87 297
127 61 542
65 172 499
131 89 187
85 8 51
167 70 363
143 4 139
7 37 895
127 76 222
9 18 419
33 127 897
65 91 938
32 7 857
76 88 84
3 15 611
49 83 427
147 137 240
84 43 154
79 151 445
85 93 693
33 109 411
71 65 908
45 95 857
67 115 7
60 53 124
22 40 879
1 41 375
139 174 872
124 166 113
97 23 656
19 84 355
145 95 380
163 113 114
71 127 458
154 115 352
57 69 716
130 53 523
82 117 790
18 19 291
87 69 285
13 130 92
151 55 954
105 51 59
172 93 541
88 37 603
99 122 691
143 153 708
139 97 21
7 98 880
41 145 735
33 57 901
61 117 618
127 157 81
41 49 576
133 90 772
88 102 641
109 34 665
151 69 189
34 81 842
146 49 673
154 67 933
51 135 32
9 143 167
87 26 768
52 19 557
123 151 77
43 57 354
119 76 21
95 57 4
123 4 172
152 34 616
139 168 33
115 169 256
107 39 501
71 75 509
83 10 315
155 133 740
70 73 426
97 9 525
87 89 145
9 38 859
29 85 504
159 31 177
24 15 930
23 4 54
84 149 945
110 25 752
171 26 582
52 58 781
169 74 296
85 74 365
55 77 962
166 103 317
157 137 643
123 119 501
33 145 905
70 76 810
50 143 96
147 11 668
145 91 862
103 59 465
147 71 851
161 145 343
91 130 701
91 119 282
99 58 605
4 49 855
119 83 683
114 121 244
132 112 605
7 1 361
95 44 151
59 122 377
37 130 111
23 65 577
149 174 966
105 88 567
113 19 558
142 137 417
145 17 219
121 54 553
5 64 200
19 81 194
139 115 241
1 155 7
1 65 509
123 85 547
61 80 468
37 85 90
157 13 116
35 167 737
97 91 155
75 117 408
17 92 572
140 16 484
141 149 505
47 59 767
140 155 722
136 141 988
118 73 225
174 45 625
136 99 953
109 27 298
11 145 43
51 71 667
157 146 109
59 23 686
150 155 222
88 106 385
76 139 363
40 110 169
102 11 596
14 103 97
93 109 808
5 111 860
158 81 168
49 117 277
89 149 57
35 133 278
137 141 792
133 101 642
85 76 645
31 61 289
166 153 972
4 160 865
19 32 488
155 107 831
151 130 319
141 146 343
96 165 211
49 73 78
151 43 678
83 107 924
4 113 597
59 8 199
142 141 485
31 117 990
67 121 960
58 117 370
109 53 347
109 125 808
73 160 718
11 3 191
127 133 416
157 99 557
151 135 931
11 59 175
17 136 558
121 115 935
147 40 119
61 148 447
147 117 868
115 163 748
31 73 98
172 24 330
31 7 544
110 165 399
71 31 159
151 119 957
139 19 671
154 61 670
45 103 337
23 67 578
118 7 935
47 127 712
35 165 73
50 78 707
104 73 794
46 111 642
13 7 32
40 123 777
79 33 148
79 130 665
67 168 382
57 139 447
28 166 35
131 25 112
42 16 290
167 82 231
73 19 382
33 5 316
173 94 932
19 138 588
45 123 342
84 49 715
96 61 795
133 30 148
161 75 254
111 55 105
133 29 548
83 60 217
137 83 749
111 148 442
171 156 273
12 125 221
88 146 45
73 142 91
28 151 322
102 49 247
89 117 946
81 23 947
101 66 598
55 139 336
100 115 589
88 99 315
150 5 526
19 112 683
1 94 469
89 43 969
81 83 510
120 128 403
151 19 767
2 130 289
73 121 143
73 52 16
73 159 517
85 121 885
58 11 962
29 77 313
43 147 643
126 133 610
139 109 27
25 142 747
73 99 394
133 81 382
145 76 97
151 134 23
117 130 213
53 155 696
115 99 694
139 125 26
15 19 572
89 72 263
112 146 838
19 63 757
57 113 789
127 108 652
138 142 723
112 113 424
167 77 387
13 82 368
45 36 121
156 25 345
43 172 997
81 146 255
80 65 801
69 13 829
63 127 353
130 73 630
89 7 734
36 55 676
23 22 410
128 79 71
26 1 375
91 90 464
19 34 104
30 124 245
69 117 793
109 60 279
67 112 801
8 67 692
126 83 941
169 70 30
19 22 959
33 7 976
1 63 839
17 69 32
42 167 23
119 39 97
146 172 955
54 92 979
140 133 115
39 162 580
95 109 563
20 55 996
79 23 510
35 149 143
121 171 365
105 107 905
41 117 465
61 141 355
97 125 149
21 47 369
140 143 408
82 147 178
31 32 774
4 10 67
81 111 33
24 79 818
157 1 253
62 73 566
25 147 327
109 41 776
118 157 224
107 171 30
53 62 50
15 29 508
61 43 593
149 1 434
81 1 724
161 35 606
1 47 607
55 46 437
81 165 637
63 49 906
123 97 178
154 79 573
41 83 904
58 149 417
9 165 697
115 70 904
97 3 124
69 67 493
18 140 153
47 61 805
25 113 646
79 125 148
151 10 815
4 6 36
142 169 994
66 112 918
171 85 273
150 121 745
136 145 464
13 106 175
25 112 111
109 165 575
93 83 447
93 73 307
120 13 997
90 57 515
163 153 480
117 129 664
124 109 473
31 132 669
141 103 590
107 118 680
115 81 217
17 1 576
5 89 930
83 73 68
62 166 68
107 165 265
129 119 259
79 5 511
136 87 598
13 77 679
139 101 292
104 59 735
115 49 494
101 79 630
100 39 452
109 8 395
67 73 557
157 169 954
54 51 44
121 117 648
37 23 573
53 71 996
27 70 403
170 108 855
67 76 859
55 26 113
3 30 35
37 125 288
172 106 754
149 63 325
63 169 271
87 135 267
135 174 836
31 75 784
44 91 497
163 98 623
164 67 154
143 154 211
107 136 453
117 7 906
144 11 241
94 115 966
131 173 668
118 71 221
1 75 215
18 91 894
115 125 531
113 71 128
61 21 715
33 82 614
1 91 51
77 4 486
37 15 990
16 39 405
73 109 833
107 103 667
133 9 888
67 111 342
122 101 289
9 121 26
116 133 53
99 111 839
98 33 631
93 164 61
165 104 99
55 34 259
169 118 669
61 33 137
173 34 36
97 169 745
127 98 948
55 174 207
163 27 747
123 160 924
171 97 253
97 118 419
83 45 784
90 115 649
170 159 10
75 121 28
67 31 262
146 1 428
42 1 631
109 50 510
163 54 147
141 151 698
67 127 305
169 69 284
7 169 702
79 37 601
25 89 300
86 122 958
37 71 384
120 16 425
21 106 276
11 133 491
81 166 974
149 113 346
67 85 667
70 129 197
1 23 204
31 68 652
99 169 640
60 112 973
99 124 687
85 115 92
37 115 681
137 151 673
1 49 419
113 79 502
118 64 326
88 33 39
156 121 621
121 107 380
116 148 81
47 70 73
163 37 236
78 1 547
171 31 43
92 161 284
147 21 824
1 73 569
55 53 280
166 47 693
106 82 165
118 85 78
4 166 472
142 171 14
80 59 336
35 51 667
55 165 870
13 45 922
46 93 551
155 148 497
33 125 82
161 63 796
89 85 538
151 125 288
115 2 743
121 135 862
67 57 739
7 3 837
40 150 570
73 64 134
79 110 120
58 94 734
91 55 856
8 135 60
66 163 855
39 70 411
96 127 929
39 69 273
11 76 685
150 9 206
47 55 600
24 13 374
13 169 220
105 128 575
172 25 139
69 121 120
104 103 968
83 65 128
142 121 809
55 136 961
18 136 380
138 1 627
93 89 484
43 33 297
168 146 681
109 145 613
42 45 389
93 124 391
43 31 773
97 149 823
31 58 491
13 89 319
89 29 993
4 16 37
137 59 569
71 124 884
138 79 8
79 43 527
121 102 500
14 58 889
91 134 621
15 11 753
78 115 784
127 52 673
106 67 779
55 103 474
85 130 852
131 41 330
35 46 556
81 15 917
88 59 175
39 33 495
81 88 398
151 168 170
103 169 710
1 55 132
55 10 408
81 49 450
7 140 720
136 92 200
61 15 955
55 84 407
169 100 492
83 89 629
130 140 382
139 160 116
91 25 987
113 117 493
164 97 106
147 115 912
118 147 949
37 3 800
17 172 875
75 139 733
63 18 515
167 61 796
20 109 480
34 22 113
7 97 845
76 158 195
96 81 695
91 29 501
44 42 814
75 7 236
121 111 717
17 81 35
48 39 282
105 155 983
103 109 913
111 95 461
112 129 997
13 64 758
87 37 124
148 167 320
147 95 636
112 10 132
143 55 334
69 33 80
124 133 35
169 88 365
151 5 964
134 114 368
28 157 127
73 133 708
55 19 594
17 118 950
46 123 630
83 69 478
127 48 366
155 3 614
144 133 6
112 3 299
129 11 884
31 161 629
10 103 727
3 54 428
131 109 858
39 44 915
57 41 379
141 57 568
107 25 297
129 91 593
145 142 637
11 131 68
117 120 527
151 106 71
97 55 639
23 174 928
172 19 801
59 133 318
151 133 791
154 11 508
13 79 807
34 151 476
9 156 539
109 40 344
143 23 834
88 157 489
156 90 125
35 67 985
74 153 887
26 141 878
122 97 881
172 101 256
91 68 531
81 87 332
111 71 74
7 173 846
35 78 747
52 151 279
169 158 835
97 163 633
33 169 570
33 152 69
75 51 211
102 120 660
96 19 816
32 109 955
1 10 874
147 171 146
92 67 644
25 117 502
140 173 495
10 139 464
116 157 262
123 172 598
115 51 348
43 107 471
79 44 556
33 40 717
85 142 149
65 92 116
4 157 898
139 67 587
103 13 671
136 139 713
169 78 949
157 147 922
121 119 169
145 140 794
21 66 715
111 29 382
88 117 139
51 91 958
11 1 646
89 97 398
25 41 450
127 10 600
151 70 51
120 156 43
123 173 370
107 5 948
19 119 628
97 59 583
97 148 537
154 172 302
9 1 367
124 31 878
103 97 372
28 98 883
80 11 627
38 4 282
68 27 10
46 92 201
17 97 660
73 60 206
117 161 234
97 39 346
52 174 355
127 81 992
136 22 483
46 121 111
25 151 503
38 121 257
113 2 440
79 107 351
33 143 344
1 51 368
109 49 236
73 95 481
13 102 696
145 115 192
107 4 815
111 173 526
143 105 425
139 23 797
169 132 467
56 143 627
58 113 561
89 1 241
133 52 87
25 159 406
91 69 822
52 66 111
149 163 170
107 133 99
98 45 843
16 10 980
37 21 83
50 61 863
55 164 876
141 11 416
72 67 643
159 118 165
13 83 253
99 143 722
31 64 539
94 27 655
94 109 393
27 25 47
137 73 613
1 133 431
125 10 623
61 16 36
103 34 549
37 151 105
83 63 615
14 151 657
109 172 990
155 103 572
157 40 693
115 130 393
104 137 624
75 169 896
91 74 820
127 79 416
115 108 250
6 83 202
71 69 521
43 100 935
22 47 389
63 31 4
141 36 543
87 34 349
31 13 433
60 171 855
165 65 518
18 119 371
115 30 897
7 56 741
41 113 424
18 10 788
71 172 777
33 133 106
13 86 110
166 50 993
115 91 571
31 55 938
129 19 681
62 94 960
17 127 969
146 167 803
133 145 18
12 69 822
115 15 769
127 28 242
112 123 207
52 134 688
110 94 25
109 58 434
107 125 174
100 131 881
4 8 978
5 65 539
49 137 293
83 7 228
157 145 792
139 49 613
117 169 255
127 141 584
67 88 628
123 157 513
58 28 977
45 76 222
23 109 82
5 172 696
133 161 839
169 1 261
127 59 535
85 49 314
101 67 14
139 45 783
74 136 420
61 161 516
67 97 195
62 31 797
113 49 966
162 121 361
11 139 476
139 157 700
121 31 426
85 18 249
162 72 690
72 61 405
150 139 333
146 102 272
25 129 972
97 43 772
127 41 817
124 91 401
40 146 827
85 40 521
19 166 504
169 41 906
81 157 499
69 61 263
18 1 39
124 73 920
21 84 902
76 125 821
28 11 753
19 69 549
159 107 912
1 57 485
151 47 518
141 35 439
52 7 291
121 25 367
151 163 316
100 109 206
7 115 25
113 38 506
159 151 542
39 146 632
111 76 361
118 129 878
113 137 592
8 130 34
1 107 328
135 48 979
25 165 759
157 161 711
109 7 4
173 45 121
49 61 954
151 2 886
127 13 339
128 67 105
17 37 313
15 117 30
157 135 794
85 71 433
145 29 191
141 160 992
13 27 578
157 35 706
88 113 594
154 69 830
5 82 780
117 67 365
100 55 574
66 64 758
23 141 159
85 1 440
173 172 617
58 159 101
61 169 888
157 54 452
145 15 552
148 171 690
52 39 18
153 94 131
85 137 27
109 67 569
159 79 961
148 27 107
39 157 61
127 145 450
97 82 758
73 7 223
77 129 727
169 127 808
67 49 419
19 79 639
47 123 472
23 145 23
163 166 121
129 139 366
73 25 133
18 16 481
31 160 540
142 30 402
7 29 153
105 97 29
12 28 90
130 97 120
12 7 51
139 59 704
167 59 375
57 59 59
89 103 663
7 67 137
37 109 606
112 105 788
19 67 185
152 8 530
167 13 282
116 117 981
75 76 566
117 34 626
86 105 918
46 105 376
173 113 259
128 165 567
146 45 84
136 159 763
118 155 877
83 18 54
71 45 558
41 3 668
93 151 778
107 168 713
70 127 856
38 109 873
125 113 121
45 79 63
132 22 935
13 131 442
133 125 403
46 7 19
79 49 335
151 23 414
138 55 33
19 141 301
149 107 559
49 53 794
15 7 955
33 47 682
160 30 955
13 91 29
49 169 866
1 69 475
7 47 891
59 55 601
17 61 46
7 125 153
76 25 506
6 70 910
40 125 340
10 65 528
163 168 810
76 96 97
40 31 330
6 37 377
1 31 421
20 174 951
55 79 203
101 119 937
49 136 717
119 14 587
125 26 384
35 121 158
1 106 686
149 13 12
24 121 425
68 166 140
29 161 254
35 53 274
157 144 214
23 31 644
8 9 374
145 171 316
137 103 14
164 70 88
169 79 653
127 165 217
56 57 377
64 49 942
41 77 805
89 30 966
5 167 455
15 166 918
103 85 706
69 97 416
40 49 742
40 119 860
91 7 332
109 154 595
91 11 781
142 37 757
41 173 367
75 171 14
49 37 865
131 93 762
127 163 753
22 167 130
115 98 261
106 169 644
19 1 972
109 71 632
7 19 995
44 4 564
5 93 341
149 77 688
129 151 718
19 91 586
49 124 87
151 17 827
37 123 701
105 43 842
41 23 509
134 141 598
159 81 469
37 91 729
151 60 980
79 97 672
131 133 126
61 109 75
143 87 94
31 37 541
57 106 891
22 74 660
136 51 721
9 112 464
45 111 870
113 121 4
2 85 266
42 124 825
43 121 617
29 136 834
68 151 901
24 142 555
118 119 488
48 17 123
172 13 62
88 31 775
121 39 345
23 131 124
134 165 983
59 124 311
104 154 621
123 88 291
115 117 552
97 94 254
49 66 286
52 107 498
79 82 274
29 48 192
94 59 752
79 133 470
23 27 617
156 55 308
146 163 227
121 106 816
141 157 521
17 79 961
43 86 582
96 153 589
163 155 361
125 124 937
87 152 224
130 21 762
103 21 134
76 23 12
115 103 38
155 109 535
97 37 152
25 67 985
141 5 916
125 131 887
154 129 37
165 79 834
116 170 897
137 173 259
172 2 274
59 25 164
157 52 468
115 13 792
140 45 134
74 103 586
125 55 41
139 120 21
47 52 216
161 167 196
3 132 140
124 129 426
31 65 415
16 23 808
117 40 339
75 72 753
109 112 584
166 29 85
157 172 473
1 152 510
40 162 672
63 115 252
91 161 149
63 13 541
61 114 630
145 27 509
38 114 109
68 129 89
61 157 849
71 136 839
39 18 446
8 154 247
11 115 421
61 163 339
131 115 232
49 112 211
167 7 14
25 93 742
108 155 575
31 103 239
9 140 617
51 171 287
88 49 635
78 88 721
162 89 960
91 39 590
98 89 636
20 39 262
87 45 882
91 57 673
130 105 408
16 73 194
93 2 421
148 13 805
81 11 478
1 170 418
34 7 923
25 65 319
39 164 258
91 151 980
73 128 928
52 3 53
151 109 339
91 58 288
111 85 147
166 127 572
47 130 451
114 55 384
25 174 274
131 122 832
129 125 91
43 85 164
151 46 946
33 105 443
59 50 374
106 4 964
83 163 615
133 173 175
73 6 122
121 45 413
71 58 611
11 18 881
54 73 730
7 119 959
127 91 195
161 149 483
128 139 841
147 139 971
31 123 861
90 73 168
155 87 354
142 52 836
125 92 689
79 53 482
14 19 807
61 124 946
47 141 9
171 45 435
105 67 654
31 4 973
105 17 178
43 136 308
141 155 480
94 56 366
31 167 741
31 97 307
152 11 676
1 53 449
85 61 749
81 117 709
146 66 604
155 10 38
16 57 534
51 9 676
1 34 798
17 150 982
77 93 711
5 115 378
95 9 208
117 137 536
172 31 685
38 115 592
12 85 44
127 25 969
121 59 451
28 31 416
127 139 233
136 117 315
125 138 972
55 127 284
127 49 27
101 109 670
30 128 901
103 73 905
157 67 793
163 64 949
109 148 942
11 90 305
112 6 516
138 151 502
38 66 635
26 39 621
13 59 47
112 133 496
29 5 819
156 47 801
70 139 625
5 7 471
152 79 596
169 76 867
88 103 706
2 62 983
36 171 38
145 150 904
83 139 630
141 99 719
107 132 443
149 142 423
68 74 160
49 87 22
152 16 409
55 130 254
16 20 413
121 28 199
135 5 518
63 173 636
139 133 235
55 81 547
21 91 898
67 141 643
58 59 526
115 97 479
139 4 452
113 47 623
7 145 569
97 112 679
68 88 40
41 5 783
28 91 881
169 53 667
115 39 381
17 70 603
127 68 618
19 68 710
79 171 972
139 21 202
97 127 72
61 91 458
34 97 796
35 86 354
123 169 284
46 47 224
166 114 97
109 119 264
75 127 309
169 166 316
61 22 17
115 133 798
11 26 166
85 139 325
67 70 362
170 91 309
57 58 992
103 33 769
74 114 288
163 67 705
27 127 446
98 161 9
94 171 178
61 150 931
151 127 894
61 83 839
167 87 503
46 97 523
45 137 386
173 16 650
153 115 945
13 36 366
120 172 985
34 53 590
68 13 550
97 150 342
145 163 459
7 16 609
1 45 219
157 97 10
31 3 871
67 17 806
73 136 286
166 173 969
9 146 106
15 1 979
151 153 496
1 40 72
117 46 857
159 148 790
38 87 135
13 37 139
161 44 110
73 125 443
1 21 619
113 45 334
173 52 644
165 155 290
165 173 307
58 174 846
79 96 603
172 1 264
126 52 818
55 168 52
67 170 641
169 161 550
103 151 651
131 135 800
28 145 696
10 41 399
73 34 366
124 77 974
95 108 908
25 124 488
49 166 124
26 167 7
125 88 727
112 111 738
147 77 865
43 163 481
159 109 723
7 150 993
10 57 891
165 126 481
13 135 149
79 67 464
115 109 158
58 112 861
100 29 773
155 11 352
35 107 43
67 12 71
49 129 24
87 123 545
119 51 863
165 37 704
30 67 968
28 136 804
45 117 951
113 34 422
44 37 160
79 95 344
48 59 534
77 84 415
111 64 889
19 128 210
37 39 234
127 53 52
97 25 861
135 102 360
4 5 442
5 17 867
97 53 845
121 127 860
115 27 361
81 53 565
21 12 306
72 37 91
73 80 993
49 31 165
71 5 573
66 131 392
165 143 866
57 31 979
55 43 555
79 118 19
134 110 756
159 127 542
91 159 550
71 79 849
147 133 207
67 37 184
93 105 174
54 170 727
86 61 125
126 87 377
7 111 935
53 117 853
57 143 225
15 17 525
40 173 494
151 117 137
136 52 608
21 169 345
39 137 135
65 163 903
169 84 256
124 103 507
169 87 484
157 51 870
17 55 731
6 1 678
159 163 998
170 165 803
3 134 841
46 81 630
154 103 262
45 41 740
7 148 578
123 17 569
34 20 628
73 172 214
33 31 83
49 135 343
67 38 218
29 37 361
146 79 949
88 139 683
112 13 827
169 131 327
22 159 614
115 143 128
137 101 768
153 35 888
125 87 146
15 58 806
105 133 162
173 163 667
43 161 194
131 31 706
125 118 739
153 14 882
39 169 382
159 55 615
155 43 654
121 97 13
171 57 936
164 52 369
81 151 366
15 38 297
111 59 818
118 103 570
165 117 98
31 59 458
122 149 151
157 156 438
97 27 925
5 147 591
59 93 221
62 59 937
4 50 1
1 99 576
32 13 822
113 85 845
8 107 983
7 55 967
47 13 249
160 8 926
137 25 151
165 23 727
127 7 699
105 53 840
124 33 284
127 88 737
38 50 366
142 133 970
169 54 806
56 95 481
79 129 27
142 139 819
94 6 244
11 33 807
161 11 371
75 100 111
43 118 514
103 35 173
128 41 888
1 2 288
142 143 87
3 17 293
159 147 561
44 167 525
19 125 549
99 11 573
50 27 177
145 129 942
85 124 595
109 52 258
103 49 515
107 31 162
173 121 983
109 171 690
7 105 200
55 30 869
38 162 488
19 13 577
5 158 507
77 9 521
90 129 374
27 85 696
107 82 894
63 157 886
25 88 429
111 13 921
87 88 538
31 150 539
88 43 84
37 1 981
131 107 675
73 75 995
89 142 652
127 15 876
7 63 998
24 43 615
173 55 218
61 116 323
43 125 915
117 109 964
15 36 214
57 145 177
13 159 948
167 49 751
17 130 195
121 103 193
132 25 34
147 166 35
121 52 877
57 111 74
142 11 36
73 40 825
7 160 934
29 76 179
90 113 225
13 8 757
119 77 611
55 115 819
163 165 27
125 46 982
103 105 674
85 63 536
165 16 803
2 167 939
81 28 723
49 125 277
10 113 965
49 155 155
28 73 414
55 58 864
101 1 176
21 129 738
162 103 608
36 109 670
25 69 958
42 37 712
135 76 981
128 118 907
79 156 443
83 25 861
148 1 133
109 47 434
95 154 589
23 107 222
31 34 719
11 25 481
115 88 615
174 82 899
47 79 637
3 83 213
97 109 950
153 124 349
13 150 806
15 121 521
171 149 468
5 63 785
76 7 561
151 147 967
163 133 302
125 63 876
117 157 197
37 161 261
95 76 8
1 70 374
80 145 702
169 11 214
93 167 362
171 119 845
35 8 191
2 44 531
159 9 575
57 34 150
35 148 94
112 143 392
21 29 210
47 32 831
117 124 617
87 51 186
29 31 564
18 103 63
43 153 507
31 76 347
90 101 827
85 32 330
48 47 657
173 1 655
83 30 770
171 127 477
47 31 581
161 15 946
103 86 256
64 76 287
25 37 285
73 63 615
91 83 363
26 71 260
41 99 576
143 91 819
87 13 382
103 108 731
145 24 330
29 155 798
148 55 487
7 152 989
3 133 754
69 59 214
137 58 348
10 136 554
124 51 174
31 133 909
49 82 478
117 95 278
76 165 381
118 2 995
37 11 586
115 42 399
62 88 63
157 85 682
124 63 718
145 3 240
85 97 357
11 167 748
27 165 479
160 85 681
99 82 50
49 171 56
139 77 102
65 88 69
119 15 467
50 79 24
22 151 649
121 89 733
15 167 562
11 69 469
53 44 138
130 59 742
86 22 265
41 31 699
130 35 859
19 133 75
166 31 592
121 144 295
6 151 670
31 116 856
43 59 574
143 35 464
131 165 557
136 165 807
13 60 513
109 25 384
163 111 226
129 47 583
5 67 616
105 154 437
23 24 31
27 117 132
151 169 522
160 69 744
31 145 989
81 93 752
66 91 766
130 81 903
165 6 196
81 58 994
153 69 705
153 127 340
16 121 396
109 45 58
93 137 932
122 40 177
58 145 5
30 78 857
77 69 728
106 130 21
160 119 359
73 149 390
171 61 556
48 153 590
3 64 479
53 123 590
55 5 154
163 85 568
10 171 116
73 13 293
121 136 244
25 48 606
41 34 376
173 13 494
174 12 387
106 165 872
163 82 699
109 161 544
162 174 25
140 118 56
147 51 467
31 79 440
118 153 233
37 9 235
163 171 35
25 133 866
19 31 219
117 47 507
41 11 454
37 89 146
43 145 95
17 103 795
147 34 671
148 104 756
25 49 954
76 163 742
101 57 498
35 129 563
152 140 790
1 104 76
79 139 113
162 19 439
159 101 283
163 131 382
73 143 385
37 107 403
147 152 987
45 97 665
169 55 807
9 13 959
133 94 946
45 151 619
62 79 309
164 29 777
81 163 278
53 137 12
98 118 736
61 7 377
117 13 746
31 9 81
101 151 280
63 58 968
151 94 865
31 95 358
21 20 636
82 91 107
61 1 552
29 92 820
50 66 163
35 106 323
83 105 879
156 115 781
160 97 850
46 157 374
5 161 929
170 89 423
36 160 336
141 39 277
133 154 320
9 120 377
35 63 800
166 155 793
89 115 393
97 137 257
85 57 975
84 25 492
15 9 627
141 49 558
25 31 83
159 165 81
163 35 288
124 139 824
100 129 965
117 55 131
31 105 863
95 89 479
88 118 192
136 115 881
107 95 290
112 103 254
44 63 434
58 45 249
28 75 536
39 64 586
151 158 868
108 73 728
21 55 537
99 65 918
55 85 914
22 131 314
45 30 41
61 67 295
103 95 69
43 159 124
3 156 384
77 151 166
159 61 127
52 28 855
152 41 724
117 99 793
167 51 570
92 145 751
33 113 777
74 111 188
93 146 395
24 138 224
103 54 572
151 50 961
15 128 184
116 121 796
76 140 263
42 27 6
38 49 672
43 162 499
1 79 534
143 141 425
114 145 611
134 19 415
169 37 617
115 140 586
61 145 207
1 96 494
97 143 461
73 39 737
71 101 909
173 91 311
71 121 91
80 91 73
166 7 832
7 153 915
169 46 668
65 122 667
151 155 595
64 98 441
165 99 301
80 167 160
143 40 863
70 83 619
158 164 131
44 172 637
64 160 362
86 85 851
1 127 725
3 13 571
97 172 648
87 115 14
29 36 301
28 65 266
22 154 431
100 31 630
76 104 834
73 9 679
142 59 713
165 34 578
121 155 546
69 16 50
71 19 526
157 152 992
21 97 846
161 121 239
139 151 561
67 46 503
153 91 216
2 131 161
79 9 463
159 138 487
108 124 104
63 97 256
66 145 70
19 147 465
47 43 336
94 19 371
39 161 381
159 19 327
7 129 82
65 67 973
136 7 537
31 101 516
22 31 921
19 145 105
86 55 587
65 68 848
67 132 11
137 7 978
131 108 334
19 100 108
121 109 920
3 125 617
66 154 27
168 101 90
49 161 135
103 157 453
15 35 194
133 103 233
169 105 780
59 160 289
148 3 385
122 151 504
30 74 588
111 75 525
122 137 120
169 171 696
22 73 637
97 49 59
24 28 806
152 103 785
160 53 901
96 169 767
151 75 923
120 145 509
59 85 134
97 41 970
85 13 243
52 118 827
1 105 127
59 49 799
114 41 379
121 137 407
30 37 863
2 163 847
143 146 430
117 97 807
2 154 600
5 51 36
11 164 17
109 143 497
25 161 428
155 67 95
34 157 479
83 57 391
157 133 308
10 78 546
83 169 526
13 49 27
33 45 142
109 105 629
27 34 105
45 7 69
93 101 901
155 115 40
120 94 793
171 69 276
13 121 337
85 75 922
1 13 469
81 9 604
87 67 318
89 139 985
130 63 563
160 1 580
129 53 310
163 172 183
38 119 656
149 61 626
76 157 42
104 85 842
18 59 721
134 49 472
7 112 887
1 112 654
15 39 769
131 121 327
115 1 979
51 46 430
49 52 205
147 91 952
89 137 616
10 61 38
73 61 653
18 159 302
17 163 960
46 34 412
16 111 543
29 157 884
61 165 583
151 112 52
19 41 242
153 59 501
174 123 873
57 13 914
124 157 7
49 5 514
131 95 853
99 151 100
6 91 534
141 62 312
76 73 415
85 39 255
147 35 404
113 75 113
71 41 535
76 15 72
169 73 184
151 121 771
47 134 469
36 23 818
67 160 483
41 130 749
22 79 478
145 143 276
111 143 731
16 34 890
159 169 112
132 147 32
55 69 973
157 163 180
119 73 581
36 12 482
85 45 445
111 37 116
163 72 242
40 61 492
106 81 238
43 63 875
40 131 740
13 51 102
91 125 798
174 115 912
135 62 831
25 13 190
48 82 570
51 166 157
149 112 412
101 10 489
10 121 560
22 147 466
35 171 804
85 33 883
78 104 90
35 25 474
13 105 805
3 147 364
136 16 528
10 23 521
141 156 546
27 55 581
55 82 290
43 3 791
38 157 697
109 79 365
169 139 868
27 19 333
115 168 27
138 139 158
31 112 192
166 91 112
155 79 877
141 140 726
131 15 89
61 100 753
97 52 557
165 31 93
136 149 130
51 99 125
85 7 210
94 31 73
61 82 641
23 82 433
46 61 167
115 34 330
160 136 163
12 109 968
109 142 329
74 6 354
141 161 138
116 113 162
64 1 609
74 64 270
133 7 109
139 69 127
160 143 952
83 17 887
171 116 206
10 51 314
86 127 989
135 109 882
130 133 207
163 24 455
165 75 824
137 109 539
15 123 954
44 117 443
167 85 18
157 173 942
43 103 400
88 163 315
157 75 279
133 171 24
133 2 74
56 139 978
53 16 894
163 141 394
40 99 244
81 65 850
113 97 440
131 130 328
29 127 560
85 109 61
5 101 801
144 75 844
73 144 449
145 36 379
53 94 25
65 151 263
8 11 60
151 108 505
21 16 43
121 143 166
153 111 31
164 21 914
100 113 797
91 26 141
79 163 847
27 99 873
168 75 795
11 121 246
60 55 103
67 91 809
169 35 626
95 90 574
3 33 414
59 95 684
130 165 481
1 71 843
89 88 285
79 87 522
85 51 182
49 17 402
157 80 701
32 117 751
25 15 783
73 105 576
13 30 735
66 97 518
2 169 249
49 43 741
58 4 940
99 91 631
123 56 263
51 55 41
67 75 815
37 82 283
133 121 671
91 155 161
19 70 127
84 157 213
26 99 622
101 85 46
53 57 369
43 65 469
152 77 913
115 69 987
51 141 124
40 14 419
94 3 578
157 7 974
170 133 640
91 81 167
87 102 257
155 13 721
15 74 374
171 143 42
51 61 368
100 1 274
59 116 801
78 123 298
1 118 616
127 144 599
142 83 259
119 25 700
116 79 877
77 40 73
37 121 118
139 99 134
40 83 975
159 145 261
94 37 61
163 169 916
167 19 395
43 37 913
159 117 732
117 173 940
166 115 458
53 13 556
58 163 569
148 43 330
9 103 993
118 55 616
163 53 71
167 170 750
104 87 23
139 61 463
88 17 299
139 155 28
7 123 527
79 131 273
82 20 885
143 13 254
129 157 771
94 105 147
173 151 337
110 123 998
121 8 270
152 43 354
119 90 907
120 1 821
45 162 894
81 70 134
49 163 819
30 1 715
140 5 161
73 127 950
17 26 135
134 103 646
139 145 237
168 25 606
61 174 25
87 7 846
102 66 687
88 161 131
127 123 747
40 118 15
63 55 494
124 57 835
131 59 99
63 95 83
163 80 388
111 116 443
151 82 631
59 24 700
125 100 18
63 27 727
21 171 402
61 106 97
1 109 983
19 121 513
136 147 551
112 147 482
103 7 270
149 170 503
117 98 481
63 25 626
137 102 125
88 130 790
127 105 925
46 2 794
157 11 880
48 22 495
120 24 670
115 45 678
120 135 781
90 140 410
55 162 241
174 85 489
67 58 339
161 8 77
67 80 307
76 84 862
101 88 234
157 148 183
93 100 91
127 115 734
41 140 316
75 25 710
25 150 586
149 99 847
67 173 714
7 113 706
21 123 829
117 60 34
174 79 603
72 139 123
159 67 32
13 129 945
66 110 650
107 57 600
109 166 856
46 112 371
47 170 675
111 27 610
134 55 591
79 61 816
142 55 550
7 49 877
29 28 536
67 83 479
29 152 885
103 51 459
60 1 360
151 49 302
136 34 505
134 85 424
151 1 722
60 148 234
173 139 281
1 126 500
107 109 930
70 108 380
82 92 317
49 131 622
103 163 924
1 130 174
81 161 46
37 83 781
14 42 361
17 140 249
51 65 254
57 25 75
71 139 90
80 33 147
51 59 565
79 80 371
161 159 781
61 13 534
47 126 427
133 51 484
11 151 17
160 102 76
109 127 115
123 163 285
12 117 602
92 83 621
77 76 797
72 173 629
34 145 387
103 75 859
3 149 184
23 61 532
169 152 378
42 151 109
76 170 802
91 121 480
83 47 426
87 130 383
109 17 411
21 59 294
130 30 267
19 173 396
1 134 609
2 107 444
47 51 191
101 169 670
79 7 150
145 67 228
87 60 137
174 147 386
79 91 999
129 10 719
84 152 478
171 17 150
28 115 668
67 103 886
167 168 284
160 93 319
118 163 862
19 104 789
145 56 356
130 33 51
123 27 953
73 117 271
71 100 782
171 103 729
106 76 334
96 3 33
47 135 333
153 157 921
14 9 163
107 112 512
71 122 452
145 71 527
50 134 548
155 59 465
151 92 134
18 43 273
135 93 687
53 142 662
48 97 466
31 85 206
123 48 10
127 107 598
171 105 118
28 49 351
127 19 839
13 151 628
15 66 563
71 81 175
85 150 608
33 25 431
34 33 305
64 109 30
10 31 173
103 63 216
171 167 900
81 40 216
2 19 237
136 3 563
18 115 46
124 150 831
147 81 427
74 34 314
31 149 527
171 30 62
27 92 55
173 68 429
114 60 298
118 41 67
36 67 87
70 123 188
59 115 478
60 43 111
155 170 361
18 137 669
62 118 543
43 144 113
59 1 579
43 13 906
105 79 500
72 26 253
22 141 100
173 79 610
60 145 317
42 133 801
76 91 84
85 25 895
99 76 398
5 145 826
54 127 989
119 82 883
23 25 374
60 155 936
59 27 983
15 34 613
91 142 6
151 67 705
143 21 275
119 41 158
70 55 468
164 99 947
92 135 920
116 130 348
112 162 790
101 75 499
69 110 110
164 136 12
137 55 765
1 119 650
133 92 495
15 99 147
79 132 65
25 18 894
150 21 559
105 57 914
13 94 880
25 148 147
105 101 582
163 34 868
125 31 844
69 4 99
106 83 225
106 37 338
122 51 532
100 92 842
33 106 265
30 149 349
31 50 313
77 33 438
159 72 505
43 126 3
37 139 835
117 133 588
45 34 409
163 102 718
109 116 927
26 64 49
85 24 469
101 134 236
19 97 203
127 134 958
136 106 853
115 172 810
133 137 133
44 118 723
131 150 363
113 72 460
36 129 888
49 29 634
93 3 221
94 79 725
31 122 716
107 45 854
78 164 737
137 3 805
83 99 142
63 81 933
125 85 366
103 1 498
40 55 775
65 19 527
26 168 202
31 127 850
25 90 997
90 169 447
108 166 437
135 97 905
87 35 318
4 101 721
53 21 808
133 15 485
112 36 680
84 89 813
93 127 572
103 117 384
2 83 486
147 173 645
103 87 44
157 115 898
71 166 644
135 79 610
61 81 210
79 112 89
155 85 398
127 146 191
9 33 471
85 48 690
67 149 232
152 154 378
87 59 34
53 4 65
40 58 628
